1	5.563752174377441	0.05432831938217198	10000000000.054329	0
2	9.542933464050293	0.05432831938217198	0.0	1
3	13.613227605819702	0.05896642742201032	0.004638108039838336	0
4	17.607224225997925	0.07147807942802306	0.012511652006012744	0
5	21.722079753875732	0.07147807942802306	0.0	1
6	25.85373830795288	0.07147807942802306	0.0	2
7	30.024145364761353	0.07147807942802306	0.0	3
8	34.30493950843811	0.08142403477058675	0.009945955342563692	0
9	38.64640927314758	0.08142403477058675	0.0	1
10	42.99609422683716	0.0874382530018584	0.0060142182312716425	0
11	47.34083032608032	0.0874382530018584	0.0	1
12	51.73711133003235	0.09095825829627056	0.003520005294412168	0
13	56.223477602005005	0.09897195934974018	0.008013701053469616	0
14	60.747804403305054	0.09897195934974018	0.0	1
15	65.3936984539032	0.09897195934974018	0.0	2
16	70.07732439041138	0.09897195934974018	0.0	3
17	74.82818627357483	0.09897195934974018	0.0	4
18	79.56838369369507	0.09897195934974018	0.0	5
19	84.27488231658936	0.10543029467998971	0.006458335330249532	0
20	89.09975838661194	0.10543029467998971	0.0	1
21	93.85405588150024	0.11017259769571847	0.004742303015728755	0
22	98.67206311225891	0.11082648790460811	0.0006538902088896459	0
23	103.59079051017761	0.11082648790460811	0.0	1
24	108.44389247894287	0.11082648790460811	0.0	2
25	113.29077434539795	0.1130775381180761	0.002251050213467984	0
26	118.16805505752563	0.1130775381180761	0.0	1
27	123.0812087059021	0.1206746442763965	0.007597106158320405	0
28	128.02360320091248	0.12367821180242314	0.0030035675260266376	0
29	133.0155656337738	0.13088489735098965	0.007206685548566516	0
30	137.9764494895935	0.13088489735098965	0.0	1
31	142.96576857566833	0.13088489735098965	0.0	2
32	147.9823670387268	0.13088489735098965	0.0	3
33	152.97111892700195	0.1348087936295648	0.003923896278575145	0
34	157.94101428985596	0.13514841621522264	0.0003396225856578394	0
35	162.9754180908203	0.13514841621522264	0.0	1
36	168.04462599754333	0.13596352804065026	0.0008151118254276224	0
37	173.11748790740967	0.13596352804065026	0.0	1
38	178.28345155715942	0.14753560160929832	0.011572073568648061	0
39	183.40364623069763	0.14753560160929832	0.0	1
40	188.48615527153015	0.14753560160929832	0.0	2
41	193.68141341209412	0.14753560160929832	0.0	3
42	198.80783987045288	0.14753560160929832	0.0	4
43	204.00175523757935	0.14753560160929832	0.0	5
44	209.21121668815613	0.14753560160929832	0.0	6
45	214.40307879447937	0.14775665142244335	0.00022104981314502448	0
46	219.5396285057068	0.14906339226914334	0.0013067408466999886	0
47	224.70945858955383	0.15180595697486648	0.0027425647057231495	0
48	229.78320693969727	0.15705453991614643	0.0052485829412799445	0
49	234.95375108718872	0.15705453991614643	0.0	1
50	240.09119510650635	0.1593387947346817	0.0022842548185352807	0
51	245.21349453926086	0.16005083044461785	0.0007120357099361374	0
52	250.38129901885986	0.16005083044461785	0.0	1
53	255.5014021396637	0.16005083044461785	0.0	2
54	260.6077823638916	0.16387696299211532	0.003826132547497474	0
55	265.74837946891785	0.16387696299211532	0.0	1
56	270.83257961273193	0.16387696299211532	0.0	2
57	276.0161898136139	0.16387696299211532	0.0	3
58	281.1548683643341	0.16387696299211532	0.0	4
59	286.36023139953613	0.16609082651468676	0.002213863522571441	0
60	291.53563380241394	0.16609082651468676	0.0	1
61	296.85763454437256	0.16717143422186237	0.001080607707175607	0
62	302.10160660743713	0.16717143422186237	0.0	1
63	307.3382053375244	0.16875179370060803	0.0015803594787456576	0
64	312.55096411705017	0.17313825505985675	0.004386461359248722	0
65	317.9180500507355	0.17313825505985675	0.0	1
66	323.20454454421997	0.17313825505985675	0.0	2
67	328.49995493888855	0.17564099600353636	0.00250274094367961	0
68	333.75515627861023	0.17564099600353636	0.0	1
69	339.1008369922638	0.17887288153033884	0.0032318855268024804	0
70	344.4083139896393	0.18261519645708538	0.003742314926746537	0
71	349.7431573867798	0.18261519645708538	0.0	1
72	354.975478887558	0.18261519645708538	0.0	2
73	360.2528922557831	0.18261519645708538	0.0	3
74	365.53879141807556	0.1851976672165939	0.002582470759508515	0
75	370.90456676483154	0.1851976672165939	0.0	1
76	376.1920425891876	0.18769612653701465	0.002498459320420754	0
77	381.4602267742157	0.19091095605017683	0.003214829513162182	0
78	386.70316648483276	0.19091095605017683	0.0	1
79	392.0032413005829	0.19091095605017683	0.0	2
80	397.3380606174469	0.19447936306924798	0.003568407019071157	0
81	402.63894152641296	0.19447936306924798	0.0	1
82	407.97919178009033	0.19447936306924798	0.0	2
83	413.3444023132324	0.19447936306924798	0.0	3
84	418.6246747970581	0.19732623727987875	0.002846874210630762	0
85	423.9079430103302	0.19732623727987875	0.0	1
86	429.141725063324	0.19872844246738777	0.0014022051875090258	0
87	434.50712156295776	0.20096864766391814	0.0022402051965303704	0
88	439.8560514450073	0.20096864766391814	0.0	1
89	445.2521102428436	0.20096864766391814	0.0	2
90	450.7296476364136	0.20448377226021217	0.0035151245962940225	0
91	456.1619691848755	0.20448377226021217	0.0	1
92	461.5395860671997	0.20509394762422417	0.0006101753640120056	0
93	466.98521304130554	0.20509394762422417	0.0	1
94	472.3508894443512	0.20883330241637196	0.003739354792147792	0
95	477.7567186355591	0.2122173529574282	0.003384050541056227	0
96	483.14437341690063	0.2122173529574282	0.0	1
97	488.5594744682312	0.2122173529574282	0.0	2
98	493.9676263332367	0.21756733812856344	0.005349985171135246	0
99	499.44427251815796	0.21756733812856344	0.0	1
100	504.933531999588	0.21756733812856344	0.0	2
101	510.44173979759216	0.22059425195425267	0.0030269138256892314	0
102	515.8774120807648	0.22059425195425267	0.0	1
103	521.4338321685791	0.22059425195425267	0.0	2
104	526.9075155258179	0.22069572466350318	0.00010147270925051077	0
105	532.3673820495605	0.22279949937075996	0.0021037747072567836	0
106	537.816155910492	0.22279949937075996	0.0	1
107	543.3426339626312	0.22279949937075996	0.0	2
108	548.9088969230652	0.22317230013171188	0.00037280076095191905	0
109	554.4539160728455	0.22494080435596492	0.0017685042242530369	0
110	560.0770080089569	0.22776561851589563	0.0028248141599307164	0
111	565.7106862068176	0.22776561851589563	0.0	1
112	571.2797799110413	0.22778175829739825	1.6139781502610973e-05	0
113	576.8895950317383	0.22778175829739825	0.0	1
114	582.620258808136	0.22819415085860817	0.0004123925612099233	0
115	588.2296216487885	0.23112463125180427	0.0029304803931961	0
116	593.8319084644318	0.23112463125180427	0.0	1
117	599.4771881103516	0.23112463125180427	0.0	2
118	605.2351140975952	0.23278466768683242	0.001660036435028156	0
119	610.9454252719879	0.2334675425470013	0.0006828748601688805	0
120	616.6273665428162	0.23548050455353275	0.002012962006531449	0
121	622.3085923194885	0.23548050455353275	0.0	1
122	627.9516839981079	0.23566891359677214	0.0001884090432393848	0
123	633.6408665180206	0.23960846511100786	0.003939551514235723	0
124	639.3613224029541	0.23960846511100786	0.0	1
125	645.0274226665497	0.23978993193381928	0.00018146682281142135	0
126	650.694286108017	0.2400036783196359	0.00021374638581661554	0
127	656.36994099617	0.2400036783196359	0.0	1
128	662.1168918609619	0.2416885058819284	0.0016848275622924902	0
129	667.8845376968384	0.24483044208059684	0.0031419361986684546	0
130	673.6254456043243	0.24483044208059684	0.0	1
131	679.3822877407074	0.2491770473418555	0.004346605261258657	0
132	685.1168320178986	0.2491770473418555	0.0	1
133	690.8196411132812	0.25243899233071415	0.0032619449888586505	0
134	696.5254652500153	0.25243899233071415	0.0	1
135	702.1869926452637	0.25243899233071415	0.0	2
136	707.8917305469513	0.25352167918004836	0.0010826868493342134	0
137	713.6394445896149	0.25565547810966366	0.0021337989296152937	0
138	719.335911989212	0.25614083446476255	0.0004853563550988871	0
139	725.1034281253815	0.25616699994023345	2.6165475470907307e-05	0
140	730.8424799442291	0.2615571583666372	0.005390158426403724	0
141	736.6106116771698	0.2615571583666372	0.0	1
142	742.3146314620972	0.2615571583666372	0.0	2
143	748.065066576004	0.2615571583666372	0.0	3
144	753.6955797672272	0.2615571583666372	0.0	4
145	759.4147155284882	0.2621146151430337	0.0005574567763965144	0
146	765.0573763847351	0.2628585427793014	0.0007439276362676828	0
147	770.7886116504669	0.26488512492895677	0.002026582149655398	0
148	776.5079426765442	0.2665254271333267	0.0016403022043699478	0
149	782.2594804763794	0.2670987241537962	0.0005732970204694876	0
150	787.9728965759277	0.2670987241537962	0.0	1
151	793.5780920982361	0.2670987241537962	0.0	2
152	799.3250839710236	0.2673041363511295	0.00020541219733327676	0
153	805.197747707367	0.2683627368671514	0.0010586005160219125	0
154	810.9212090969086	0.2691470315770244	0.0007842947098730124	0
155	816.6324574947357	0.2718352038094959	0.002688172232471475	0
156	822.424533367157	0.27186716621522267	3.1962405726781995e-05	0
157	828.1608469486237	0.27186716621522267	0.0	1
158	833.9323215484619	0.27474718336144993	0.002880017146227265	0
159	839.7861003875732	0.27474718336144993	0.0	1
160	845.6350483894348	0.27481917806365475	7.199470220481397e-05	0
161	851.5328593254089	0.27593217105292833	0.0011129929892735868	0
162	857.3724026679993	0.2761471860678587	0.00021501501493037534	0
163	863.3236470222473	0.2761471860678587	0.0	1
164	869.2267339229584	0.27993725078485854	0.0037900647169998303	0
165	875.0892474651337	0.27993725078485854	0.0	1
166	880.9806849956512	0.28194068045318815	0.002003429668329615	0
167	886.7941765785217	0.283820859279148	0.0018801788259598662	0
168	892.6460509300232	0.283820859279148	0.0	1
169	898.5063407421112	0.28479689318368395	0.0009760339045359334	0
170	904.370922088623	0.2854049541658397	0.000608060982155767	0
171	910.3841862678528	0.2854049541658397	0.0	1
172	916.2731049060822	0.2876265351821864	0.0022215810163466743	0
173	922.1957709789276	0.2876265351821864	0.0	1
174	928.0774147510529	0.28824522093316973	0.0006186857509833388	0
175	933.9770736694336	0.28824522093316973	0.0	1
176	939.7902686595917	0.28824522093316973	0.0	2
177	945.715095281601	0.28824522093316973	0.0	3
178	951.5629825592041	0.2891838126590015	0.0009385917258317722	0
179	957.4705083370209	0.2891838126590015	0.0	1
180	963.4011874198914	0.2897725446670215	0.0005887320080200098	0
181	969.2791285514832	0.29327211093682337	0.003499566269801857	0
182	975.1554296016693	0.29327211093682337	0.0	1
183	981.0260939598083	0.29327211093682337	0.0	2
184	986.9154567718506	0.2943007224701844	0.0010286115333610346	0
185	992.680112361908	0.2943007224701844	0.0	1
186	998.4753768444061	0.2943007224701844	0.0	2
187	1004.2909798622131	0.29498181772562426	0.0006810952554398564	0
188	1010.0546042919159	0.2965314129483617	0.0015495952227374543	0
189	1015.8911592960358	0.2965314129483617	0.0	1
190	1021.6930842399597	0.29693920672903434	0.0004077937806726273	0
191	1027.521858215332	0.2975778557687103	0.0006386490396759759	0
192	1033.3625373840332	0.2975778557687103	0.0	1
193	1039.1930379867554	0.29852608555183674	0.0009482297831264197	0
194	1045.0865030288696	0.2987392504826429	0.0002131649308061423	0
195	1050.9138441085815	0.2999260882582455	0.0011868377756026338	0
196	1056.7212567329407	0.30066242173967955	0.0007363334814340372	0
197	1062.5656442642212	0.30190271813654734	0.0012402963968677905	0
198	1068.4185707569122	0.3019372178005016	3.4499663954246085e-05	0
199	1074.337797164917	0.3021346658261764	0.0001974480256747846	0
200	1080.1711313724518	0.3047935714897878	0.0026589056636114328	0
201	1086.002064704895	0.30576671573912023	0.0009731442493324249	0
202	1091.8396191596985	0.30576671573912023	0.0	1
203	1097.6877579689026	0.3067527577177757	0.000986041978655483	0
204	1103.5514132976532	0.3082514668171731	0.0014987090993973662	0
205	1109.503663778305	0.31102074321368	0.0027692763965069256	0
206	1115.366055727005	0.31102074321368	0.0	1
207	1121.3008248806	0.31306637241989027	0.0020456292062102643	0
208	1127.0892152786255	0.31306637241989027	0.0	1
209	1132.9495468139648	0.31306637241989027	0.0	2
210	1138.8181550502777	0.3131500667016996	8.369428180932115e-05	0
211	1144.6973993778229	0.3134997502210234	0.0003496835193237957	0
212	1150.5854578018188	0.3138637058178767	0.0003639555968533159	0
213	1156.4265909194946	0.3138637058178767	0.0	1
214	1162.2785670757294	0.3155132408230189	0.0016495350051421998	0
215	1168.1178891658783	0.3155132408230189	0.0	1
216	1174.0007584095001	0.31585718027163323	0.0003439394486143277	0
217	1180.0022311210632	0.31703221274853854	0.0011750324769053133	0
218	1185.9020657539368	0.3188906134413792	0.001858400692840656	0
219	1191.963805437088	0.3188906134413792	0.0	1
220	1197.9677271842957	0.3198720742593461	0.000981460817966906	0
221	1203.8650569915771	0.32087735711289334	0.0010052828535472291	0
222	1209.738805770874	0.32087735711289334	0.0	1
223	1215.6512694358826	0.32087735711289334	0.0	2
224	1221.6504337787628	0.32087735711289334	0.0	3
225	1227.6733794212341	0.32143763306509815	0.000560275952204814	0
226	1233.6591811180115	0.32143763306509815	0.0	1
227	1239.483921289444	0.32323802921568273	0.0018003961505845822	0
228	1245.4787859916687	0.32323802921568273	0.0	1
229	1251.4634938240051	0.3256806336154013	0.002442604399718551	0
230	1257.3740544319153	0.3256806336154013	0.0	1
231	1263.2966737747192	0.3256806336154013	0.0	2
232	1269.1968295574188	0.3280116691325058	0.002331035517104507	0
233	1275.1136376857758	0.3280116691325058	0.0	1
234	1281.0743000507355	0.3280116691325058	0.0	2
235	1286.9872858524323	0.3280116691325058	0.0	3
236	1292.919186592102	0.3280116691325058	0.0	4
237	1298.8670256137848	0.3280116691325058	0.0	5
238	1304.8214411735535	0.3284169256549509	0.0004052565224451077	0
239	1310.8502855300903	0.3306891813564521	0.0022722557015011913	0
240	1316.7500734329224	0.330742393299834	5.3211943381925586e-05	0
241	1322.7173826694489	0.3309345553708682	0.00019216207103417426	0
242	1328.6240515708923	0.3318407794344508	0.0009062240635825947	0
243	1334.6870212554932	0.3318407794344508	0.0	1
244	1340.6631512641907	0.33220663797497474	0.0003658585405239556	0
245	1346.7346572875977	0.33227063326582346	6.399529084871736e-05	0
246	1352.713656425476	0.33227063326582346	0.0	1
247	1358.6498765945435	0.3336121028345121	0.0013414695686886358	0
248	1364.6984176635742	0.3342917004028038	0.0006795975682917232	0
249	1370.6657736301422	0.3342917004028038	0.0	1
250	1376.7333505153656	0.33858858245074336	0.004296882047939543	0
251	1382.7200055122375	0.33858858245074336	0.0	1
252	1388.7141060829163	0.33858858245074336	0.0	2
253	1394.707766532898	0.33858858245074336	0.0	3
254	1400.7222290039062	0.33858858245074336	0.0	4
255	1406.8363661766052	0.33858858245074336	0.0	5
256	1412.853253364563	0.3407827822220518	0.0021941997713084693	0
257	1418.8997440338135	0.34189455944175806	0.0011117772197062337	0
258	1424.911280632019	0.34189455944175806	0.0	1
259	1430.9889464378357	0.34239862807628463	0.0005040686345265666	0
260	1436.8961532115936	0.3444336501335162	0.0020350220572315503	0
261	1442.8779528141022	0.34618027050555716	0.0017466203720409856	0
262	1448.8705189228058	0.34618027050555716	0.0	1
263	1454.950105190277	0.34618027050555716	0.0	2
264	1461.0120351314545	0.34638571794258805	0.0002054474370308812	0
265	1467.0970394611359	0.34686064334719613	0.0004749254046080842	0
266	1473.1313831806183	0.34686064334719613	0.0	1
267	1479.078461408615	0.34688992753590503	2.928418870890015e-05	0
268	1485.0540869235992	0.34768704949570584	0.0007971219598008061	0
269	1490.976764202118	0.3489246676755557	0.0012376181798498531	0
270	1496.8958382606506	0.35092578914369227	0.0020011214681365797	0
271	1502.876310825348	0.35092578914369227	0.0	1
272	1508.9439001083374	0.35092578914369227	0.0	2
273	1515.0171947479248	0.35092578914369227	0.0	3
274	1520.9636840820312	0.35092578914369227	0.0	4
275	1527.0110850334167	0.35107531118062574	0.00014952203693346933	0
276	1533.0157175064087	0.3543344546135248	0.00325914343289907	0
277	1539.03377866745	0.3543344546135248	0.0	1
278	1544.9690923690796	0.3543344546135248	0.0	2
279	1551.0091586112976	0.3543344546135248	0.0	3
280	1557.0833871364594	0.3543344546135248	0.0	4
281	1563.0977082252502	0.3548449721127129	0.0005105174991880679	0
282	1569.2254118919373	0.3548449721127129	0.0	1
283	1575.3996863365173	0.35610126733229286	0.0012562952195799837	0
284	1581.4685926437378	0.35653929677350965	0.00043802944121679177	0
285	1587.5280585289001	0.35653929677350965	0.0	1
286	1593.5613238811493	0.3606835909308242	0.004144294157314543	0
287	1599.725944519043	0.3606835909308242	0.0	1
288	1605.7728974819183	0.3606835909308242	0.0	2
289	1611.7881767749786	0.3606835909308242	0.0	3
290	1617.8772892951965	0.36143254022400045	0.0007489492931762598	0
291	1623.8882563114166	0.36143254022400045	0.0	1
292	1629.8760342597961	0.36199693922082493	0.0005643989968244778	0
293	1635.883870601654	0.363491313837417	0.0014943746165920757	0
294	1641.8643193244934	0.363491313837417	0.0	1
295	1647.8058304786682	0.363491313837417	0.0	2
296	1653.7899434566498	0.363491313837417	0.0	3
297	1659.851538181305	0.3637446872631892	0.00025337342577219646	0
298	1665.9165761470795	0.3637526866745453	7.999411356096608e-06	0
299	1671.9168612957	0.36557493143764436	0.0018222447630990568	0
300	1677.8710215091705	0.36557493143764436	0.0	1
301	1683.9326839447021	0.36557493143764436	0.0	2
302	1689.9811761379242	0.36706877745877237	0.0014938460211280091	0
303	1696.0331914424896	0.3674417544182123	0.00037297695943994125	0
304	1702.0871226787567	0.3674417544182123	0.0	1
305	1708.2015619277954	0.36959165788963266	0.0021499034714203558	0
306	1714.246396780014	0.36959165788963266	0.0	1
307	1720.4349927902222	0.3696126959891022	2.1038099469516958e-05	0
308	1726.434418439865	0.3696126959891022	0.0	1
309	1732.4384145736694	0.3703677769896615	0.0007550810005593211	0
310	1738.4439747333527	0.3715972195596673	0.0012294425700057898	0
311	1744.4519538879395	0.3715972195596673	0.0	1
312	1750.4325058460236	0.3737081126858401	0.002110893126172797	0
313	1756.4435729980469	0.3737081126858401	0.0	1
314	1762.4270684719086	0.3737081126858401	0.0	2
315	1768.4630331993103	0.374411532289712	0.0007034196038719354	0
316	1774.4868516921997	0.37459495491574046	0.00018342262602843995	0
317	1780.5220577716827	0.37459495491574046	0.0	1
318	1786.519419670105	0.37459495491574046	0.0	2
319	1792.5643057823181	0.3748596402844436	0.0002646853687031103	0
320	1798.56405210495	0.37544380875162386	0.0005841684671802905	0
321	1804.4943826198578	0.3778589966666065	0.0024151879149826305	0
322	1810.4942512512207	0.3778589966666065	0.0	1
323	1816.438664674759	0.3778589966666065	0.0	2
324	1822.4640522003174	0.3806565000608942	0.0027975033942876926	0
325	1828.4748821258545	0.3808882715520352	0.00023177149114100848	0
326	1834.5019397735596	0.3808882715520352	0.0	1
327	1840.555079460144	0.381453622020695	0.0005653504686597977	0
328	1846.5962357521057	0.381453622020695	0.0	1
329	1852.5626230239868	0.381453622020695	0.0	2
330	1858.605221271515	0.3840643197779843	0.002610697757289282	0
331	1864.6899857521057	0.3840643197779843	0.0	1
332	1870.6753373146057	0.3840643197779843	0.0	2
333	1876.6614315509796	0.3840643197779843	0.0	3
334	1882.6222896575928	0.38437643777966224	0.00031211800167796344	0
335	1888.5842311382294	0.3860591685799473	0.0016827308002850816	0
336	1894.778864145279	0.3860591685799473	0.0	1
337	1900.7646753787994	0.38644084974469545	0.00038168116474812663	0
338	1906.768404006958	0.38644084974469545	0.0	1
339	1912.7636647224426	0.38644084974469545	0.0	2
340	1918.7781348228455	0.38644084974469545	0.0	3
341	1924.8174231052399	0.38644084974469545	0.0	4
342	1930.7477188110352	0.3871953669100931	0.0007545171653976501	0
343	1936.6537194252014	0.3875875847444248	0.00039221783433168733	0
344	1942.6962597370148	0.3882511834900043	0.00066359874557953	0
345	1948.725251674652	0.3882511834900043	0.0	1
346	1954.7566080093384	0.3882511834900043	0.0	2
347	1960.7648677825928	0.3882511834900043	0.0	3
348	1966.7337698936462	0.3891501481758805	0.0008989646858761913	0
349	1972.708952665329	0.3891501481758805	0.0	1
350	1978.741065979004	0.3891501481758805	0.0	2
351	1984.7749559879303	0.3892805702967126	0.00013042212083208549	0
352	1990.8437240123749	0.39105467763288465	0.0017741073361720594	0
353	1996.8870599269867	0.3912652700657657	0.00021059243288107377	0
354	2002.9302699565887	0.3912652700657657	0.0	1
355	2008.972125530243	0.3912652700657657	0.0	2
356	2015.0405113697052	0.3912652700657657	0.0	3
357	2021.2070348262787	0.39145736165740475	0.0001920915916390209	0
358	2027.2695355415344	0.39201954055328014	0.0005621788958753982	0
359	2033.3522551059723	0.392393328025765	0.00037378747248484334	0
360	2039.4107069969177	0.39318280297118574	0.0007894749454207539	0
361	2045.462325811386	0.39318280297118574	0.0	1
362	2051.4912643432617	0.39382247396209225	0.0006396709909065046	0
363	2057.543180704117	0.39382247396209225	0.0	1
364	2063.563018798828	0.39382247396209225	0.0	2
365	2069.6034281253815	0.3951613710328558	0.0013388970707635672	0
366	2075.6273539066315	0.3951613710328558	0.0	1
367	2081.652476787567	0.3951613710328558	0.0	2
368	2087.7390344142914	0.3956255835693923	0.0004642125365365013	0
369	2093.850333213806	0.3956255835693923	0.0	1
