1	0.893460750579834	0.04589478098794794	10000000000.045895	0
2	1.5089867115020752	0.0598666481614303	0.01397186717348236	0
3	2.130366325378418	0.0598666481614303	0.0	1
4	2.7550101280212402	0.06936780573648699	0.009501157575056686	0
5	3.3831942081451416	0.06936780573648699	0.0	1
6	4.00601863861084	0.07219554895039	0.002827743213903014	0
7	4.642062664031982	0.07804692342901154	0.005851374478621538	0
8	5.264441251754761	0.09576725085196122	0.017720327422949683	0
9	5.893779039382935	0.10272360380376545	0.006956352951804232	0
10	6.526254415512085	0.10908514384827926	0.006361540044513808	0
11	7.169849157333374	0.10908514384827926	0.0	1
12	7.812857151031494	0.11419002405194004	0.005104880203660775	0
13	8.432859420776367	0.11419002405194004	0.0	1
14	9.07239842414856	0.11419002405194004	0.0	2
15	9.70850658416748	0.11564402603076405	0.0014540019788240183	0
16	10.35166335105896	0.12153360223846192	0.005889576207697866	0
17	10.998892307281494	0.1278251757462059	0.006291573507743967	0
18	11.652544975280762	0.1278251757462059	0.0	1
19	12.30000114440918	0.12917926551052258	0.001354089764316696	0
20	12.960023880004883	0.13416589618299565	0.004986630672473069	0
21	13.628133773803711	0.1407233668666517	0.006557470683656058	0
22	14.28909945487976	0.14425990151826654	0.0035365346516148255	0
23	14.951747179031372	0.14425990151826654	0.0	1
24	15.618242263793945	0.14782067501183713	0.0035607734935705904	0
25	16.278179168701172	0.15225579902125697	0.0044351240094198385	0
26	16.950063705444336	0.1551083894817833	0.0028525904605263275	0
27	17.616798400878906	0.15921767628744268	0.00410928680565939	0
28	18.276997327804565	0.15921767628744268	0.0	1
29	18.944779634475708	0.16743788042327054	0.008220204135827858	0
30	19.613935232162476	0.17050888815945225	0.0030710077361817134	0
31	20.268840312957764	0.17050888815945225	0.0	1
32	20.93964910507202	0.17050888815945225	0.0	2
33	21.595965147018433	0.17288103362209678	0.002372145462644526	0
34	22.265663862228394	0.17288103362209678	0.0	1
35	22.933347463607788	0.17288103362209678	0.0	2
36	23.59948468208313	0.17378904108415572	0.0009080074620589351	0
37	24.269238233566284	0.17378904108415572	0.0	1
38	24.952466249465942	0.1747215794224108	0.0009325383382550734	0
39	25.635716915130615	0.1747215794224108	0.0	1
40	26.317450284957886	0.1747215794224108	0.0	2
41	27.00229811668396	0.1754417601954994	0.0007201807730886078	0
42	27.677788734436035	0.1754417601954994	0.0	1
43	28.35121726989746	0.1759596342485297	0.0005178740530303039	0
44	29.034124851226807	0.17617019093588018	0.00021055668735048272	0
45	29.70982074737549	0.17617206482225628	1.8738863760969782e-06	0
46	30.384878635406494	0.17690575217896481	0.0007336873567085345	0
47	31.0619535446167	0.17690575217896481	0.0	1
48	31.734551668167114	0.17770953992147004	0.0008037877425052242	0
49	32.406455278396606	0.1777568738046065	4.733388313646336e-05	0
50	33.06693935394287	0.17799842262572269	0.00024154882111618314	0
51	33.74764704704285	0.17799842262572269	0.0	1
52	34.42331075668335	0.17799842262572269	0.0	2
53	35.08940052986145	0.17799842262572269	0.0	3
54	35.76706862449646	0.17841758910548744	0.0004191664797647543	0
55	36.43041276931763	0.1787190049458919	0.00030141584040446756	0
56	37.10644173622131	0.17923631926662803	0.000517314320736123	0
57	37.774667739868164	0.1793566982141522	0.00012037894752417455	0
58	38.44586443901062	0.1793566982141522	0.0	1
59	39.113126039505005	0.1793566982141522	0.0	2
60	39.79308271408081	0.17942802757737739	7.132936322518102e-05	0
61	40.474101305007935	0.1796182513807379	0.00019022380336050637	0
62	41.148788928985596	0.1796182513807379	0.0	1
63	41.815531492233276	0.1796182513807379	0.0	2
64	42.491344928741455	0.17984861772406424	0.0002303663433263492	0
65	43.16555213928223	0.18022324898216333	0.00037463125809908404	0
66	43.843570947647095	0.18022324898216333	0.0	1
67	44.523963928222656	0.18022324898216333	0.0	2
68	45.19661259651184	0.18022324898216333	0.0	3
69	45.86442184448242	0.18091575951097114	0.0006925105288078104	0
70	46.539642572402954	0.18091575951097114	0.0	1
71	47.214741706848145	0.18091575951097114	0.0	2
72	47.888293743133545	0.18091575951097114	0.0	3
73	48.56910157203674	0.18100526800566313	8.950849469199773e-05	0
74	49.24101758003235	0.18123831132952675	0.0002330433238636187	0
75	49.9083251953125	0.18123831132952675	0.0	1
76	50.58129119873047	0.18129165625077875	5.3344921252002075e-05	0
77	51.2526433467865	0.18203863116542687	0.0007469749146481186	0
78	51.91434407234192	0.18203863116542687	0.0	1
79	52.57255530357361	0.18203863116542687	0.0	2
80	53.243871450424194	0.18211028906717255	7.165790174568087e-05	0
81	53.91866445541382	0.18249993575246712	0.0003896466852945646	0
82	54.58694553375244	0.18249993575246712	0.0	1
83	55.26196622848511	0.18257880933357007	7.887358110295062e-05	0
84	55.937739849090576	0.18257880933357007	0.0	1
85	56.60753774642944	0.18257880933357007	0.0	2
86	57.28565311431885	0.18258603718102073	7.227847450663738e-06	0
87	57.94846868515015	0.18258603718102073	0.0	1
88	58.61911630630493	0.18321636875280353	0.0006303315717827995	0
89	59.29814600944519	0.18321636875280353	0.0	1
90	59.97382473945618	0.18321636875280353	0.0	2
91	60.64857816696167	0.18339349968771806	0.00017713093491453225	0
92	61.32358956336975	0.1835282491534901	0.00013474946577202163	0
93	62.00541305541992	0.1835282491534901	0.0	1
94	62.69483780860901	0.1835282491534901	0.0	2
95	63.3712055683136	0.18366395989863687	0.00013571074514678871	0
96	64.05586957931519	0.18378104129286285	0.0001170813942259763	0
97	64.73863577842712	0.18469580204673172	0.0009147607538688707	0
98	65.42316389083862	0.18469580204673172	0.0	1
99	66.11213302612305	0.18469580204673172	0.0	2
100	66.7919385433197	0.18469580204673172	0.0	3
101	67.47690224647522	0.18469580204673172	0.0	4
102	68.1514105796814	0.18469580204673172	0.0	5
103	68.82620096206665	0.18509452612966631	0.00039872408293459283	0
104	69.51130867004395	0.18509452612966631	0.0	1
105	70.17990350723267	0.18509452612966631	0.0	2
106	70.85598468780518	0.18509452612966631	0.0	3
107	71.5305597782135	0.1852771083704022	0.00018258224073589013	0
108	72.20603561401367	0.18570099607038726	0.0004238876999850538	0
109	72.87406015396118	0.18570099607038726	0.0	1
110	73.54109978675842	0.18570099607038726	0.0	2
111	74.22680950164795	0.18570099607038726	0.0	3
112	74.91996765136719	0.18570099607038726	0.0	4
113	75.605708360672	0.1857486828282309	4.768675784364018e-05	0
114	76.28911852836609	0.18589197429553553	0.00014329146730462927	0
115	76.97189497947693	0.18610287168949985	0.00021089739396432106	0
116	77.66261339187622	0.18610287168949985	0.0	1
117	78.34414434432983	0.18652567642917664	0.0004228047396767909	0
118	79.01405835151672	0.18652567642917664	0.0	1
119	79.70164680480957	0.18690478554562898	0.00037910911645233636	0
120	80.38717532157898	0.18690478554562898	0.0	1
121	81.06457018852234	0.18690478554562898	0.0	2
122	81.73891472816467	0.18693699448872983	3.2208943100853205e-05	0
123	82.414142370224	0.18708650385173695	0.00014950936300711648	0
124	83.08138871192932	0.18748341488876222	0.00039691103702527153	0
125	83.76126265525818	0.18849968187736743	0.0010162669886052134	0
126	84.44210696220398	0.18849968187736743	0.0	1
127	85.11908769607544	0.1891756437992175	0.0006759619218500712	0
128	85.79164171218872	0.1891756437992175	0.0	1
129	86.46366310119629	0.18926074744411633	8.510364489883182e-05	0
130	87.14208602905273	0.18926074744411633	0.0	1
131	87.82440400123596	0.18989021508127119	0.0006294676371548513	0
132	88.4995846748352	0.19017632346023974	0.0002861083789685581	0
133	89.17345881462097	0.19017632346023974	0.0	1
134	89.85340809822083	0.19070842201439767	0.0005320985541579226	0
135	90.51638221740723	0.19070842201439767	0.0	1
136	91.18755888938904	0.1907831584437612	7.473642936353664e-05	0
137	91.86836576461792	0.19107937850830467	0.0002962200645434676	0
138	92.54145741462708	0.19107937850830467	0.0	1
139	93.21426367759705	0.19107937850830467	0.0	2
140	93.88752341270447	0.19107937850830467	0.0	3
141	94.56431460380554	0.1912264907569216	0.0001471122486169374	0
142	95.23801779747009	0.19129914644232207	7.265568540046341e-05	0
143	95.91166853904724	0.19167630866383822	0.000377162221516153	0
144	96.5823483467102	0.19167674671519885	4.380513606294656e-07	1
145	97.25109696388245	0.19252513051983652	0.0008483838046376702	0
146	97.9308512210846	0.1928940427740605	0.0003689122542239742	0
147	98.59816765785217	0.1928940427740605	0.0	1
148	99.27058124542236	0.19412219277219148	0.0012281499981309785	0
149	99.94328832626343	0.19412219277219148	0.0	1
150	100.61456179618835	0.19412219277219148	0.0	2
151	101.288339138031	0.194237594969535	0.00011540219734351709	0
152	101.95690298080444	0.19487876831249376	0.0006411733429587674	0
153	102.62740135192871	0.19487876831249376	0.0	1
154	103.29575705528259	0.19487876831249376	0.0	2
155	103.96699786186218	0.19487876831249376	0.0	3
156	104.63763809204102	0.19499170038688696	0.00011293207439319608	0
157	105.31422257423401	0.1951899307956726	0.0001982304087856379	0
158	105.99704504013062	0.19657355252255282	0.0013836217268802242	0
159	106.66825461387634	0.19657355252255282	0.0	1
160	107.3420877456665	0.19697227660548744	0.0003987240829346206	0
161	107.99743413925171	0.19697227660548744	0.0	1
162	108.66852116584778	0.19697227660548744	0.0	2
163	109.33923125267029	0.19697227660548744	0.0	3
164	110.00558662414551	0.19697227660548744	0.0	4
165	110.68099427223206	0.19697227660548744	0.0	5
166	111.35393404960632	0.19761116234689619	0.0006388857414087457	0
167	112.03093457221985	0.19839388711981035	0.0007827247729141618	0
168	112.70736885070801	0.19839388711981035	0.0	1
169	113.37325024604797	0.19839388711981035	0.0	2
170	114.03903794288635	0.19839388711981035	0.0	3
171	114.71281361579895	0.19839388711981035	0.0	4
172	115.38174152374268	0.1994599216102223	0.0010660344904119545	0
173	116.04206013679504	0.1994599216102223	0.0	1
174	116.71603107452393	0.1994599216102223	0.0	2
175	117.37886953353882	0.20024110103528087	0.0007811794250585646	0
176	118.04236102104187	0.20024110103528087	0.0	1
177	118.71872878074646	0.20024110103528087	0.0	2
178	119.38977217674255	0.20155050956081166	0.0013094085255307975	0
179	120.05861806869507	0.20155050956081166	0.0	1
180	120.72737979888916	0.20155050956081166	0.0	2
181	121.39400100708008	0.20155050956081166	0.0	3
182	122.06036353111267	0.20155050956081166	0.0	4
183	122.73425626754761	0.20155050956081166	0.0	5
184	123.39407849311829	0.20170323130046353	0.0001527217396518621	0
185	124.06422424316406	0.2020028705992387	0.0002996392987751617	0
186	124.73133397102356	0.2020028705992387	0.0	1
187	125.40423202514648	0.2024084818230101	0.00040561122377141823	0
188	126.07528162002563	0.2024084818230101	0.0	1
189	126.74322962760925	0.20249085981499826	8.237799198815288e-05	0
190	127.40953755378723	0.20249085981499826	0.0	1
191	128.0845127105713	0.20319904284804252	0.0007081830330442629	0
192	128.74622321128845	0.2034619223368035	0.0002628794887609698	0
193	129.42224168777466	0.2036870320638021	0.00022510972699860132	0
194	130.0965061187744	0.2036870320638021	0.0	1
195	130.76037526130676	0.2036870320638021	0.0	2
196	131.43380975723267	0.2036870320638021	0.0	3
197	132.10768127441406	0.20468835663377194	0.001001324569969847	0
198	132.7763316631317	0.20528191622744718	0.0005935595936752414	0
199	133.44355750083923	0.20528191622744718	0.0	1
200	134.10080981254578	0.20528191622744718	0.0	2
201	134.76483392715454	0.20591869688870615	0.0006367806612589677	0
202	135.42540407180786	0.20591869688870615	0.0	1
203	136.0938880443573	0.20607907235907597	0.0001603754703698168	0
204	136.7630000114441	0.20607907235907597	0.0	1
205	137.44528150558472	0.20607907235907597	0.0	2
206	138.1169946193695	0.20631742097164074	0.00023834861256477602	0
207	138.7831461429596	0.20631742097164074	0.0	1
208	139.44610023498535	0.20631742097164074	0.0	2
209	140.1094663143158	0.20631742097164074	0.0	3
210	140.7724268436432	0.20703117699143989	0.0007137560197991444	0
211	141.44140696525574	0.20703117699143989	0.0	1
212	142.10693740844727	0.20703117699143989	0.0	2
213	142.7754681110382	0.20703117699143989	0.0	3
214	143.44689917564392	0.20703117699143989	0.0	4
215	144.12643694877625	0.20808741616670404	0.001056239175264151	0
216	144.79441094398499	0.20808741616670404	0.0	1
217	145.4740915298462	0.20808741616670404	0.0	2
218	146.15890622138977	0.20808741616670404	0.0	3
219	146.83877229690552	0.20808741616670404	0.0	4
220	147.51726746559143	0.20848614024963866	0.0003987240829346206	0
221	148.19801926612854	0.20848614024963866	0.0	1
222	148.88478422164917	0.20848614024963866	0.0	2
223	149.55171918869019	0.20848614024963866	0.0	3
224	150.23088431358337	0.2087439578115655	0.0002578175619268319	0
225	150.9171118736267	0.2087439578115655	0.0	1
226	151.59700441360474	0.20929592686216608	0.0005519690506005925	0
227	152.27076816558838	0.20969465094510067	0.00039872408293459283	0
228	152.94726586341858	0.20981484737122458	0.00012019642612390302	0
229	153.60795783996582	0.20981484737122458	0.0	1
230	154.28810119628906	0.20981484737122458	0.0	2
231	154.95400547981262	0.2106807288941014	0.0008658815228768102	0
232	155.63568234443665	0.2106807288941014	0.0	1
233	156.30326771736145	0.2106807288941014	0.0	2
234	156.97258186340332	0.2106807288941014	0.0	3
235	157.64323830604553	0.2106807288941014	0.0	4
236	158.3182897567749	0.2106807288941014	0.0	5
237	158.99896788597107	0.2108182770213442	0.00013754812724281473	0
238	159.67143607139587	0.21140971936677633	0.0005914423454321249	0
239	160.34277820587158	0.2114781770599706	6.845769319427375e-05	0
240	161.024831533432	0.2114781770599706	0.0	1
241	161.70041704177856	0.2114781770599706	0.0	2
242	162.3800985813141	0.2114781770599706	0.0	3
243	163.05479669570923	0.2114781770599706	0.0	4
244	163.74002528190613	0.21220716753264554	0.0007289904726749397	0
245	164.40983819961548	0.21220716753264554	0.0	1
246	165.08135557174683	0.21220716753264554	0.0	2
247	165.7561104297638	0.21220716753264554	0.0	3
248	166.42889714241028	0.21220716753264554	0.0	4
249	167.10145950317383	0.2124145605157247	0.00020739298307914655	0
250	167.7718267440796	0.21248275051086524	6.818999514054958e-05	0
251	168.44842886924744	0.21249825266179476	1.5502150929519454e-05	0
252	169.13347387313843	0.21249825266179476	0.0	1
253	169.80080032348633	0.21260589161558013	0.00010763895378537724	0
254	170.47961616516113	0.21281328459865928	0.00020739298307914655	0
255	171.14475750923157	0.21281328459865928	0.0	1
256	171.81183767318726	0.21281328459865928	0.0	2
257	172.4821515083313	0.21283134204919257	1.8057450533293107e-05	0
258	173.15387725830078	0.21283134204919257	0.0	1
259	173.82804131507874	0.21284626013164126	1.4918082448689418e-05	0
260	174.48884201049805	0.21284626013164126	0.0	1
261	175.16211318969727	0.21286986623274273	2.360610110146988e-05	0
262	175.83219599723816	0.21286986623274273	0.0	1
263	176.50919222831726	0.21288449228095097	1.4626048208232767e-05	0
264	177.18188381195068	0.21288449228095097	0.0	1
265	177.84826683998108	0.2135143371289997	0.0006298448480487329	0
266	178.51589703559875	0.2135143371289997	0.0	1
267	179.1809742450714	0.2135143371289997	0.0	2
268	179.85097646713257	0.21367999355188397	0.0001656564228842694	0
269	180.52342677116394	0.21367999355188397	0.0	1
270	181.19991827011108	0.21367999355188397	0.0	2
271	181.86818838119507	0.2143117852948689	0.000631791742984944	0
272	182.5378749370575	0.2143117852948689	0.0	1
273	183.20845985412598	0.2143117852948689	0.0	2
274	183.8771047592163	0.2143117852948689	0.0	3
275	184.5541729927063	0.2143117852948689	0.0	4
276	185.23098850250244	0.2143117852948689	0.0	5
277	185.90480256080627	0.21447744171775318	0.0001656564228842694	0
278	186.56938433647156	0.21447965631074312	2.2145929899353156e-06	0
279	187.25595545768738	0.21447965631074312	0.0	1
280	187.9342224597931	0.21447965631074312	0.0	2
281	188.61071848869324	0.21447965631074312	0.0	3
282	189.2743480205536	0.21493126292738238	0.0004516066166392607	0
283	189.94485211372375	0.21493126292738238	0.0	1
284	190.61292576789856	0.21493126292738238	0.0	2
285	191.28208661079407	0.21493126292738238	0.0	3
286	191.95117235183716	0.21510923346073815	0.00017797053335577573	0
287	192.62088894844055	0.21527710447661233	0.00016787101587417697	0
288	193.29077005386353	0.21527710447661233	0.0	1
289	193.964697599411	0.21527710447661233	0.0	2
290	194.63516402244568	0.21527710447661233	0.0	3
291	195.305109500885	0.21527710447661233	0.0	4
292	195.9717664718628	0.21527710447661233	0.0	5
293	196.64544677734375	0.21584299382600677	0.0005658893493944439	0
294	197.30997395515442	0.21594780978213468	0.00010481595612790717	0
295	197.98815202713013	0.21607455264248157	0.00012674286034689008	0
296	198.66157913208008	0.21607455264248157	0.0	1
297	199.3439109325409	0.21607455264248157	0.0	2
298	200.01930785179138	0.21607455264248157	0.0	3
299	200.68854928016663	0.21607455264248157	0.0	4
300	201.354261636734	0.21607455264248157	0.0	5
301	202.02595043182373	0.21607455264248157	0.0	6
302	202.69894433021545	0.21607455264248157	0.0	7
303	203.36977577209473	0.21607455264248157	0.0	8
304	204.05250024795532	0.21607455264248157	0.0	9
305	204.72585773468018	0.21641963976992373	0.00034508712744216186	0
306	205.3961091041565	0.21645706882507226	3.742905514853012e-05	0
307	206.06277012825012	0.21645706882507226	0.0	1
308	206.73673939704895	0.21645706882507226	0.0	2
309	207.40533590316772	0.2164659758694054	8.907044333150704e-06	0
310	208.08205890655518	0.2164659758694054	0.0	1
311	208.74642539024353	0.2164659758694054	0.0	2
312	209.4288980960846	0.2166062496495589	0.00014027378015349368	0
313	210.0966033935547	0.21686469995234	0.00025845030278109915	0
314	210.76198840141296	0.21686469995234	0.0	1
315	211.43097186088562	0.21686469995234	0.0	2
316	212.10427713394165	0.21686469995234	0.0	3
317	212.77392053604126	0.21686469995234	0.0	4
318	213.44474267959595	0.21686469995234	0.0	5
319	214.11234760284424	0.21686469995234	0.0	6
320	214.77868938446045	0.21688317111804725	1.8471165707245607e-05	0
321	215.4557318687439	0.2171848911607855	0.00030172004273823494	0
322	216.11772108078003	0.2171848911607855	0.0	1
323	216.781245470047	0.2171848911607855	0.0	2
324	217.45310592651367	0.21741043893914475	0.00022554777835925854	0
325	218.1302900314331	0.21741043893914475	0.0	1
326	218.8080916404724	0.21741043893914475	0.0	2
327	219.4687943458557	0.21758719266316537	0.00017675372402062295	0
328	220.12888526916504	0.21792967581863038	0.0003424831554650065	0
329	220.80279445648193	0.21792967581863038	0.0	1
330	221.46213269233704	0.21792967581863038	0.0	2
331	222.14593052864075	0.21792967581863038	0.0	3
332	222.8228108882904	0.21799879058886562	6.91147702352457e-05	0
333	223.49436140060425	0.21799879058886562	0.0	1
334	224.16832780838013	0.21804303377629086	4.424318742524136e-05	0
335	224.83481240272522	0.21804303377629086	0.0	1
336	225.4986629486084	0.21804303377629086	0.0	2
337	226.16166973114014	0.218244780764055	0.0002017469877641509	0
338	226.83657598495483	0.218244780764055	0.0	1
339	227.51539421081543	0.218244780764055	0.0	2
340	228.1760392189026	0.21830311460358104	5.833383952602578e-05	0
341	228.84431409835815	0.21839751467180024	9.440006821920255e-05	0
342	229.51614117622375	0.21879623875473486	0.0003987240829346206	0
343	230.18548941612244	0.21879623875473486	0.0	1
344	230.8564953804016	0.21910056276945025	0.0003043240147153903	0
345	231.52310824394226	0.21910056276945025	0.0	1
346	232.18873977661133	0.21910056276945025	0.0	2
347	232.84582710266113	0.21919496283766945	9.440006821920255e-05	0
348	233.5061230659485	0.21919496283766945	0.0	1
349	234.17045903205872	0.21919496283766945	0.0	2
350	234.84063386917114	0.21919496283766945	0.0	3
351	235.51391410827637	0.21919496283766945	0.0	4
352	236.18045496940613	0.21919496283766945	0.0	5
353	236.8482744693756	0.21919496283766945	0.0	6
354	237.5242772102356	0.21919496283766945	0.0	7
355	238.1951584815979	0.21919496283766945	0.0	8
356	238.856703042984	0.21919496283766945	0.0	9
357	239.52530717849731	0.21919496283766945	0.0	10
358	240.2005970478058	0.21919496283766945	0.0	11
359	240.8669078350067	0.21919496283766945	0.0	12
360	241.53074312210083	0.2197694915333433	0.0005745286956738427	0
361	242.19467544555664	0.2197694915333433	0.0	1
362	242.85902786254883	0.2197694915333433	0.0	2
363	243.5221402645111	0.2197694915333433	0.0	3
364	244.1940939426422	0.2197694915333433	0.0	4
365	244.8529806137085	0.2197694915333433	0.0	5
366	245.52387046813965	0.2197694915333433	0.0	6
367	246.1872420310974	0.2197694915333433	0.0	7
368	246.85072588920593	0.2197694915333433	0.0	8
369	247.51901626586914	0.2197694915333433	0.0	9
370	248.19087767601013	0.2197694915333433	0.0	10
371	248.85425305366516	0.2197694915333433	0.0	11
372	249.51662349700928	0.2197694915333433	0.0	12
373	250.18206214904785	0.2203005557995664	0.0005310642662230969	0
374	250.85425281524658	0.2203005557995664	0.0	1
375	251.5192790031433	0.2205669396992125	0.00026638389964611653	0
376	252.19072818756104	0.2205669396992125	0.0	1
377	252.8491747379303	0.2205669396992125	0.0	2
378	253.5030779838562	0.2205669396992125	0.0	3
379	254.16924238204956	0.2205669396992125	0.0	4
380	254.84673428535461	0.2205669396992125	0.0	5
381	255.51837038993835	0.2205669396992125	0.0	6
382	256.18875098228455	0.2205669396992125	0.0	7
383	256.849249124527	0.22061948152630334	5.254182709082955e-05	0
384	257.51628065109253	0.22061948152630334	0.0	1
385	258.1937692165375	0.22061948152630334	0.0	2
386	258.86980414390564	0.22061948152630334	0.0	3
387	259.5359377861023	0.22061948152630334	0.0	4
388	260.2102596759796	0.22061948152630334	0.0	5
389	260.88280153274536	0.22061948152630334	0.0	6
390	261.53916668891907	0.22061948152630334	0.0	7
391	262.20271849632263	0.22061948152630334	0.0	8
392	262.857980966568	0.22061948152630334	0.0	9
393	263.5234696865082	0.22096680758292214	0.0003473260566188019	0
394	264.1954162120819	0.22096680758292214	0.0	1
395	264.8585350513458	0.22096680758292214	0.0	2
396	265.5288772583008	0.22096680758292214	0.0	3
397	266.1896376609802	0.22096680758292214	0.0	4
398	266.86753010749817	0.22096680758292214	0.0	5
399	267.5448832511902	0.22096680758292214	0.0	6
400	268.2224667072296	0.22096680758292214	0.0	7
401	268.892085313797	0.22096680758292214	0.0	8
402	269.5824077129364	0.22096680758292214	0.0	9
403	270.25086784362793	0.22096680758292214	0.0	10
404	270.91926860809326	0.22096680758292214	0.0	11
405	271.604873418808	0.22096680758292214	0.0	12
406	272.28582739830017	0.22096680758292214	0.0	13
407	272.9660339355469	0.22096680758292214	0.0	14
408	273.6486749649048	0.22096680758292214	0.0	15
409	274.3213801383972	0.22096680758292214	0.0	16
410	274.9869589805603	0.22096680758292214	0.0	17
411	275.65618801116943	0.22096680758292214	0.0	18
412	276.32357835769653	0.22096680758292214	0.0	19
413	276.99831342697144	0.22096680758292214	0.0	20
414	277.6615574359894	0.22110720304400916	0.00014039546108701728	0
415	278.32786560058594	0.22110720304400916	0.0	1
416	278.9968876838684	0.22110720304400916	0.0	2
417	279.66693925857544	0.22110720304400916	0.0	3
418	280.3427674770355	0.22110720304400916	0.0	4
419	281.0137598514557	0.22110720304400916	0.0	5
420	281.6824655532837	0.22110720304400916	0.0	6
421	282.3556637763977	0.22110720304400916	0.0	7
422	283.0227677822113	0.22110720304400916	0.0	8
423	283.68861389160156	0.22110720304400916	0.0	9
424	284.35227394104004	0.22110720304400916	0.0	10
425	285.0171823501587	0.22110720304400916	0.0	11
426	285.6869583129883	0.22110720304400916	0.0	12
427	286.3564805984497	0.22110720304400916	0.0	13
428	287.0252938270569	0.22110720304400916	0.0	14
429	287.69710898399353	0.22110720304400916	0.0	15
430	288.37264704704285	0.22110720304400916	0.0	16
431	289.0430862903595	0.22110720304400916	0.0	17
432	289.70702743530273	0.22110720304400916	0.0	18
433	290.3851566314697	0.22110720304400916	0.0	19
434	291.0582654476166	0.22110720304400916	0.0	20
435	291.72181725502014	0.22110720304400916	0.0	21
436	292.395868062973	0.22111927379261365	1.207074860448687e-05	0
437	293.05515599250793	0.22111927379261365	0.0	1
438	293.70592761039734	0.22111927379261365	0.0	2
439	294.3750886917114	0.22111927379261365	0.0	3
440	295.0469346046448	0.22111927379261365	0.0	4
441	295.7068328857422	0.22150592712694378	0.0003866533343301337	0
442	296.3746130466461	0.22150592712694378	0.0	1
443	297.03599977493286	0.22150592712694378	0.0	2
444	297.6957311630249	0.22150592712694378	0.0	3
445	298.35555815696716	0.22150592712694378	0.0	4
446	299.02637672424316	0.22150592712694378	0.0	5
447	299.6891756057739	0.22150592712694378	0.0	6
448	300.3604476451874	0.22150592712694378	0.0	7
449	301.015709400177	0.22150592712694378	0.0	8
450	301.67818236351013	0.22150592712694378	0.0	9
451	302.3399353027344	0.22150592712694378	0.0	10
452	303.00288677215576	0.22150592712694378	0.0	11
453	303.66780710220337	0.22150592712694378	0.0	12
454	304.3452937602997	0.22150592712694378	0.0	13
455	305.0179708003998	0.22150592712694378	0.0	14
456	305.6890797615051	0.22150592712694378	0.0	15
457	306.35479855537415	0.22150592712694378	0.0	16
458	307.0326495170593	0.22150592712694378	0.0	17
459	307.7082839012146	0.22150592712694378	0.0	18
460	308.3768529891968	0.22150592712694378	0.0	19
461	309.04508352279663	0.22150592712694378	0.0	20
462	309.7188079357147	0.22150592712694378	0.0	21
463	310.3811478614807	0.22150592712694378	0.0	22
464	311.0447223186493	0.22150592712694378	0.0	23
465	311.71488976478577	0.22150592712694378	0.0	24
466	312.38162064552307	0.22150592712694378	0.0	25
467	313.0470232963562	0.22150592712694378	0.0	26
468	313.70855593681335	0.22150592712694378	0.0	27
469	314.3642830848694	0.22150592712694378	0.0	28
470	315.03868079185486	0.22150592712694378	0.0	29
471	315.7088761329651	0.22150592712694378	0.0	30
472	316.3702564239502	0.22150592712694378	0.0	31
473	317.04538011550903	0.22150592712694378	0.0	32
474	317.7110843658447	0.22150592712694378	0.0	33
475	318.36926341056824	0.22150592712694378	0.0	34
476	319.0412378311157	0.22150592712694378	0.0	35
477	319.70050501823425	0.22150592712694378	0.0	36
478	320.36605310440063	0.22150592712694378	0.0	37
479	321.02172923088074	0.22150592712694378	0.0	38
480	321.68943309783936	0.22150592712694378	0.0	39
481	322.3542776107788	0.22150592712694378	0.0	40
482	323.0322675704956	0.22150592712694378	0.0	41
483	323.6942524909973	0.22150592712694378	0.0	42
484	324.3682940006256	0.22150592712694378	0.0	43
485	325.0340712070465	0.22150592712694378	0.0	44
486	325.70167803764343	0.22150592712694378	0.0	45
487	326.36446166038513	0.22150592712694378	0.0	46
488	327.0209949016571	0.22150592712694378	0.0	47
489	327.6795930862427	0.22150592712694378	0.0	48
490	328.34715580940247	0.22150592712694378	0.0	49
491	329.0119926929474	0.22150592712694378	0.0	50
492	329.6790933609009	0.22150592712694378	0.0	51
493	330.3465051651001	0.22150592712694378	0.0	52
494	331.012309551239	0.22150592712694378	0.0	53
495	331.6660375595093	0.22150592712694378	0.0	54
496	332.3349025249481	0.22150592712694378	0.0	55
497	333.00066208839417	0.22150592712694378	0.0	56
498	333.66754269599915	0.22150592712694378	0.0	57
499	334.3437066078186	0.22150592712694378	0.0	58
500	335.0120587348938	0.22150592712694378	0.0	59
501	335.6719665527344	0.22150592712694378	0.0	60
502	336.34670853614807	0.22150592712694378	0.0	61
503	337.0117070674896	0.22150592712694378	0.0	62
504	337.677610874176	0.22150592712694378	0.0	63
505	338.3462166786194	0.22150592712694378	0.0	64
506	339.01224970817566	0.22150592712694378	0.0	65
507	339.68268156051636	0.22150592712694378	0.0	66
508	340.35418486595154	0.22150592712694378	0.0	67
509	341.02136397361755	0.22150592712694378	0.0	68
510	341.68199396133423	0.22150592712694378	0.0	69
511	342.3636465072632	0.22150592712694378	0.0	70
512	343.02613711357117	0.22150592712694378	0.0	71
513	343.70530104637146	0.22150592712694378	0.0	72
514	344.38340282440186	0.22150592712694378	0.0	73
515	345.05167722702026	0.22150592712694378	0.0	74
516	345.7242622375488	0.22150592712694378	0.0	75
517	346.3975262641907	0.22150592712694378	0.0	76
518	347.06026339530945	0.22150592712694378	0.0	77
519	347.7204360961914	0.22150592712694378	0.0	78
520	348.3829526901245	0.22150592712694378	0.0	79
521	349.05551743507385	0.22150592712694378	0.0	80
522	349.73432207107544	0.22150592712694378	0.0	81
523	350.4080491065979	0.22150592712694378	0.0	82
524	351.0815908908844	0.22150592712694378	0.0	83
525	351.7636103630066	0.22150592712694378	0.0	84
526	352.42918372154236	0.22150592712694378	0.0	85
527	353.0998992919922	0.22150592712694378	0.0	86
528	353.77440118789673	0.22150592712694378	0.0	87
529	354.45358991622925	0.22150592712694378	0.0	88
530	355.1268310546875	0.22150592712694378	0.0	89
531	355.79689621925354	0.22150592712694378	0.0	90
532	356.4661021232605	0.22150592712694378	0.0	91
533	357.1406207084656	0.22150592712694378	0.0	92
534	357.8212089538574	0.22150592712694378	0.0	93
535	358.4858558177948	0.22150592712694378	0.0	94
536	359.17092204093933	0.22150592712694378	0.0	95
537	359.8535068035126	0.22150592712694378	0.0	96
538	360.51650762557983	0.22150592712694378	0.0	97
539	361.18385076522827	0.22150592712694378	0.0	98
540	361.8600218296051	0.22150592712694378	0.0	99
541	362.53600430488586	0.22150592712694378	0.0	100
542	363.20740509033203	0.22150592712694378	0.0	101
543	363.87200903892517	0.22150592712694378	0.0	102
544	364.5437355041504	0.22150592712694378	0.0	103
545	365.21737599372864	0.22150592712694378	0.0	104
546	365.8872637748718	0.22150592712694378	0.0	105
547	366.55927181243896	0.22150592712694378	0.0	106
548	367.22860836982727	0.22150592712694378	0.0	107
549	367.8949935436249	0.22150592712694378	0.0	108
550	368.55714440345764	0.22150592712694378	0.0	109
551	369.2186117172241	0.22150592712694378	0.0	110
552	369.8978123664856	0.22150592712694378	0.0	111
553	370.5765016078949	0.22150592712694378	0.0	112
554	371.2527496814728	0.22150592712694378	0.0	113
555	371.93904662132263	0.22150592712694378	0.0	114
556	372.6141004562378	0.22150592712694378	0.0	115
557	373.28176856040955	0.22150592712694378	0.0	116
558	373.9594204425812	0.22150592712694378	0.0	117
559	374.6347863674164	0.22150592712694378	0.0	118
560	375.3175096511841	0.22150592712694378	0.0	119
561	375.9929258823395	0.22150592712694378	0.0	120
562	376.68328189849854	0.22150592712694378	0.0	121
563	377.36297488212585	0.22150592712694378	0.0	122
564	378.037335395813	0.22150592712694378	0.0	123
565	378.7032856941223	0.22150592712694378	0.0	124
566	379.37231826782227	0.22150592712694378	0.0	125
567	380.0523920059204	0.22150592712694378	0.0	126
568	380.71979689598083	0.22150592712694378	0.0	127
569	381.4013602733612	0.22150592712694378	0.0	128
570	382.078355550766	0.22150592712694378	0.0	129
571	382.75813722610474	0.22150592712694378	0.0	130
572	383.4480583667755	0.22150592712694378	0.0	131
573	384.1215441226959	0.22150592712694378	0.0	132
574	384.78411984443665	0.22150592712694378	0.0	133
575	385.47734665870667	0.22150592712694378	0.0	134
576	386.16450095176697	0.22150592712694378	0.0	135
577	386.8350558280945	0.22150592712694378	0.0	136
578	387.5144770145416	0.22150592712694378	0.0	137
579	388.210901260376	0.22150592712694378	0.0	138
580	388.89942502975464	0.22150592712694378	0.0	139
581	389.5831687450409	0.22150592712694378	0.0	140
582	390.27143359184265	0.22150592712694378	0.0	141
583	390.95827889442444	0.22150592712694378	0.0	142
584	391.63785457611084	0.22150592712694378	0.0	143
585	392.3272445201874	0.22150592712694378	0.0	144
586	393.00806307792664	0.22150592712694378	0.0	145
587	393.68804144859314	0.22150592712694378	0.0	146
588	394.3744525909424	0.22150592712694378	0.0	147
589	395.046226978302	0.22150592712694378	0.0	148
590	395.71841311454773	0.22150592712694378	0.0	149
591	396.3805470466614	0.22150592712694378	0.0	150
592	397.04785442352295	0.22150592712694378	0.0	151
593	397.7228379249573	0.22150592712694378	0.0	152
594	398.3902060985565	0.22150592712694378	0.0	153
595	399.0616190433502	0.22150592712694378	0.0	154
596	399.7376444339752	0.22150592712694378	0.0	155
597	400.40315294265747	0.22150592712694378	0.0	156
598	401.0727207660675	0.22150592712694378	0.0	157
599	401.7515299320221	0.22150592712694378	0.0	158
600	402.4237599372864	0.22150592712694378	0.0	159
601	403.10371828079224	0.22150592712694378	0.0	160
602	403.78012681007385	0.22150592712694378	0.0	161
603	404.4573063850403	0.22150592712694378	0.0	162
604	405.1244993209839	0.22150592712694378	0.0	163
605	405.79999446868896	0.22150592712694378	0.0	164
606	406.4659650325775	0.22150592712694378	0.0	165
607	407.1465940475464	0.22150592712694378	0.0	166
608	407.8125720024109	0.22150592712694378	0.0	167
609	408.4837305545807	0.22150592712694378	0.0	168
610	409.15485072135925	0.22150592712694378	0.0	169
611	409.82906198501587	0.22150592712694378	0.0	170
612	410.5070388317108	0.22150592712694378	0.0	171
613	411.1820430755615	0.22150592712694378	0.0	172
614	411.85356760025024	0.22150592712694378	0.0	173
615	412.52938866615295	0.22150592712694378	0.0	174
616	413.1902256011963	0.22150592712694378	0.0	175
617	413.8574366569519	0.22150592712694378	0.0	176
618	414.5318057537079	0.22150592712694378	0.0	177
619	415.19681191444397	0.22150592712694378	0.0	178
620	415.8601155281067	0.22150592712694378	0.0	179
621	416.5389709472656	0.22150592712694378	0.0	180
622	417.1973235607147	0.22150592712694378	0.0	181
623	417.8707284927368	0.22150592712694378	0.0	182
624	418.53903794288635	0.22150592712694378	0.0	183
625	419.21759724617004	0.22150592712694378	0.0	184
626	419.88155817985535	0.22150592712694378	0.0	185
627	420.5488212108612	0.22150592712694378	0.0	186
628	421.21752166748047	0.22150592712694378	0.0	187
629	421.88478922843933	0.22150592712694378	0.0	188
630	422.5374085903168	0.22150592712694378	0.0	189
631	423.2076995372772	0.22150592712694378	0.0	190
632	423.89158487319946	0.22150592712694378	0.0	191
633	424.5636405944824	0.22150592712694378	0.0	192
634	425.234206199646	0.22150592712694378	0.0	193
635	425.9087336063385	0.22150592712694378	0.0	194
636	426.58151626586914	0.22150592712694378	0.0	195
637	427.25606298446655	0.22150592712694378	0.0	196
638	427.93070888519287	0.22150592712694378	0.0	197
639	428.5976769924164	0.22150592712694378	0.0	198
640	429.2751348018646	0.22150592712694378	0.0	199
641	429.95414638519287	0.22150592712694378	0.0	200
642	430.6152980327606	0.22150592712694378	0.0	201
643	431.28134655952454	0.22150592712694378	0.0	202
644	431.9425268173218	0.22150592712694378	0.0	203
645	432.6077744960785	0.22150592712694378	0.0	204
646	433.26397609710693	0.22150592712694378	0.0	205
647	433.9403712749481	0.22150592712694378	0.0	206
648	434.6165006160736	0.22150592712694378	0.0	207
649	435.2929108142853	0.22150592712694378	0.0	208
650	435.96244168281555	0.22150592712694378	0.0	209
651	436.63852429389954	0.22150592712694378	0.0	210
652	437.3150100708008	0.22150592712694378	0.0	211
653	437.9850561618805	0.22150592712694378	0.0	212
654	438.6470670700073	0.22150592712694378	0.0	213
655	439.3065116405487	0.22150592712694378	0.0	214
656	439.9734585285187	0.22150592712694378	0.0	215
657	440.6523208618164	0.22150592712694378	0.0	216
658	441.32858061790466	0.22150592712694378	0.0	217
659	442.0057866573334	0.22150592712694378	0.0	218
660	442.68000984191895	0.22150592712694378	0.0	219
661	443.3537085056305	0.22150592712694378	0.0	220
662	444.0230951309204	0.22150592712694378	0.0	221
663	444.6958713531494	0.22150592712694378	0.0	222
664	445.3571901321411	0.22150592712694378	0.0	223
665	446.0214874744415	0.22150592712694378	0.0	224
666	446.6924452781677	0.22150592712694378	0.0	225
667	447.3649797439575	0.22150592712694378	0.0	226
668	448.0374069213867	0.22150592712694378	0.0	227
669	448.71195936203003	0.22150592712694378	0.0	228
670	449.3854787349701	0.22150592712694378	0.0	229
671	450.04323053359985	0.22150592712694378	0.0	230
672	450.7037045955658	0.22150592712694378	0.0	231
673	451.377818107605	0.22150592712694378	0.0	232
674	452.0526280403137	0.22150592712694378	0.0	233
675	452.7306914329529	0.22150592712694378	0.0	234
676	453.40467047691345	0.22150592712694378	0.0	235
677	454.08408665657043	0.22150592712694378	0.0	236
678	454.7510097026825	0.22150592712694378	0.0	237
679	455.4244201183319	0.22150592712694378	0.0	238
680	456.0898118019104	0.22150592712694378	0.0	239
681	456.7622423171997	0.22150592712694378	0.0	240
682	457.42460227012634	0.22150592712694378	0.0	241
683	458.0931704044342	0.22150592712694378	0.0	242
684	458.7719371318817	0.22150592712694378	0.0	243
685	459.4446966648102	0.22150592712694378	0.0	244
686	460.11464166641235	0.22150592712694378	0.0	245
687	460.78136467933655	0.22150592712694378	0.0	246
688	461.4473674297333	0.22150592712694378	0.0	247
689	462.1188418865204	0.22150592712694378	0.0	248
690	462.7798182964325	0.22150592712694378	0.0	249
691	463.4490728378296	0.22150592712694378	0.0	250
692	464.12878227233887	0.22150592712694378	0.0	251
693	464.79414319992065	0.22150592712694378	0.0	252
694	465.45072627067566	0.22150592712694378	0.0	253
695	466.119371175766	0.22150592712694378	0.0	254
696	466.7918756008148	0.22150592712694378	0.0	255
697	467.472496509552	0.22150592712694378	0.0	256
698	468.14208793640137	0.22150592712694378	0.0	257
699	468.81897830963135	0.22150592712694378	0.0	258
700	469.4903266429901	0.22150592712694378	0.0	259
701	470.17328548431396	0.22150592712694378	0.0	260
702	470.84965801239014	0.22150592712694378	0.0	261
703	471.52865648269653	0.22150592712694378	0.0	262
704	472.1989176273346	0.22150592712694378	0.0	263
705	472.8678584098816	0.22150592712694378	0.0	264
706	473.5348377227783	0.22150592712694378	0.0	265
707	474.1987750530243	0.22150592712694378	0.0	266
708	474.8661439418793	0.22150592712694378	0.0	267
709	475.53674578666687	0.22150592712694378	0.0	268
710	476.2049357891083	0.22150592712694378	0.0	269
711	476.8864243030548	0.22150592712694378	0.0	270
712	477.5540301799774	0.22150592712694378	0.0	271
713	478.23610973358154	0.22150592712694378	0.0	272
714	478.90683245658875	0.22150592712694378	0.0	273
715	479.5753126144409	0.22150592712694378	0.0	274
716	480.24431896209717	0.22150592712694378	0.0	275
717	480.9191393852234	0.22150592712694378	0.0	276
718	481.5922782421112	0.22150592712694378	0.0	277
719	482.2668743133545	0.22150592712694378	0.0	278
720	482.93879222869873	0.22150592712694378	0.0	279
721	483.6096079349518	0.22150592712694378	0.0	280
722	484.2910990715027	0.22150592712694378	0.0	281
723	484.9678156375885	0.22150592712694378	0.0	282
724	485.6298940181732	0.22150592712694378	0.0	283
725	486.3010380268097	0.22150592712694378	0.0	284
726	486.9612007141113	0.22150592712694378	0.0	285
727	487.62685894966125	0.22150592712694378	0.0	286
728	488.2927987575531	0.22150592712694378	0.0	287
729	488.9570109844208	0.22150592712694378	0.0	288
730	489.6181240081787	0.22150592712694378	0.0	289
731	490.2929222583771	0.22150592712694378	0.0	290
732	490.95060682296753	0.22150592712694378	0.0	291
733	491.62614607810974	0.22150592712694378	0.0	292
734	492.28201127052307	0.22150592712694378	0.0	293
735	492.94219732284546	0.22150592712694378	0.0	294
736	493.615868806839	0.22150592712694378	0.0	295
737	494.2986788749695	0.22150592712694378	0.0	296
738	494.96092677116394	0.22150592712694378	0.0	297
739	495.62596464157104	0.22150592712694378	0.0	298
740	496.2960042953491	0.22150592712694378	0.0	299
741	496.9734003543854	0.22150592712694378	0.0	300
742	497.6378047466278	0.22150592712694378	0.0	301
743	498.3040523529053	0.22150592712694378	0.0	302
744	498.96002435684204	0.22150592712694378	0.0	303
745	499.6279754638672	0.22150592712694378	0.0	304
746	500.2968258857727	0.22150592712694378	0.0	305
747	500.96884965896606	0.22150592712694378	0.0	306
748	501.63631868362427	0.22150592712694378	0.0	307
749	502.3083350658417	0.22150592712694378	0.0	308
750	502.9724831581116	0.22150592712694378	0.0	309
751	503.6345183849335	0.22150592712694378	0.0	310
752	504.30712819099426	0.22150592712694378	0.0	311
753	504.98344111442566	0.22150592712694378	0.0	312
754	505.64815068244934	0.22150592712694378	0.0	313
755	506.33056712150574	0.22150592712694378	0.0	314
756	507.0013539791107	0.22150592712694378	0.0	315
757	507.6667392253876	0.22150592712694378	0.0	316
758	508.34511733055115	0.22150592712694378	0.0	317
759	509.02251982688904	0.22150592712694378	0.0	318
760	509.7033839225769	0.22150592712694378	0.0	319
761	510.39872312545776	0.22150592712694378	0.0	320
762	511.08863973617554	0.22150592712694378	0.0	321
763	511.7836034297943	0.22150592712694378	0.0	322
764	512.4677476882935	0.22150592712694378	0.0	323
765	513.1484043598175	0.22150592712694378	0.0	324
766	513.8276906013489	0.22150592712694378	0.0	325
767	514.5132064819336	0.22150592712694378	0.0	326
768	515.197169303894	0.22150592712694378	0.0	327
769	515.8773348331451	0.22150592712694378	0.0	328
770	516.5436835289001	0.22150592712694378	0.0	329
771	517.2114732265472	0.22150592712694378	0.0	330
772	517.8816084861755	0.22150592712694378	0.0	331
773	518.5586431026459	0.22150592712694378	0.0	332
774	519.2302091121674	0.22150592712694378	0.0	333
775	519.9110493659973	0.22150592712694378	0.0	334
776	520.5739948749542	0.22150592712694378	0.0	335
777	521.2484347820282	0.22150592712694378	0.0	336
778	521.9231734275818	0.22150592712694378	0.0	337
779	522.6021721363068	0.22150592712694378	0.0	338
780	523.2721128463745	0.22150592712694378	0.0	339
781	523.9405035972595	0.22150592712694378	0.0	340
782	524.6295912265778	0.22150592712694378	0.0	341
783	525.3096897602081	0.22150592712694378	0.0	342
784	525.9847915172577	0.22150592712694378	0.0	343
785	526.6606810092926	0.22150592712694378	0.0	344
786	527.3428738117218	0.22150592712694378	0.0	345
787	528.0347845554352	0.22150592712694378	0.0	346
788	528.7173600196838	0.22150592712694378	0.0	347
789	529.3911557197571	0.22150592712694378	0.0	348
790	530.0728802680969	0.22150592712694378	0.0	349
791	530.7565796375275	0.22150592712694378	0.0	350
792	531.4396042823792	0.22150592712694378	0.0	351
793	532.1232056617737	0.22150592712694378	0.0	352
794	532.794962644577	0.22150592712694378	0.0	353
795	533.4725184440613	0.22150592712694378	0.0	354
796	534.1450533866882	0.22150592712694378	0.0	355
797	534.8143284320831	0.22150592712694378	0.0	356
798	535.4824697971344	0.22150592712694378	0.0	357
799	536.1443996429443	0.22150592712694378	0.0	358
800	536.7997777462006	0.22150592712694378	0.0	359
801	537.4657130241394	0.22150592712694378	0.0	360
802	538.138219833374	0.22150592712694378	0.0	361
803	538.8035717010498	0.22150592712694378	0.0	362
804	539.4530255794525	0.22150592712694378	0.0	363
805	540.1223239898682	0.22150592712694378	0.0	364
806	540.7877855300903	0.22150592712694378	0.0	365
807	541.4585199356079	0.22150592712694378	0.0	366
808	542.1274120807648	0.22150592712694378	0.0	367
809	542.7948081493378	0.22150592712694378	0.0	368
810	543.4600396156311	0.22150592712694378	0.0	369
811	544.1258006095886	0.22150592712694378	0.0	370
812	544.8028407096863	0.22150592712694378	0.0	371
813	545.4636855125427	0.22150592712694378	0.0	372
814	546.1447837352753	0.22150592712694378	0.0	373
815	546.8122737407684	0.22150592712694378	0.0	374
816	547.4731085300446	0.22150592712694378	0.0	375
817	548.1494352817535	0.22150592712694378	0.0	376
818	548.8282628059387	0.22150592712694378	0.0	377
819	549.4987654685974	0.22150592712694378	0.0	378
820	550.1702976226807	0.22150592712694378	0.0	379
821	550.8346676826477	0.22150592712694378	0.0	380
822	551.5012893676758	0.22150592712694378	0.0	381
823	552.1651487350464	0.22150592712694378	0.0	382
824	552.8256006240845	0.22150592712694378	0.0	383
825	553.4944713115692	0.22150592712694378	0.0	384
826	554.1662063598633	0.22150592712694378	0.0	385
827	554.8407921791077	0.22150592712694378	0.0	386
828	555.5180270671844	0.22150592712694378	0.0	387
829	556.1806259155273	0.22150592712694378	0.0	388
830	556.8394079208374	0.22150592712694378	0.0	389
831	557.5042169094086	0.22150592712694378	0.0	390
832	558.1707413196564	0.22150592712694378	0.0	391
833	558.8455746173859	0.22150592712694378	0.0	392
834	559.515923500061	0.22150592712694378	0.0	393
835	560.1963326931	0.22150592712694378	0.0	394
836	560.8754467964172	0.22150592712694378	0.0	395
837	561.5428292751312	0.22150592712694378	0.0	396
838	562.2134690284729	0.22150592712694378	0.0	397
839	562.8780643939972	0.22150592712694378	0.0	398
840	563.5569608211517	0.22150592712694378	0.0	399
841	564.2136373519897	0.22150592712694378	0.0	400
842	564.8859980106354	0.22150592712694378	0.0	401
843	565.5463902950287	0.22150592712694378	0.0	402
844	566.2104578018188	0.22150592712694378	0.0	403
845	566.8846011161804	0.22150592712694378	0.0	404
846	567.5516378879547	0.22150592712694378	0.0	405
847	568.212021112442	0.22150592712694378	0.0	406
848	568.880441904068	0.22150592712694378	0.0	407
849	569.5400173664093	0.22150592712694378	0.0	408
850	570.2060465812683	0.22150592712694378	0.0	409
851	570.8760433197021	0.22150592712694378	0.0	410
852	571.545375585556	0.22150592712694378	0.0	411
853	572.2157235145569	0.22150592712694378	0.0	412
854	572.8784825801849	0.22150592712694378	0.0	413
855	573.5472593307495	0.22150592712694378	0.0	414
856	574.2196609973907	0.22150592712694378	0.0	415
857	574.8858370780945	0.22150592712694378	0.0	416
858	575.5429046154022	0.22150592712694378	0.0	417
859	576.2067587375641	0.22150592712694378	0.0	418
860	576.8760004043579	0.22150592712694378	0.0	419
861	577.5411469936371	0.22150592712694378	0.0	420
862	578.2008049488068	0.22150592712694378	0.0	421
863	578.8709380626678	0.22150592712694378	0.0	422
864	579.537929058075	0.22150592712694378	0.0	423
865	580.2055912017822	0.22150592712694378	0.0	424
866	580.8703474998474	0.22150592712694378	0.0	425
867	581.5410630702972	0.22150592712694378	0.0	426
868	582.2070903778076	0.22150592712694378	0.0	427
869	582.8838963508606	0.22150592712694378	0.0	428
870	583.5474035739899	0.22150592712694378	0.0	429
871	584.2175056934357	0.22150592712694378	0.0	430
872	584.8863890171051	0.22150592712694378	0.0	431
873	585.56090092659	0.22150592712694378	0.0	432
874	586.2226767539978	0.22150592712694378	0.0	433
875	586.8861882686615	0.22150592712694378	0.0	434
876	587.5488271713257	0.22150592712694378	0.0	435
877	588.2216806411743	0.22150592712694378	0.0	436
878	588.8837504386902	0.22150592712694378	0.0	437
879	589.5508511066437	0.22150592712694378	0.0	438
880	590.2135770320892	0.22150592712694378	0.0	439
881	590.8742835521698	0.22150592712694378	0.0	440
882	591.542069196701	0.22150592712694378	0.0	441
883	592.2118434906006	0.22150592712694378	0.0	442
884	592.8797523975372	0.22150592712694378	0.0	443
885	593.555202960968	0.22150592712694378	0.0	444
886	594.2203257083893	0.22150592712694378	0.0	445
887	594.8910193443298	0.22150592712694378	0.0	446
888	595.5644912719727	0.22150592712694378	0.0	447
889	596.2322607040405	0.22150592712694378	0.0	448
890	596.8890039920807	0.22150592712694378	0.0	449
891	597.5527846813202	0.22150592712694378	0.0	450
892	598.2151174545288	0.22150592712694378	0.0	451
893	598.8887555599213	0.22150592712694378	0.0	452
894	599.5508439540863	0.22150592712694378	0.0	453
895	600.2209615707397	0.22150592712694378	0.0	454
896	600.8884434700012	0.22150592712694378	0.0	455
897	601.5592865943909	0.22150592712694378	0.0	456
898	602.2242007255554	0.22150592712694378	0.0	457
899	602.9051477909088	0.22150592712694378	0.0	458
900	603.5787336826324	0.22150592712694378	0.0	459
901	604.2384486198425	0.22150592712694378	0.0	460
902	604.9041061401367	0.22150592712694378	0.0	461
903	605.5753576755524	0.22150592712694378	0.0	462
904	606.2463896274567	0.22150592712694378	0.0	463
905	606.9095599651337	0.22150592712694378	0.0	464
906	607.5685188770294	0.22150592712694378	0.0	465
907	608.2313237190247	0.22150592712694378	0.0	466
908	608.9077327251434	0.22150592712694378	0.0	467
909	609.5694282054901	0.22150592712694378	0.0	468
910	610.2424983978271	0.22150592712694378	0.0	469
911	610.9123797416687	0.22150592712694378	0.0	470
912	611.5851399898529	0.22150592712694378	0.0	471
913	612.2512624263763	0.22150592712694378	0.0	472
914	612.9215333461761	0.22150592712694378	0.0	473
915	613.5855374336243	0.22150592712694378	0.0	474
916	614.255937576294	0.22150592712694378	0.0	475
917	614.9277837276459	0.22150592712694378	0.0	476
918	615.5977289676666	0.22150592712694378	0.0	477
919	616.270838022232	0.22150592712694378	0.0	478
920	616.9396004676819	0.22150592712694378	0.0	479
921	617.6046121120453	0.22150592712694378	0.0	480
922	618.2624597549438	0.22150592712694378	0.0	481
923	618.936431646347	0.22150592712694378	0.0	482
924	619.604704618454	0.22150592712694378	0.0	483
925	620.2756953239441	0.22150592712694378	0.0	484
926	620.9435193538666	0.22150592712694378	0.0	485
927	621.6057767868042	0.22150592712694378	0.0	486
928	622.2713758945465	0.22150592712694378	0.0	487
929	622.9358236789703	0.22150592712694378	0.0	488
930	623.600034236908	0.22150592712694378	0.0	489
931	624.2718901634216	0.22150592712694378	0.0	490
932	624.9436671733856	0.22150592712694378	0.0	491
933	625.623507976532	0.22150592712694378	0.0	492
934	626.3023736476898	0.22150592712694378	0.0	493
935	626.966222524643	0.22150592712694378	0.0	494
936	627.6517057418823	0.22150592712694378	0.0	495
937	628.332151889801	0.22150592712694378	0.0	496
938	629.0170373916626	0.22150592712694378	0.0	497
939	629.6958560943604	0.22150592712694378	0.0	498
940	630.3787319660187	0.22150592712694378	0.0	499
941	631.0666608810425	0.22150592712694378	0.0	500
942	631.7478334903717	0.22150592712694378	0.0	501
943	632.4294533729553	0.22150592712694378	0.0	502
944	633.1164729595184	0.22150592712694378	0.0	503
945	633.8011167049408	0.22150592712694378	0.0	504
946	634.4795818328857	0.22150592712694378	0.0	505
947	635.1483242511749	0.22150592712694378	0.0	506
948	635.8229758739471	0.22150592712694378	0.0	507
949	636.4833297729492	0.22150592712694378	0.0	508
950	637.1429529190063	0.22150592712694378	0.0	509
951	637.8070809841156	0.22150592712694378	0.0	510
952	638.4765219688416	0.22150592712694378	0.0	511
953	639.1402122974396	0.22150592712694378	0.0	512
954	639.8100244998932	0.22150592712694378	0.0	513
955	640.4771320819855	0.22150592712694378	0.0	514
956	641.1437788009644	0.22150592712694378	0.0	515
957	641.8121054172516	0.22150592712694378	0.0	516
958	642.4847750663757	0.22150592712694378	0.0	517
959	643.1572232246399	0.22150592712694378	0.0	518
960	643.8218417167664	0.22150592712694378	0.0	519
961	644.4795186519623	0.22150592712694378	0.0	520
962	645.1531684398651	0.22150592712694378	0.0	521
963	645.8265388011932	0.22150592712694378	0.0	522
964	646.4890422821045	0.22150592712694378	0.0	523
965	647.1719207763672	0.22150592712694378	0.0	524
966	647.8407094478607	0.22150592712694378	0.0	525
967	648.5104389190674	0.22150592712694378	0.0	526
968	649.174834728241	0.22150592712694378	0.0	527
969	649.8487803936005	0.22150592712694378	0.0	528
970	650.5194334983826	0.22150592712694378	0.0	529
971	651.1919949054718	0.22150592712694378	0.0	530
972	651.8552463054657	0.22150592712694378	0.0	531
973	652.5490310192108	0.22150592712694378	0.0	532
974	653.2161777019501	0.22150592712694378	0.0	533
975	653.8895733356476	0.22150592712694378	0.0	534
976	654.5553381443024	0.22150592712694378	0.0	535
977	655.2050449848175	0.22150592712694378	0.0	536
978	655.8626532554626	0.22150592712694378	0.0	537
979	656.5286777019501	0.22150592712694378	0.0	538
980	657.1853353977203	0.22150592712694378	0.0	539
981	657.855940580368	0.22150592712694378	0.0	540
982	658.5230147838593	0.22150592712694378	0.0	541
983	659.1809439659119	0.22150592712694378	0.0	542
984	659.845428943634	0.22150592712694378	0.0	543
985	660.5072820186615	0.22150592712694378	0.0	544
986	661.1633787155151	0.22150592712694378	0.0	545
987	661.8210618495941	0.22150592712694378	0.0	546
988	662.4831762313843	0.22150592712694378	0.0	547
989	663.1533570289612	0.22150592712694378	0.0	548
990	663.8178839683533	0.22150592712694378	0.0	549
991	664.4848601818085	0.22150592712694378	0.0	550
992	665.1432752609253	0.22150592712694378	0.0	551
993	665.7989466190338	0.22150592712694378	0.0	552
994	666.4643888473511	0.22150592712694378	0.0	553
995	667.1326479911804	0.22150592712694378	0.0	554
996	667.7975518703461	0.22150592712694378	0.0	555
997	668.465656042099	0.22150592712694378	0.0	556
998	669.1239378452301	0.22150592712694378	0.0	557
999	669.789115190506	0.22150592712694378	0.0	558
1000	670.4554662704468	0.22150592712694378	0.0	559
1001	671.1076378822327	0.22150592712694378	0.0	560
1002	671.7760210037231	0.22150592712694378	0.0	561
1003	672.4439826011658	0.22150592712694378	0.0	562
1004	673.1093952655792	0.22150592712694378	0.0	563
1005	673.7701215744019	0.22150592712694378	0.0	564
1006	674.4284572601318	0.22150592712694378	0.0	565
1007	675.0982460975647	0.22150592712694378	0.0	566
1008	675.7589027881622	0.22150592712694378	0.0	567
1009	676.431129693985	0.22150592712694378	0.0	568
1010	677.1031079292297	0.22150592712694378	0.0	569
1011	677.7678322792053	0.22150592712694378	0.0	570
1012	678.437285900116	0.22150592712694378	0.0	571
1013	679.0974566936493	0.22150592712694378	0.0	572
1014	679.7577738761902	0.22150592712694378	0.0	573
1015	680.4196534156799	0.22150592712694378	0.0	574
1016	681.079603433609	0.22150592712694378	0.0	575
1017	681.7480504512787	0.22150592712694378	0.0	576
1018	682.4126653671265	0.22150592712694378	0.0	577
1019	683.0834696292877	0.22150592712694378	0.0	578
1020	683.7441821098328	0.22150592712694378	0.0	579
1021	684.4148328304291	0.22150592712694378	0.0	580
1022	685.0757517814636	0.22150592712694378	0.0	581
1023	685.7347655296326	0.22150592712694378	0.0	582
1024	686.4013011455536	0.22150592712694378	0.0	583
1025	687.0636706352234	0.22150592712694378	0.0	584
1026	687.724071264267	0.22150592712694378	0.0	585
1027	688.4027943611145	0.22150592712694378	0.0	586
1028	689.0705239772797	0.22150592712694378	0.0	587
1029	689.7384266853333	0.22150592712694378	0.0	588
1030	690.3966135978699	0.22150592712694378	0.0	589
1031	691.0704772472382	0.22150592712694378	0.0	590
1032	691.7435259819031	0.22150592712694378	0.0	591
1033	692.4044809341431	0.22150592712694378	0.0	592
1034	693.0672602653503	0.22150592712694378	0.0	593
1035	693.7256293296814	0.22150592712694378	0.0	594
1036	694.4000668525696	0.22150592712694378	0.0	595
1037	695.0679483413696	0.22150592712694378	0.0	596
1038	695.7251484394073	0.22150592712694378	0.0	597
1039	696.3896498680115	0.22150592712694378	0.0	598
1040	697.049859046936	0.22150592712694378	0.0	599
1041	697.7270560264587	0.22150592712694378	0.0	600
1042	698.3965225219727	0.22150592712694378	0.0	601
1043	699.0776379108429	0.22150592712694378	0.0	602
1044	699.7407963275909	0.22150592712694378	0.0	603
1045	700.4030432701111	0.22150592712694378	0.0	604
1046	701.0641570091248	0.22150592712694378	0.0	605
1047	701.7260909080505	0.22150592712694378	0.0	606
1048	702.3989410400391	0.22150592712694378	0.0	607
1049	703.0631747245789	0.22150592712694378	0.0	608
1050	703.7175600528717	0.22150592712694378	0.0	609
1051	704.3726782798767	0.22150592712694378	0.0	610
1052	705.0304443836212	0.22150592712694378	0.0	611
1053	705.6865973472595	0.22150592712694378	0.0	612
1054	706.359849691391	0.22150592712694378	0.0	613
1055	707.0268557071686	0.22150592712694378	0.0	614
1056	707.6872291564941	0.22150592712694378	0.0	615
1057	708.3518011569977	0.22150592712694378	0.0	616
1058	709.0222945213318	0.22150592712694378	0.0	617
1059	709.6965811252594	0.22150592712694378	0.0	618
1060	710.358740568161	0.22150592712694378	0.0	619
1061	711.0367443561554	0.22150592712694378	0.0	620
1062	711.6998865604401	0.22150592712694378	0.0	621
1063	712.3684811592102	0.22150592712694378	0.0	622
1064	713.0340623855591	0.22150592712694378	0.0	623
1065	713.6931006908417	0.22150592712694378	0.0	624
1066	714.3582100868225	0.22150592712694378	0.0	625
1067	715.0124435424805	0.22150592712694378	0.0	626
1068	715.6822183132172	0.22150592712694378	0.0	627
1069	716.3500576019287	0.22150592712694378	0.0	628
1070	717.021208524704	0.22150592712694378	0.0	629
1071	717.6967160701752	0.22150592712694378	0.0	630
1072	718.3670666217804	0.22150592712694378	0.0	631
1073	719.0262129306793	0.22150592712694378	0.0	632
1074	719.6947920322418	0.22150592712694378	0.0	633
1075	720.3608226776123	0.22150592712694378	0.0	634
1076	721.0243997573853	0.22150592712694378	0.0	635
1077	721.6892428398132	0.22150592712694378	0.0	636
1078	722.3527588844299	0.22150592712694378	0.0	637
1079	723.0075764656067	0.22150592712694378	0.0	638
1080	723.6755764484406	0.22150592712694378	0.0	639
1081	724.347804069519	0.22150592712694378	0.0	640
1082	725.011958360672	0.22150592712694378	0.0	641
1083	725.6597094535828	0.22150592712694378	0.0	642
1084	726.3234813213348	0.22150592712694378	0.0	643
1085	727.0047895908356	0.22150592712694378	0.0	644
1086	727.6594099998474	0.22150592712694378	0.0	645
1087	728.3313283920288	0.22150592712694378	0.0	646
1088	729.0029411315918	0.22150592712694378	0.0	647
1089	729.6726930141449	0.22150592712694378	0.0	648
1090	730.3323860168457	0.22150592712694378	0.0	649
1091	730.9998559951782	0.22150592712694378	0.0	650
1092	731.6635510921478	0.22150592712694378	0.0	651
1093	732.3247883319855	0.22150592712694378	0.0	652
1094	732.9836611747742	0.22150592712694378	0.0	653
1095	733.6460945606232	0.22150592712694378	0.0	654
1096	734.3110828399658	0.22150592712694378	0.0	655
1097	734.9750289916992	0.22150592712694378	0.0	656
1098	735.6423258781433	0.22150592712694378	0.0	657
1099	736.2943820953369	0.22150592712694378	0.0	658
1100	736.9574949741364	0.22150592712694378	0.0	659
1101	737.6186399459839	0.22150592712694378	0.0	660
1102	738.2905385494232	0.22150592712694378	0.0	661
1103	738.9533059597015	0.22150592712694378	0.0	662
1104	739.6229176521301	0.22150592712694378	0.0	663
1105	740.2853207588196	0.22150592712694378	0.0	664
1106	740.958211183548	0.22150592712694378	0.0	665
1107	741.6267869472504	0.22150592712694378	0.0	666
1108	742.2928495407104	0.22150592712694378	0.0	667
1109	742.9634206295013	0.22150592712694378	0.0	668
1110	743.6259353160858	0.22150592712694378	0.0	669
1111	744.2892425060272	0.22150592712694378	0.0	670
1112	744.9610838890076	0.22150592712694378	0.0	671
1113	745.6137623786926	0.22150592712694378	0.0	672
1114	746.2773778438568	0.22150592712694378	0.0	673
1115	746.9374701976776	0.22150592712694378	0.0	674
1116	747.610011100769	0.22150592712694378	0.0	675
1117	748.2692787647247	0.22150592712694378	0.0	676
1118	748.9514598846436	0.22150592712694378	0.0	677
1119	749.6275928020477	0.22150592712694378	0.0	678
1120	750.3009164333344	0.22150592712694378	0.0	679
1121	750.9809186458588	0.22150592712694378	0.0	680
1122	751.6519174575806	0.22150592712694378	0.0	681
1123	752.3243441581726	0.22150592712694378	0.0	682
1124	752.9994847774506	0.22150592712694378	0.0	683
1125	753.6790616512299	0.22150592712694378	0.0	684
1126	754.3681502342224	0.22150592712694378	0.0	685
1127	755.0651264190674	0.22150592712694378	0.0	686
1128	755.7384593486786	0.22150592712694378	0.0	687
1129	756.4026448726654	0.22150592712694378	0.0	688
1130	757.0652163028717	0.22150592712694378	0.0	689
1131	757.720263004303	0.22150592712694378	0.0	690
1132	758.4023199081421	0.22150592712694378	0.0	691
1133	759.0693316459656	0.22150592712694378	0.0	692
1134	759.7489333152771	0.22150592712694378	0.0	693
1135	760.4183037281036	0.22150592712694378	0.0	694
1136	761.0961647033691	0.22150592712694378	0.0	695
1137	761.7611417770386	0.22150592712694378	0.0	696
1138	762.4271121025085	0.22150592712694378	0.0	697
1139	763.0824406147003	0.22150592712694378	0.0	698
1140	763.7507405281067	0.22150592712694378	0.0	699
1141	764.4188573360443	0.22150592712694378	0.0	700
1142	765.0833837985992	0.22150592712694378	0.0	701
1143	765.739006280899	0.22150592712694378	0.0	702
1144	766.4113192558289	0.22150592712694378	0.0	703
1145	767.0728750228882	0.22150592712694378	0.0	704
1146	767.7439870834351	0.22150592712694378	0.0	705
1147	768.4180901050568	0.22150592712694378	0.0	706
1148	769.0920257568359	0.22150592712694378	0.0	707
1149	769.7614703178406	0.22150592712694378	0.0	708
1150	770.424843788147	0.22150592712694378	0.0	709
1151	771.0867426395416	0.22150592712694378	0.0	710
1152	771.7851128578186	0.22150592712694378	0.0	711
1153	772.4546217918396	0.22150592712694378	0.0	712
1154	773.1242487430573	0.22150592712694378	0.0	713
1155	773.7902081012726	0.22150592712694378	0.0	714
1156	774.4481098651886	0.22150592712694378	0.0	715
1157	775.1094300746918	0.22150592712694378	0.0	716
1158	775.7731618881226	0.22150592712694378	0.0	717
1159	776.4338293075562	0.22150592712694378	0.0	718
1160	777.0934152603149	0.22150592712694378	0.0	719
1161	777.7599833011627	0.22150592712694378	0.0	720
1162	778.4345893859863	0.22150592712694378	0.0	721
1163	779.0922088623047	0.22150592712694378	0.0	722
1164	779.7553677558899	0.22150592712694378	0.0	723
1165	780.4180805683136	0.22150592712694378	0.0	724
1166	781.079995393753	0.22150592712694378	0.0	725
1167	781.7464985847473	0.22150592712694378	0.0	726
1168	782.4034547805786	0.22150592712694378	0.0	727
1169	783.0862081050873	0.22150592712694378	0.0	728
1170	783.746203660965	0.22150592712694378	0.0	729
1171	784.4120693206787	0.22150592712694378	0.0	730
1172	785.0831849575043	0.22150592712694378	0.0	731
1173	785.755268573761	0.22150592712694378	0.0	732
1174	786.4295339584351	0.22150592712694378	0.0	733
1175	787.0948421955109	0.22150592712694378	0.0	734
1176	787.770133972168	0.22150592712694378	0.0	735
1177	788.4376511573792	0.22150592712694378	0.0	736
1178	789.1169466972351	0.22150592712694378	0.0	737
1179	789.7926754951477	0.22150592712694378	0.0	738
1180	790.4573950767517	0.22150592712694378	0.0	739
1181	791.1192181110382	0.22150592712694378	0.0	740
1182	791.7788407802582	0.22150592712694378	0.0	741
1183	792.4464509487152	0.22150592712694378	0.0	742
1184	793.1055815219879	0.22150592712694378	0.0	743
1185	793.7698972225189	0.22150592712694378	0.0	744
1186	794.4395444393158	0.22150592712694378	0.0	745
1187	795.1028182506561	0.22150592712694378	0.0	746
1188	795.771910905838	0.22150592712694378	0.0	747
1189	796.4405579566956	0.22150592712694378	0.0	748
1190	797.1045489311218	0.22150592712694378	0.0	749
1191	797.7666318416595	0.22150592712694378	0.0	750
1192	798.4311356544495	0.22150592712694378	0.0	751
1193	799.1108450889587	0.22150592712694378	0.0	752
1194	799.7702877521515	0.22150592712694378	0.0	753
1195	800.4391844272614	0.22150592712694378	0.0	754
1196	801.1068713665009	0.22150592712694378	0.0	755
1197	801.7796268463135	0.22150592712694378	0.0	756
1198	802.4369733333588	0.22150592712694378	0.0	757
1199	803.1124947071075	0.22150592712694378	0.0	758
1200	803.7818839550018	0.22150592712694378	0.0	759
1201	804.4522528648376	0.22150592712694378	0.0	760
1202	805.1165850162506	0.22150592712694378	0.0	761
1203	805.787118434906	0.22150592712694378	0.0	762
1204	806.4618113040924	0.22150592712694378	0.0	763
1205	807.127756357193	0.22150592712694378	0.0	764
1206	807.8001070022583	0.22150592712694378	0.0	765
1207	808.4724605083466	0.22150592712694378	0.0	766
1208	809.1348130702972	0.22150592712694378	0.0	767
1209	809.8050389289856	0.22150592712694378	0.0	768
1210	810.478488445282	0.22150592712694378	0.0	769
1211	811.1489808559418	0.22150592712694378	0.0	770
1212	811.8145163059235	0.22150592712694378	0.0	771
1213	812.4770746231079	0.22150592712694378	0.0	772
1214	813.1345200538635	0.22150592712694378	0.0	773
1215	813.8020539283752	0.22150592712694378	0.0	774
1216	814.4623780250549	0.22150592712694378	0.0	775
1217	815.1294784545898	0.22150592712694378	0.0	776
1218	815.7921717166901	0.22150592712694378	0.0	777
1219	816.4569773674011	0.22150592712694378	0.0	778
1220	817.1265287399292	0.22150592712694378	0.0	779
1221	817.7914416790009	0.22150592712694378	0.0	780
1222	818.4547257423401	0.22150592712694378	0.0	781
1223	819.1179132461548	0.22150592712694378	0.0	782
1224	819.7885994911194	0.22150592712694378	0.0	783
1225	820.4554991722107	0.22150592712694378	0.0	784
1226	821.1214444637299	0.22150592712694378	0.0	785
1227	821.7838461399078	0.22150592712694378	0.0	786
1228	822.4565410614014	0.22150592712694378	0.0	787
1229	823.1313037872314	0.22150592712694378	0.0	788
1230	823.7973618507385	0.22150592712694378	0.0	789
1231	824.4629926681519	0.22150592712694378	0.0	790
1232	825.1275236606598	0.22150592712694378	0.0	791
1233	825.793292760849	0.22150592712694378	0.0	792
1234	826.4515473842621	0.22150592712694378	0.0	793
1235	827.1159927845001	0.22150592712694378	0.0	794
1236	827.7800416946411	0.22150592712694378	0.0	795
1237	828.4471371173859	0.22150592712694378	0.0	796
1238	829.1122016906738	0.22150592712694378	0.0	797
1239	829.7837631702423	0.22150592712694378	0.0	798
1240	830.4596745967865	0.22150592712694378	0.0	799
1241	831.1312274932861	0.22150592712694378	0.0	800
1242	831.8007037639618	0.22150592712694378	0.0	801
1243	832.4666721820831	0.22150592712694378	0.0	802
1244	833.1353585720062	0.22150592712694378	0.0	803
1245	833.8068749904633	0.22150592712694378	0.0	804
1246	834.4717569351196	0.22150592712694378	0.0	805
1247	835.1416401863098	0.22150592712694378	0.0	806
1248	835.8089051246643	0.22150592712694378	0.0	807
1249	836.4722168445587	0.22150592712694378	0.0	808
1250	837.1358585357666	0.22150592712694378	0.0	809
1251	837.7987287044525	0.22150592712694378	0.0	810
1252	838.4782507419586	0.22150592712694378	0.0	811
1253	839.1484398841858	0.22150592712694378	0.0	812
1254	839.813628911972	0.22150592712694378	0.0	813
1255	840.4828858375549	0.22150592712694378	0.0	814
1256	841.1551401615143	0.22150592712694378	0.0	815
1257	841.8259565830231	0.22150592712694378	0.0	816
1258	842.4969325065613	0.22150592712694378	0.0	817
1259	843.1648106575012	0.22150592712694378	0.0	818
1260	843.8310325145721	0.22150592712694378	0.0	819
1261	844.5046398639679	0.22150592712694378	0.0	820
1262	845.1713798046112	0.22150592712694378	0.0	821
1263	845.8447170257568	0.22150592712694378	0.0	822
1264	846.515462398529	0.22150592712694378	0.0	823
1265	847.1919569969177	0.22150592712694378	0.0	824
1266	847.8660252094269	0.22150592712694378	0.0	825
1267	848.5346341133118	0.22150592712694378	0.0	826
1268	849.2034409046173	0.22150592712694378	0.0	827
1269	849.8709268569946	0.22150592712694378	0.0	828
1270	850.5277876853943	0.22150592712694378	0.0	829
1271	851.1958644390106	0.22150592712694378	0.0	830
1272	851.859747171402	0.22150592712694378	0.0	831
1273	852.5298652648926	0.22150592712694378	0.0	832
1274	853.2082386016846	0.22150592712694378	0.0	833
1275	853.8741545677185	0.22150592712694378	0.0	834
1276	854.548487663269	0.22150592712694378	0.0	835
1277	855.2128150463104	0.22150592712694378	0.0	836
1278	855.8688282966614	0.22150592712694378	0.0	837
1279	856.5354378223419	0.22150592712694378	0.0	838
1280	857.2026443481445	0.22150592712694378	0.0	839
1281	857.8631660938263	0.22150592712694378	0.0	840
1282	858.5287981033325	0.22150592712694378	0.0	841
1283	859.1962592601776	0.22150592712694378	0.0	842
1284	859.8646352291107	0.22150592712694378	0.0	843
1285	860.5244550704956	0.22150592712694378	0.0	844
1286	861.1968936920166	0.22150592712694378	0.0	845
1287	861.8651371002197	0.22150592712694378	0.0	846
1288	862.5316729545593	0.22150592712694378	0.0	847
1289	863.198070526123	0.22150592712694378	0.0	848
1290	863.865453004837	0.22150592712694378	0.0	849
1291	864.5282335281372	0.22150592712694378	0.0	850
1292	865.1931390762329	0.22150592712694378	0.0	851
1293	865.8550140857697	0.22150592712694378	0.0	852
1294	866.5283935070038	0.22150592712694378	0.0	853
1295	867.2096848487854	0.22150592712694378	0.0	854
1296	867.8862910270691	0.22150592712694378	0.0	855
1297	868.5602350234985	0.22150592712694378	0.0	856
1298	869.2376382350922	0.22150592712694378	0.0	857
1299	869.9243550300598	0.22150592712694378	0.0	858
1300	870.6128213405609	0.22150592712694378	0.0	859
1301	871.290361404419	0.22150592712694378	0.0	860
1302	871.9761428833008	0.22150592712694378	0.0	861
1303	872.6484050750732	0.22150592712694378	0.0	862
1304	873.3166961669922	0.22150592712694378	0.0	863
1305	873.985280752182	0.22150592712694378	0.0	864
1306	874.651957988739	0.22150592712694378	0.0	865
1307	875.3125343322754	0.22150592712694378	0.0	866
1308	875.9768867492676	0.22150592712694378	0.0	867
1309	876.6566288471222	0.22150592712694378	0.0	868
1310	877.3247346878052	0.22150592712694378	0.0	869
1311	877.9942030906677	0.22150592712694378	0.0	870
1312	878.6563940048218	0.22150592712694378	0.0	871
1313	879.3226878643036	0.22150592712694378	0.0	872
1314	879.994060754776	0.22150592712694378	0.0	873
1315	880.666267156601	0.22150592712694378	0.0	874
1316	881.3448991775513	0.22150592712694378	0.0	875
1317	882.0132422447205	0.22150592712694378	0.0	876
1318	882.6791434288025	0.22150592712694378	0.0	877
1319	883.3456559181213	0.22150592712694378	0.0	878
1320	884.0273721218109	0.22150592712694378	0.0	879
1321	884.6921195983887	0.22150592712694378	0.0	880
1322	885.350280046463	0.22150592712694378	0.0	881
1323	886.0147249698639	0.22150592712694378	0.0	882
1324	886.6822047233582	0.22150592712694378	0.0	883
1325	887.3447580337524	0.22150592712694378	0.0	884
1326	888.0095579624176	0.22150592712694378	0.0	885
1327	888.713171005249	0.22150592712694378	0.0	886
1328	889.391154050827	0.22150592712694378	0.0	887
1329	890.057920217514	0.22150592712694378	0.0	888
1330	890.722651720047	0.22150592712694378	0.0	889
1331	891.3855533599854	0.22150592712694378	0.0	890
1332	892.0550501346588	0.22150592712694378	0.0	891
1333	892.7175838947296	0.22150592712694378	0.0	892
1334	893.3726582527161	0.22150592712694378	0.0	893
1335	894.0395245552063	0.22150592712694378	0.0	894
1336	894.699563741684	0.22150592712694378	0.0	895
1337	895.3673748970032	0.22150592712694378	0.0	896
1338	896.0272283554077	0.22150592712694378	0.0	897
1339	896.6862750053406	0.22150592712694378	0.0	898
1340	897.3566317558289	0.22150592712694378	0.0	899
1341	898.0258073806763	0.22150592712694378	0.0	900
1342	898.6955847740173	0.22150592712694378	0.0	901
1343	899.3550808429718	0.22150592712694378	0.0	902
1344	900.0115916728973	0.22150592712694378	0.0	903
1345	900.6782970428467	0.22150592712694378	0.0	904
1346	901.3427612781525	0.22150592712694378	0.0	905
1347	902.0008118152618	0.22150592712694378	0.0	906
1348	902.6672539710999	0.22150592712694378	0.0	907
1349	903.3314783573151	0.22150592712694378	0.0	908
1350	903.9978790283203	0.22150592712694378	0.0	909
1351	904.6738381385803	0.22150592712694378	0.0	910
1352	905.3323879241943	0.22150592712694378	0.0	911
1353	905.994784116745	0.22150592712694378	0.0	912
1354	906.6670382022858	0.22150592712694378	0.0	913
1355	907.3448748588562	0.22150592712694378	0.0	914
1356	908.0114319324493	0.22150592712694378	0.0	915
1357	908.6835136413574	0.22150592712694378	0.0	916
1358	909.3475072383881	0.22150592712694378	0.0	917
1359	910.0105450153351	0.22150592712694378	0.0	918
1360	910.6834571361542	0.22150592712694378	0.0	919
1361	911.3513362407684	0.22150592712694378	0.0	920
1362	912.0160486698151	0.22150592712694378	0.0	921
1363	912.6744883060455	0.22150592712694378	0.0	922
1364	913.3409116268158	0.22150592712694378	0.0	923
1365	914.0121808052063	0.22150592712694378	0.0	924
1366	914.6816666126251	0.22150592712694378	0.0	925
1367	915.3496780395508	0.22150592712694378	0.0	926
1368	916.009966135025	0.22150592712694378	0.0	927
1369	916.6769425868988	0.22150592712694378	0.0	928
1370	917.3393666744232	0.22150592712694378	0.0	929
1371	918.007524728775	0.22150592712694378	0.0	930
1372	918.6817803382874	0.22150592712694378	0.0	931
1373	919.3461735248566	0.22150592712694378	0.0	932
1374	920.0075223445892	0.22150592712694378	0.0	933
1375	920.6815371513367	0.22150592712694378	0.0	934
1376	921.3402514457703	0.22150592712694378	0.0	935
1377	922.0044293403625	0.22150592712694378	0.0	936
1378	922.6699812412262	0.22150592712694378	0.0	937
1379	923.3262102603912	0.22150592712694378	0.0	938
1380	923.9870457649231	0.22150592712694378	0.0	939
1381	924.6531119346619	0.22150592712694378	0.0	940
1382	925.3265113830566	0.22150592712694378	0.0	941
1383	926.000871181488	0.22150592712694378	0.0	942
1384	926.6695919036865	0.22150592712694378	0.0	943
1385	927.3494651317596	0.22150592712694378	0.0	944
1386	928.0151689052582	0.22150592712694378	0.0	945
1387	928.6882555484772	0.22150592712694378	0.0	946
1388	929.3414976596832	0.22150592712694378	0.0	947
1389	930.0118081569672	0.22150592712694378	0.0	948
1390	930.7103209495544	0.22150592712694378	0.0	949
1391	931.3780329227448	0.22150592712694378	0.0	950
1392	932.0477237701416	0.22150592712694378	0.0	951
1393	932.7064383029938	0.22150592712694378	0.0	952
1394	933.381986618042	0.22150592712694378	0.0	953
1395	934.0509548187256	0.22150592712694378	0.0	954
1396	934.7144820690155	0.22150592712694378	0.0	955
1397	935.3770093917847	0.22150592712694378	0.0	956
1398	936.0426523685455	0.22150592712694378	0.0	957
1399	936.7144594192505	0.22150592712694378	0.0	958
1400	937.3849172592163	0.22150592712694378	0.0	959
1401	938.0490295886993	0.22150592712694378	0.0	960
1402	938.7248132228851	0.22150592712694378	0.0	961
1403	939.3788788318634	0.22150592712694378	0.0	962
1404	940.0460171699524	0.22150592712694378	0.0	963
1405	940.7173569202423	0.22150592712694378	0.0	964
1406	941.3848278522491	0.22150592712694378	0.0	965
1407	942.053308725357	0.22150592712694378	0.0	966
1408	942.7148373126984	0.22150592712694378	0.0	967
1409	943.3788993358612	0.22150592712694378	0.0	968
1410	944.0467886924744	0.22150592712694378	0.0	969
1411	944.7176232337952	0.22150592712694378	0.0	970
1412	945.3855273723602	0.22150592712694378	0.0	971
1413	946.0603740215302	0.22150592712694378	0.0	972
1414	946.7354075908661	0.22150592712694378	0.0	973
1415	947.4091634750366	0.22150592712694378	0.0	974
1416	948.0693626403809	0.22150592712694378	0.0	975
1417	948.7388446331024	0.22150592712694378	0.0	976
1418	949.4022541046143	0.22150592712694378	0.0	977
1419	950.0703408718109	0.22150592712694378	0.0	978
1420	950.7349123954773	0.22150592712694378	0.0	979
1421	951.4084494113922	0.22150592712694378	0.0	980
1422	952.0844278335571	0.22150592712694378	0.0	981
1423	952.7604100704193	0.22150592712694378	0.0	982
1424	953.425329208374	0.22150592712694378	0.0	983
1425	954.0894894599915	0.22150592712694378	0.0	984
1426	954.7547750473022	0.22150592712694378	0.0	985
1427	955.429826259613	0.22150592712694378	0.0	986
1428	956.0859799385071	0.22150592712694378	0.0	987
1429	956.7565596103668	0.22150592712694378	0.0	988
1430	957.4319207668304	0.22150592712694378	0.0	989
1431	958.0932183265686	0.22150592712694378	0.0	990
1432	958.7501809597015	0.22150592712694378	0.0	991
1433	959.4185674190521	0.22150592712694378	0.0	992
1434	960.0840320587158	0.22150592712694378	0.0	993
1435	960.7591416835785	0.22150592712694378	0.0	994
1436	961.4207417964935	0.22150592712694378	0.0	995
1437	962.0907759666443	0.22150592712694378	0.0	996
1438	962.7536523342133	0.22150592712694378	0.0	997
1439	963.4249267578125	0.22150592712694378	0.0	998
1440	964.0953176021576	0.22150592712694378	0.0	999
1441	964.7597351074219	0.22150592712694378	0.0	1000
1442	965.4272129535675	0.22150592712694378	0.0	1001
1443	966.0923228263855	0.22150592712694378	0.0	1002
1444	966.7516894340515	0.22150592712694378	0.0	1003
1445	967.4364426136017	0.22150592712694378	0.0	1004
1446	968.101634979248	0.22150592712694378	0.0	1005
1447	968.7689218521118	0.22150592712694378	0.0	1006
1448	969.4431204795837	0.22150592712694378	0.0	1007
1449	970.1001060009003	0.22150592712694378	0.0	1008
1450	970.7728524208069	0.22150592712694378	0.0	1009
1451	971.4301664829254	0.22150592712694378	0.0	1010
1452	972.0901169776917	0.22150592712694378	0.0	1011
1453	972.7558400630951	0.22150592712694378	0.0	1012
1454	973.425704240799	0.22150592712694378	0.0	1013
1455	974.0893521308899	0.22150592712694378	0.0	1014
1456	974.7578060626984	0.22150592712694378	0.0	1015
1457	975.4314260482788	0.22150592712694378	0.0	1016
1458	976.094304561615	0.22150592712694378	0.0	1017
1459	976.7659006118774	0.22150592712694378	0.0	1018
1460	977.4246203899384	0.22150592712694378	0.0	1019
1461	978.0854375362396	0.22150592712694378	0.0	1020
1462	978.74733710289	0.22150592712694378	0.0	1021
1463	979.4128520488739	0.22150592712694378	0.0	1022
1464	980.0741579532623	0.22150592712694378	0.0	1023
1465	980.7402827739716	0.22150592712694378	0.0	1024
1466	981.4040291309357	0.22150592712694378	0.0	1025
1467	982.0709121227264	0.22150592712694378	0.0	1026
1468	982.7362756729126	0.22150592712694378	0.0	1027
1469	983.4021077156067	0.22150592712694378	0.0	1028
1470	984.0675389766693	0.22150592712694378	0.0	1029
1471	984.7336506843567	0.22150592712694378	0.0	1030
1472	985.401168346405	0.22150592712694378	0.0	1031
1473	986.0632221698761	0.22150592712694378	0.0	1032
1474	986.729273557663	0.22150592712694378	0.0	1033
1475	987.4048581123352	0.22150592712694378	0.0	1034
1476	988.0837020874023	0.22150592712694378	0.0	1035
1477	988.7571363449097	0.22150592712694378	0.0	1036
1478	989.4373450279236	0.22150592712694378	0.0	1037
1479	990.1092031002045	0.22150592712694378	0.0	1038
1480	990.790361404419	0.22150592712694378	0.0	1039
1481	991.466251373291	0.22150592712694378	0.0	1040
1482	992.1541793346405	0.22150592712694378	0.0	1041
1483	992.8325588703156	0.22150592712694378	0.0	1042
1484	993.49480509758	0.22150592712694378	0.0	1043
1485	994.1647458076477	0.22150592712694378	0.0	1044
1486	994.8280782699585	0.22150592712694378	0.0	1045
1487	995.5051729679108	0.22150592712694378	0.0	1046
1488	996.1741275787354	0.22150592712694378	0.0	1047
1489	996.8365120887756	0.22150592712694378	0.0	1048
1490	997.5128824710846	0.22150592712694378	0.0	1049
1491	998.1851489543915	0.22150592712694378	0.0	1050
1492	998.8552649021149	0.22150592712694378	0.0	1051
1493	999.5228447914124	0.22150592712694378	0.0	1052
1494	1000.1831398010254	0.22150592712694378	0.0	1053
1495	1000.8557865619659	0.22150592712694378	0.0	1054
1496	1001.5260119438171	0.22150592712694378	0.0	1055
1497	1002.1991121768951	0.22150592712694378	0.0	1056
1498	1002.8624796867371	0.22150592712694378	0.0	1057
1499	1003.5343616008759	0.22150592712694378	0.0	1058
1500	1004.1995897293091	0.22150592712694378	0.0	1059
1501	1004.8644170761108	0.22150592712694378	0.0	1060
1502	1005.5350313186646	0.22150592712694378	0.0	1061
1503	1006.2052738666534	0.22150592712694378	0.0	1062
1504	1006.874743938446	0.22150592712694378	0.0	1063
1505	1007.5354919433594	0.22150592712694378	0.0	1064
1506	1008.2113900184631	0.22150592712694378	0.0	1065
1507	1008.8848874568939	0.22150592712694378	0.0	1066
1508	1009.5532386302948	0.22150592712694378	0.0	1067
1509	1010.2194435596466	0.22150592712694378	0.0	1068
1510	1010.8839354515076	0.22150592712694378	0.0	1069
1511	1011.5542118549347	0.22150592712694378	0.0	1070
1512	1012.2204821109772	0.22150592712694378	0.0	1071
1513	1012.8792154788971	0.22150592712694378	0.0	1072
1514	1013.5475149154663	0.22150592712694378	0.0	1073
1515	1014.211498260498	0.22150592712694378	0.0	1074
1516	1014.8722336292267	0.22150592712694378	0.0	1075
1517	1015.5312058925629	0.22150592712694378	0.0	1076
1518	1016.1891977787018	0.22150592712694378	0.0	1077
1519	1016.8463251590729	0.22150592712694378	0.0	1078
1520	1017.5079090595245	0.22150592712694378	0.0	1079
1521	1018.1574010848999	0.22150592712694378	0.0	1080
1522	1018.826785326004	0.22150592712694378	0.0	1081
1523	1019.4925181865692	0.22150592712694378	0.0	1082
1524	1020.156022310257	0.22150592712694378	0.0	1083
1525	1020.8195359706879	0.22150592712694378	0.0	1084
1526	1021.4915158748627	0.22150592712694378	0.0	1085
1527	1022.1548185348511	0.22150592712694378	0.0	1086
1528	1022.8182973861694	0.22150592712694378	0.0	1087
1529	1023.4870400428772	0.22150592712694378	0.0	1088
1530	1024.1628060340881	0.22150592712694378	0.0	1089
1531	1024.8305938243866	0.22150592712694378	0.0	1090
1532	1025.5056726932526	0.22150592712694378	0.0	1091
1533	1026.1795880794525	0.22150592712694378	0.0	1092
1534	1026.8544580936432	0.22150592712694378	0.0	1093
1535	1027.5199797153473	0.22150592712694378	0.0	1094
1536	1028.1938388347626	0.22150592712694378	0.0	1095
1537	1028.8571102619171	0.22150592712694378	0.0	1096
1538	1029.5168228149414	0.22150592712694378	0.0	1097
1539	1030.1770293712616	0.22150592712694378	0.0	1098
1540	1030.8388328552246	0.22150592712694378	0.0	1099
1541	1031.5013582706451	0.22150592712694378	0.0	1100
1542	1032.1696536540985	0.22150592712694378	0.0	1101
1543	1032.8290343284607	0.22150592712694378	0.0	1102
1544	1033.4951627254486	0.22150592712694378	0.0	1103
1545	1034.15207529068	0.22150592712694378	0.0	1104
1546	1034.8264174461365	0.22150592712694378	0.0	1105
1547	1035.4910542964935	0.22150592712694378	0.0	1106
1548	1036.158126115799	0.22150592712694378	0.0	1107
1549	1036.8294310569763	0.22150592712694378	0.0	1108
1550	1037.4860227108002	0.22150592712694378	0.0	1109
1551	1038.1476874351501	0.22150592712694378	0.0	1110
1552	1038.82452750206	0.22150592712694378	0.0	1111
1553	1039.4868698120117	0.22150592712694378	0.0	1112
1554	1040.160677433014	0.22150592712694378	0.0	1113
1555	1040.828141450882	0.22150592712694378	0.0	1114
1556	1041.5029628276825	0.22150592712694378	0.0	1115
1557	1042.1702861785889	0.22150592712694378	0.0	1116
1558	1042.8404977321625	0.22150592712694378	0.0	1117
1559	1043.5044729709625	0.22150592712694378	0.0	1118
1560	1044.170483827591	0.22150592712694378	0.0	1119
1561	1044.8357238769531	0.22150592712694378	0.0	1120
1562	1045.5030057430267	0.22150592712694378	0.0	1121
1563	1046.1715004444122	0.22150592712694378	0.0	1122
1564	1046.8361539840698	0.22150592712694378	0.0	1123
1565	1047.5053536891937	0.22150592712694378	0.0	1124
1566	1048.1716196537018	0.22150592712694378	0.0	1125
1567	1048.8379037380219	0.22150592712694378	0.0	1126
1568	1049.4951326847076	0.22150592712694378	0.0	1127
1569	1050.159767150879	0.22150592712694378	0.0	1128
1570	1050.834656238556	0.22150592712694378	0.0	1129
1571	1051.5021586418152	0.22150592712694378	0.0	1130
1572	1052.167289018631	0.22150592712694378	0.0	1131
1573	1052.836016178131	0.22150592712694378	0.0	1132
1574	1053.4954352378845	0.22150592712694378	0.0	1133
1575	1054.1644287109375	0.22150592712694378	0.0	1134
1576	1054.8362584114075	0.22150592712694378	0.0	1135
1577	1055.496637582779	0.22150592712694378	0.0	1136
1578	1056.1644568443298	0.22150592712694378	0.0	1137
1579	1056.8278994560242	0.22150592712694378	0.0	1138
1580	1057.4951145648956	0.22150592712694378	0.0	1139
1581	1058.1589255332947	0.22150592712694378	0.0	1140
1582	1058.8192138671875	0.22150592712694378	0.0	1141
1583	1059.4888830184937	0.22150592712694378	0.0	1142
1584	1060.156527042389	0.22150592712694378	0.0	1143
1585	1060.8221032619476	0.22150592712694378	0.0	1144
1586	1061.4864010810852	0.22150592712694378	0.0	1145
1587	1062.1557927131653	0.22150592712694378	0.0	1146
1588	1062.8218848705292	0.22150592712694378	0.0	1147
1589	1063.489696264267	0.22150592712694378	0.0	1148
1590	1064.1512596607208	0.22150592712694378	0.0	1149
1591	1064.8133480548859	0.22150592712694378	0.0	1150
1592	1065.4824459552765	0.22150592712694378	0.0	1151
1593	1066.1530277729034	0.22150592712694378	0.0	1152
1594	1066.820291519165	0.22150592712694378	0.0	1153
1595	1067.4886927604675	0.22150592712694378	0.0	1154
1596	1068.1609020233154	0.22150592712694378	0.0	1155
1597	1068.8189299106598	0.22150592712694378	0.0	1156
1598	1069.4929766654968	0.22150592712694378	0.0	1157
1599	1070.156234741211	0.22150592712694378	0.0	1158
1600	1070.8387887477875	0.22150592712694378	0.0	1159
1601	1071.4972598552704	0.22150592712694378	0.0	1160
1602	1072.1662693023682	0.22150592712694378	0.0	1161
1603	1072.8363153934479	0.22150592712694378	0.0	1162
1604	1073.5014307498932	0.22150592712694378	0.0	1163
1605	1074.1774275302887	0.22150592712694378	0.0	1164
1606	1074.8435907363892	0.22150592712694378	0.0	1165
1607	1075.5110971927643	0.22150592712694378	0.0	1166
1608	1076.1696064472198	0.22150592712694378	0.0	1167
1609	1076.8275256156921	0.22150592712694378	0.0	1168
1610	1077.5152750015259	0.22150592712694378	0.0	1169
1611	1078.1782817840576	0.22150592712694378	0.0	1170
1612	1078.8435816764832	0.22150592712694378	0.0	1171
1613	1079.5086500644684	0.22150592712694378	0.0	1172
1614	1080.1673715114594	0.22150592712694378	0.0	1173
1615	1080.8348915576935	0.22150592712694378	0.0	1174
1616	1081.5009608268738	0.22150592712694378	0.0	1175
1617	1082.1759543418884	0.22150592712694378	0.0	1176
1618	1082.835947751999	0.22150592712694378	0.0	1177
1619	1083.5017549991608	0.22150592712694378	0.0	1178
1620	1084.1721301078796	0.22150592712694378	0.0	1179
1621	1084.8404188156128	0.22150592712694378	0.0	1180
1622	1085.5060753822327	0.22150592712694378	0.0	1181
1623	1086.1836850643158	0.22150592712694378	0.0	1182
1624	1086.8505353927612	0.22150592712694378	0.0	1183
1625	1087.5215623378754	0.22150592712694378	0.0	1184
1626	1088.195131778717	0.22150592712694378	0.0	1185
1627	1088.8679976463318	0.22150592712694378	0.0	1186
1628	1089.542311668396	0.22150592712694378	0.0	1187
1629	1090.2140882015228	0.22150592712694378	0.0	1188
1630	1090.8744823932648	0.22150592712694378	0.0	1189
1631	1091.5380055904388	0.22150592712694378	0.0	1190
1632	1092.2163619995117	0.22150592712694378	0.0	1191
1633	1092.895034790039	0.22150592712694378	0.0	1192
1634	1093.5584173202515	0.22150592712694378	0.0	1193
1635	1094.2223918437958	0.22150592712694378	0.0	1194
1636	1094.883338689804	0.22150592712694378	0.0	1195
1637	1095.5568087100983	0.22150592712694378	0.0	1196
1638	1096.2162368297577	0.22150592712694378	0.0	1197
1639	1096.8890509605408	0.22150592712694378	0.0	1198
1640	1097.5600130558014	0.22150592712694378	0.0	1199
1641	1098.2276844978333	0.22150592712694378	0.0	1200
1642	1098.8962533473969	0.22150592712694378	0.0	1201
1643	1099.5632269382477	0.22150592712694378	0.0	1202
1644	1100.228509902954	0.22150592712694378	0.0	1203
1645	1100.895143032074	0.22150592712694378	0.0	1204
1646	1101.555606842041	0.22150592712694378	0.0	1205
1647	1102.2326300144196	0.22150592712694378	0.0	1206
1648	1102.897933959961	0.22150592712694378	0.0	1207
1649	1103.55752658844	0.22150592712694378	0.0	1208
1650	1104.2235882282257	0.22150592712694378	0.0	1209
1651	1104.8863990306854	0.22150592712694378	0.0	1210
1652	1105.5546689033508	0.22150592712694378	0.0	1211
1653	1106.215684890747	0.22150592712694378	0.0	1212
1654	1106.8904485702515	0.22150592712694378	0.0	1213
1655	1107.5688297748566	0.22150592712694378	0.0	1214
1656	1108.2477068901062	0.22150592712694378	0.0	1215
1657	1108.9267694950104	0.22150592712694378	0.0	1216
1658	1109.6041686534882	0.22150592712694378	0.0	1217
1659	1110.28857588768	0.22150592712694378	0.0	1218
1660	1110.9670162200928	0.22150592712694378	0.0	1219
1661	1111.6575767993927	0.22150592712694378	0.0	1220
1662	1112.331529378891	0.22150592712694378	0.0	1221
1663	1113.0086891651154	0.22150592712694378	0.0	1222
1664	1113.6805455684662	0.22150592712694378	0.0	1223
1665	1114.3579788208008	0.22150592712694378	0.0	1224
1666	1115.024935245514	0.22150592712694378	0.0	1225
1667	1115.690349817276	0.22150592712694378	0.0	1226
1668	1116.3516047000885	0.22150592712694378	0.0	1227
1669	1117.0194849967957	0.22150592712694378	0.0	1228
1670	1117.6922717094421	0.22150592712694378	0.0	1229
1671	1118.3585042953491	0.22150592712694378	0.0	1230
1672	1119.024973154068	0.22150592712694378	0.0	1231
1673	1119.678231716156	0.22150592712694378	0.0	1232
1674	1120.3501391410828	0.22150592712694378	0.0	1233
1675	1121.0076794624329	0.22150592712694378	0.0	1234
1676	1121.6794393062592	0.22150592712694378	0.0	1235
1677	1122.34827709198	0.22150592712694378	0.0	1236
1678	1123.0097947120667	0.22150592712694378	0.0	1237
1679	1123.6778752803802	0.22150592712694378	0.0	1238
1680	1124.3514957427979	0.22150592712694378	0.0	1239
1681	1125.0170996189117	0.22150592712694378	0.0	1240
1682	1125.679667711258	0.22150592712694378	0.0	1241
1683	1126.3497309684753	0.22150592712694378	0.0	1242
1684	1127.0207877159119	0.22150592712694378	0.0	1243
1685	1127.6895110607147	0.22150592712694378	0.0	1244
1686	1128.3557212352753	0.22150592712694378	0.0	1245
1687	1129.0222988128662	0.22150592712694378	0.0	1246
1688	1129.6916296482086	0.22150592712694378	0.0	1247
1689	1130.363285779953	0.22150592712694378	0.0	1248
1690	1131.0415034294128	0.22150592712694378	0.0	1249
1691	1131.7150819301605	0.22150592712694378	0.0	1250
1692	1132.3843202590942	0.22150592712694378	0.0	1251
1693	1133.037922859192	0.22150592712694378	0.0	1252
1694	1133.6971304416656	0.22150592712694378	0.0	1253
1695	1134.3546991348267	0.22150592712694378	0.0	1254
1696	1135.015541791916	0.22150592712694378	0.0	1255
1697	1135.6855840682983	0.22150592712694378	0.0	1256
1698	1136.3480248451233	0.22150592712694378	0.0	1257
1699	1137.0207464694977	0.22150592712694378	0.0	1258
1700	1137.6732709407806	0.22150592712694378	0.0	1259
1701	1138.3241033554077	0.22150592712694378	0.0	1260
1702	1138.9848947525024	0.22150592712694378	0.0	1261
1703	1139.6543698310852	0.22150592712694378	0.0	1262
1704	1140.3290162086487	0.22150592712694378	0.0	1263
1705	1140.9887490272522	0.22150592712694378	0.0	1264
1706	1141.6583714485168	0.22150592712694378	0.0	1265
1707	1142.3269383907318	0.22150592712694378	0.0	1266
1708	1142.9929752349854	0.22150592712694378	0.0	1267
1709	1143.6568121910095	0.22150592712694378	0.0	1268
1710	1144.3271911144257	0.22150592712694378	0.0	1269
1711	1144.9986634254456	0.22150592712694378	0.0	1270
1712	1145.6650998592377	0.22150592712694378	0.0	1271
1713	1146.3284006118774	0.22150592712694378	0.0	1272
1714	1146.996613740921	0.22150592712694378	0.0	1273
1715	1147.6697976589203	0.22150592712694378	0.0	1274
1716	1148.3379247188568	0.22150592712694378	0.0	1275
1717	1149.009360551834	0.22150592712694378	0.0	1276
1718	1149.6744978427887	0.22150592712694378	0.0	1277
1719	1150.3401844501495	0.22150592712694378	0.0	1278
1720	1150.9999980926514	0.22150592712694378	0.0	1279
1721	1151.6781859397888	0.22150592712694378	0.0	1280
1722	1152.3463430404663	0.22150592712694378	0.0	1281
1723	1153.0158081054688	0.22150592712694378	0.0	1282
1724	1153.6863040924072	0.22150592712694378	0.0	1283
1725	1154.3557908535004	0.22150592712694378	0.0	1284
1726	1155.0180048942566	0.22150592712694378	0.0	1285
1727	1155.683248758316	0.22150592712694378	0.0	1286
1728	1156.346076965332	0.22150592712694378	0.0	1287
1729	1157.0143222808838	0.22150592712694378	0.0	1288
1730	1157.6786873340607	0.22150592712694378	0.0	1289
1731	1158.339051246643	0.22150592712694378	0.0	1290
1732	1159.0070502758026	0.22150592712694378	0.0	1291
1733	1159.6675579547882	0.22150592712694378	0.0	1292
1734	1160.326179742813	0.22150592712694378	0.0	1293
1735	1160.9889647960663	0.22150592712694378	0.0	1294
1736	1161.6406826972961	0.22150592712694378	0.0	1295
1737	1162.2961931228638	0.22150592712694378	0.0	1296
1738	1162.964438676834	0.22150592712694378	0.0	1297
1739	1163.6260480880737	0.22150592712694378	0.0	1298
1740	1164.2891299724579	0.22150592712694378	0.0	1299
1741	1164.9531683921814	0.22150592712694378	0.0	1300
1742	1165.618499994278	0.22150592712694378	0.0	1301
1743	1166.2911005020142	0.22150592712694378	0.0	1302
1744	1166.9463996887207	0.22150592712694378	0.0	1303
1745	1167.617330789566	0.22150592712694378	0.0	1304
1746	1168.28631067276	0.22150592712694378	0.0	1305
1747	1168.9599776268005	0.22150592712694378	0.0	1306
1748	1169.6239414215088	0.22150592712694378	0.0	1307
1749	1170.289570569992	0.22150592712694378	0.0	1308
