1	4.4182775020599365	0.12068050938169732	10000000000.12068	0
2	7.586901426315308	0.12068050938169732	0.0	1
3	10.830408811569214	0.12068050938169732	0.0	2
4	14.142325162887573	0.12080076664828798	0.00012025726659066482	0
5	17.499568462371826	0.12080076664828798	0.0	1
6	20.851868629455566	0.12080076664828798	0.0	2
7	24.255281925201416	0.12233141544713168	0.001530648798843695	0
8	27.726481199264526	0.132439049046956	0.01010763359982432	0
9	31.22486662864685	0.132439049046956	0.0	1
10	34.74196267127991	0.132439049046956	0.0	2
11	38.252280950546265	0.13592762924267346	0.003488580195717461	0
12	41.77046871185303	0.13852914326498952	0.002601514022316065	0
13	45.31701898574829	0.1515639820737702	0.013034838808780674	0
14	48.8557608127594	0.1515639820737702	0.0	1
15	52.43761348724365	0.1516392782354279	7.529616165768971e-05	0
16	56.09443259239197	0.16098652768173097	0.00934724944630308	0
17	59.80306148529053	0.16098652768173097	0.0	1
18	63.51013159751892	0.16098652768173097	0.0	2
19	67.29833602905273	0.16098652768173097	0.0	3
20	71.1134386062622	0.1628351530960302	0.0018486254142992264	0
21	74.95545148849487	0.17138468667841034	0.008549533582380142	0
22	78.78699016571045	0.17138468667841034	0.0	1
23	82.638751745224	0.17138468667841034	0.0	2
24	86.51030993461609	0.17381975335177433	0.002435066673363989	0
25	90.34599566459656	0.17381975335177433	0.0	1
26	94.17454695701599	0.17381975335177433	0.0	2
27	97.97906947135925	0.17381975335177433	0.0	3
28	101.82781314849854	0.17405284534801135	0.00023309199623702814	0
29	105.6401834487915	0.17405284534801135	0.0	1
30	109.4631118774414	0.17405284534801135	0.0	2
31	113.31339764595032	0.17405284534801135	0.0	3
32	117.25752472877502	0.17490402781411982	0.0008511824661084633	0
33	121.03564548492432	0.17555572655782745	0.0006516987437076294	0
34	124.82224321365356	0.17576024787087569	0.00020452131304823928	0
35	128.67229080200195	0.17631070807790072	0.0005504602070250386	0
36	132.46283960342407	0.1768573840078935	0.0005466759299927737	0
37	136.24599647521973	0.1772777551289	0.0004203711210065131	0
38	140.0001142024994	0.1772777551289	0.0	1
39	143.78825736045837	0.17769452449427459	0.0004167693653745752	0
40	147.58633708953857	0.17769452449427459	0.0	1
41	151.32355046272278	0.178663238574063	0.0009687140797884075	0
42	155.09324431419373	0.17961054897764653	0.0009473104035835345	0
43	158.88039827346802	0.17961054897764653	0.0	1
44	162.64321398735046	0.17968311948639354	7.257050874701076e-05	0
45	166.38180708885193	0.17987129905007102	0.00018817956367747635	0
46	170.12190794944763	0.17987129905007102	0.0	1
47	173.8400707244873	0.18122222511011638	0.0013509260600453599	0
48	177.6000735759735	0.18122222511011638	0.0	1
49	181.3594262599945	0.18155340410685805	0.0003311789967416767	0
50	185.0618281364441	0.18155340410685805	0.0	1
51	188.79069828987122	0.18155340410685805	0.0	2
52	192.50411677360535	0.18285417328610945	0.0013007691792513987	0
53	196.2192485332489	0.18285417328610945	0.0	1
54	199.93195152282715	0.18285417328610945	0.0	2
55	203.66632604599	0.18285417328610945	0.0	3
56	207.41856408119202	0.18404725483920206	0.001193081553092612	0
57	211.11214017868042	0.18404725483920206	0.0	1
58	214.8062779903412	0.18404725483920206	0.0	2
59	218.52476739883423	0.18492255446633274	0.0008752996271306768	0
60	222.23224639892578	0.18492255446633274	0.0	1
61	225.94116353988647	0.18492255446633274	0.0	2
62	229.6429727077484	0.18492255446633274	0.0	3
63	233.34377765655518	0.18492255446633274	0.0	4
64	237.0674262046814	0.18532127854926733	0.00039872408293459283	0
65	240.77116537094116	0.18532127854926733	0.0	1
66	244.49714136123657	0.185339348167894	1.8069618626659345e-05	0
67	248.194020986557	0.1858386415423769	0.0004992933744829009	0
68	251.9235680103302	0.18603471819863934	0.00019607665626245052	0
69	255.62903499603271	0.18603471819863934	0.0	1
70	259.361914396286	0.18603471819863934	0.0	2
71	263.03920793533325	0.18603471819863934	0.0	3
72	266.6917541027069	0.1861611933609325	0.0001264751622931659	0
73	270.3719291687012	0.18654415976297722	0.00038296640204471544	0
74	274.04185128211975	0.1869415453556432	0.00039738559266597195	0
75	277.71836256980896	0.1873498335599519	0.0004082882043087155	0
76	281.40231132507324	0.1873498335599519	0.0	1
77	285.0605275630951	0.1873498335599519	0.0	2
78	288.75029468536377	0.18757747425036758	0.00022764069041567025	0
79	292.45596504211426	0.18757747425036758	0.0	1
80	296.1376316547394	0.18757747425036758	0.0	2
81	299.85426664352417	0.18759659032502243	1.9116074654851323e-05	0
82	303.571405172348	0.1884907018244742	0.0008941114994517607	0
83	307.315438747406	0.1884907018244742	0.0	1
84	311.03169417381287	0.1884907018244742	0.0	2
85	314.72650384902954	0.1884907018244742	0.0	3
86	318.4111626148224	0.1884907018244742	0.0	4
87	322.1206500530243	0.1889951909748181	0.0005044891503439008	0
88	325.834743976593	0.1889951909748181	0.0	1
89	329.5595848560333	0.1889951909748181	0.0	2
90	333.26308155059814	0.1889951909748181	0.0	3
91	336.96445178985596	0.18911895265229392	0.00012376167747582545	0
92	340.6700315475464	0.1898876354454807	0.0007686827931867868	0
93	344.35312128067017	0.1898876354454807	0.0	1
94	348.0549781322479	0.19050847590444953	0.0006208404589688188	0
95	351.73540449142456	0.19050847590444953	0.0	1
96	355.41786217689514	0.19050847590444953	0.0	2
97	359.1121928691864	0.19056834292373778	5.986701928825666e-05	0
98	362.839492559433	0.19056834292373778	0.0	1
99	366.53179717063904	0.19071529698714115	0.00014695406340337058	0
100	370.23107647895813	0.19071529698714115	0.0	1
101	373.93094635009766	0.19130592407031874	0.0005906270831775862	0
102	377.62492656707764	0.19136071699467952	5.4792924360780315e-05	0
103	381.3098406791687	0.19144112375554476	8.040676086523701e-05	0
104	385.0073297023773	0.19189072263678106	0.00044959888123630165	0
105	388.6736903190613	0.19189072263678106	0.0	1
106	392.3637044429779	0.19189072263678106	0.0	2
107	396.03706431388855	0.19254455079682517	0.000653828160044112	0
108	399.68601870536804	0.19254455079682517	0.0	1
109	403.32495737075806	0.19254455079682517	0.0	2
110	406.9859194755554	0.19254455079682517	0.0	3
111	410.6426410675049	0.19257282944577353	2.8278648948359963e-05	0
112	414.2768874168396	0.19276638730671228	0.00019355786093874783	0
113	417.89998841285706	0.19276638730671228	0.0	1
114	421.52886390686035	0.19276638730671228	0.0	2
115	425.18638467788696	0.19322073174435556	0.00045434443764327814	0
116	428.8125729560852	0.19350583017157597	0.00028509842722040935	0
117	432.49095940589905	0.19451612262634568	0.0010102924547697179	0
118	436.1218967437744	0.1945654885810718	4.936595472612715e-05	0
119	439.7822811603546	0.19490736333186928	0.00034187475079747176	0
120	443.41941714286804	0.19490736333186928	0.0	1
121	447.035032749176	0.1951336411958296	0.0002262778639603169	0
122	450.6920211315155	0.19576063871003413	0.0006269975142045303	0
123	454.3141031265259	0.19576063871003413	0.0	1
124	457.94253754615784	0.19576063871003413	0.0	2
125	461.5898380279541	0.1963247515177993	0.0005641128077651658	0
126	465.19233226776123	0.1965121523235023	0.00018740080570300854	0
127	468.83108282089233	0.19669629208018716	0.0001841397566848535	0
128	472.4194190502167	0.19669629208018716	0.0	1
129	476.03050208091736	0.1977210889022316	0.0010247968220444548	0
130	479.6421971321106	0.1977210889022316	0.0	1
131	483.2787365913391	0.1977210889022316	0.0	2
132	486.9059224128723	0.19806730766235547	0.000346218760123862	0
133	490.55942940711975	0.19817169773521606	0.00010439007286058843	0
134	494.1426649093628	0.19823328045566688	6.158272045081459e-05	0
135	497.73353695869446	0.19823328045566688	0.0	1
136	501.3469033241272	0.19874774744255883	0.0005144669868919483	0
137	504.9692862033844	0.19874774744255883	0.0	1
138	508.5661220550537	0.19874774744255883	0.0	2
139	512.2221698760986	0.19874774744255883	0.0	3
140	515.8297708034515	0.19874774744255883	0.0	4
141	519.443393945694	0.19936255252722537	0.0006148050846665476	0
142	523.1009304523468	0.2002402127644662	0.0008776602372408404	0
143	526.722713470459	0.2002402127644662	0.0	1
144	530.3115482330322	0.2002402127644662	0.0	2
145	533.9449090957642	0.20028185197991427	4.1639215448058264e-05	0
146	537.6137318611145	0.20028185197991427	0.0	1
147	541.2385239601135	0.20035568797036982	7.383599045554523e-05	0
148	544.853310585022	0.20143577660860248	0.001080088638232668	0
149	548.4881689548492	0.20143577660860248	0.0	1
150	552.0943086147308	0.20143577660860248	0.0	2
151	555.7193374633789	0.20143577660860248	0.0	3
152	559.3326332569122	0.20202695125598086	0.000591174647378373	0
153	562.926901102066	0.20202695125598086	0.0	1
154	566.53093957901	0.2023010497268117	0.00027409847083084693	0
155	570.1378433704376	0.2023010497268117	0.0	1
156	573.7459046840668	0.20269977380974633	0.0003987240829346206	0
157	577.3624491691589	0.2027177582517195	1.7984441973178944e-05	0
158	580.9748413562775	0.2028284879012161	0.00011072964949659925	0
159	584.6082105636597	0.2028284879012161	0.0	1
160	588.2190165519714	0.20314626982717804	0.0003177819259619352	0
161	591.8381721973419	0.20314626982717804	0.0	1
162	595.4915225505829	0.20314626982717804	0.0	2
163	599.1063899993896	0.20314626982717804	0.0	3
164	602.748117685318	0.20320771869860196	6.144887142392474e-05	0
165	606.3816709518433	0.20388344942667838	0.000675730728076418	0
166	610.0039176940918	0.20388344942667838	0.0	1
167	613.6039164066315	0.20388344942667838	0.0	2
168	617.2442190647125	0.20404241339821944	0.00015896397154105402	0
169	620.9043645858765	0.20502487742349482	0.0009824640252753813	0
170	624.5420889854431	0.20502487742349482	0.0	1
171	628.1303050518036	0.2050370455168461	1.2168093351277998e-05	0
172	631.7503337860107	0.2050370455168461	0.0	1
173	635.3926141262054	0.2050370455168461	0.0	2
174	639.0130791664124	0.2050370455168461	0.0	3
175	642.6318626403809	0.2050370455168461	0.0	4
176	646.2523956298828	0.2055196807715311	0.00048263525468500434	0
177	649.8782649040222	0.2055196807715311	0.0	1
178	653.4821348190308	0.2055532403729939	3.355960146281256e-05	0
179	657.0970032215118	0.2055702270313123	1.6986658318396408e-05	0
180	660.7336103916168	0.20617454321951006	0.0006043161881977566	0
181	664.3558576107025	0.2064655310039125	0.00029098778440242445	0
182	667.9769554138184	0.20677803197735994	0.00031250097344745487	0
183	671.5862438678741	0.20677803197735994	0.0	1
184	675.240654706955	0.20677803197735994	0.0	2
185	678.8865957260132	0.20677803197735994	0.0	3
186	682.5380494594574	0.20679506730805172	1.7035330691778094e-05	0
187	686.1543338298798	0.206946487061715	0.00015141975366328442	0
188	689.7436602115631	0.20705534282483554	0.00010885576312053002	0
189	693.3877971172333	0.20819303521699312	0.0011376923921575799	0
190	696.9994864463806	0.20819303521699312	0.0	1
191	700.6179206371307	0.20819303521699312	0.0	2
192	704.2657792568207	0.20819303521699312	0.0	3
193	707.9141886234283	0.209265822999215	0.00107278778222189	0
194	711.5379629135132	0.209265822999215	0.0	1
195	715.175363779068	0.209265822999215	0.0	2
196	718.7729849815369	0.20938558137397828	0.00011975837476327356	0
197	722.386442899704	0.2095024194063372	0.00011683803235892909	0
198	725.9897606372833	0.2103253232234973	0.0008229038171601033	0
199	729.5794193744659	0.210481780567808	0.0001564573443106898	0
200	733.1853623390198	0.210481780567808	0.0	1
201	736.800178527832	0.210481780567808	0.0	2
202	740.3999304771423	0.21094463050270384	0.0004628499348958426	0
203	743.9898116588593	0.21094463050270384	0.0	1
204	747.5824933052063	0.21100749087295653	6.286037025268754e-05	0
205	751.151638507843	0.21103041556083035	2.292468787382096e-05	0
206	754.7426998615265	0.21126428631504188	0.0002338707542115237	0
207	758.3148255348206	0.21126428631504188	0.0	1
208	761.944090127945	0.21126428631504188	0.0	2
209	765.53813123703	0.21126428631504188	0.0	3
210	769.1266412734985	0.21126428631504188	0.0	4
211	772.7704865932465	0.21126428631504188	0.0	5
212	776.3758676052094	0.21126428631504188	0.0	6
213	780.0000197887421	0.21141565739633175	0.00015137108128987498	0
214	783.6623857021332	0.21141565739633175	0.0	1
215	787.2927057743073	0.21141565739633175	0.0	2
216	790.9206826686859	0.21141565739633175	0.0	3
217	794.5701682567596	0.21141565739633175	0.0	4
218	798.2001390457153	0.21141565739633175	0.0	5
219	801.9835350513458	0.21141565739633175	0.0	6
220	805.6140546798706	0.21141940516908395	3.7477727521939563e-06	0
221	809.2278628349304	0.21153310383335824	0.00011369866427429764	0
222	812.867748260498	0.21156568998735298	3.2586153994734746e-05	0
223	816.510146856308	0.21156568998735298	0.0	1
224	820.1377680301666	0.21156568998735298	0.0	2
225	823.7886765003204	0.21166301039797647	9.73204106234915e-05	0
226	827.4296851158142	0.21166301039797647	0.0	1
227	831.1195449829102	0.21166301039797647	0.0	2
228	834.7909078598022	0.21191235896693084	0.0002493485689543662	0
229	838.467404127121	0.21191235896693084	0.0	1
230	842.1357717514038	0.21191235896693084	0.0	2
231	845.7918217182159	0.21210313033449213	0.0001907713675612932	0
232	849.5019094944	0.2123631381532222	0.0002600078187300625	0
233	853.1621305942535	0.2123631381532222	0.0	1
234	856.8216614723206	0.2123631381532222	0.0	2
235	860.4582633972168	0.21369802666623056	0.0013348885130083643	0
236	864.1398627758026	0.21369802666623056	0.0	1
237	867.8180131912231	0.2137221681634395	2.4141497208945983e-05	0
238	871.4823246002197	0.2137221681634395	0.0	1
239	875.1594362258911	0.21377819006522877	5.602190178927158e-05	0
240	878.8170013427734	0.214041702294844	0.000263512229615237	0
241	882.4593052864075	0.214041702294844	0.0	1
242	886.1146509647369	0.21417691414816337	0.0001352118533193558	0
243	889.7780621051788	0.21417691414816337	0.0	1
244	893.47975897789	0.21562408982661732	0.0014471756784539547	0
245	897.1426682472229	0.21562408982661732	0.0	1
246	900.7666397094727	0.21562408982661732	0.0	2
247	904.4131479263306	0.21562408982661732	0.0	3
248	908.0422105789185	0.21562408982661732	0.0	4
249	911.6774489879608	0.21602602628619666	0.00040193645957933843	0
250	915.3081288337708	0.21602602628619666	0.0	1
251	918.9351706504822	0.21602602628619666	0.0	2
252	922.562902212143	0.21642153799248653	0.000395511706289875	0
253	926.182689666748	0.21642153799248653	0.0	1
254	929.8342621326447	0.21642153799248653	0.0	2
255	933.4570555686951	0.21642153799248653	0.0	3
256	937.0886378288269	0.21656925864577103	0.0001477206532844999	0
257	940.7365002632141	0.21656925864577103	0.0	1
258	944.3386073112488	0.21656925864577103	0.0	2
259	947.9629590511322	0.21656925864577103	0.0	3
260	951.6217856407166	0.21721898615835578	0.0006497275125847413	0
261	955.2160074710846	0.21721898615835578	0.0	1
262	958.8472731113434	0.21721898615835578	0.0	2
263	962.4851298332214	0.21721898615835578	0.0	3
264	966.1270885467529	0.21721898615835578	0.0	4
265	969.7329852581024	0.21721898615835578	0.0	5
266	973.343770980835	0.2172221985350005	3.2123766447178514e-06	0
267	976.9618539810181	0.21736670681164025	0.0001445082766397543	0
268	980.5873031616211	0.21736670681164025	0.0	1
269	984.1593708992004	0.21736670681164025	0.0	2
270	987.7459721565247	0.21736670681164025	0.0	3
271	991.3603417873383	0.218016434324225	0.0006497275125847413	0
272	994.9346363544464	0.218016434324225	0.0	1
273	998.5191671848297	0.218016434324225	0.0	2
274	1002.118353843689	0.218016434324225	0.0	3
275	1005.7356841564178	0.218016434324225	0.0	4
276	1009.3309199810028	0.218016434324225	0.0	5
277	1012.9136214256287	0.218016434324225	0.0	6
278	1016.542582988739	0.21843477337364184	0.0004183390494168493	0
279	1020.1341788768768	0.21843477337364184	0.0	1
280	1023.6916992664337	0.21843477337364184	0.0	2
281	1027.24174118042	0.21843477337364184	0.0	3
282	1030.81587600708	0.21856287906044408	0.00012810568680224343	0
283	1034.4037969112396	0.21856287906044408	0.0	1
284	1037.9859297275543	0.21856287906044408	0.0	2
285	1041.5662126541138	0.2188138824900942	0.0002510034296501207	0
286	1045.1626601219177	0.21911871756473036	0.00030483507463616166	0
287	1048.7258071899414	0.21923222153951108	0.00011350397478071539	0
288	1052.3060500621796	0.21923222153951108	0.0	1
289	1055.9137880802155	0.21923222153951108	0.0	2
290	1059.4999628067017	0.2199364621103095	0.0007042405707984312	0
291	1063.09348487854	0.2199364621103095	0.0	1
292	1066.6466901302338	0.2199364621103095	0.0	2
293	1070.241848707199	0.2199364621103095	0.0	3
294	1073.8192241191864	0.2199364621103095	0.0	4
295	1077.3988564014435	0.2200296697053803	9.320759507078225e-05	0
296	1080.9655504226685	0.2200296697053803	0.0	1
297	1084.5255434513092	0.2200296697053803	0.0	2
298	1088.101849079132	0.22019722435082736	0.0001675546454470711	0
299	1091.682942390442	0.2205467893366228	0.00034956498579544193	0
300	1095.2599251270294	0.2205467893366228	0.0	1
301	1098.856034040451	0.2205467893366228	0.0	2
302	1102.4878468513489	0.22099467251669658	0.0004478831800737715	0
303	1106.1333057880402	0.22152469032689145	0.0005300178101948771	0
304	1109.7345399856567	0.22152469032689145	0.0	1
305	1113.3440973758698	0.22152469032689145	0.0	2
306	1116.9446716308594	0.22232213849276067	0.0007974481658692134	0
307	1120.535080909729	0.22232213849276067	0.0	1
308	1124.1268570423126	0.22232213849276067	0.0	2
309	1127.750792503357	0.22232213849276067	0.0	3
310	1131.351237297058	0.22232213849276067	0.0	4
311	1134.939237356186	0.22238456081165273	6.242231889205807e-05	0
312	1138.5029010772705	0.22240222888319877	1.7668071546045327e-05	0
313	1142.107708454132	0.222589568848435	0.00018733996523623286	0
314	1145.6793653964996	0.222589568848435	0.0	1
315	1149.227887392044	0.222589568848435	0.0	2
316	1152.8159000873566	0.2227208625756953	0.00013129372726028432	0
317	1156.3826258182526	0.22284203244928727	0.00012116987359198084	0
318	1159.9091601371765	0.22308101380270634	0.000238981353419071	0
319	1163.4228775501251	0.22308101380270634	0.0	1
320	1166.9990515708923	0.22308101380270634	0.0	2
321	1170.551991701126	0.22308101380270634	0.0	3
1	17.141995906829834	0.0908301504034745	10000000000.09083	0
2	28.831526041030884	0.09727695836214738	0.006446807958672876	0
3	40.69099307060242	0.09727695836214738	0.0	1
1	49.03270196914673	0.08484496340226899	10000000000.084845	0
