1	4.850492477416992	0.049200114250757265	10000000000.0492	0
2	8.210517406463623	0.050402444360630835	0.00120233010987357	0
3	11.583436727523804	0.050528841518193104	0.0001263971575622691	0
4	15.07101321220398	0.07282956173303685	0.02230072021484375	0
5	18.54512357711792	0.10556308624616666	0.0327335245131298	0
6	22.107836723327637	0.10556308624616666	0.0	1
7	25.75535488128662	0.10815071413705035	0.0025876278908836953	0
8	29.550238370895386	0.10815071413705035	0.0	1
9	33.34092116355896	0.10815071413705035	0.0	2
10	37.16957879066467	0.10815071413705035	0.0	3
11	41.0606734752655	0.11213617020526039	0.003985456068210033	0
12	44.907880783081055	0.11213617020526039	0.0	1
13	48.91957879066467	0.11213617020526039	0.0	2
14	53.01300597190857	0.12920447159502466	0.01706830138976427	0
15	57.19473838806152	0.1296359251092386	0.0004314535142139475	0
16	61.44028306007385	0.1296359251092386	0.0	1
17	65.72859525680542	0.1296359251092386	0.0	2
18	70.12552404403687	0.1296359251092386	0.0	3
19	74.5272068977356	0.1296359251092386	0.0	4
20	78.91311192512512	0.1296359251092386	0.0	5
21	83.25439047813416	0.1296359251092386	0.0	6
22	87.67026329040527	0.1296359251092386	0.0	7
23	92.12068200111389	0.13114437721064118	0.0015084521014025742	0
24	96.57040214538574	0.13234415347141218	0.0011997762607710016	0
25	101.02904343605042	0.13414538875536197	0.0018012352839497925	0
26	105.47854590415955	0.13550504699376317	0.0013596582384012013	0
27	109.88091897964478	0.13550504699376317	0.0	1
28	114.32874917984009	0.1370335348681611	0.001528487874397938	0
29	118.81056094169617	0.1370335348681611	0.0	1
30	123.30466198921204	0.1370335348681611	0.0	2
31	127.80633997917175	0.13944172270681254	0.002408187838651432	0
32	132.31800031661987	0.13944172270681254	0.0	1
33	136.86760115623474	0.14279240947541955	0.003350686768607003	0
34	141.37717700004578	0.14279240947541955	0.0	1
35	145.87976264953613	0.1468273808193953	0.004034971343975763	0
36	150.37811183929443	0.1468273808193953	0.0	1
37	154.9158456325531	0.1468794775037863	5.20966843909898e-05	0
38	159.44699048995972	0.1476365284055633	0.0007570509017769955	0
39	164.0120804309845	0.15081960734367944	0.003183078938116146	0
40	168.6066813468933	0.15081960734367944	0.0	1
41	173.1409149169922	0.15081960734367944	0.0	2
42	177.71774625778198	0.1521290980642779	0.0013094907205984663	0
43	182.28382229804993	0.15504656750921886	0.002917469444940951	0
44	186.86312556266785	0.15504656750921886	0.0	1
45	191.47610759735107	0.15504656750921886	0.0	2
46	196.107661485672	0.15504656750921886	0.0	3
47	200.68611454963684	0.15830200856741045	0.0032554410581915882	0
48	205.36707472801208	0.16011140147007638	0.001809392902665935	0
49	210.00379157066345	0.1611765402760009	0.0010651388059245148	0
50	214.6904845237732	0.16269799128560544	0.0015214510096045464	0
51	219.27089953422546	0.16269799128560544	0.0	1
52	223.9507372379303	0.16269799128560544	0.0	2
53	228.62959241867065	0.1630990925788305	0.00040110129322507015	0
54	233.36546730995178	0.1650540916263734	0.001954999047542899	0
55	238.0396602153778	0.16847865628880382	0.003424564662430407	0
56	242.6828317642212	0.16847865628880382	0.0	1
57	247.29420518875122	0.17070596179353553	0.0022273055047317136	0
58	251.93994331359863	0.17070596179353553	0.0	1
59	256.5720956325531	0.1710688104692674	0.0003628486757318583	0
60	261.21751141548157	0.1710688104692674	0.0	1
61	265.8770821094513	0.17172096064118	0.0006521501719126133	0
62	270.6334459781647	0.17197167880559527	0.00025071816441527006	0
63	275.29490876197815	0.17707915653456127	0.005107477728965998	0
64	279.9191310405731	0.17707915653456127	0.0	1
65	284.60788583755493	0.17707915653456127	0.0	2
66	289.30554962158203	0.17707915653456127	0.0	3
67	293.97658586502075	0.17747002405836093	0.0003908675237996595	0
68	298.66583490371704	0.17814558145154463	0.0006755573931837011	0
69	303.3154878616333	0.17814558145154463	0.0	1
70	308.00459814071655	0.18374944293018136	0.005603861478636729	0
71	312.6768159866333	0.18374944293018136	0.0	1
72	317.43123292922974	0.18374944293018136	0.0	2
73	322.1435332298279	0.18374944293018136	0.0	3
74	326.92621874809265	0.18563129900450595	0.0018818560743245893	0
75	331.79988384246826	0.18563129900450595	0.0	1
76	336.73675417900085	0.18563129900450595	0.0	2
77	341.71573138237	0.1864468955189833	0.0008155965144773514	0
78	346.8158242702484	0.18847661761904538	0.0020297221000620813	0
79	352.0113368034363	0.18847661761904538	0.0	1
80	357.264554977417	0.1895409296392892	0.0010643120202438183	0
81	362.5202524662018	0.1918370420856694	0.0022961124463801996	0
82	367.74610328674316	0.1918370420856694	0.0	1
83	373.06490659713745	0.1918370420856694	0.0	2
84	378.39559745788574	0.19243416507727837	0.0005971229916089671	0
85	383.7186141014099	0.19243416507727837	0.0	1
86	389.096031665802	0.1932304148068276	0.0007962497295492255	0
87	394.4455454349518	0.19428634873217376	0.0010559339253461697	0
88	399.87321400642395	0.19428634873217376	0.0	1
89	405.2617566585541	0.1946489034396636	0.00036255470748983165	0
90	410.72251415252686	0.1946489034396636	0.0	1
91	416.1198363304138	0.1958252357331333	0.0011763322934696951	0
92	421.60311341285706	0.1958252357331333	0.0	1
93	427.07424807548523	0.19739383189955223	0.0015685961664189396	0
94	432.5161154270172	0.19869998791790525	0.0013061560183530163	0
95	437.97232818603516	0.19869998791790525	0.0	1
96	443.4197280406952	0.19869998791790525	0.0	2
97	448.83906722068787	0.19896404489130232	0.0002640569733970699	0
98	454.2581367492676	0.19896404489130232	0.0	1
99	459.69134545326233	0.19896404489130232	0.0	2
100	465.1386456489563	0.19896404489130232	0.0	3
101	470.569783449173	0.19896404489130232	0.0	4
102	476.02025175094604	0.19945504534754102	0.0004910004562387049	0
103	481.454758644104	0.19989476671856185	0.0004397213710208292	0
104	486.947468996048	0.20003651453026228	0.00014174781170042672	0
105	492.4387426376343	0.20095885826262416	0.0009223437323618855	0
106	497.93999099731445	0.20095885826262416	0.0	1
107	503.40365862846375	0.20112032031955523	0.00016146205693107207	0
108	508.9405016899109	0.20112032031955523	0.0	1
109	514.4351201057434	0.20149773879628236	0.0003774184767271205	0
110	519.9284994602203	0.20293019092061446	0.001432452124332101	0
111	525.4411561489105	0.20293019092061446	0.0	1
112	530.9121162891388	0.20293019092061446	0.0	2
113	536.3610179424286	0.20403688948675497	0.0011066985661405127	0
114	541.8708279132843	0.20557336962273293	0.0015364801359779579	0
115	547.3677580356598	0.20557336962273293	0.0	1
116	552.8981120586395	0.2064445445079677	0.0008711748852347767	0
117	558.3285100460052	0.2064995900612865	5.504555331878325e-05	0
118	563.8930892944336	0.20657780398667971	7.821392539322791e-05	0
119	569.3974826335907	0.2075837081918366	0.0010059042051568934	0
120	575.0753519535065	0.2075837081918366	0.0	1
121	580.6183621883392	0.2075837081918366	0.0	2
122	586.2169976234436	0.20760472692114126	2.101872930465598e-05	0
123	591.7707824707031	0.20961738049015088	0.0020126535690096203	0
124	597.2557713985443	0.20961738049015088	0.0	1
125	602.7810266017914	0.21011001614473584	0.0004926356545849608	0
126	608.3076395988464	0.21011001614473584	0.0	1
127	613.8741588592529	0.21011001614473584	0.0	2
128	619.4434194564819	0.21017636110235738	6.634495762153358e-05	0
129	625.0317008495331	0.21057064600697056	0.00039428490461318466	0
130	630.5772914886475	0.21057064600697056	0.0	1
131	636.1214859485626	0.21079608290257187	0.00022543689560131086	0
132	641.6194975376129	0.21184277520130945	0.0010466922987375782	0
133	647.12584233284	0.2132564317311672	0.0014136565298577541	0
134	652.6911919116974	0.2144315881516688	0.0011751564205015885	0
135	658.2851867675781	0.2144315881516688	0.0	1
136	663.8431327342987	0.2145458683057552	0.00011428015408640468	0
137	669.4492490291595	0.2145458683057552	0.0	1
138	675.06574177742	0.2145458683057552	0.0	2
139	680.6724960803986	0.2145458683057552	0.0	3
140	686.3322162628174	0.21516996288356977	0.0006240945778145657	0
141	691.952849149704	0.21516996288356977	0.0	1
142	697.5983629226685	0.2161002437584663	0.0009302808748965219	0
143	703.2069985866547	0.2161002437584663	0.0	1
144	708.8605856895447	0.2161002437584663	0.0	2
145	714.536292552948	0.2161002437584663	0.0	3
146	720.1231656074524	0.21618198530276378	8.174154429749225e-05	0
147	725.817275762558	0.2164548613234215	0.00027287602065773076	0
148	731.4385755062103	0.2166148167931122	0.0001599554696906924	0
149	737.1487123966217	0.21677842849281306	0.00016361169970086076	0
150	742.8640522956848	0.21716731173097908	0.0003888832381660212	0
151	748.4670326709747	0.2179619813812274	0.0007946696502483253	0
152	754.1582727432251	0.2179619813812274	0.0	1
153	759.8050887584686	0.21802103225184377	5.905087061636172e-05	0
154	765.4607908725739	0.21802103225184377	0.0	1
155	771.2134835720062	0.21802103225184377	0.0	2
156	776.9965543746948	0.21858738044311596	0.0005663481912721868	0
157	782.7363705635071	0.21858738044311596	0.0	1
158	788.4443619251251	0.2189976866169194	0.00041030617380344303	0
159	794.175288438797	0.2194043549337278	0.00040666831680841176	0
160	799.8717679977417	0.2194043549337278	0.0	1
161	805.5723011493683	0.21975494880837032	0.00035059387464250746	0
162	811.2944152355194	0.21975494880837032	0.0	1
163	817.0511431694031	0.2203666599739897	0.0006117111656193663	0
164	822.7420606613159	0.2203666599739897	0.0	1
165	828.4418048858643	0.22051109024589854	0.0001444302719088575	0
166	834.0992851257324	0.22120761124934152	0.0006965210034429736	0
167	839.7936720848083	0.22120761124934152	0.0	1
168	845.5582082271576	0.2216627292070383	0.00045511795769678787	0
169	851.2562325000763	0.2216627292070383	0.0	1
170	856.992518901825	0.2224205242159279	0.0007577950088895891	0
171	862.7001259326935	0.2224205242159279	0.0	1
172	868.379367351532	0.2237603212249774	0.0013397970090495148	0
173	874.1746389865875	0.2237603212249774	0.0	1
174	880.0302240848541	0.2237603212249774	0.0	2
175	885.7949798107147	0.2237603212249774	0.0	3
176	891.5679252147675	0.2237603212249774	0.0	4
177	897.2850987911224	0.2237603212249774	0.0	5
178	903.0670733451843	0.22429321215570439	0.0005328909307269758	0
179	908.8503773212433	0.22467788797340646	0.0003846758177020737	0
180	914.7136580944061	0.22490681574188176	0.00022892776847530105	0
181	920.5537571907043	0.22515290390648518	0.00024608816460341965	0
182	926.3329675197601	0.2261233114464178	0.0009704075399326328	0
183	932.1078100204468	0.2261233114464178	0.0	1
184	937.9680199623108	0.22613892850927528	1.561706285746478e-05	0
185	943.8011634349823	0.22698414232413644	0.0008452138148611621	0
186	949.6677687168121	0.22698414232413644	0.0	1
187	955.4742209911346	0.22698414232413644	0.0	2
188	961.2382872104645	0.22698414232413644	0.0	3
189	966.9653451442719	0.2270199145845876	3.577226045115012e-05	0
190	972.7675755023956	0.22719951080744846	0.00017959622286087273	0
191	978.5473349094391	0.2273145993742004	0.00011508856675193635	0
192	984.2569913864136	0.22786250105828568	0.000547901684085278	0
193	989.9834806919098	0.22786250105828568	0.0	1
194	995.6758522987366	0.2291524704503123	0.0012899693920266353	0
195	1001.4557762145996	0.2291524704503123	0.0	1
196	1007.204446554184	0.2291524704503123	0.0	2
197	1012.9572477340698	0.2291524704503123	0.0	3
198	1018.7138116359711	0.22932462560204697	0.00017215515173465978	0
199	1024.5014955997467	0.22932462560204697	0.0	1
200	1030.2660760879517	0.22932462560204697	0.0	2
201	1036.0144336223602	0.2297537089973096	0.00042908339526262496	0
202	1041.7345159053802	0.2297874969721271	3.3787974817511834e-05	0
203	1047.412933588028	0.23041054428807947	0.0006230473159523631	0
204	1053.1243815422058	0.23041054428807947	0.0	1
205	1058.9015345573425	0.23070129725245522	0.00029075296437575116	0
206	1064.5988903045654	0.23088252867366232	0.0001812314212071009	0
207	1070.3576502799988	0.2319425781543968	0.0010600494807344873	0
208	1076.1208064556122	0.2319425781543968	0.0	1
209	1081.8830733299255	0.2319425781543968	0.0	2
210	1087.6124713420868	0.2319425781543968	0.0	3
211	1093.2981612682343	0.2319425781543968	0.0	4
212	1099.0668337345123	0.23204318878522914	0.0001006106308323318	0
213	1104.8144426345825	0.23269008427481563	0.0006468954895864909	0
214	1110.5811696052551	0.23273173590010723	4.1651625291599936e-05	0
215	1116.3749849796295	0.23332410028079847	0.0005923643806912404	0
216	1122.1333639621735	0.23332410028079847	0.0	1
217	1127.977488040924	0.23332410028079847	0.0	2
218	1133.8090748786926	0.23332410028079847	0.0	3
219	1139.6191229820251	0.23380863343571268	0.0004845331549142018	0
220	1145.3947360515594	0.23380863343571268	0.0	1
221	1151.1908721923828	0.23380863343571268	0.0	2
222	1157.0124099254608	0.23406993445684077	0.00026130102112809084	0
223	1162.8129155635834	0.2349807583087184	0.000910823851877629	0
224	1168.6223936080933	0.23528734881213312	0.00030659050341472205	0
225	1174.4694693088531	0.23528734881213312	0.0	1
226	1180.2878069877625	0.2355172870964404	0.00022993828430728502	0
227	1186.1072552204132	0.2355172870964404	0.0	1
228	1191.88365483284	0.2355172870964404	0.0	2
229	1197.6797313690186	0.2355172870964404	0.0	3
230	1203.4191040992737	0.23596433930049668	0.0004470522040562752	0
231	1209.177344083786	0.2366713329225617	0.0007069936220650275	0
232	1214.9225981235504	0.2366713329225617	0.0	1
233	1220.6230175495148	0.2366713329225617	0.0	2
234	1226.3680732250214	0.2368192540673446	0.0001479211447829032	0
235	1232.0897240638733	0.2368192540673446	0.0	1
236	1237.8513464927673	0.2368192540673446	0.0	2
237	1243.635670185089	0.23796652025088424	0.0011472661835396358	0
238	1249.4126901626587	0.23798663870244768	2.0118451563438944e-05	0
239	1255.213128566742	0.23798663870244768	0.0	1
240	1260.9886767864227	0.23798663870244768	0.0	2
241	1266.735053062439	0.2384910514597287	0.0005044127572810253	0
242	1272.5089995861053	0.2384910514597287	0.0	1
243	1278.349323272705	0.2384910514597287	0.0	2
244	1284.092937707901	0.23862728736689118	0.00013623590716246858	0
245	1289.865914106369	0.23864562363598735	1.83362690961697e-05	0
246	1295.6523752212524	0.23900724131970574	0.000361617683718396	0
247	1301.4232540130615	0.23900724131970574	0.0	1
248	1307.1871049404144	0.23922474107277242	0.00021749975306667446	0
249	1313.0077109336853	0.23922474107277242	0.0	1
250	1318.7921965122223	0.23986735564983444	0.0006426145770620229	0
251	1324.573914527893	0.23986735564983444	0.0	1
252	1330.3713164329529	0.23986735564983444	0.0	2
253	1336.1590325832367	0.24052435629774044	0.0006570006479059975	0
254	1341.9731481075287	0.2405533305425948	2.8974244854373943e-05	0
255	1347.8061082363129	0.24057692149401716	2.3590951422347572e-05	0
256	1353.615478515625	0.24057692149401716	0.0	1
257	1359.3494129180908	0.24057692149401716	0.0	2
258	1365.1619708538055	0.24088413667994618	0.00030721518592902175	0
259	1370.9486603736877	0.24098414100127935	0.00010000432133316917	0
260	1376.728393793106	0.24098414100127935	0.0	1
261	1382.5432534217834	0.2410410422291259	5.690122784654528e-05	0
262	1388.4255094528198	0.24128235340979642	0.00024131118067052815	0
263	1394.2265470027924	0.24169548902792934	0.0004131356181329149	0
264	1400.1455755233765	0.24169548902792934	0.0	1
265	1406.0067739486694	0.24169548902792934	0.0	2
266	1411.9464492797852	0.24216918210391894	0.00047369307598960075	0
267	1417.7928748130798	0.24216918210391894	0.0	1
268	1423.60351896286	0.24231175670130004	0.00014257459738109546	0
269	1429.3969485759735	0.24231420031231185	2.4436110118153387e-06	0
270	1435.3661379814148	0.24239656653912364	8.236622681179195e-05	0
271	1441.3207716941833	0.24250572062198977	0.00010915408286613082	0
272	1447.1603887081146	0.24250572062198977	0.0	1
273	1453.0759766101837	0.24310221893108444	0.0005964983090946674	0
274	1458.9485318660736	0.24310221893108444	0.0	1
275	1464.7387664318085	0.24331723832710905	0.00021501939602461273	0
276	1470.5871493816376	0.24331723832710905	0.0	1
277	1476.4429168701172	0.2435016299069179	0.0001843915798088458	0
278	1482.3331062793732	0.24357947637200858	7.784646509068072e-05	0
279	1488.2048740386963	0.24357947637200858	0.0	1
280	1494.020660161972	0.24357947637200858	0.0	2
281	1499.8929364681244	0.24365208652778822	7.261015577963992e-05	0
282	1505.8342490196228	0.24399643357728779	0.00034434704949956596	0
283	1511.7658982276917	0.24433580153968806	0.00033936796240027767	0
284	1517.6195585727692	0.24495409024472267	0.0006182887050346086	0
285	1523.520025730133	0.24495409024472267	0.0	1
286	1529.3791410923004	0.24495409024472267	0.0	2
287	1535.3253762722015	0.24528329792975806	0.00032920768503538755	0
288	1541.1460964679718	0.24528329792975806	0.0	1
289	1547.013772726059	0.24528329792975806	0.0	2
290	1552.9697940349579	0.245428610106393	0.00014531217663493745	0
291	1558.9088599681854	0.2455269057373194	9.829563092639271e-05	0
292	1564.7781131267548	0.24576213544998307	0.00023522971266368153	0
293	1570.642669916153	0.24576213544998307	0.0	1
294	1576.4930679798126	0.2457652037435092	3.06829352611504e-06	0
295	1582.4179983139038	0.24612327543530818	0.00035807169179899456	0
296	1588.3188080787659	0.24612327543530818	0.0	1
297	1594.1974444389343	0.24612327543530818	0.0	2
298	1600.0767860412598	0.2463814162978345	0.0002581408625263182	0
299	1605.878557920456	0.24700484944710452	0.0006234331492700196	0
300	1611.7775568962097	0.24747354506297975	0.0004686956158752309	0
301	1617.6842029094696	0.24747354506297975	0.0	1
302	1623.5503392219543	0.24792300413201762	0.0004494590690378719	0
303	1629.4470162391663	0.24792300413201762	0.0	1
304	1635.3051896095276	0.24792300413201762	0.0	2
305	1641.1778795719147	0.24792300413201762	0.0	3
306	1647.0633790493011	0.24792300413201762	0.0	4
307	1652.9975016117096	0.2485316102580806	0.0006086061260629771	0
308	1658.941213607788	0.2485316102580806	0.0	1
309	1664.8301062583923	0.2485316102580806	0.0	2
310	1670.7094066143036	0.24861498700072435	8.337674264374817e-05	0
311	1676.5321280956268	0.24876647251044176	0.00015148550971741392	0
312	1682.4126477241516	0.24940748863518777	0.0006410161247460133	0
313	1688.2251121997833	0.24940748863518777	0.0	1
314	1694.0860764980316	0.24940748863518777	0.0	2
315	1699.95437002182	0.2494895608937575	8.207225856973754e-05	0
316	1705.8205122947693	0.2494895608937575	0.0	1
317	1711.676192522049	0.2494895608937575	0.0	2
318	1717.5659165382385	0.24955484021650173	6.527932274422166e-05	0
319	1723.4674949645996	0.24957367255700633	1.8832340504593148e-05	0
320	1729.3354799747467	0.24963742691949503	6.375436248870492e-05	0
321	1735.2034816741943	0.24963742691949503	0.0	1
322	1741.0887925624847	0.24993835853425084	0.0003009316147558061	0
323	1746.8953914642334	0.24993835853425084	0.0	1
324	1752.7458629608154	0.24993835853425084	0.0	2
325	1758.5992312431335	0.24993835853425084	0.0	3
326	1764.4547636508942	0.24993835853425084	0.0	4
327	1770.347626209259	0.25052104033597045	0.0005826818017196089	0
328	1776.236654996872	0.25077776647633204	0.00025672614036159613	0
329	1782.1126992702484	0.25077776647633204	0.0	1
330	1787.9539222717285	0.25077776647633204	0.0	2
331	1793.8105535507202	0.25093151186691	0.0001537453905779418	0
332	1799.7695875167847	0.25093151186691	0.0	1
333	1805.6895315647125	0.25093151186691	0.0	2
334	1811.5936567783356	0.2509790796030723	4.7567736162323904e-05	0
335	1817.431449174881	0.25189322897068783	0.0009141493676155243	0
336	1823.267721414566	0.25189322897068783	0.0	1
337	1829.178064584732	0.25189322897068783	0.0	2
338	1835.047401189804	0.25199012825246464	9.689928177680773e-05	0
339	1840.902785539627	0.25199012825246464	0.0	1
340	1846.7592129707336	0.2522299512189099	0.0002398229664452578	0
341	1852.6115520000458	0.2522299512189099	0.0	1
342	1858.539496421814	0.2529898958705693	0.0007599446516594055	0
343	1864.430253982544	0.25337881585476557	0.0003889199841962676	0
344	1870.3171577453613	0.25337881585476557	0.0	1
345	1876.1322798728943	0.25359462529044063	0.00021580943567506283	0
346	1882.03186917305	0.25417738058422074	0.0005827552937801017	0
347	1888.0049045085907	0.25417738058422074	0.0	1
348	1893.8762028217316	0.25417738058422074	0.0	2
349	1899.7959599494934	0.2542879677622667	0.00011058717804596219	0
350	1905.6467320919037	0.2543017291505964	1.376138832970275e-05	0
351	1911.5342395305634	0.2554237691843675	0.0011220400337710879	0
352	1917.4528532028198	0.2554430608502502	1.9291665882714693e-05	0
353	1923.308182001114	0.25599261610569685	0.0005495552554466432	0
354	1929.1954636573792	0.2560650976503706	7.248154467376366e-05	0
355	1935.0024194717407	0.2563105243864295	0.00024542673605887355	0
356	1940.8167097568512	0.2563105243864295	0.0	1
357	1946.630851507187	0.2563105243864295	0.0	2
358	1952.4341027736664	0.2563105243864295	0.0	3
359	1958.2862257957458	0.25662132231030815	0.00031079792387866956	0
360	1964.1765370368958	0.2566671446100335	4.582229972532881e-05	0
361	1970.075673341751	0.2566671446100335	0.0	1
362	1975.8880302906036	0.2566671446100335	0.0	2
363	1981.70054936409	0.25716771740715305	0.0005005727971195695	0
364	1987.5620744228363	0.25751461830575517	0.0003469008986021205	0
365	1993.4190275669098	0.25751461830575517	0.0	1
366	1999.2531836032867	0.25751461830575517	0.0	2
367	2005.0887928009033	0.25843400398268174	0.0009193856769265651	0
368	2010.9008054733276	0.25843400398268174	0.0	1
369	2016.7281534671783	0.25879249825382866	0.0003584942711469252	0
370	2022.544343471527	0.25879249825382866	0.0	1
371	2028.3315320014954	0.25879249825382866	0.0	2
372	2034.137521982193	0.25879249825382866	0.0	3
373	2039.909832239151	0.25881280043554333	2.0302181714670908e-05	0
374	2045.6499724388123	0.2590440615769397	0.0002312611413963772	0
375	2051.4102923870087	0.25945728906014826	0.00041322748320854474	0
376	2057.1517136096954	0.25945728906014826	0.0	1
377	2062.916234254837	0.25945728906014826	0.0	2
378	2068.6461050510406	0.25945728906014826	0.0	3
379	2074.3845303058624	0.25945728906014826	0.0	4
380	2080.2077400684357	0.25945728906014826	0.0	5
381	2085.9523038864136	0.25945728906014826	0.0	6
382	2091.679995536804	0.25945728906014826	0.0	7
383	2097.4306790828705	0.25945728906014826	0.0	8
384	2103.188915014267	0.25967804083689233	0.00022075177674407698	0
385	2108.9854986667633	0.2600085897520319	0.0003305489151395613	0
386	2114.699850797653	0.2600085897520319	0.0	1
387	2120.5501441955566	0.2600085897520319	0.0	2
388	2126.3081035614014	0.2600085897520319	0.0	3
389	2132.0277891159058	0.2600172985612018	8.708809169921672e-06	0
390	2137.806211233139	0.2600172985612018	0.0	1
391	2143.5570363998413	0.2600172985612018	0.0	2
392	2149.2283339500427	0.2600172985612018	0.0	3
393	2154.971952199936	0.260168747324889	0.00015144876368716753	0
394	2160.670558452606	0.260168747324889	0.0	1
395	2166.3643662929535	0.260168747324889	0.0	2
396	2172.103048324585	0.260168747324889	0.0	3
397	2177.8042953014374	0.260168747324889	0.0	4
398	2183.4969565868378	0.260168747324889	0.0	5
399	2189.2611644268036	0.2604737944950331	0.00030504717014412375	0
400	2194.986576318741	0.2604737944950331	0.0	1
401	2200.7209384441376	0.2605382470320966	6.44525370634974e-05	0
402	2206.434011697769	0.2606126761163738	7.442908427718331e-05	0
403	2212.1820476055145	0.260703236707932	9.056059155820861e-05	0
404	2217.940224647522	0.2608727461454884	0.00016950943755639214	0
405	2223.740467309952	0.26103499824206994	0.00016225209658154993	0
406	2229.496481657028	0.26103499824206994	0.0	1
407	2235.2467472553253	0.26111323054047825	7.823229840830948e-05	0
408	2240.997598171234	0.2611944025213068	8.117198082857602e-05	0
409	2246.8327028751373	0.2613867863626957	0.00019238384138886566	0
410	2252.5739164352417	0.2613867863626957	0.0	1
411	2258.289556980133	0.2613867863626957	0.0	2
412	2264.0373237133026	0.2617818613069593	0.000395074944263607	0
413	2269.8413367271423	0.2617818613069593	0.0	1
414	2275.5588138103485	0.2617818613069593	0.0	2
415	2281.2465455532074	0.2617818613069593	0.0	3
416	2286.975507259369	0.2617910294415074	9.168134548098728e-06	0
417	2292.671820640564	0.2617910294415074	0.0	1
418	2298.4086186885834	0.2617910294415074	0.0	2
419	2304.1588315963745	0.2617910294415074	0.0	3
420	2309.844448328018	0.2621281926420925	0.00033716320058507776	0
421	2315.54572224617	0.2621281926420925	0.0	1
422	2321.2707691192627	0.2622562525575237	0.0001280599154312445	0
423	2326.9912502765656	0.2622562525575237	0.0	1
424	2332.691220998764	0.2622562525575237	0.0	2
425	2338.4791238307953	0.2622562525575237	0.0	3
426	2344.1904883384705	0.2626007833371745	0.0003445307796507979	0
427	2349.8841059207916	0.2626007833371745	0.0	1
