1	75.09982752799988	0.004992815775099351	10000000000.004993	0
2	122.33867120742798	0.0056582444973564735	0.0006654287222571222	0
3	170.3554892539978	0.0056582444973564735	0.0	1
4	218.13738679885864	0.006936543290081227	0.0012782987927247537	0
5	266.1303186416626	0.008635326912051489	0.0016987836219702615	0
6	314.4852695465088	0.008635326912051489	0.0	1
7	363.2402789592743	0.008635326912051489	0.0	2
8	411.5869302749634	0.008635326912051489	0.0	3
9	460.4331889152527	0.008635326912051489	0.0	4
10	508.83040857315063	0.008635326912051489	0.0	5
11	558.0866289138794	0.008635326912051489	0.0	6
12	607.5080182552338	0.008635326912051489	0.0	7
13	657.2851493358612	0.008635326912051489	0.0	8
14	706.900648355484	0.009959918565788033	0.001324591653736544	0
15	756.3962438106537	0.010169388641971209	0.00020947007618317588	0
16	806.1414859294891	0.010226117681104738	5.6729039133529904e-05	0
17	856.0319666862488	0.010226117681104738	0.0	1
18	906.0711543560028	0.010291046960560204	6.492927945546574e-05	0
19	956.209456205368	0.010291046960560204	0.0	1
20	1005.9566252231598	0.011004413816889169	0.0007133668563289643	0
21	1055.411675453186	0.011004413816889169	0.0	1
22	1104.9521946907043	0.011042255998131665	3.784218124249644e-05	0
23	1154.3975491523743	0.011363691725659389	0.00032143572752772395	0
24	1203.8912947177887	0.011472012492097403	0.00010832076643801404	0
25	1253.232201576233	0.011472012492097403	0.0	1
26	1302.38285446167	0.011594505608844265	0.00012249311674686174	0
27	1351.3827369213104	0.011594505608844265	0.0	1
28	1400.2235074043274	0.01191462727999112	0.0003201216711468547	0
29	1449.3636474609375	0.01193174484624685	1.7117566255730327e-05	0
30	1498.3480105400085	0.012166682271987049	0.00023493742574019934	0
31	1547.1374650001526	0.012372363325452261	0.00020568105346521239	0
32	1595.9524495601654	0.012372363325452261	0.0	1
33	1644.938054561615	0.012551616711191796	0.0001792533857395348	0
34	1694.0660767555237	0.012968465664143985	0.00041684895295218856	0
35	1743.0551717281342	0.012968465664143985	0.0	1
36	1792.030555009842	0.012968465664143985	0.0	2
37	1840.953283548355	0.012968465664143985	0.0	3
38	1889.909419298172	0.012968465664143985	0.0	4
39	1938.910840511322	0.013109821615813309	0.0001413559516693242	0
40	1988.1728546619415	0.013109821615813309	0.0	1
41	2037.5658967494965	0.013327515354712775	0.00021769373889946562	0
42	2086.6837179660797	0.013327515354712775	0.0	1
43	2135.668479204178	0.013329326686543078	1.8113318303036863e-06	0
44	2184.883757352829	0.013375401539115081	4.6074852572002695e-05	0
45	2234.0239551067352	0.013398883990893872	2.3482451778791477e-05	0
46	2283.2578711509705	0.013632709153189204	0.0002338251622953317	0
47	2332.5024552345276	0.013632709153189204	0.0	1
48	2381.4953911304474	0.013632709153189204	0.0	2
49	2430.5158557891846	0.013632709153189204	0.0	3
50	2479.51908993721	0.01376440186575058	0.00013169271256137545	0
51	2528.3610560894012	0.013776413350036406	1.201148428582599e-05	0
52	2577.4363491535187	0.014040574717044021	0.0002641613670076159	0
53	2626.206794977188	0.014040574717044021	0.0	1
54	2675.0494356155396	0.014040574717044021	0.0	2
55	2723.8633167743683	0.014130914291506154	9.033957446213242e-05	0
56	2772.7185277938843	0.014130914291506154	0.0	1
57	2821.746962070465	0.014130914291506154	0.0	2
58	2870.70748090744	0.014268649981811729	0.0001377356903055748	0
59	2919.6450700759888	0.014268649981811729	0.0	1
60	2968.57466506958	0.014273232363066771	4.582381255042664e-06	0
61	3017.419129371643	0.014532016188559623	0.00025878382549285144	0
62	3066.1802430152893	0.014532016188559623	0.0	1
63	3114.9742398262024	0.014600594556941121	6.857836838149861e-05	0
64	3163.688952445984	0.014611091393058506	1.0496836117384126e-05	0
65	3212.3614659309387	0.014976245319941354	0.00036515392688284826	0
66	3260.8617086410522	0.015090366432140994	0.00011412111219964022	0
67	3309.518486022949	0.015090366432140994	0.0	1
68	3358.0857796669006	0.015143637364948635	5.327093280764125e-05	0
69	3406.705085992813	0.015401424237245763	0.00025778687229712806	0
70	3455.247107744217	0.015436772834350522	3.5348597104759016e-05	0
71	3503.856543779373	0.0154693443762884	3.2571541937876855e-05	0
72	3551.969404220581	0.0154693443762884	0.0	1
73	3599.9841344356537	0.0154693443762884	0.0	2
74	3648.1425025463104	0.015855221717009583	0.00038587734072118365	0
75	3696.298196077347	0.015949271638967605	9.404992195802264e-05	0
76	3744.2953066825867	0.016179123402261186	0.00022985176329358079	0
77	3792.3257224559784	0.016179123402261186	0.0	1
78	3840.718507528305	0.016179123402261186	0.0	2
79	3889.0319647789	0.016179123402261186	0.0	3
80	3937.1207320690155	0.016179125804558044	2.4022968579673343e-09	4
81	3985.3784980773926	0.016179125804558044	0.0	5
82	4033.4445390701294	0.01623193549636911	5.280969181106418e-05	0
83	4081.596564769745	0.01623828116351731	6.345667148202616e-06	0
84	4129.49644446373	0.01634675087236047	0.00010846970884315771	0
85	4177.1691970825195	0.01634675087236047	0.0	1
86	4225.091774225235	0.01634675087236047	0.0	2
87	4273.147186994553	0.01634675087236047	0.0	3
88	4321.170742273331	0.01634675087236047	0.0	4
89	4369.2602705955505	0.01634675087236047	0.0	5
90	4417.067983865738	0.016382649595445522	3.5898723085053125e-05	0
91	4464.856392383575	0.016450546912668014	6.789731722249212e-05	0
92	4512.764061450958	0.016450546912668014	0.0	1
93	4560.700099945068	0.0165206207108431	7.007379817508541e-05	0
94	4608.335354566574	0.0165206207108431	0.0	1
95	4656.008353233337	0.0165206207108431	0.0	2
96	4703.733911752701	0.01652226268074497	1.6419699018707656e-06	0
97	4751.518350124359	0.0165573662435703	3.5103562825329615e-05	0
98	4799.470413684845	0.01659020564160775	3.283939803745001e-05	0
99	4847.447406768799	0.01670174188238908	0.00011153624078133126	0
100	4895.556226015091	0.01670174188238908	0.0	1
101	4943.7269876003265	0.016702103428066082	3.6154567700091844e-07	2
102	4992.124213218689	0.016792055031585783	8.99516035197008e-05	0
103	5040.387565374374	0.01682329329876793	3.123826718214734e-05	0
104	5088.691953420639	0.01701184237219627	0.00018854907342833946	0
105	5137.067990779877	0.01701184237219627	0.0	1
106	5185.591711997986	0.01701184237219627	0.0	2
107	5234.086358785629	0.017101828809020395	8.998643682412572e-05	0
108	5282.164763212204	0.01710183361361411	4.8045937159346686e-09	1
109	5330.453662395477	0.017357631384113507	0.0002557977704993955	0
110	5378.995314836502	0.017357631384113507	0.0	1
111	5427.317237377167	0.017363808890481707	6.177506368200414e-06	0
112	5475.70134973526	0.0175200650884076	0.0001562561979258914	0
113	5524.220430612564	0.01753974110081621	1.9676012408612054e-05	0
114	5572.6541583538055	0.01753974110081621	0.0	1
115	5621.035066366196	0.01774070524440238	0.00020096414358616865	0
116	5669.3877630233765	0.017750875368147186	1.0170123744806386e-05	0
117	5718.01465010643	0.01779162793203214	4.075256388495416e-05	0
118	5766.585458517075	0.017794809774219454	3.1818421873143488e-06	0
119	5814.937947034836	0.018272176188448924	0.00047736641422947007	0
120	5863.38948225975	0.018272176188448924	0.0	1
121	5911.797316789627	0.018302651726378925	3.0475537930001184e-05	0
122	5960.347327709198	0.018302651726378925	0.0	1
123	6008.891304016113	0.018302651726378925	0.0	2
124	6057.324635267258	0.018314107078942318	1.1455352563392168e-05	0
125	6105.632090330124	0.018314107078942318	0.0	1
126	6153.975104808807	0.018834185130143757	0.0005200780512014391	0
127	6202.5814254283905	0.018908800470527315	7.461534038355824e-05	0
128	6251.07852101326	0.018908800470527315	0.0	1
129	6299.532444238663	0.018908800470527315	0.0	2
130	6347.939163684845	0.018908800470527315	0.0	3
131	6396.320689678192	0.018959470916987072	5.067044645975724e-05	0
132	6444.600966453552	0.019027515975466282	6.804505847921027e-05	0
133	6493.075048923492	0.019027515975466282	0.0	1
134	6541.333690643311	0.019066234995061646	3.8719019595363086e-05	0
135	6589.64812374115	0.019066234995061646	0.0	1
136	6637.998352527618	0.01911708801608255	5.085302102090378e-05	0
137	6686.567897558212	0.01911708801608255	0.0	1
138	6735.045852422714	0.01911708801608255	0.0	2
139	6783.642192602158	0.01911708801608255	0.0	3
140	6832.005915403366	0.019118513779267276	1.425763184726564e-06	0
141	6880.367150783539	0.019143564930893798	2.5051151626521995e-05	0
142	6928.652788877487	0.019319494738931443	0.0001759298080376455	0
143	6977.236654043198	0.019461785184078206	0.00014229044514676298	0
144	7025.719769954681	0.019461785184078206	0.0	1
145	7074.234705448151	0.019550772265409754	8.898708133154784e-05	0
146	7122.559886932373	0.019559322039924405	8.549774514650388e-06	0
147	7170.993242740631	0.019559322039924405	0.0	1
148	7219.483343362808	0.01970931785224052	0.00014999581231611714	0
149	7267.905334472656	0.01970931785224052	0.0	1
150	7316.223113298416	0.01970931785224052	0.0	2
151	7364.561494588852	0.01970931785224052	0.0	3
152	7413.002264738083	0.019723762863242657	1.444501100213505e-05	0
153	7461.3807961940765	0.019811402256037336	8.76393927946792e-05	0
154	7509.56697845459	0.019811402256037336	0.0	1
155	7557.94819188118	0.019811402256037336	0.0	2
156	7606.469304323196	0.019822715873086157	1.1313617048820668e-05	0
157	7654.96143078804	0.019937791898286518	0.00011507602520036131	0
158	7703.352649927139	0.020132323892037625	0.00019453199375110697	0
159	7751.791574716568	0.020132323892037625	0.0	1
160	7800.030239343643	0.020138709197083972	6.385305046346934e-06	0
161	7848.349460840225	0.02019336385288134	5.4654655797369e-05	0
162	7896.600065469742	0.020196073643736222	2.7097908548816274e-06	0
163	7944.8212876319885	0.020196073643736222	0.0	1
164	7993.096418619156	0.020567586450399987	0.0003715128066637645	0
165	8041.309925794601	0.020629496042705996	6.190959230600868e-05	0
166	8089.542906761169	0.020629496042705996	0.0	1
167	8137.697115182877	0.020629496042705996	0.0	2
168	8186.116232633591	0.020828941934678432	0.00019944589197243637	0
169	8234.499146699905	0.020828941934678432	0.0	1
170	8282.828113079071	0.020828941934678432	0.0	2
171	8331.183954954147	0.02088791111563127	5.896918095283851e-05	0
172	8379.545396566391	0.02088791111563127	0.0	1
173	8427.9228348732	0.02088791111563127	0.0	2
174	8476.272130727768	0.021010103945270985	0.0001221928296397147	0
175	8524.564753293991	0.021010103945270985	0.0	1
176	8573.016991138458	0.021010103945270985	0.0	2
177	8621.345205068588	0.021010103945270985	0.0	3
178	8669.694119691849	0.021038088301360107	2.7984356089121726e-05	0
179	8717.97586107254	0.021064001877558348	2.5913576198240834e-05	0
180	8766.377437353134	0.021064001877558348	0.0	1
181	8814.722188472748	0.02117985024119829	0.0001158483636399428	0
182	8863.003070116043	0.02118845046394694	8.600222748650355e-06	0
183	8911.277010202408	0.02118845046394694	0.0	1
184	8959.55312037468	0.02120783219499055	1.9381731043609934e-05	0
185	9007.86377620697	0.021236760653744538	2.892845875398717e-05	0
186	9056.03978061676	0.021236760653744538	0.0	1
187	9104.454576015472	0.021343929518839542	0.00010716886509500381	0
188	9152.841132164001	0.021343929518839542	0.0	1
189	9201.212520837784	0.02144006703676644	9.61375179268989e-05	0
190	9249.571177482605	0.02144006703676644	0.0	1
191	9297.78129196167	0.02144006703676644	0.0	2
192	9346.030827522278	0.021444088481705335	4.021444938894642e-06	0
193	9394.364619493484	0.021594448241995315	0.0001503597602899795	0
194	9442.510498523712	0.021594448241995315	0.0	1
195	9490.68873667717	0.02191706710072519	0.0003226188587298756	0
196	9538.966946840286	0.02201580870844526	9.874160772006813e-05	0
197	9587.223926782608	0.02201580870844526	0.0	1
198	9635.272544145584	0.022086337741874778	7.05290334295193e-05	0
199	9683.625218868256	0.022086337741874778	0.0	1
200	9731.86886048317	0.022102116027632637	1.577828575785936e-05	0
201	9780.05482506752	0.022466126461211475	0.00036401043357883744	0
202	9828.284211874008	0.022466126461211475	0.0	1
203	9876.45033955574	0.022466126461211475	0.0	2
204	9924.647869825363	0.022466126461211475	0.0	3
205	9973.063273906708	0.022474882833255844	8.756372044369659e-06	0
206	10021.228732824326	0.022480107828920178	5.22499566433382e-06	0
207	10069.709650754929	0.022480107828920178	0.0	1
208	10118.13958621025	0.022634520264008196	0.0001544124350880173	0
209	10166.534630060196	0.022634520264008196	0.0	1
210	10214.688835382462	0.02264015365013825	5.633386130052959e-06	0
211	10263.087387800217	0.02269844057878365	5.8286928645401304e-05	0
212	10311.440635681152	0.02269844057878365	0.0	1
213	10359.783226251602	0.02269844057878365	0.0	2
214	10408.176765918732	0.02394058660553071	0.001242146026747059	0
215	10456.691220760345	0.02396687253774181	2.628593221110087e-05	0
216	10505.240840911865	0.023994996227048645	2.812368930683526e-05	0
217	10553.94060087204	0.023994996227048645	0.0	1
218	10603.132323265076	0.02401007784671793	1.5081619669284757e-05	0
219	10652.436579465866	0.024102965056997085	9.288721027915503e-05	0
220	10701.925106525421	0.024102965056997085	0.0	1
221	10751.50872206688	0.024321071990955984	0.00021810693395889896	0
222	10801.036278963089	0.02447746151635745	0.00015638952540146522	0
223	10850.739304542542	0.02447746151635745	0.0	1
224	10900.778072834015	0.02447746151635745	0.0	2
225	10950.874127149582	0.024492423021183873	1.4961504826424554e-05	0
226	11001.515382051468	0.024492423021183873	0.0	1
227	11052.25073170662	0.024492423021183873	0.0	2
228	11103.187428712845	0.02451709460990696	2.4671588723088056e-05	0
229	11154.508553028107	0.02451709460990696	0.0	1
230	11205.545354366302	0.024889834990264738	0.0003727403803577764	0
231	11256.600011348724	0.024889834990264738	0.0	1
232	11307.595342874527	0.024889834990264738	0.0	2
233	11358.905156373978	0.024967287443236605	7.745245297186704e-05	0
234	11410.06885099411	0.025087443125141447	0.00012015568190484188	0
235	11461.27825331688	0.025087443125141447	0.0	1
236	11512.697433948517	0.025087443125141447	0.0	2
237	11563.817072153091	0.025087443125141447	0.0	3
238	11615.065877199173	0.025087443125141447	0.0	4
239	11666.64111661911	0.02511900690354774	3.1563778406292625e-05	0
240	11718.07243847847	0.02511900690354774	0.0	1
241	11769.526510477066	0.02513116733023871	1.2160426690971393e-05	0
242	11820.876069068909	0.02513116733023871	0.0	1
243	11872.29210782051	0.02513116733023871	0.0	2
244	11923.871230840683	0.02513116733023871	0.0	3
245	11975.480814218521	0.02516479708394217	3.362975370345758e-05	0
246	12027.114416122437	0.02519824666538134	3.344958143917248e-05	0
247	12078.79246044159	0.02524629020022779	4.8043534846449465e-05	0
248	12130.42074751854	0.02524629020022779	0.0	1
249	12181.859410762787	0.025273698005071187	2.7407804843396916e-05	0
250	12233.49407696724	0.025273698005071187	0.0	1
251	12284.936313390732	0.025343314165694984	6.961616062379702e-05	0
252	12336.356769323349	0.025349276666494468	5.962500799483461e-06	0
253	12387.917560338974	0.0253665203533352	1.7243686840733713e-05	0
254	12439.359638690948	0.025451840328514285	8.531997517908368e-05	0
255	12490.792159080505	0.02548613311615032	3.429278763603452e-05	0
256	12542.387784004211	0.02548613311615032	0.0	1
257	12593.878148794174	0.025601200733311683	0.00011506761716136363	0
258	12645.561731338501	0.025601200733311683	0.0	1
259	12697.182897090912	0.025601200733311683	0.0	2
260	12748.860712051392	0.025601200733311683	0.0	3
261	12800.587648391724	0.025601200733311683	0.0	4
262	12852.04505610466	0.025601200733311683	0.0	5
263	12903.596952676773	0.025896000994435585	0.0002948002611239016	0
264	12955.187287330627	0.025896000994435585	0.0	1
265	13006.581843137741	0.02597689593880377	8.089494436818584e-05	0
266	13058.05737042427	0.026041287103763234	6.43911649594632e-05	0
267	13109.66133069992	0.026044698365300406	3.4112615371721666e-06	0
268	13160.979634046555	0.026044698365300406	0.0	1
269	13212.448856115341	0.026146911291979078	0.00010221292667867213	0
270	13263.950639724731	0.026181924768672264	3.501347669318533e-05	0
271	13315.628653526306	0.02619148831246064	9.563543788376067e-06	0
272	13367.385113716125	0.026194853930357528	3.3656178968881345e-06	0
273	13418.908999681473	0.026194853930357528	0.0	1
274	13470.328065633774	0.026246118945289436	5.126501493190813e-05	0
275	13522.192789793015	0.026590661165137804	0.00034454221984836844	0
276	13573.831325531006	0.026657296075361856	6.663491022405182e-05	0
277	13625.374325275421	0.026657296075361856	0.0	1
278	13676.969636440277	0.026714336211938392	5.704013657653606e-05	0
279	13728.712503910065	0.026810639488348435	9.630327641004313e-05	0
280	13780.319737911224	0.026810639488348435	0.0	1
281	13831.856274843216	0.02681070194806672	6.245971828633401e-08	2
282	13883.285917520523	0.02681070194806672	0.0	3
283	13934.752226829529	0.026812753509582742	2.0515615160206224e-06	0
284	13986.198787927628	0.026836646754124106	2.389324454136338e-05	0
285	14037.819193124771	0.026843164185497596	6.517431373490035e-06	0
286	14089.468424081802	0.026927684195823247	8.452001032565118e-05	0
287	14141.188069343567	0.026927684195823247	0.0	1
288	14192.812384843826	0.027018680798475813	9.099660265256618e-05	0
289	14244.135951519012	0.02704137769918231	2.2696900706498102e-05	0
290	14295.338792324066	0.02704137769918231	0.0	1
291	14346.74755191803	0.02721185669565105	0.00017047899646873907	0
292	14398.161700725555	0.02721185669565105	0.0	1
293	14449.527562141418	0.02721185669565105	0.0	2
294	14501.070591926575	0.027247004700968233	3.514800531718293e-05	0
295	14552.623085737228	0.027349618811222054	0.00010261411025382083	0
296	14604.238599777222	0.027349618811222054	0.0	1
297	14656.034031867981	0.027349618811222054	0.0	2
298	14707.753598213196	0.02743667324473201	8.70544335099567e-05	0
299	14759.506476640701	0.027466226300668858	2.955305593684704e-05	0
300	14811.16628241539	0.02772834331305103	0.0002621170123821709	0
301	14862.672731876373	0.02772834331305103	0.0	1
302	14914.242149829865	0.02772834331305103	0.0	2
303	14965.82263970375	0.02772834331305103	0.0	3
304	15017.337448596954	0.0277483832734335	2.003996038247094e-05	0
305	15068.837871789932	0.0277483832734335	0.0	1
306	15120.572868347168	0.027835973419142606	8.759014570910648e-05	0
307	15172.20169043541	0.027835973419142606	0.0	1
308	15223.962038040161	0.027854041093805345	1.8067674662738953e-05	0
309	15275.496236801147	0.027873341146755812	1.93000529504668e-05	0
310	15326.973538160324	0.028019612197794898	0.00014627105103908605	0
311	15378.491798877716	0.028019612197794898	0.0	1
312	15429.966233968735	0.028054469525192367	3.4857327397469495e-05	0
313	15481.591520547867	0.028054469525192367	0.0	1
314	15533.23582315445	0.028054469525192367	0.0	2
315	15584.788811445236	0.028054469525192367	0.0	3
316	15636.307367563248	0.028061753289263292	7.283764070924875e-06	0
317	15687.778893470764	0.028157732255597617	9.59789663343251e-05	0
318	15739.47148156166	0.028222615891412797	6.488363581517997e-05	0
319	15791.081298589706	0.028222615891412797	0.0	1
320	15842.715950012207	0.028222615891412797	0.0	2
321	15894.2929084301	0.028222615891412797	0.0	3
322	15945.86838388443	0.028222615891412797	0.0	4
323	15997.47333073616	0.028238970728416378	1.6354837003580702e-05	0
324	16049.080962181091	0.028345077778300514	0.00010610704988413613	0
325	16100.718358278275	0.02852217029801703	0.00017709251971651657	0
326	16152.217534780502	0.028524904111840485	2.733813823454362e-06	0
327	16203.927566289902	0.028524904111840485	0.0	1
328	16255.6986348629	0.028579373790779853	5.4469678939367966e-05	0
329	16307.072299003601	0.028579373790779853	0.0	1
330	16358.56725025177	0.028579373790779853	0.0	2
331	16410.332021713257	0.028579373790779853	0.0	3
332	16461.711293697357	0.028579373790779853	0.0	4
333	16513.144361257553	0.02858042599680329	1.0522060234358088e-06	0
334	16564.859367370605	0.02858042599680329	0.0	1
335	16616.554891824722	0.028584305706227612	3.879709424323141e-06	0
336	16668.127556324005	0.028585163326205622	8.576199780098437e-07	1
337	16719.6589512825	0.02904712260954166	0.00046195928333603656	0
338	16771.522193670273	0.02904712260954166	0.0	1
339	16823.25631928444	0.029067479673109277	2.0357063567618544e-05	0
340	16874.909871578217	0.02908647703665574	1.899736354646353e-05	0
341	16926.340348005295	0.02908647703665574	0.0	1
342	16977.72457575798	0.029108474868976806	2.199783232106553e-05	0
343	17029.25731420517	0.029498771234766744	0.0003902963657899383	0
344	17080.657266378403	0.029498771234766744	0.0	1
345	17132.208193540573	0.0295780133988972	7.924216413045596e-05	0
346	17183.914672136307	0.029616656746141563	3.8643347244363135e-05	0
347	17235.496599674225	0.029616656746141563	0.0	1
348	17286.92570900917	0.029616656746141563	0.0	2
349	17338.45033979416	0.029616656746141563	0.0	3
350	17389.966347694397	0.029616656746141563	0.0	4
351	17441.482139110565	0.02974890799272223	0.0001322512465806655	0
352	17493.065556049347	0.02974890799272223	0.0	1
353	17544.612372159958	0.029996219649573688	0.0002473116568514587	0
354	17596.320903778076	0.029996219649573688	0.0	1
355	17647.807455062866	0.029996219649573688	0.0	2
356	17699.401319026947	0.029996219649573688	0.0	3
357	17751.02588915825	0.03001649023045445	2.0270580880762945e-05	0
358	17802.76159977913	0.030069071704064084	5.258147360963361e-05	0
359	17854.452762126923	0.030069681887465803	6.101834017190055e-07	1
360	17906.09270310402	0.030069681887465803	0.0	2
361	17957.77933692932	0.030077888133529882	8.20624606407902e-06	0
362	18009.55774831772	0.030235370704001355	0.0001574825704714726	0
363	18061.104268074036	0.030235370704001355	0.0	1
364	18112.851866960526	0.030235370704001355	0.0	2
365	18164.40486764908	0.030293794563567615	5.842385956626034e-05	0
366	18215.92087316513	0.030314831477145813	2.1036913578197786e-05	0
367	18267.556778907776	0.0303333507836177	1.8519306471887625e-05	0
368	18318.996735811234	0.0303333507836177	0.0	1
369	18370.620557308197	0.0303333507836177	0.0	2
370	18422.269677639008	0.03035048636709986	1.7135583482159877e-05	0
371	18473.771169424057	0.03203278122401675	0.0016822948569168925	0
372	18525.392649173737	0.03203278122401675	0.0	1
373	18577.503504753113	0.03206980782547624	3.7026601459488884e-05	0
374	18629.564982414246	0.0335652135960931	0.0014954057706168603	0
375	18681.764991760254	0.03372489426818888	0.0001596806720957772	0
376	18734.5263671875	0.03372489426818888	0.0	1
377	18787.760020017624	0.03381390176904372	8.900750085483883e-05	0
378	18841.582535028458	0.033917190924714395	0.0001032891556706772	0
379	18895.336822986603	0.033917190924714395	0.0	1
380	18949.573949098587	0.03398373454765788	6.654362294348376e-05	0
381	19004.103727579117	0.03398373454765788	0.0	1
382	19059.08838415146	0.03399715858249572	1.3424034837838938e-05	0
383	19114.31445479393	0.03399715858249572	0.0	1
384	19169.465601444244	0.034094062433120055	9.69038506243372e-05	0
385	19225.073148489	0.03427694448826234	0.0001828820551422819	0
386	19281.21991634369	0.03427694448826234	0.0	1
387	19337.519377231598	0.03427694448826234	0.0	2
388	19394.016058683395	0.03427694448826234	0.0	3
389	19450.36734867096	0.03462987072414221	0.0003529262358798746	0
390	19506.923367738724	0.03462987072414221	0.0	1
391	19563.673471689224	0.034937393549421665	0.00030752282527945346	0
392	19620.287945985794	0.034965812721241926	2.8419171820261158e-05	0
393	19677.029349803925	0.034965812721241926	0.0	1
394	19733.6084754467	0.034974686805832295	8.874084590368425e-06	0
395	19790.257261514664	0.03537909666565808	0.00040440985982578836	0
396	19847.0219912529	0.03537909666565808	0.0	1
397	19903.517805337906	0.03537909666565808	0.0	2
398	19960.09283900261	0.03537909666565808	0.0	3
399	20016.74266600609	0.03538049720472581	1.4005390677265805e-06	0
400	20073.302529096603	0.03543943275352265	5.893554879683738e-05	0
401	20129.74610066414	0.03545278712175163	1.3354368228982172e-05	0
402	20186.299969673157	0.03545278712175163	0.0	1
403	20242.957082509995	0.03548562171519536	3.283459344373407e-05	0
404	20299.502564907074	0.03548562171519536	0.0	1
405	20356.185793876648	0.03548562171519536	0.0	2
406	20412.916831970215	0.036075505708472316	0.0005898839932769531	0
407	20469.48441529274	0.036075505708472316	0.0	1
408	20526.00971865654	0.036075505708472316	0.0	2
409	20582.52138733864	0.036075505708472316	0.0	3
410	20638.88706278801	0.036076538696120895	1.032987648579009e-06	0
411	20694.91820693016	0.03613244494858085	5.590625245995712e-05	0
412	20751.525404691696	0.03613244494858085	0.0	1
413	20808.077043771744	0.03615807985834366	2.56349097628103e-05	0
414	20864.74843454361	0.03615807985834366	0.0	1
415	20920.784516572952	0.036174393856300675	1.6313997957012605e-05	0
416	20977.064459085464	0.036174393856300675	0.0	1
417	21033.67018866539	0.036174393856300675	0.0	2
418	21090.424999713898	0.03620299800497894	2.8604148678265662e-05	0
419	21147.105434179306	0.03653841389906694	0.0003354158940879967	0
420	21203.60750889778	0.03653841389906694	0.0	1
421	21260.28560256958	0.03653841389906694	0.0	2
422	21317.09455347061	0.03695193807316881	0.00041352417410187026	0
423	21373.60564994812	0.03695193807316881	0.0	1
424	21430.326491594315	0.03695193807316881	0.0	2
425	21487.047254562378	0.03695193807316881	0.0	3
426	21543.62627196312	0.03696124937578718	9.311302618372763e-06	0
427	21600.551735639572	0.03696124937578718	0.0	1
428	21657.222801446915	0.03696124937578718	0.0	2
429	21714.35023880005	0.03702116986629546	5.992049050827786e-05	0
430	21771.153649568558	0.037034860556084445	1.3690689788986576e-05	0
431	21828.12664628029	0.037034860556084445	0.0	1
432	21884.984954595566	0.037284829153259924	0.0002499685971754789	0
433	21941.869131088257	0.037284829153259924	0.0	1
434	21998.815099477768	0.037284829153259924	0.0	2
435	22055.77936220169	0.037284829153259924	0.0	3
436	22112.465602636337	0.03733945498149501	5.462582823508727e-05	0
437	22169.24458837509	0.03733945498149501	0.0	1
438	22225.99588036537	0.037530461604608226	0.0001910066231132143	0
439	22282.644504070282	0.037530461604608226	0.0	1
440	22339.747438669205	0.037530461604608226	0.0	2
441	22397.06904554367	0.037530461604608226	0.0	3
442	22454.549934625626	0.03753518692252627	4.725317918043148e-06	0
443	22512.297677755356	0.03753518692252627	0.0	1
444	22570.361299276352	0.037538670252969156	3.4833304428869005e-06	0
445	22628.71095776558	0.03757293901763662	3.426876466746526e-05	0
446	22686.766714334488	0.03757599233694208	3.053319305459934e-06	0
447	22744.80190563202	0.03767065484459868	9.466250765659961e-05	0
448	22802.968210697174	0.03767065484459868	0.0	1
449	22861.17355298996	0.03767065484459868	0.0	2
450	22919.448907136917	0.03767065484459868	0.0	3
451	22978.036220550537	0.03767065484459868	0.0	4
452	23036.534304380417	0.03767065484459868	0.0	5
453	23094.866851329803	0.03767065484459868	0.0	6
454	23153.21215891838	0.03785619143776813	0.0001855365931694511	0
455	23211.762300491333	0.037875073491065454	1.8882053297322732e-05	0
456	23270.354392290115	0.037875073491065454	0.0	1
457	23328.853588104248	0.037896266553939364	2.119306287391015e-05	0
458	23387.359865665436	0.037993655668528845	9.738911458948007e-05	0
459	23446.03886270523	0.03803184257937035	3.8186910841502e-05	0
460	23504.466401338577	0.03806482131062551	3.297873125516354e-05	0
461	23563.154589891434	0.03829985002364628	0.0002350287130207726	0
462	23621.399448394775	0.03829985002364628	0.0	1
463	23680.221193552017	0.03848643882283918	0.00018658879919289384	0
464	23738.695398807526	0.03848643882283918	0.0	1
465	23797.10827112198	0.03877999229189421	0.0002935534690550329	0
466	23855.706545591354	0.03877999229189421	0.0	1
467	23914.48927116394	0.03877999229189421	0.0	2
468	23973.342633247375	0.03877999229189421	0.0	3
469	24032.06207561493	0.03877999229189421	0.0	4
470	24090.678511619568	0.03877999229189421	0.0	5
471	24149.146925210953	0.03878071298095136	7.20689057147339e-07	6
472	24207.882229328156	0.03878071298095136	0.0	7
473	24266.34816479683	0.03878071298095136	0.0	8
474	24324.996826648712	0.03897023258230999	0.0001895196013586356	0
475	24383.68938422203	0.03897023258230999	0.0	1
476	24442.35787844658	0.038992535506331916	2.2302924021923298e-05	0
477	24500.85817193985	0.03899927875360998	6.743247278062636e-06	0
478	24559.486757278442	0.03899927875360998	0.0	1
479	24618.111423254013	0.03908102170876874	8.174295515876034e-05	0
480	24676.465008497238	0.03908102170876874	0.0	1
481	24734.823922395706	0.03908102170876874	0.0	2
482	24793.23961663246	0.03908102170876874	0.0	3
483	24851.78288578987	0.03920987130299966	0.00012884959423092174	0
484	24910.244468927383	0.03935683181323675	0.00014696051023709022	0
485	24968.95410656929	0.03935683181323675	0.0	1
486	25027.337264060974	0.03935683181323675	0.0	2
487	25085.929551124573	0.03935683181323675	0.0	3
488	25144.78094935417	0.03935683181323675	0.0	4
489	25203.31361603737	0.039610994820724846	0.00025416300748809517	0
490	25261.802378177643	0.03962765474942929	1.665992870444194e-05	0
491	25320.56221294403	0.03962765474942929	0.0	1
492	25379.274267435074	0.03962765474942929	0.0	2
493	25438.00720500946	0.0396306432067196	2.988457290312163e-06	0
494	25496.64442706108	0.0396339295488202	3.286342100602968e-06	0
495	25555.371059417725	0.0396339295488202	0.0	1
496	25614.20180940628	0.0396339295488202	0.0	2
497	25672.744689702988	0.039663828535504486	2.9898986684283313e-05	0
498	25731.39633512497	0.039663828535504486	0.0	1
499	25789.918262720108	0.03971787541019699	5.4046874692501023e-05	0
500	25848.48094367981	0.03971787541019699	0.0	1
501	25907.17453289032	0.03971787541019699	0.0	2
502	25966.045037984848	0.03974244370015522	2.4568289958233624e-05	0
503	26024.504011392593	0.03974244370015522	0.0	1
504	26083.213009357452	0.03977925169260071	3.6807992445486715e-05	0
505	26141.806312322617	0.03981594197250019	3.669027989948448e-05	0
506	26200.23990702629	0.03981594197250019	0.0	1
507	26258.79696393013	0.039862685864746915	4.674389224672282e-05	0
508	26317.252791404724	0.03988219731982082	1.9511455073902007e-05	0
509	26375.65321278572	0.03999445665195615	0.00011225933213533656	0
510	26434.320680856705	0.03999445665195615	0.0	1
511	26492.871374845505	0.03999445665195615	0.0	2
512	26551.683151721954	0.04000858455977314	1.4127907816983976e-05	0
513	26610.137525081635	0.04000858455977314	0.0	1
514	26668.736783742905	0.040050571904242674	4.19873444695365e-05	0
515	26727.345538139343	0.04012444253260051	7.38706283578347e-05	0
516	26786.119871139526	0.04012444253260051	0.0	1
517	26844.612276792526	0.04020443181105354	7.9989278453034e-05	0
518	26903.28807616234	0.04020443181105354	0.0	1
519	26962.110455036163	0.04020443181105354	0.0	2
520	27020.73204779625	0.040254570148759446	5.013833770590309e-05	0
521	27079.454885721207	0.040254570148759446	0.0	1
522	27138.293843984604	0.040254570148759446	0.0	2
523	27197.12283205986	0.04033115297026902	7.65828215095743e-05	0
524	27255.815598487854	0.04033115297026902	0.0	1
525	27314.591646432877	0.04033115297026902	0.0	2
526	27373.281124830246	0.04057638423804217	0.0002452312677731494	0
527	27431.961918354034	0.04057638423804217	0.0	1
528	27490.54272198677	0.04059344054572804	1.705630768587124e-05	0
529	27548.967682361603	0.04059344054572804	0.0	1
530	27607.501119852066	0.04059344054572804	0.0	2
531	27666.134593963623	0.04064174593093192	4.830538520388117e-05	0
532	27724.730188846588	0.04064174593093192	0.0	1
533	27783.298001289368	0.04064174593093192	0.0	2
534	27842.123010873795	0.0406511581300183	9.412199086379636e-06	0
535	27900.81441473961	0.040739601091111695	8.844296109339345e-05	0
536	27959.788590192795	0.040739601091111695	0.0	1
537	28018.3739900589	0.04074474681097975	5.145719868052123e-06	0
538	28076.903191566467	0.04077340621248573	2.8659401505981563e-05	0
539	28135.458367824554	0.040785115007367555	1.170879488182619e-05	0
540	28194.10555744171	0.040785115007367555	0.0	1
541	28252.97124838829	0.040785115007367555	0.0	2
542	28311.86747264862	0.04081208319188609	2.696818451853461e-05	0
543	28370.625332593918	0.04081208319188609	0.0	1
544	28429.31058859825	0.040871011533792356	5.8928341906266946e-05	0
545	28488.01416492462	0.040871011533792356	0.0	1
546	28546.414764404297	0.040873831830302666	2.820296510309961e-06	0
547	28605.00443840027	0.04095088309969939	7.70512693967218e-05	0
548	28663.605288743973	0.04096943363603042	1.8550536331034262e-05	0
549	28722.28764820099	0.04096943363603042	0.0	1
550	28781.098528862	0.040992822398231786	2.338876220136371e-05	0
551	28839.806134939194	0.041067778864769054	7.495646653726817e-05	0
552	28898.38929104805	0.041067778864769054	0.0	1
553	28957.041862249374	0.04107635506454914	8.576199780084559e-06	0
554	29015.517626047134	0.04108732875659267	1.0973692043531047e-05	0
555	29074.03541779518	0.04111754965105581	3.0220894463139913e-05	0
556	29132.61185526848	0.04111754965105581	0.0	1
557	29191.25836634636	0.04111754965105581	0.0	2
558	29249.897799491882	0.04111754965105581	0.0	3
559	29308.61777114868	0.041152757713794424	3.5208062738614765e-05	0
560	29367.28737092018	0.041152757713794424	0.0	1
561	29425.942635536194	0.04125421151466623	0.00010145380087180772	0
562	29484.495223760605	0.04125421151466623	0.0	1
563	29543.28029870987	0.04125421151466623	0.0	2
564	29601.96182990074	0.04125421151466623	0.0	3
565	29660.484635591507	0.0413622908502701	0.00010807933560386812	0
566	29719.0461268425	0.041391906365925234	2.9615515655133373e-05	0
567	29777.533317565918	0.04139947840561902	7.57203969378728e-06	0
568	29835.970206975937	0.04142672525657299	2.7246850953968615e-05	0
569	29894.625709056854	0.041501955584951976	7.523032837898624e-05	0
570	29953.36136198044	0.04168645678817599	0.00018450120322401758	0
571	30012.18747997284	0.04168645678817599	0.0	1
572	30070.79319214821	0.04168645678817599	0.0	2
573	30129.270293951035	0.04168645678817599	0.0	3
574	30187.949785232544	0.041741200328957076	5.474354078108257e-05	0
575	30246.720160722733	0.041741200328957076	0.0	1
576	30305.39055800438	0.041741200328957076	0.0	2
577	30364.03455233574	0.04267086999430521	0.0009296696653481318	0
578	30422.731083393097	0.04267086999430521	0.0	1
579	30481.401287794113	0.04267086999430521	0.0	2
580	30540.00711607933	0.04267086999430521	0.0	3
581	30598.567415475845	0.04268746506099451	1.6595066689301108e-05	0
582	30657.104767799377	0.04268746506099451	0.0	1
583	30715.785755872726	0.04268746506099451	0.0	2
584	30774.538953065872	0.042744077588730466	5.661252773595665e-05	0
585	30833.294020414352	0.042744077588730466	0.0	1
586	30892.093969345093	0.04347133452548756	0.0007272569367570911	0
587	30950.635828256607	0.04364721148299435	0.0001758769575067945	0
588	31009.31874370575	0.04364721148299435	0.0	1
589	31068.04655623436	0.04365483637321899	7.624890224641745e-06	0
590	31126.86549258232	0.04398717972962667	0.00033234335640768	0
591	31185.593235731125	0.04398717972962667	0.0	1
592	31244.35370206833	0.044564374790904075	0.0005771950612774024	0
593	31303.247916936874	0.044564374790904075	0.0	1
594	31361.88117146492	0.044564374790904075	0.0	2
595	31420.637836933136	0.044564374790904075	0.0	3
596	31479.245182991028	0.044564374790904075	0.0	4
597	31538.1294131279	0.044564374790904075	0.0	5
598	31596.863641500473	0.044574401977985886	1.0027187081811106e-05	0
599	31655.560882091522	0.04461258888882739	3.8186910841502e-05	0
600	31714.371185064316	0.04463695778814647	2.4368899319081316e-05	0
601	31773.08740925789	0.04463695778814647	0.0	1
602	31832.06311249733	0.04465449455520378	1.7536767057312053e-05	0
603	31891.04767680168	0.04540678822980625	0.0007522936746024653	0
604	31949.67461657524	0.04540678822980625	0.0	1
605	32008.285016059875	0.04540678822980625	0.0	2
606	32066.92233324051	0.04540678822980625	0.0	3
607	32125.7411506176	0.04548871616182302	8.192793201677179e-05	0
608	32184.42995738983	0.0455114755222478	2.2759360424784436e-05	0
609	32243.277159690857	0.04558317447424676	7.169895199895387e-05	0
610	32302.379638195038	0.04568076057717853	9.758610293177095e-05	0
611	32361.07693886757	0.04568076057717853	0.0	1
612	32419.776494264603	0.04646862746364191	0.00078786688646338	0
613	32478.490407705307	0.04649030098588725	2.1673522245344023e-05	0
614	32537.116614341736	0.04653622809720254	4.592711131528454e-05	0
615	32595.774280548096	0.04653622809720254	0.0	1
616	32654.537508010864	0.046786912578841454	0.00025068448163891727	0
617	32713.01474571228	0.046786912578841454	0.0	1
618	32771.98085594177	0.046786912578841454	0.0	2
619	32830.894307374954	0.046786912578841454	0.0	3
620	32889.54864001274	0.046786912578841454	0.0	4
621	32948.444363594055	0.046786912578841454	0.0	5
622	33007.480025053024	0.046894670006666465	0.00010775742782501152	0
623	33066.48244071007	0.046894670006666465	0.0	1
624	33125.325548648834	0.046894670006666465	0.0	2
625	33184.02906227112	0.046927653542515345	3.2983535848879475e-05	0
626	33242.852491140366	0.046934865237680555	7.211695165210141e-06	0
627	33301.44194459915	0.04693706574160172	2.2005039211625554e-06	0
628	33360.29603791237	0.047036198923709506	9.913318210778843e-05	0
629	33419.19395136833	0.047036198923709506	0.0	1
630	33478.02221941948	0.047036198923709506	0.0	2
631	33536.63071203232	0.04704338179131243	7.182867602921472e-06	0
632	33595.260128974915	0.047085868813528255	4.2487022215827175e-05	0
633	33653.86517453194	0.04710825341564332	2.2384602115066432e-05	0
634	33712.38200902939	0.047380217442843015	0.0002719640271996934	0
635	33771.13797712326	0.047380217442843015	0.0	1
636	33830.035261154175	0.047380217442843015	0.0	2
637	33888.71603560448	0.04747498324926447	9.476580642145405e-05	0
638	33947.318538188934	0.047481258048655384	6.274799390915131e-06	0
639	34005.985991477966	0.047481258048655384	0.0	1
640	34064.52219891548	0.04751483254953113	3.357450087574515e-05	0
641	34123.33076310158	0.04753576135975075	2.092881021962395e-05	0
642	34182.36462473869	0.04754079176936966	5.030409618904386e-06	0
643	34241.19867157936	0.04754079176936966	0.0	1
644	34300.37410211563	0.04754364569803597	2.8539286663145647e-06	0
645	34359.74208402634	0.04763167546406994	8.802976603396878e-05	0
646	34419.04704594612	0.04770932730768095	7.76518436110124e-05	0
647	34478.31561279297	0.04770932730768095	0.0	1
648	34537.38241171837	0.04771334394802613	4.0166403451752375e-06	0
649	34596.47296333313	0.04771334394802613	0.0	1
650	34655.737787008286	0.0477467262651533	3.3382317127170213e-05	0
651	34715.03236460686	0.047753140397761934	6.414132608635603e-06	0
652	34774.70851111412	0.047844874505549646	9.173410778771235e-05	0
653	34834.41545462608	0.04792920473442358	8.433022887393421e-05	0
654	34894.126026153564	0.04794100962117969	1.1804886756110189e-05	0
655	34953.51102733612	0.048026382446889636	8.537282570994509e-05	0
656	35013.29381275177	0.048026382446889636	0.0	1
657	35072.98178815842	0.048026382446889636	0.0	2
658	35132.46692895889	0.048026382446889636	0.0	3
