1	4.01775050163269	0.015965832620188927	10000000000.015966	0
2	6.849645376205444	0.016223853710351854	0.0002580210901629264	0
3	9.686479806900024	0.016223853710351854	0.0	1
4	12.567749261856079	0.01655527826906859	0.00033142455871673637	0
5	15.383876085281372	0.01655527826906859	0.0	1
6	18.220834016799927	0.018258580060555658	0.0017033017914870677	0
7	21.061038970947266	0.018258580060555658	0.0	1
8	23.91226315498352	0.01978938433005177	0.0015308042694961131	0
9	26.829700469970703	0.01978938433005177	0.0	1
10	29.790378093719482	0.019913019411924894	0.00012363508187312328	0
11	32.770517110824585	0.022290283843673864	0.0023772644317489704	0
12	35.74655532836914	0.022290283843673864	0.0	1
13	38.73537755012512	0.022290283843673864	0.0	2
14	41.75603365898132	0.022290283843673864	0.0	3
15	44.81146001815796	0.02282907694712214	0.0005387931034482769	0
16	47.87757349014282	0.02282907694712214	0.0	1
17	50.989248752593994	0.023986260501341124	0.0011571835542189823	0
18	54.064841985702515	0.024640670387462517	0.0006544098861213932	0
19	57.17255973815918	0.02670379364150932	0.0020631232540468045	0
20	60.28786087036133	0.02670379364150932	0.0	1
21	63.42945218086243	0.027476252108320838	0.0007724584668115167	0
22	66.55784368515015	0.028259133220255105	0.0007828811119342666	0
23	69.70436406135559	0.03188002327571566	0.0036208900554605544	0
24	72.82600092887878	0.03188002327571566	0.0	1
25	75.96467566490173	0.03188002327571566	0.0	2
26	79.0861349105835	0.03188002327571566	0.0	3
27	82.22450470924377	0.03252579947819059	0.0006457762024749333	0
28	85.38595676422119	0.034446663692079736	0.0019208642138891438	0
29	88.4999885559082	0.034446663692079736	0.0	1
30	91.60814452171326	0.04160416129825712	0.007157497606177385	0
31	94.80672836303711	0.04160416129825712	0.0	1
32	97.99586653709412	0.04160416129825712	0.0	2
33	101.24415063858032	0.04192984836927239	0.00032568707101526817	0
34	104.47547698020935	0.04485912408785841	0.002929275718586019	0
35	107.74699640274048	0.04485912408785841	0.0	1
36	111.01828861236572	0.046126971609410136	0.001267847521551728	0
37	114.30674648284912	0.046126971609410136	0.0	1
38	117.74565982818604	0.046126971609410136	0.0	2
39	121.16077423095703	0.046126971609410136	0.0	3
40	124.65663051605225	0.051947776416967295	0.005820804807557159	0
41	128.20356345176697	0.051947776416967295	0.0	1
42	131.81649804115295	0.051947776416967295	0.0	2
43	135.48346710205078	0.051947776416967295	0.0	3
44	139.197936296463	0.051947776416967295	0.0	4
45	142.92853474617004	0.051947776416967295	0.0	5
46	146.62579917907715	0.05502686736465751	0.0030790909476902176	0
47	150.3123013973236	0.05502686736465751	0.0	1
48	154.0491282939911	0.05502686736465751	0.0	2
49	157.72982001304626	0.057671053084297694	0.002644185719640181	0
50	161.49156641960144	0.057671053084297694	0.0	1
51	165.1880247592926	0.05782097812177895	0.00014992503748125635	0
52	168.88934135437012	0.05782097812177895	0.0	1
53	172.588641166687	0.05798939672009698	0.00016841859831803058	0
54	176.36700057983398	0.058535876409939555	0.0005464796898425744	0
55	180.0599081516266	0.06688504197608226	0.008349165566142708	0
56	183.84347081184387	0.06688504197608226	0.0	1
57	187.6071584224701	0.06688504197608226	0.0	2
58	191.3846960067749	0.06920734731511197	0.002322305339029704	0
59	195.12271571159363	0.06920734731511197	0.0	1
60	198.94605374336243	0.07142241562324306	0.0022150683081310907	0
61	202.89732670783997	0.07513481723493722	0.0037124016116941577	0
62	206.8945164680481	0.07607338603647394	0.0009385688015367266	0
63	211.05223155021667	0.07607338603647394	0.0	1
64	215.42646670341492	0.07607338603647394	0.0	2
65	219.85815048217773	0.07607338603647394	0.0	3
66	224.3939507007599	0.07608417928486928	1.0793248395341015e-05	0
67	229.04872107505798	0.08042146834297695	0.004337289058107666	0
68	233.7729799747467	0.08042146834297695	0.0	1
69	238.54154872894287	0.08216653392053973	0.0017450655775627794	0
70	243.31117820739746	0.08216653392053973	0.0	1
71	248.18597292900085	0.08322225910970296	0.001055725189163234	0
72	253.1117603778839	0.08497088430882214	0.0017486251991191831	0
73	258.05679273605347	0.08497088430882214	0.0	1
74	262.9920697212219	0.08497088430882214	0.0	2
75	267.93243861198425	0.08497088430882214	0.0	3
76	272.93881845474243	0.0865193837407468	0.0015484994319246576	0
77	277.9626441001892	0.08696713654891304	0.00044775280816623797	0
78	283.0129990577698	0.0927578996146458	0.005790763065732757	0
79	287.99233508110046	0.0927578996146458	0.0	1
80	293.05853247642517	0.0927578996146458	0.0	2
81	298.207396030426	0.09686677352241847	0.0041088739077726755	0
82	303.2735757827759	0.09691849326801442	5.1719745595951716e-05	0
83	308.31564593315125	0.10118695535044976	0.004268462082435337	0
84	313.35093450546265	0.10118695535044976	0.0	1
85	318.4030408859253	0.10118695535044976	0.0	2
86	323.4449815750122	0.10367451772160793	0.0024875623711581724	0
87	328.5237491130829	0.10367451772160793	0.0	1
88	333.5585792064667	0.10367451772160793	0.0	2
89	338.6167776584625	0.10367451772160793	0.0	3
90	343.69167280197144	0.10367451772160793	0.0	4
91	348.78210949897766	0.10367451772160793	0.0	5
92	353.82203125953674	0.1050589451368066	0.0013844274151986607	0
93	358.9130415916443	0.10599559229174474	0.0009366471549381444	0
94	363.97385239601135	0.10599559229174474	0.0	1
95	369.04127502441406	0.10620768717203898	0.0002120948802942363	0
96	374.09969449043274	0.10978738536005433	0.0035796981880153594	0
97	379.16050577163696	0.10978738536005433	0.0	1
98	384.2627010345459	0.11253933885108226	0.002751953491027928	0
99	389.377051115036	0.11270763849032514	0.0001682996392428776	0
100	394.434832572937	0.11270763849032514	0.0	1
101	399.5860471725464	0.11270763849032514	0.0	2
102	404.62837982177734	0.11307401414039074	0.0003663756500656007	0
103	409.73277974128723	0.11452558022746438	0.0014515660870736413	0
104	414.78004145622253	0.11452558022746438	0.0	1
105	419.8626515865326	0.11492322381289823	0.00039764358543384337	0
106	424.93298625946045	0.11500639450782421	8.317069492598528e-05	0
107	430.06100702285767	0.11530916365547694	0.00030276914765273166	0
108	435.1930527687073	0.11636659087448463	0.0010574272190076867	0
109	440.3013849258423	0.11820726294567559	0.0018406720711909574	0
110	445.35663175582886	0.11820726294567559	0.0	1
111	450.41125297546387	0.11820726294567559	0.0	2
112	455.54669737815857	0.11832297352300411	0.0001157105773285233	0
113	460.6942791938782	0.12108892758210738	0.002765954059103265	0
114	465.77698135375977	0.12108892758210738	0.0	1
115	470.85606145858765	0.12119265989563811	0.00010373231353073831	0
116	475.9689607620239	0.12206633194633151	0.0008736720506933998	0
117	481.06778144836426	0.12206633194633151	0.0	1
118	486.1723940372467	0.12251347165772582	0.00044713971139430375	0
119	491.19743037223816	0.12366301895438998	0.0011495472966641662	0
120	496.27122497558594	0.12366301895438998	0.0	1
121	501.3634536266327	0.12388082387029141	0.00021780491590142614	0
122	506.48452854156494	0.12411959303551348	0.00023876916522207192	0
123	511.61563205718994	0.1247395985844968	0.0006200055489833239	0
124	516.6965293884277	0.1253534457136666	0.0006138471291698006	0
125	521.839857339859	0.12609659220682626	0.0007431464931596521	0
126	526.924310207367	0.12710615212413323	0.0010095599173069736	0
127	532.0220189094543	0.12710615212413323	0.0	1
128	537.0682370662689	0.1273188509505013	0.00021269882636806847	0
129	542.1589412689209	0.13038982522898707	0.0030709742784857663	0
130	547.2856178283691	0.13038982522898707	0.0	1
131	552.3930284976959	0.13038982522898707	0.0	2
132	557.5214912891388	0.13039210375281107	2.2785238240063954e-06	0
133	562.6227877140045	0.1307793795973107	0.0003872758444996294	0
134	567.779855966568	0.13083960034143083	6.0220744120126346e-05	0
135	572.8617703914642	0.1315814748875562	0.0007418745461253706	0
136	577.9773993492126	0.13214758282479852	0.0005661079372423217	0
137	583.0849397182465	0.13272206365079178	0.0005744808259932621	0
138	588.1806743144989	0.13272206365079178	0.0	1
139	593.2448558807373	0.13306195718058939	0.00033989352979760246	0
140	598.3504738807678	0.13306195718058939	0.0	1
141	603.4926164150238	0.1331770455104479	0.0001150883298585148	0
142	608.6130137443542	0.1356101246251874	0.0024330791147395003	0
143	613.6558215618134	0.1356101246251874	0.0	1
144	618.8456635475159	0.1366117142844593	0.001001589659271912	0
145	624.0022239685059	0.1366117142844593	0.0	1
146	629.109765291214	0.1367318995531531	0.00012018526869378432	0
147	634.3433141708374	0.1367318995531531	0.0	1
148	639.6602551937103	0.1373329814584895	0.0006010819053363925	0
149	644.9660360813141	0.13737036206018083	3.7380601691339166e-05	0
150	650.2995426654816	0.13844783845870032	0.001077476398519489	0
151	655.5257177352905	0.13844783845870032	0.0	1
152	660.7998967170715	0.13844783845870032	0.0	2
153	666.0969035625458	0.13966748925342015	0.0012196507947198343	0
154	671.3538715839386	0.13966748925342015	0.0	1
155	676.6060206890106	0.13997053292201556	0.0003030436685954041	0
156	681.8643357753754	0.140755553009628	0.0007850200876124425	0
157	687.103746175766	0.140755553009628	0.0	1
158	692.2967269420624	0.14125686485370595	0.0005013118440779507	0
159	697.6051342487335	0.14191070968422037	0.0006538448305144218	0
160	702.9865181446075	0.14191070968422037	0.0	1
161	708.3600752353668	0.14322433814830865	0.001313628464088279	0
162	713.7331564426422	0.14356685792845764	0.00034251978014898654	0
163	719.0269856452942	0.1439065501428973	0.000339692214439663	0
164	724.3534560203552	0.14548808359492127	0.0015815334520239699	0
165	729.6686706542969	0.14548808359492127	0.0	1
166	735.012421131134	0.14548808359492127	0.0	2
167	740.3363478183746	0.14552821855673725	4.013496181598519e-05	0
168	745.6975748538971	0.14706417238158265	0.001535953824845393	0
169	751.0860340595245	0.14706417238158265	0.0	1
170	756.4318180084229	0.14805620871205022	0.0009920363304675717	0
171	761.7413656711578	0.14930163702328522	0.0012454283112350029	0
172	767.0889449119568	0.14930163702328522	0.0	1
173	772.3744051456451	0.14953743221162855	0.00023579518834332402	0
174	777.6952846050262	0.14953743221162855	0.0	1
175	782.9164021015167	0.1504513215804207	0.0009138893687921645	0
176	788.2443001270294	0.1504513215804207	0.0	1
177	793.5326540470123	0.1504701171142944	1.879553387368338e-05	0
178	798.8280596733093	0.15050374592976948	3.362881547508412e-05	0
179	804.1298775672913	0.15289823655066997	0.002394490620900497	0
180	809.4445304870605	0.15289823655066997	0.0	1
181	814.7389659881592	0.15289823655066997	0.0	2
182	820.0657241344452	0.15301564915784294	0.00011741260717296198	0
183	825.3133068084717	0.15405064801583582	0.0010349988579928804	0
184	830.5189297199249	0.15477909848786542	0.0007284504720296014	0
185	835.7970325946808	0.15477909848786542	0.0	1
186	841.1170725822449	0.15477909848786542	0.0	2
187	846.4473826885223	0.1550793877963362	0.00030028930847078583	0
188	851.7653636932373	0.1550793877963362	0.0	1
189	857.0693588256836	0.15596162490044038	0.0008822371041041777	0
190	862.3493912220001	0.15596162490044038	0.0	1
191	867.6190991401672	0.15596162490044038	0.0	2
192	872.9475436210632	0.15728335173233696	0.0013217268318965747	0
193	878.2241377830505	0.15728335173233696	0.0	1
194	883.5347878932953	0.15728335173233696	0.0	2
195	888.8063843250275	0.15795933210152735	0.0006759803691903932	0
196	894.1144371032715	0.15795933210152735	0.0	1
197	899.4418563842773	0.1588430333173257	0.0008837012157983382	0
198	904.7480590343475	0.1588430333173257	0.0	1
199	910.0242664813995	0.160249147886994	0.0014061145696682986	0
200	915.3270604610443	0.160249147886994	0.0	1
201	920.6171407699585	0.160249147886994	0.0	2
202	925.9293386936188	0.16151371945863005	0.001264571571636064	0
203	931.1623494625092	0.16151371945863005	0.0	1
204	936.4556965827942	0.16158868197737067	7.496251874061777e-05	0
205	941.7527120113373	0.16226475385354197	0.0006760718761713025	0
206	947.017499923706	0.16260109691248126	0.00033634305893928684	0
207	952.3234539031982	0.16267605943122188	7.496251874061777e-05	0
208	957.6870901584625	0.16267605943122188	0.0	1
209	962.9950225353241	0.16278343372259182	0.00010737429136994936	0
210	968.2363114356995	0.1630467542107852	0.00026332048819338594	0
211	973.4900238513947	0.16334407869307532	0.0002973244822901122	0
212	978.7547633647919	0.16362399854760118	0.0002799198545258563	0
213	984.0381281375885	0.16429891743581332	0.0006749188882121393	0
214	989.3075566291809	0.16438963745666227	9.072002084895003e-05	0
215	994.5415306091309	0.1646069848376593	0.00021734738099701834	0
216	999.765472650528	0.1646069848376593	0.0	1
217	1005.1006660461426	0.1646069848376593	0.0	2
218	1010.4293444156647	0.16496012857828896	0.0003531437406296689	0
219	1015.6389694213867	0.16503170533873687	7.157676044791672e-05	0
220	1020.8911991119385	0.16503170533873687	0.0	1
221	1026.175285577774	0.16507760524034856	4.589990161169011e-05	0
222	1031.4849319458008	0.1652500592965236	0.0001724540561750254	0
223	1036.7345697879791	0.16609157579413417	0.0008415164976105782	0
224	1041.9335823059082	0.16667524392100824	0.0005836681268740762	0
225	1047.1575074195862	0.16667524392100824	0.0	1
226	1052.4431273937225	0.16693860101199398	0.00026335709098573856	0
227	1057.7135832309723	0.16693860101199398	0.0	1
228	1062.9368314743042	0.16852403266140367	0.001585431649409691	0
229	1068.148185491562	0.16852403266140367	0.0	1
230	1073.4365940093994	0.16852403266140367	0.0	2
231	1078.7493813037872	0.16852403266140367	0.0	3
232	1084.0344064235687	0.16885049296640742	0.0003264603050037451	0
233	1089.29949426651	0.16885049296640742	0.0	1
234	1094.5592007637024	0.16921167101995876	0.0003611780535513476	0
235	1099.8608784675598	0.16921167101995876	0.0	1
236	1105.1446895599365	0.16921167101995876	0.0	2
237	1110.350620508194	0.16921167101995876	0.0	3
238	1115.6214549541473	0.17133093609445277	0.0021192650744940034	0
239	1121.00830411911	0.17133093609445277	0.0	1
240	1126.3998386859894	0.17245539217695838	0.0011244560825056094	0
241	1131.6926038265228	0.17245539217695838	0.0	1
242	1136.972732782364	0.17245539217695838	0.0	2
243	1142.257916688919	0.17245539217695838	0.0	3
244	1147.5510365962982	0.17245539217695838	0.0	4
245	1152.8588380813599	0.17245539217695838	0.0	5
246	1158.1266331672668	0.17245539217695838	0.0	6
247	1163.2880609035492	0.17245539217695838	0.0	7
248	1168.4930946826935	0.17304705801396175	0.0005916658370033745	0
249	1173.7926487922668	0.17304705801396175	0.0	1
250	1179.0915079116821	0.17304705801396175	0.0	2
251	1184.2906167507172	0.17304705801396175	0.0	3
252	1189.5587170124054	0.1737219769021739	0.0006749188882121393	0
253	1194.8848583698273	0.1737219769021739	0.0	1
254	1200.0685484409332	0.1737219769021739	0.0	2
255	1205.3282442092896	0.17385255736389615	0.00013058046172226279	0
256	1210.5667588710785	0.1740995347053036	0.00024697734140743943	0
257	1215.8189961910248	0.17426080660841453	0.00016127190311093775	0
258	1221.0420191287994	0.17439663957083956	0.00013583296242503096	0
259	1226.3142712116241	0.17439663957083956	0.0	1
260	1231.642776966095	0.1753624957540761	0.0009658561832365242	0
261	1236.9401717185974	0.1753624957540761	0.0	1
262	1242.2692277431488	0.17587361714650487	0.0005111213924287872	0
263	1247.6079695224762	0.17587361714650487	0.0	1
264	1252.8818440437317	0.1759927958384089	0.00011917869190403163	0
265	1258.1597423553467	0.17627516808002247	0.00028237224161356544	0
266	1263.4527049064636	0.17627516808002247	0.0	1
267	1268.6824958324432	0.17717471830491002	0.000899550224887552	0
268	1273.9540445804596	0.17717471830491002	0.0	1
269	1279.1993072032928	0.1776691305226293	0.0004944122177192867	0
270	1284.3665285110474	0.17774326947854197	7.413895591265596e-05	0
271	1289.831918478012	0.17774326947854197	0.0	1
272	1295.241756439209	0.17774326947854197	0.0	2
273	1300.5155177116394	0.1779394238427661	0.00019615436422412702	0
274	1305.7692193984985	0.17804394311633245	0.00010451927356636137	0
275	1311.0808823108673	0.1782285126967766	0.00018456958044413274	0
276	1316.3329691886902	0.1782285126967766	0.0	1
277	1321.5770483016968	0.17834062704975637	0.00011211435297978078	0
278	1326.7549612522125	0.1785794236670727	0.0002387966173163225	0
279	1331.9952926635742	0.17933823615535982	0.0007588124882871305	0
280	1337.2043573856354	0.1794264671863287	8.823103096888829e-05	0
281	1342.5425927639008	0.1794264671863287	0.0	1
282	1347.7599890232086	0.1794264671863287	0.0	2
283	1353.0333483219147	0.17950995815568777	8.349096935905687e-05	0
284	1358.2202486991882	0.17992075129427473	0.00041079313858696787	0
285	1363.5088357925415	0.1806584988755622	0.0007377475812874734	0
286	1368.7695989608765	0.1806584988755622	0.0	1
287	1374.0630025863647	0.1806584988755622	0.0	2
288	1379.2915799617767	0.18178110651705395	0.0011226076414917463	0
289	1384.5703837871552	0.18178110651705395	0.0	1
290	1389.8430438041687	0.1818560690357946	7.496251874064552e-05	0
291	1395.1404030323029	0.1819228874332365	6.681839744190898e-05	0
292	1400.384848833084	0.18211799861787856	0.00019511118464204946	0
293	1405.6601250171661	0.18211799861787856	0.0	1
294	1410.9185636043549	0.1823190577562781	0.00020105913839954526	0
295	1416.2243387699127	0.1823190577562781	0.0	1
296	1421.5280368328094	0.1823352361904985	1.617843422038745e-05	0
297	1426.8041071891785	0.18262599047156108	0.00029075428106259404	0
298	1432.0677917003632	0.18262599047156108	0.0	1
299	1437.3351573944092	0.1828830335808658	0.0002570431093047165	0
300	1442.6243999004364	0.1828830335808658	0.0	1
301	1447.9341797828674	0.1828830335808658	0.0	2
302	1453.2551665306091	0.18300080306526423	0.00011776948439842783	0
303	1458.6888082027435	0.18313771581006372	0.0001369127447994889	0
304	1464.0916695594788	0.18313771581006372	0.0	1
305	1469.4720137119293	0.18357389298514803	0.00043617717508431797	0
306	1474.774421453476	0.18357389298514803	0.0	1
307	1480.030252456665	0.18357389298514803	0.0	2
308	1485.303469657898	0.18386733757144863	0.0002934445863005952	0
309	1490.6322841644287	0.18411438811844077	0.0002470505469921447	0
310	1495.9329974651337	0.18456416323088454	0.0004497751124437621	0
311	1501.179446697235	0.18456416323088454	0.0	1
312	1506.3728742599487	0.18456416323088454	0.0	2
313	1511.717325925827	0.18498527835691528	0.0004211151260307411	0
314	1517.0556466579437	0.18498527835691528	0.0	1
315	1522.375970363617	0.18504188457529047	5.660621837519364e-05	0
316	1527.6911764144897	0.18510722055964204	6.533598435157217e-05	0
317	1532.9709603786469	0.1852851284318778	0.00017790787223576077	0
318	1538.3269953727722	0.1852851284318778	0.0	1
319	1543.6526176929474	0.18543505346935907	0.0001499250374812633	0
320	1548.8928637504578	0.1855134932533733	7.843978401422813e-05	0
321	1554.1572082042694	0.18574110771762556	0.00022761446425226262	0
322	1559.4314777851105	0.18592446940592203	0.00018336168829646837	0
323	1564.7431852817535	0.18600206732571214	7.759791979011776e-05	0
324	1570.0308005809784	0.1866850388282421	0.0006829715025299665	0
325	1575.354062795639	0.1866850388282421	0.0	1
326	1580.6544573307037	0.18687127383573837	0.00018623500749626043	0
327	1585.9214327335358	0.18687127383573837	0.0	1
328	1591.3045194149017	0.18687127383573837	0.0	2
329	1596.658308506012	0.18687127383573837	0.0	3
330	1602.0354051589966	0.18687127383573837	0.0	4
331	1607.3936803340912	0.18687127383573837	0.0	5
332	1612.6971590518951	0.18687127383573837	0.0	6
333	1617.9952347278595	0.18705985142194526	0.00018857758620688392	0
334	1623.3184878826141	0.1872707384100918	0.00021088698814655804	0
335	1628.7160835266113	0.18766063135424474	0.0003898929441529253	0
336	1634.099460363388	0.18766063135424474	0.0	1
337	1639.4812986850739	0.18775427959848198	9.364824423724327e-05	0
338	1644.7392842769623	0.18775427959848198	0.0	1
339	1650.0696012973785	0.18775427959848198	0.0	2
340	1655.3715794086456	0.18776381462589017	9.535027408191787e-06	0
341	1660.6892311573029	0.1880060153028954	0.00024220067700522763	0
342	1665.9602766036987	0.1880060153028954	0.0	1
343	1671.2934141159058	0.1880060153028954	0.0	2
344	1676.564314365387	0.1880060153028954	0.0	3
345	1681.9199402332306	0.1880060153028954	0.0	4
346	1687.2220711708069	0.18808194779563342	7.593249273801783e-05	0
347	1692.5210134983063	0.18847030342250748	0.00038835562687405956	0
348	1697.8608720302582	0.18880159529610194	0.0003312918735944581	0
349	1703.1858546733856	0.18880159529610194	0.0	1
350	1708.510062456131	0.18880159529610194	0.0	2
351	1713.8459634780884	0.18880159529610194	0.0	3
352	1719.1346111297607	0.18880159529610194	0.0	4
353	1724.436550617218	0.18902648285232382	0.00022488755622188106	0
354	1729.7716302871704	0.1893118565229104	0.0002853736705865917	0
355	1735.1554811000824	0.1893118565229104	0.0	1
356	1740.4697952270508	0.18944223566927473	0.00013037914636432335	0
357	1745.8871133327484	0.18946178156039167	1.954589111693994e-05	0
358	1751.285094499588	0.18976152182697711	0.00029974026658544095	0
359	1756.615059375763	0.18976152182697711	0.0	1
360	1761.9398221969604	0.18976152182697711	0.0	2
361	1767.2457792758942	0.1900813021223763	0.00031978029539919683	0
362	1772.5321700572968	0.1900813021223763	0.0	1
363	1777.8988077640533	0.19014292292330395	6.1620800927642e-05	0
364	1783.1983034610748	0.19014292292330395	0.0	1
365	1788.5312275886536	0.1903682497130341	0.0002253267897301403	0
366	1793.841851234436	0.19041252079038604	4.42710773519428e-05	0
367	1799.2225427627563	0.1905527094851012	0.00014018869471515982	0
368	1804.6412608623505	0.19097309255528486	0.00042038307018366083	0
369	1810.0531322956085	0.19097309255528486	0.0	1
370	1815.4285373687744	0.1912212960902361	0.00024820353495125236	0
371	1820.7133638858795	0.19128352083723763	6.222474700151581e-05	0
372	1825.9821610450745	0.1914292365535982	0.00014571571636057268	0
373	1831.3615188598633	0.1917140428809033	0.00028480632730509825	0
374	1836.6636638641357	0.19184678290737442	0.00013274002647112315	0
375	1842.0006594657898	0.19184678290737442	0.0	1
376	1847.3849468231201	0.1920581274304254	0.0002113445230509936	0
377	1852.7569522857666	0.1921438145673257	8.568713690029761e-05	0
378	1858.1878972053528	0.1921438145673257	0.0	1
379	1863.54834318161	0.1925758922296664	0.00043207766234068523	0
380	1868.9467334747314	0.1925758922296664	0.0	1
381	1874.2288837432861	0.1925758922296664	0.0	2
382	1879.5210990905762	0.19288985268108133	0.0003139604514149352	0
383	1884.8022742271423	0.19288985268108133	0.0	1
384	1890.2002220153809	0.1930397777185626	0.0001499250374812633	0
385	1895.605405330658	0.1930397777185626	0.0	1
386	1901.0094890594482	0.19311790637884182	7.812866027923082e-05	0
387	1906.3600928783417	0.19335712392827023	0.00023921754942840545	0
388	1911.6683349609375	0.19350122912176723	0.00014410519349700168	0
389	1917.0464112758636	0.19350122912176723	0.0	1
390	1922.3882005214691	0.19356138581100074	6.015668923350925e-05	0
391	1927.7235898971558	0.1936799239540386	0.0001185381430378607	0
392	1933.0706791877747	0.19390810576157233	0.0002281818075337283	0
393	1938.4600670337677	0.19390810576157233	0.0	1
394	1943.8942382335663	0.19412574596490817	0.00021764020333583933	0
395	1949.2579169273376	0.19415546743229947	2.972146739130266e-05	0
396	1954.6017467975616	0.1944751196179254	0.0003196521856259349	0
397	1959.9888548851013	0.19455008213666602	7.496251874061777e-05	0
398	1965.3327224254608	0.1946781187043197	0.0001280365676536721	0
399	1970.7824804782867	0.19467846643084707	3.477265273776897e-07	1
400	1976.20885014534	0.19499295762275112	0.0003144911919040483	0
401	1981.5864312648773	0.195042499502202	4.954187945088728e-05	0
402	1986.9498913288116	0.1954016644021739	0.0003591648999718977	0
403	1992.332997560501	0.1954016644021739	0.0	1
404	1997.7603690624237	0.19543588801302472	3.422361085081427e-05	0
405	2003.1733100414276	0.19543588801302472	0.0	1
406	2008.577763080597	0.1960774983601949	0.0006416103471701684	0
407	2013.9370596408844	0.19617310485382308	9.560649362819196e-05	0
408	2019.2952511310577	0.19617310485382308	0.0	1
409	2024.7569074630737	0.19657165435836768	0.0003985495045445986	0
410	2030.127040863037	0.1968987003080491	0.00032704594968141487	0
411	2035.440943479538	0.1968987003080491	0.0	1
412	2040.8484528064728	0.1968987003080491	0.0	2
413	2046.147649526596	0.1968987003080491	0.0	3
414	2051.5397827625275	0.1968987003080491	0.0	4
415	2056.880043745041	0.19694051899831333	4.181869026423368e-05	0
416	2062.197389125824	0.19714216378139054	0.000201644783077215	0
417	2067.5311784744263	0.19714216378139054	0.0	1
418	2072.9231510162354	0.19723222495197712	9.006117058657503e-05	0
419	2078.3467009067535	0.19738590177567464	0.00015367682369751834	0
420	2083.718365430832	0.19746086429441528	7.496251874064552e-05	0
421	2089.027735233307	0.19746086429441528	0.0	1
422	2094.3327791690826	0.19748591890578146	2.5054611366176482e-05	0
423	2099.594687461853	0.19752989716079458	4.39782550131218e-05	0
424	2104.915338754654	0.19833303563062218	0.0008031384698276023	0
425	2110.2739264965057	0.19833303563062218	0.0	1
426	2115.5418858528137	0.1984079981493628	7.496251874061777e-05	0
427	2120.80242562294	0.1984079981493628	0.0	1
428	2126.0285336971283	0.1984079981493628	0.0	2
429	2131.3101999759674	0.19855792318684407	0.0001499250374812633	0
430	2136.6788687705994	0.1986064035853167	4.848039847263341e-05	0
431	2142.0261754989624	0.19866881134627998	6.240776096327894e-05	0
432	2147.310031890869	0.1988953277267616	0.00022651638048162837	0
433	2152.6672003269196	0.19890239206568588	7.0643389242786014e-06	0
434	2158.002635240555	0.19890239206568588	0.0	1
435	2163.299515247345	0.19897735458442653	7.496251874064552e-05	0
436	2168.587960958481	0.19917636396645427	0.00019900938202774276	0
437	2173.9089171886444	0.19918366622352884	7.302257074570662e-06	0
438	2179.2434227466583	0.19918366622352884	0.0	1
439	2184.5301299095154	0.19927284892709893	8.918270357008429e-05	0
440	2189.878087759018	0.1994188025616098	0.00014595363451086474	0
441	2195.1929726600647	0.1994188025616098	0.0	1
442	2200.5570554733276	0.19943216258081894	1.3360019209152085e-05	0
443	2205.903885126114	0.19944808479549286	1.5922214673919077e-05	0
444	2211.2242743968964	0.1997101058845577	0.00026202108906484	0
445	2216.5408148765564	0.19979758655828334	8.748067372563173e-05	0
446	2221.8445212841034	0.1998704627178598	7.287615957646265e-05	0
447	2227.197201728821	0.1999018496123032	3.138689444340259e-05	0
448	2232.443443775177	0.20021615779024549	0.00031430817794228516	0
449	2237.714213371277	0.20021615779024549	0.0	1
450	2243.0792939662933	0.20029038825313905	7.423046289356527e-05	0
451	2248.358341693878	0.20029038825313905	0.0	1
452	2253.660663843155	0.20041633846162854	0.00012595020848948923	0
453	2258.979508161545	0.20041633846162854	0.0	1
454	2264.302624940872	0.20052061981704458	0.00010428135541604155	0
455	2269.6036081314087	0.20057801299545538	5.7393178410802825e-05	0
456	2274.855758666992	0.20071395576625747	0.00013594277080208883	0
457	2280.1543147563934	0.20071395576625747	0.0	1
458	2285.497594356537	0.200743494219687	2.9538453429539535e-05	0
459	2290.800535440445	0.20113362508199023	0.00039013086230321736	0
460	2296.119598865509	0.20113362508199023	0.0	1
461	2301.4927887916565	0.2013549621673538	0.00022133708536356544	0
462	2306.857511281967	0.2013549621673538	0.0	1
463	2312.177152633667	0.2013549621673538	0.0	2
464	2317.501546382904	0.201534572069434	0.00017960990208021332	0
465	2322.805034160614	0.201534572069434	0.0	1
466	2328.097362756729	0.20154595553785606	1.1383468422054843e-05	0
467	2333.4263644218445	0.20154595553785606	0.0	1
468	2338.6999294757843	0.20158656633597263	4.061079811656931e-05	0
469	2343.995614528656	0.20169588057533733	0.00010931423936469398	0
470	2349.301190137863	0.2017475820195371	5.1701444199775404e-05	0
471	2354.66974401474	0.2019114893236975	0.00016390730416041	0
472	2359.979638338089	0.20205184273097826	0.00014035340728074663	0
473	2365.284707546234	0.20205184273097826	0.0	1
474	2370.5690109729767	0.20215985757121438	0.00010801484023612029	0
475	2375.8760709762573	0.20226618868300222	0.00010633111178784405	0
476	2381.214211463928	0.20283995575454458	0.0005737670715423582	0
477	2386.595232963562	0.20283995575454458	0.0	1
478	2391.8686649799347	0.20283995575454458	0.0	2
479	2397.1508662700653	0.2029558401951368	0.00011588444059221215	0
480	2402.4777913093567	0.2029558401951368	0.0	1
481	2407.8307507038116	0.20323338086815965	0.00027754067302285246	0
482	2413.1551899909973	0.20323338086815965	0.0	1
483	2418.5148169994354	0.20326676261478635	3.33817466267039e-05	0
484	2423.837965965271	0.20326676261478635	0.0	1
485	2429.152199268341	0.20334027932322898	7.351670844263358e-05	0
486	2434.4849700927734	0.20342355067583395	8.327135260496887e-05	0
487	2439.8008539676666	0.20346811457552472	4.45638996907638e-05	0
488	2445.0988936424255	0.20380954542260118	0.0003414308470764682	0
489	2450.385148048401	0.2040363180226293	0.0002267726000281245	0
490	2455.6828286647797	0.20421596452750185	0.0001796465048725382	0
491	2461.023384332657	0.20421596452750185	0.0	1
492	2466.3509414196014	0.20421596452750185	0.0	2
493	2471.734388113022	0.20452009712916977	0.00030413260166792244	0
494	2477.1376764774323	0.20452009712916977	0.0	1
495	2482.531400680542	0.20452009712916977	0.0	2
496	2487.7929775714874	0.20452009712916977	0.0	3
497	2493.1427929401398	0.2046227313589299	0.00010263422976011793	0
498	2498.47469329834	0.20469945081170351	7.671945277362702e-05	0
499	2503.833825111389	0.20469945081170351	0.0	1
500	2509.21533703804	0.20469945081170351	0.0	2
501	2514.573823451996	0.20510036119635494	0.00040091038465142614	0
502	2519.882068634033	0.20510036119635494	0.0	1
503	2525.224002122879	0.20510036119635494	0.0	2
504	2530.5474162101746	0.20510036119635494	0.0	3
505	2535.8859684467316	0.2052253048280547	0.0001249436316997643	0
506	2541.1798214912415	0.20531558561539542	9.028078734071854e-05	0
507	2546.5380516052246	0.20531558561539542	0.0	1
508	2551.926467895508	0.20531558561539542	0.0	2
509	2557.2752215862274	0.20538840687078336	7.282125538793371e-05	0
510	2562.583383321762	0.20542707772090515	3.867085012179694e-05	0
511	2567.974169254303	0.20558448802942278	0.00015741030851762483	0
512	2573.3914778232574	0.20558448802942278	0.0	1
513	2578.720547437668	0.205584616139196	1.2810977323418626e-07	2
514	2584.093861103058	0.20560590066294976	2.128452375374512e-05	0
515	2589.5670125484467	0.20560590066294976	0.0	1
516	2594.9138746261597	0.20585930179441528	0.00025340113146551935	0
517	2600.358842611313	0.2059710501194715	0.00011174832505622678	0
518	2605.7059409618378	0.2059710501194715	0.0	1
519	2611.0865013599396	0.20633072745853634	0.00035967733906483446	0
520	2616.467020750046	0.20633072745853634	0.0	1
521	2621.871060848236	0.20648535595483508	0.0001546284962987421	0
522	2627.267815351486	0.20648535595483508	0.0	1
523	2632.7034919261932	0.20649406741941528	8.711464580202222e-06	0
524	2638.1588995456696	0.20667907623336768	0.000185008813952392	0
525	2643.620665073395	0.20667907623336768	0.0	1
526	2649.0431368350983	0.20668544511923725	6.368885869578733e-06	0
527	2654.41668343544	0.20668544511923725	0.0	1
528	2659.836822748184	0.20685821029914728	0.00017276517991002271	0
529	2665.212258338928	0.2069009989634089	4.2788664261633746e-05	0
530	2670.6840381622314	0.2069009989634089	0.0	1
531	2676.0822744369507	0.20703721625515367	0.00013621729174476127	0
532	2681.4997844696045	0.20703721625515367	0.0	1
533	2686.871057510376	0.20710624912153297	6.903286637929829e-05	0
534	2692.3063468933105	0.20724025194434031	0.0001340028228073442	0
535	2697.672980070114	0.2072754638305847	3.5211886244390644e-05	0
536	2703.04732465744	0.2072754638305847	0.0	1
537	2708.46786403656	0.2072754638305847	0.0	2
538	2713.909177541733	0.20739901655617501	0.00012355272559030905	0
539	2719.336434364319	0.20758627644185718	0.00018725988568216168	0
540	2724.7717559337616	0.20758627644185718	0.0	1
541	2730.175624847412	0.20758627644185718	0.0	2
542	2735.6062729358673	0.20758627644185718	0.0	3
543	2741.0448303222656	0.20759317606821587	6.8996263586917905e-06	0
544	2746.494497537613	0.20794902841547974	0.00035585234726387416	0
545	2751.8598217964172	0.20794902841547974	0.0	1
546	2757.2988567352295	0.20794902841547974	0.0	2
547	2762.729996919632	0.20812358713221513	0.0001745587167353846	0
548	2768.1652126312256	0.20812358713221513	0.0	1
549	2773.5865297317505	0.20812358713221513	0.0	2
550	2779.0227258205414	0.20828238834684218	0.00015880121462705232	0
551	2784.4490954875946	0.20828238834684218	0.0	1
552	2789.810360431671	0.20828238834684218	0.0	2
553	2795.322105407715	0.20828238834684218	0.0	3
554	2800.738817691803	0.2083108470178973	2.8458671055109352e-05	0
555	2806.2831597328186	0.2083669590985757	5.611208067840545e-05	0
556	2811.767042160034	0.20837166255739317	4.7034588174788006e-06	0
557	2817.2396030426025	0.20854892988076273	0.00017726732336956208	0
558	2822.681301832199	0.20854892988076273	0.0	1
559	2828.122892141342	0.20855970940311094	1.0779522348208781e-05	0
560	2833.5481417179108	0.20857140399526797	1.1694592157024397e-05	0
561	2838.987638235092	0.20857140399526797	0.0	1
562	2844.4732580184937	0.20858401365723386	1.2609661965895524e-05	0
563	2849.81676363945	0.2086710184946589	8.700483742504761e-05	0
564	2855.2534186840057	0.20881887547437217	0.00014785697971325673	0
565	2860.7387063503265	0.20892297381582645	0.00010409834145427843	0
566	2866.043369293213	0.20892297381582645	0.0	1
567	2871.5094809532166	0.20892297381582645	0.0	2
568	2876.8988275527954	0.2089411471022301	1.8173286403661004e-05	0
569	2882.3261473178864	0.20928482902103634	0.0003436819188062379	0
570	2887.7298605442047	0.20928482902103634	0.0	1
571	2893.1622307300568	0.20928482902103634	0.0	2
572	2898.5639629364014	0.20928482902103634	0.0	3
573	2904.0067682266235	0.20928482902103634	0.0	4
574	2909.4116830825806	0.20928482902103634	0.0	5
575	2914.830764770508	0.20928482902103634	0.0	6
576	2920.220598459244	0.2095129193215892	0.00022809030055284674	0
577	2925.649528503418	0.2095129193215892	0.0	1
578	2931.1029105186462	0.2095129193215892	0.0	2
579	2936.605126142502	0.20953477118862443	2.185186703523856e-05	0
580	2942.0478422641754	0.2096472515695277	0.00011248038090327928	0
581	2947.511868238449	0.20992744594499624	0.00028019437546852877	0
582	2952.9403188228607	0.20992744594499624	0.0	1
583	2958.3544561862946	0.20992744594499624	0.0	2
584	2963.7264981269836	0.20992744594499624	0.0	3
585	2969.1958673000336	0.21003827920024362	0.00011083325524738341	0
586	2974.672290325165	0.2101076597931503	6.938059290667598e-05	0
587	2980.1200556755066	0.2102866474477605	0.00017898765461019095	0
588	2985.5591747760773	0.2102866474477605	0.0	1
589	2990.9661843776703	0.210288459285982	1.8118382215104312e-06	0
590	2996.390853881836	0.2104638781683377	0.00017541888235569902	0
591	3001.807886838913	0.21053569284693588	7.181467859818103e-05	0
592	3007.2205843925476	0.21063409945417916	9.840660724327877e-05	0
593	3012.656245470047	0.21063409945417916	0.0	1
594	3018.038584947586	0.2106836047308377	4.950527665853466e-05	0
595	3023.456478357315	0.2106836047308377	0.0	1
596	3028.8703587055206	0.21076702249461204	8.341776377435162e-05	0
597	3034.2398653030396	0.21076702249461204	0.0	1
598	3039.644966363907	0.21092381055565965	0.00015678806104760246	0
599	3045.0502228736877	0.21092381055565965	0.0	1
600	3050.430237054825	0.21107887828546662	0.0001550677298069736	0
601	3055.8477087020874	0.21107887828546662	0.0	1
602	3061.224352121353	0.21107887828546662	0.0	2
603	3066.6794290542603	0.21118865005973575	0.00010977177426912954	0
604	3072.1177294254303	0.21118865005973575	0.0	1
605	3077.544914960861	0.21118865005973575	0.0	2
606	3082.9991641044617	0.2113204201122095	0.00013177005247375084	0
607	3088.4153006076813	0.2113660088900862	4.55887778766928e-05	0
608	3093.786157846451	0.2115400551677286	0.0001740462776424201	0
609	3099.2293236255646	0.21162050810532232	8.045293759370575e-05	0
610	3104.6190617084503	0.2117208912633527	0.00010038315803037601	0
611	3110.008733510971	0.2117208912633527	0.0	1
612	3115.4394052028656	0.2118741654563343	0.0001532741929816117	0
613	3120.8860352039337	0.2118741654563343	0.0	1
614	3126.278678417206	0.21210586113193403	0.00023169567559971904	0
615	3131.714913368225	0.2122743986893272	0.00016853755739318355	0
616	3137.2027242183685	0.2122743986893272	0.0	1
617	3142.6930844783783	0.2122743986893272	0.0	2
618	3148.0668318271637	0.21228181075477884	7.412065451628536e-06	0
619	3153.502119779587	0.21236125711558282	7.944636080398082e-05	0
620	3158.904711008072	0.21257454158662856	0.00021328447104573822	0
621	3164.318469285965	0.21260883840306408	3.429681643551952e-05	0
622	3169.7349705696106	0.21260883840306408	0.0	1
623	3175.1600744724274	0.21260883840306408	0.0	2
624	3180.5860538482666	0.2128203110358883	0.0002114726328242278	0
625	3186.0373888015747	0.21289527355462892	7.496251874061777e-05	0
626	3191.466184616089	0.21300654604338454	0.0001112724887556149	0
627	3196.8644938468933	0.21302870903415477	2.216299077023587e-05	0
628	3202.2654645442963	0.2130801359574119	5.142692325713072e-05	0
629	3207.682070016861	0.21311840417681782	3.826821940591807e-05	0
630	3213.1275210380554	0.2132674507472826	0.00014904657046477254	0
631	3218.6210956573486	0.2132710927251218	3.6419778391971747e-06	0
632	3224.0285432338715	0.21336113559431222	9.004286919042648e-05	0
633	3229.4907281398773	0.21336113559431222	0.0	1
634	3234.89746761322	0.2133727752822807	1.163968796849546e-05	0
635	3240.3029034137726	0.21346349530312966	9.072002084895003e-05	0
636	3245.7681329250336	0.21351739291487068	5.389761174101615e-05	0
637	3251.117292881012	0.2135923554336113	7.496251874061777e-05	0
638	3256.506255865097	0.21365690445792726	6.454902431596299e-05	0
639	3261.9889454841614	0.21373620440756183	7.929994963457032e-05	0
640	3267.4042756557465	0.21373927904211956	3.0746345577314926e-06	0
641	3272.88192486763	0.21373927904211956	0.0	1
642	3278.3236355781555	0.2137633453780922	2.406633597262786e-05	0
643	3283.7690234184265	0.2137633453780922	0.0	1
644	3289.2492666244507	0.21387948603823087	0.00011614066013868052	0
645	3294.6813831329346	0.21387948603823087	0.0	1
646	3300.1382563114166	0.21394877512415666	6.928908592579441e-05	0
647	3305.738778114319	0.21402267616191903	7.39010377623639e-05	0
648	3311.130526781082	0.21407410308517616	5.142692325713072e-05	0
649	3316.6049597263336	0.21407410308517616	0.0	1
650	3322.065205335617	0.21409763868065965	2.353559548348705e-05	0
651	3327.571814060211	0.2142114367620877	0.00011379808142805703	0
652	3333.0249841213226	0.2142114367620877	0.0	1
653	3338.5755038261414	0.21428647248641303	7.503572432532302e-05	0
654	3343.959271669388	0.21437657025979195	9.009777337892766e-05	0
655	3349.405909538269	0.21437657025979195	0.0	1
656	3354.8274686336517	0.21447129828640366	9.472802661170121e-05	0
657	3360.2494399547577	0.21447129828640366	0.0	1
658	3365.6679203510284	0.21472188100285794	0.000250582716454284	0
659	3371.13965177536	0.21472188100285794	0.0	1
660	3376.6409442424774	0.21472188100285794	0.0	2
661	3382.061067342758	0.21472188100285794	0.0	3
662	3387.452087879181	0.21492645400932345	0.00020457300646550824	0
663	3392.956702709198	0.21492645400932345	0.0	1
664	3398.408135175705	0.21492645400932345	0.0	2
665	3403.8175468444824	0.2149520027583864	2.554874906296467e-05	0
666	3409.2587921619415	0.21505048257121437	9.847981282795626e-05	0
667	3414.701413631439	0.21505048257121437	0.0	1
668	3420.1719295978546	0.2151411476878748	9.06651166604211e-05	0
669	3425.5616414546967	0.2151411476878748	0.0	1
670	3430.9594764709473	0.2151411476878748	0.0	2
671	3436.433314561844	0.2151411476878748	0.0	3
672	3441.8729701042175	0.2153546151728823	0.00021346748500750135	0
673	3447.3164529800415	0.2153546151728823	0.0	1
674	3452.7580449581146	0.2153546151728823	0.0	2
675	3458.1453626155853	0.21549441953827772	0.0001398043653954295	0
676	3463.6330111026764	0.21549441953827772	0.0	1
677	3469.0613384246826	0.21549441953827772	0.0	2
678	3474.6972975730896	0.21549441953827772	0.0	3
679	3480.119463443756	0.21559560795773985	0.00010118841946213375	0
680	3485.636868238449	0.21567585957997562	8.025162223576632e-05	0
681	3491.113634109497	0.2156881764196027	1.2316839627074527e-05	0
682	3496.5757446289062	0.21572428507425973	3.610865465702995e-05	0
683	3502.0285778045654	0.215874210111741	0.0001499250374812633	0
684	3507.4712002277374	0.215874210111741	0.0	1
685	3512.9752600193024	0.215874210111741	0.0	2
686	3518.429886341095	0.2159491726304816	7.496251874061777e-05	0
687	3523.964085817337	0.21598052292213266	3.1350291651049966e-05	0
688	3529.4904086589813	0.21606298901330584	8.246609117318338e-05	0
689	3534.9273874759674	0.21612843480603447	6.544579272863005e-05	0
690	3540.462370634079	0.21612843480603447	0.0	1
691	3545.912965297699	0.21613044795961392	2.0131535794498667e-06	0
692	3551.3578021526337	0.21613044795961392	0.0	1
693	3556.854244709015	0.21627835984351573	0.00014791188390181342	0
694	3562.304577589035	0.21627835984351573	0.0	1
695	3567.81711602211	0.2163207092742691	4.2349430753374495e-05	0
696	3573.3858354091644	0.2163761991074775	5.548983320838308e-05	0
697	3578.8834261894226	0.2163761991074775	0.0	1
698	3584.404141664505	0.21637784623313341	1.6471256559236203e-06	0
699	3589.8956775665283	0.21643780160700898	5.995537387556982e-05	0
700	3595.34890294075	0.21647063431175037	3.2832704741386776e-05	0
701	3600.821967601776	0.21656236090938905	9.172659763867497e-05	0
702	3606.3578469753265	0.21656236090938905	0.0	1
703	3611.879281282425	0.21675824075267053	0.00019587984328148234	0
704	3617.334477186203	0.21675824075267053	0.0	1
705	3622.8347175121307	0.21675824075267053	0.0	2
706	3628.32177066803	0.21679043290854572	3.219215587518809e-05	0
707	3633.860582590103	0.2169028217824681	0.00011238887392239771	0
708	3639.452125310898	0.2169028217824681	0.0	1
709	3644.9719049930573	0.2170698403239786	0.0001670185415104941	0
710	3650.59219956398	0.2170698403239786	0.0	1
711	3656.0603313446045	0.2170698403239786	0.0	2
712	3661.623897790909	0.21708931300951084	1.947268553223469e-05	0
713	3667.163938999176	0.21708938621509558	7.320558473300487e-08	1
714	3672.670266866684	0.21723989689725448	0.00015051068215890528	0
715	3678.171957015991	0.21723989689725448	0.0	1
716	3683.710880756378	0.2173148594159951	7.496251874061777e-05	0
717	3689.2579135894775	0.2174057990535982	9.093963760309354e-05	0
718	3694.727906227112	0.21742589398660042	2.009493300222931e-05	0
719	3700.2801246643066	0.2174807615723388	5.486758573838846e-05	0
720	3705.7865557670593	0.21749243786309969	1.167629076087584e-05	0
721	3711.3373172283173	0.2175150949915667	2.2657128467024057e-05	0
722	3716.7913296222687	0.21768628625140554	0.0001711912598388321	0
723	3722.3087384700775	0.21768628625140554	0.0	1
724	3727.8777446746826	0.21776124877014616	7.496251874061777e-05	0
725	3733.4829666614532	0.21783679693356445	7.554816341828752e-05	0
726	3739.04297375679	0.21784248866777547	5.691734211027422e-06	0
727	3744.558937072754	0.21794698963994563	0.0001045009721701573	0
728	3750.081753015518	0.21829389260447898	0.0003469029645333521	0
729	3755.7681069374084	0.21829389260447898	0.0	1
730	3761.1939086914062	0.21829389260447898	0.0	2
731	3766.6380496025085	0.21829389260447898	0.0	3
732	3772.117243051529	0.21829389260447898	0.0	4
733	3777.5000834465027	0.21836885512321963	7.496251874064552e-05	0
734	3782.998559951782	0.2185937426794415	0.00022488755622188106	0
735	3788.4272849559784	0.2185937426794415	0.0	1
736	3793.910173177719	0.21873969631395238	0.00014595363451086474	0
737	3799.43040394783	0.21873969631395238	0.0	1
738	3804.960271835327	0.21873969631395238	0.0	2
739	3810.431489467621	0.21873969631395238	0.0	3
740	3815.8573112487793	0.21880757619237254	6.787987842016285e-05	0
741	3821.2846488952637	0.21880757619237254	0.0	1
742	3826.794710636139	0.21887810977323838	7.053358086583916e-05	0
743	3832.2399530410767	0.21887810977323838	0.0	1
744	3837.6806740760803	0.2190041148859164	0.00012600511267801817	0
745	3843.0483655929565	0.2190041148859164	0.0	1
746	3848.5498564243317	0.2190041148859164	0.0	2
747	3854.026438474655	0.2190041148859164	0.0	3
748	3859.5022847652435	0.21902516149151985	2.104660560345306e-05	0
749	3864.926702260971	0.2191844568438437	0.0001592953523238405	0
750	3870.342421770096	0.2192617253385026	7.726849465891639e-05	0
751	3875.800936460495	0.21930907105041228	4.734571190967429e-05	0
752	3881.2438328266144	0.21930907105041228	0.0	1
753	3886.6636531352997	0.2194349114505247	0.00012584040011243136	0
754	3892.103887319565	0.2194349114505247	0.0	1
755	3897.530698776245	0.2194349114505247	0.0	2
756	3903.004250764847	0.21955046646598575	0.00011555501546103852	0
757	3908.4190077781677	0.21977138261923723	0.0002209161532514825	0
758	3913.9178936481476	0.21986739174358133	9.600912434409858e-05	0
759	3919.417263031006	0.21986739174358133	0.0	1
760	3924.8724930286407	0.21986739174358133	0.0	2
761	3930.3268563747406	0.21989718641655734	2.9794672976007908e-05	0
762	3935.8077445030212	0.21989718641655734	0.0	1
763	3941.211965084076	0.2199350886080397	3.790219148236407e-05	0
764	3946.616452932358	0.21998728418993627	5.219558189656359e-05	0
765	3952.008490085602	0.21998728418993627	0.0	1
766	3957.4620003700256	0.2202165823826368	0.00022929819270053886	0
767	3962.971031665802	0.2202165823826368	0.0	1
768	3968.5551064014435	0.2203939046101949	0.00017732222755809102	0
769	3974.028138399124	0.2203939046101949	0.0	1
770	3979.52473115921	0.2203939046101949	0.0	2
771	3984.980416536331	0.22043127606118815	3.737145099325101e-05	0
772	3990.417535305023	0.22049459889196024	6.332283077209455e-05	0
773	3995.8317873477936	0.22049459889196024	0.0	1
774	4001.286475419998	0.22051784166510494	2.3242773144693807e-05	0
775	4006.7022268772125	0.22061509528438905	9.725361928411558e-05	0
776	4012.1386861801147	0.22063229859679534	1.7203312406288696e-05	0
777	4017.617525100708	0.22063229859679534	0.0	1
778	4023.006413459778	0.22063229859679534	0.0	2
779	4028.4273562431335	0.22071869948814654	8.640089135120155e-05	0
780	4033.8164160251617	0.22071869948814654	0.0	1
781	4039.20174241066	0.22071869948814654	0.0	2
782	4044.6775295734406	0.22078743953218702	6.874004404047729e-05	0
783	4050.194309234619	0.22078743953218702	0.0	1
784	4055.8013124465942	0.22078743953218702	0.0	2
785	4061.5107724666595	0.22078743953218702	0.0	3
786	4067.108294248581	0.22081401315943588	2.6573627248865916e-05	0
787	4072.5651013851166	0.22091851413160607	0.00010450097217018506	0
788	4078.0513920783997	0.22091851413160607	0.0	1
789	4083.4677963256836	0.22095718498172787	3.867085012179694e-05	0
790	4088.890588283539	0.22099408059642053	3.689561469266689e-05	0
791	4094.461108446121	0.22101942803012556	2.5347433705025235e-05	0
792	4099.900072813034	0.2210684391690873	4.901113896174647e-05	0
793	4105.34369468689	0.2210684391690873	0.0	1
794	4110.842864513397	0.22117164074212892	0.00010320157304161137	0
795	4116.379217624664	0.22117164074212892	0.0	1
796	4121.769225120544	0.221236098259464	6.445751733508143e-05	0
797	4127.28228187561	0.221236098259464	0.0	1
798	4132.823047637939	0.22129541308447337	5.931482500937113e-05	0
799	4138.3655343055725	0.2213235240290011	2.8110944527731663e-05	0
800	4143.845813751221	0.22137859293009743	5.5068901096327894e-05	0
801	4149.315572023392	0.22137859293009743	0.0	1
802	4154.735173463821	0.22147615767311654	9.756474301911289e-05	0
803	4160.181809186935	0.22158206785279233	0.00010591017967578886	0
804	4165.626890897751	0.22158206785279233	0.0	1
805	4171.021836519241	0.22158206785279233	0.0	2
806	4176.506842136383	0.22158206785279233	0.0	3
807	4181.990715503693	0.22163803352230133	5.596566950899495e-05	0
808	4187.534893512726	0.22183554218984256	0.00019750866754122964	0
809	4193.030046224594	0.22183554218984256	0.0	1
810	4198.697722196579	0.22183554218984256	0.0	2
811	4204.319371700287	0.22183554218984256	0.0	3
812	4209.815683603287	0.22183775665877997	2.214468937417058e-06	0
813	4215.2894105911255	0.2219821546746158	0.00014439801583582268	0
814	4220.796856641769	0.22203901711253746	5.686243792166201e-05	0
815	4226.218462944031	0.22205155356891865	1.2536456381190275e-05	0
816	4231.712190151215	0.2221552675810532	0.00010371401213454812	0
817	4237.123831987381	0.2224232732266679	0.0002680056456147162	0
818	4242.576059103012	0.2224232732266679	0.0	1
819	4247.993702888489	0.2224232732266679	0.0	2
820	4253.453248023987	0.2224232732266679	0.0	3
821	4258.909718990326	0.2224232732266679	0.0	4
822	4264.3646121025085	0.22267429517663043	0.0002510219499625155	0
823	4269.826044797897	0.22267429517663043	0.0	1
824	4275.334021091461	0.22267429517663043	0.0	2
825	4280.792990207672	0.22267429517663043	0.0	3
826	4286.335060834885	0.22274925769537104	7.496251874061777e-05	0
827	4291.850929260254	0.22274925769537104	0.0	1
828	4297.33377456665	0.22279808582037106	4.88281250000111e-05	0
829	4302.808086156845	0.22279808582037106	0.0	1
830	4308.30179810524	0.22279808582037106	0.0	2
831	4313.789443492889	0.22279808582037106	0.0	3
832	4319.239948511124	0.22287173063858695	7.364481821589552e-05	0
833	4324.662647724152	0.22287304833911167	1.3177005247222429e-06	0
834	4330.195748329163	0.22287304833911167	0.0	1
835	4335.605422735214	0.22294669315732757	7.364481821589552e-05	0
836	4341.133321762085	0.22294669315732757	0.0	1
837	4346.5737817287445	0.22294669315732757	0.0	2
838	4352.0925414562225	0.22299539317255435	4.8700015226776916e-05	0
839	4357.619073629379	0.22299539317255435	0.0	1
840	4363.119501113892	0.22299539317255435	0.0	2
841	4368.620117902756	0.22307035569129496	7.496251874061777e-05	0
842	4374.093840837479	0.22316061817723948	9.026248594451447e-05	0
843	4379.496863365173	0.22316061817723948	0.0	1
844	4385.0023057460785	0.22316061817723948	0.0	2
845	4390.482854127884	0.22316061817723948	0.0	3
846	4395.910233974457	0.22316061817723948	0.0	4
847	4401.472496747971	0.22318686237935717	2.6244202117692295e-05	0
848	4407.000460147858	0.22323558069598012	4.871831662295323e-05	0
849	4412.468430757523	0.22323558069598012	0.0	1
850	4417.952877283096	0.22327275083161544	3.7170135635311574e-05	0
851	4423.477672338486	0.22331054321472074	3.779238310530619e-05	0
852	4428.939836740494	0.22331054321472074	0.0	1
853	4434.446230888367	0.22331054321472074	0.0	2
854	4439.943484306335	0.22331054321472074	0.0	3
855	4445.387112379074	0.22337776424287856	6.722102815781561e-05	0
856	4450.974205970764	0.2233855057334614	7.741490582829913e-06	0
857	4456.489524841309	0.2233855057334614	0.0	1
858	4462.004579782486	0.2233855057334614	0.0	2
859	4467.508962392807	0.22341555662598386	3.005089252247628e-05	0
860	4473.056174993515	0.22341555662598386	0.0	1
861	4478.625270605087	0.22356548166346513	0.0001499250374812633	0
862	4484.155866861343	0.22356548166346513	0.0	1
863	4489.646564722061	0.22356548166346513	0.0	2
864	4495.124621152878	0.22358868783381744	2.3206170352313427e-05	0
865	4500.661657810211	0.22358868783381744	0.0	1
866	4506.121599435806	0.22366365035255809	7.496251874064552e-05	0
867	4511.612784385681	0.22368817422343515	2.4523870877063425e-05	0
868	4517.074035406113	0.2237386128712987	5.043864786355434e-05	0
869	4522.620619535446	0.2237386128712987	0.0	1
870	4528.1128623485565	0.2237386128712987	0.0	2
871	4533.616422891617	0.2237818224676724	4.320959637368893e-05	0
872	4539.133469104767	0.2240067100238943	0.0002248875562219088	0
873	4544.688487768173	0.2240067100238943	0.0	1
874	4550.251673698425	0.2240067100238943	0.0	2
875	4555.722684144974	0.2240067100238943	0.0	3
876	4561.158726215363	0.2240067100238943	0.0	4
877	4566.6590757369995	0.22403846294626123	3.175292236692884e-05	0
878	4572.1276869773865	0.22411342546500185	7.496251874061777e-05	0
879	4577.583610534668	0.22411342546500185	0.0	1
880	4583.045839309692	0.2241900534107946	7.662794579274546e-05	0
881	4588.584104537964	0.2241900534107946	0.0	1
882	4594.108449459076	0.2241900534107946	0.0	2
883	4599.596917629242	0.22430009970600637	0.00011004629521177423	0
884	4605.114407539368	0.2244439303785607	0.00014383067255432924	0
885	4610.693603277206	0.2244439303785607	0.0	1
886	4616.281069278717	0.22446373248922413	1.9802110663436068e-05	0
887	4621.7559559345245	0.22446373248922413	0.0	1
888	4627.282595872879	0.22447242565240816	8.69316318402591e-06	0
889	4632.7915122509	0.22452447482313528	5.204917072712534e-05	0
890	4638.362027168274	0.22452447482313528	0.0	1
891	4643.880253076553	0.22452447482313528	0.0	2
892	4649.316437244415	0.22459385541604196	6.938059290667598e-05	0
893	4654.785460472107	0.22468464864247562	9.079322643365528e-05	0
894	4660.263134717941	0.22468464864247562	0.0	1
895	4665.815895795822	0.22474378045352322	5.913181104760801e-05	0
896	4671.335314035416	0.22474378045352322	0.0	1
897	4676.794742107391	0.22481874297226384	7.496251874061777e-05	0
898	4682.271043539047	0.22483457367995688	1.5830707693037516e-05	0
899	4687.779187202454	0.22483457367995688	0.0	1
900	4693.34223484993	0.2250454789694996	0.00021090528954273435	0
901	4698.894589185715	0.2250454789694996	0.0	1
902	4704.365710258484	0.2250454789694996	0.0	2
903	4709.895302534103	0.2250454789694996	0.0	3
904	4715.50895690918	0.22511778778579458	7.230881629496921e-05	0
905	4721.006727933884	0.22515902083138117	4.123304558659169e-05	0
906	4726.539348602295	0.22538390838760305	0.00022488755622188106	0
907	4732.065725803375	0.22538390838760305	0.0	1
908	4737.581065654755	0.22538390838760305	0.0	2
909	4743.188052177429	0.22538390838760305	0.0	3
910	4748.7551193237305	0.22538390838760305	0.0	4
911	4754.275485754013	0.22538390838760305	0.0	5
912	4759.769699573517	0.2255024648320371	0.00011855644443403701	0
913	4765.272100925446	0.2255024648320371	0.0	1
914	4770.818519115448	0.2255024648320371	0.0	2
915	4776.449465036392	0.2255024648320371	0.0	3
916	4782.030600786209	0.22568375846256558	0.00018129363052848957	0
917	4787.58836555481	0.22568375846256558	0.0	1
918	4793.127148389816	0.22568375846256558	0.0	2
919	4798.69264793396	0.22568375846256558	0.0	3
920	4804.189087629318	0.22573465464533357	5.0896182767989906e-05	0
921	4809.738617181778	0.22579353023683468	5.887559150111188e-05	0
922	4815.331191778183	0.22587162229432156	7.80920574868782e-05	0
923	4820.900310277939	0.22588251162504683	1.0889330725266655e-05	0
924	4826.456737756729	0.22588251162504683	0.0	1
925	4831.992411136627	0.22600655848833395	0.000124046863287125	0
926	4837.511975288391	0.22600655848833395	0.0	1
927	4843.103066205978	0.22600655848833395	0.0	2
928	4848.622608661652	0.22600655848833395	0.0	3
929	4854.196926832199	0.22600655848833395	0.0	4
930	4859.714428901672	0.2260324366625281	2.5878174194138293e-05	0
931	4865.247860908508	0.22606720931526422	3.477265273613139e-05	0
932	4870.851807832718	0.2260933803117972	2.6170996532987045e-05	0
933	4876.424115657806	0.2260964000421664	3.0197303692025557e-06	0
934	4881.917692899704	0.2261564835258152	6.008348364877625e-05	0
935	4887.409215211868	0.22616296222006183	6.478694246636607e-06	0
936	4892.956025362015	0.22624837483601948	8.541261595765293e-05	0
937	4898.510163068771	0.2262776753712987	2.930053527921972e-05	0
938	4904.057076692581	0.22630624385073086	2.8568479432167226e-05	0
939	4909.568750143051	0.2263128872575431	6.643406812223418e-06	0
940	4915.18356180191	0.2266206618370502	0.0003077745795071196	0
941	4920.747468948364	0.2266206618370502	0.0	1
942	4926.224257469177	0.2266206618370502	0.0	2
943	4931.764466762543	0.22662413910232382	3.4772652736103637e-06	0
944	4937.341759443283	0.22662413910232382	0.0	1
945	4942.874185562134	0.22662688431175035	2.7452094265301152e-06	0
946	4948.378865242004	0.22669562435579083	6.874004404047729e-05	0
947	4953.927496910095	0.22669562435579083	0.0	1
948	4959.461618900299	0.22669562435579083	0.0	2
949	4965.068508386612	0.22674223801185342	4.6613656062594044e-05	0
950	4970.613510847092	0.22677058687453147	2.834886267805148e-05	0
951	4976.143148899078	0.22689216304933468	0.00012157617480321181	0
952	4981.695848703384	0.22689216304933468	0.0	1
953	4987.146378517151	0.22690343670937968	1.127366004499697e-05	0
954	4992.610691547394	0.22690343670937968	0.0	1
955	4998.152918338776	0.22694013100871438	3.66942993346997e-05	0
956	5003.688232421875	0.2269922533850262	5.212237631183059e-05	0
957	5009.245498657227	0.2270002693965517	8.016011525502353e-06	0
958	5014.763863801956	0.2271170506055566	0.0001167812090048792	0
959	5020.286049127579	0.2271170506055566	0.0	1
960	5025.869556903839	0.2271170506055566	0.0	2
961	5031.454674243927	0.2271170506055566	0.0	3
962	5037.036050081253	0.22711873433400487	1.683728448276245e-06	0
963	5042.573552846909	0.22712832426560156	9.589931596692969e-06	0
964	5048.145041942596	0.22720328678434218	7.496251874061777e-05	0
965	5053.686984777451	0.22727824930308282	7.496251874064552e-05	0
966	5059.223928928375	0.22730017437570277	2.192507261994381e-05	0
967	5064.862883806229	0.22734362189022675	4.344751452398099e-05	0
968	5070.392708778381	0.22734362189022675	0.0	1
969	5076.006877660751	0.22741858440896737	7.496251874061777e-05	0
970	5081.52062702179	0.22741858440896737	0.0	1
971	5087.114005327225	0.22741858440896737	0.0	2
972	5092.728744268417	0.2275109149526799	9.233054371252103e-05	0
973	5098.34582233429	0.2275109149526799	0.0	1
974	5103.907616853714	0.2275109149526799	0.0	2
975	5109.456885576248	0.2275109149526799	0.0	3
976	5115.111191749573	0.2275109149526799	0.0	4
977	5120.708275318146	0.22757815428223388	6.723932955399192e-05	0
978	5126.1920874118805	0.22768303958372374	0.00010488530148985986	0
979	5131.691929101944	0.22775800210246439	7.496251874064552e-05	0
980	5137.164009571075	0.22775800210246439	0.0	1
981	5142.7771463394165	0.22775800210246439	0.0	2
982	5148.445848226547	0.22775800210246439	0.0	3
983	5154.04136967659	0.22775800210246439	0.0	4
984	5159.634200334549	0.22787751021949962	0.00011950811703523301	0
985	5165.097794532776	0.22788484907936654	7.338859866923286e-06	0
986	5170.702702999115	0.22797641096443963	9.156188507308816e-05	0
987	5176.2692658901215	0.22798654993792164	1.0138973482010094e-05	0
988	5181.849361181259	0.2280316994822901	4.51495443684613e-05	0
989	5187.432823419571	0.2280316994822901	0.0	1
990	5193.018784761429	0.2280489760002811	1.7276517990993945e-05	0
991	5198.6012325286865	0.22817346209707645	0.0001244860967953565	0
992	5204.132979393005	0.22817346209707645	0.0	1
993	5209.700650930405	0.22817346209707645	0.0	2
994	5215.305368185043	0.2282073562827961	3.3894185719640646e-05	0
995	5220.892007827759	0.2282073562827961	0.0	1
996	5226.448957443237	0.2282073562827961	0.0	2
997	5232.011210441589	0.2282823188015367	7.496251874061777e-05	0
998	5237.535674333572	0.2282823188015367	0.0	1
999	5243.152461051941	0.2282828861448182	5.673432814934376e-07	2
1000	5248.715490579605	0.22832338713455771	4.050098973951144e-05	0
1001	5254.301397562027	0.22832338713455771	0.0	1
1002	5259.9708869457245	0.22832338713455771	0.0	2
1003	5265.6294894218445	0.2283713367925412	4.79496579834926e-05	0
1004	5271.247409820557	0.22843447660935157	6.313981681035918e-05	0
1005	5276.822064161301	0.22843447660935157	0.0	1
1006	5282.40295290947	0.22843447660935157	0.0	2
1007	5287.991323709488	0.22844629931128185	1.1822701930286339e-05	0
1008	5293.563115596771	0.22846921265929535	2.291334801349243e-05	0
1009	5299.0427877902985	0.22867440791323088	0.00020519525393553062	0
1010	5304.619598150253	0.22867440791323088	0.0	1
1011	5310.192060947418	0.22867440791323088	0.0	2
1012	5315.749302864075	0.2287493704319715	7.496251874061777e-05	0
1013	5321.317779779434	0.2287493704319715	0.0	1
1014	5326.900620222092	0.2287493704319715	0.0	2
1015	5332.520891904831	0.2287493704319715	0.0	3
1016	5338.088865995407	0.2287493704319715	0.0	4
1017	5343.690504550934	0.228875631764196	0.0001262613322245143	0
1018	5349.291027069092	0.228950630885729	7.499912153299815e-05	0
1019	5354.891105175018	0.228950630885729	0.0	1
1020	5360.49129986763	0.22900478471701646	5.4153831287456766e-05	0
1021	5366.070123434067	0.22900478471701646	0.0	1
1022	5371.715526342392	0.22900478471701646	0.0	2
1023	5377.292137145996	0.22901124510986692	6.460392850460295e-06	0
1024	5382.853187799454	0.22901124510986692	0.0	1
1025	5388.458276748657	0.22909792052216077	8.667541229384623e-05	0
1026	5394.0235986709595	0.22912035803387368	2.243751171290831e-05	0
1027	5399.651811361313	0.22912035803387368	0.0	1
1028	5405.267534971237	0.22912035803387368	0.0	2
1029	5410.935259819031	0.22915954132308844	3.918328921476144e-05	0
1030	5416.594683885574	0.22915954132308844	0.0	1
1031	5422.288450717926	0.22917288304090142	1.3341717812975773e-05	0
1032	5427.9174728393555	0.22917288304090142	0.0	1
1033	5433.5140216350555	0.22917288304090142	0.0	2
1034	5439.178830862045	0.22924070801513305	6.782497423163392e-05	0
1035	5444.833650112152	0.22924070801513305	0.0	1
1036	5450.46665930748	0.22931567053387367	7.496251874061777e-05	0
1037	5456.1023626327515	0.22932280807838268	7.137544509011606e-06	0
1038	5461.732096910477	0.22932280807838268	0.0	1
1039	5467.346920251846	0.22932280807838268	0.0	2
1040	5473.034155845642	0.22939612347146737	7.331539308469415e-05	0
1041	5478.644381284714	0.22947108599020802	7.496251874064552e-05	0
1042	5484.289675235748	0.22947108599020802	0.0	1
1043	5489.9434814453125	0.22947108599020802	0.0	2
1044	5495.568907022476	0.229561604695699	9.051870549098284e-05	0
1045	5501.216730594635	0.229561604695699	0.0	1
1046	5506.782176971436	0.229561604695699	0.0	2
1047	5512.382647752762	0.229561604695699	0.0	3
1048	5517.993337154388	0.229561604695699	0.0	4
1049	5523.6235320568085	0.22960713856938716	4.553387368816386e-05	0
1050	5529.230810642242	0.22960713856938716	0.0	1
1051	5534.816564321518	0.22965882171219076	5.168314280359909e-05	0
1052	5540.460971832275	0.22965882171219076	0.0	1
1053	5546.110281467438	0.22968195467695837	2.3132964767608177e-05	0
1054	5551.7606563568115	0.22974977965119	6.782497423163392e-05	0
1055	5557.348817586899	0.22974977965119	0.0	1
1056	5562.950213432312	0.2297975096924194	4.773004122940461e-05	0
1057	5568.566300868988	0.2298595880282515	6.207833583207756e-05	0
1058	5574.23429775238	0.2298595880282515	0.0	1
1059	5579.931125640869	0.22993246418782795	7.287615957646265e-05	0
1060	5585.579570531845	0.2299819511630903	4.9486975262358346e-05	0
1061	5591.26812005043	0.2299819511630903	0.0	1
1062	5596.880830526352	0.2299819511630903	0.0	2
1063	5602.48686671257	0.23000942155875187	2.747039566156073e-05	0
1064	5608.11622262001	0.23001015361459892	7.320558470524929e-07	1
1065	5613.769975662231	0.23002680788511992	1.6654270520999326e-05	0
1066	5619.394075393677	0.23010177040386057	7.496251874064552e-05	0
1067	5625.032961368561	0.23013187620057157	3.0105796711005217e-05	0
1068	5630.6254205703735	0.2301382816892335	6.405488661931358e-06	0
1069	5636.287261962891	0.2301494638422976	1.1182153064087652e-05	0
1070	5641.917494773865	0.23029938887977885	0.0001499250374812633	0
1071	5647.56388926506	0.23029938887977885	0.0	1
1072	5653.191517114639	0.23029938887977885	0.0	2
1073	5658.79897069931	0.23031015010073086	1.0761220952004713e-05	0
1074	5664.411733388901	0.2303204171839861	1.026708325524428e-05	0
1075	5670.070306062698	0.23034830851175972	2.7891327773615915e-05	0
1076	5675.69180893898	0.23042554040362628	7.723189186656376e-05	0
1077	5681.326133012772	0.23042554040362628	0.0	1
1078	5686.934496879578	0.23042554040362628	0.0	2
1079	5692.557448148727	0.23050366906390554	7.812866027925858e-05	0
1080	5698.159810781479	0.23052402021645427	2.0351152548725437e-05	0
1081	5703.807623624802	0.23052402021645427	0.0	1
1082	5709.372161388397	0.23052402021645427	0.0	2
1083	5715.046565294266	0.2305242947373969	2.7452094264468485e-07	3
1084	5720.664852380753	0.2305242947373969	0.0	4
1085	5726.3571672439575	0.2305242947373969	0.0	5
1086	5732.001170158386	0.23058662929277546	6.233455537854593e-05	0
1087	5737.654877662659	0.23058662929277546	0.0	1
1088	5743.40473985672	0.23069530298327398	0.00010867369049852305	0
1089	5749.093328952789	0.23069530298327398	0.0	1
1090	5754.75860285759	0.23069577881957457	4.758363005841204e-07	2
1091	5760.355442285538	0.23069577881957457	0.0	3
1092	5765.992850780487	0.2307774030465236	8.162422694904525e-05	0
1093	5771.615221977234	0.2307774030465236	0.0	1
1094	5777.243472099304	0.23082870186000748	5.129881348386878e-05	0
1095	5782.814258337021	0.23082870186000748	0.0	1
1096	5788.4832372665405	0.23090783709707643	7.913523706895575e-05	0
1097	5794.131899833679	0.23090783709707643	0.0	1
1098	5799.756859779358	0.23090783709707643	0.0	2
1099	5805.3520674705505	0.23090783709707643	0.0	3
1100	5811.028057098389	0.23109725654750748	0.0001894194504310498	0
1101	5816.6769008636475	0.23109725654750748	0.0	1
1102	5822.263563871384	0.23109725654750748	0.0	2
1103	5827.9217393398285	0.23109725654750748	0.0	3
1104	5833.544906377792	0.23109725654750748	0.0	4
1105	5839.19838643074	0.23109725654750748	0.0	5
1106	5844.7937660217285	0.23116808295071212	7.08264032046324e-05	0
1107	5850.469626903534	0.23116808295071212	0.0	1
1108	5856.149964570999	0.23116808295071212	0.0	2
1109	5861.7313144207	0.23161227613732194	0.0004441931866098203	0
1110	5867.343804359436	0.23161227613732194	0.0	1
1111	5873.02432847023	0.23161227613732194	0.0	2
1112	5878.668884277344	0.23161227613732194	0.0	3
1113	5884.321994066238	0.23161227613732194	0.0	4
1114	5889.988185405731	0.23161227613732194	0.0	5
1115	5895.59717798233	0.23161227613732194	0.0	6
1116	5901.312366962433	0.23161227613732194	0.0	7
1117	5907.0633108615875	0.23161227613732194	0.0	8
1118	5912.7310564517975	0.23161227613732194	0.0	9
1119	5918.379522562027	0.23161227613732194	0.0	10
1120	5923.969170093536	0.23172331070792726	0.00011103457060532285	0
1121	5929.612159252167	0.23172331070792726	0.0	1
1122	5935.309768199921	0.23172331070792726	0.0	2
1123	5940.888297796249	0.23172331070792726	0.0	3
1124	5946.520215034485	0.23173055806081333	7.24735288606948e-06	0
1125	5952.121962308884	0.2318204728202305	8.991475941716454e-05	0
1126	5957.81978726387	0.2318204728202305	0.0	1
1127	5963.421133041382	0.2318204728202305	0.0	2
1128	5969.045031070709	0.2318488399843047	2.8367164074200035e-05	0
1129	5974.633934497833	0.2318488399843047	0.0	1
1130	5980.25105381012	0.2319278105088081	7.89705245033967e-05	0
1131	5985.911218881607	0.2319278105088081	0.0	1
1132	5991.563642501831	0.2320429628935532	0.00011515238474510414	0
1133	5997.159188985825	0.2320429628935532	0.0	1
1134	6002.787635087967	0.2320429628935532	0.0	2
1135	6008.449453830719	0.2320429628935532	0.0	3
1136	6014.115953207016	0.2320429628935532	0.0	4
1137	6019.817577362061	0.23214336435297975	0.00010040145942655232	0
1138	6025.475108623505	0.23214336435297975	0.0	1
1139	6031.103234291077	0.23214336435297975	0.0	2
1140	6036.749197006226	0.23232425535279233	0.00018089099981258294	0
1141	6042.430150508881	0.23232425535279233	0.0	1
1142	6048.055008172989	0.23232425535279233	0.0	2
1143	6053.725628376007	0.23239921787153298	7.496251874064552e-05	0
1144	6059.387105464935	0.23239921787153298	0.0	1
1145	6065.116046190262	0.23239921787153298	0.0	2
1146	6070.807966470718	0.2324246385108227	2.5420639289730484e-05	0
1147	6076.432768344879	0.2324246385108227	0.0	1
1148	6082.136825799942	0.23244257387907608	1.7935368253368944e-05	0
1149	6087.7854697704315	0.23244257387907608	0.0	1
1150	6093.463330745697	0.23252946890812404	8.689502904796198e-05	0
1151	6099.081822633743	0.23252946890812404	0.0	1
1152	6104.708148479462	0.23252946890812404	0.0	2
1153	6110.29980301857	0.23252946890812404	0.0	3
1154	6115.948708534241	0.23252946890812404	0.0	4
1155	6121.590410232544	0.23258239654586768	5.292763774364384e-05	0
1156	6127.208552122116	0.23258239654586768	0.0	1
1157	6132.886862516403	0.23269110683915853	0.00010871029329084791	0
1158	6138.516103506088	0.23269769534178222	6.588502623694481e-06	0
1159	6144.1481692790985	0.2327432292154704	4.553387368816386e-05	0
1160	6149.786629915237	0.23288872531507682	0.00014549609960642917	0
1161	6155.44703578949	0.23288872531507682	0.0	1
1162	6161.113580703735	0.23288872531507682	0.0	2
1163	6166.773123502731	0.23288872531507682	0.0	3
1164	6172.4777545928955	0.23293255715892053	4.3831843843711304e-05	0
1165	6178.161355495453	0.2330404621907796	0.00010790503185906242	0
1166	6183.797520160675	0.2330404621907796	0.0	1
1167	6189.479436635971	0.23305005212237628	9.589931596692969e-06	0
1168	6195.196519374847	0.23305005212237628	0.0	1
1169	6200.897967576981	0.23305005212237628	0.0	2
1170	6206.563252449036	0.23311542470952024	6.537258714395255e-05	0
1171	6212.219076156616	0.23311542470952024	0.0	1
1172	6217.919510602951	0.2331572250983883	4.180038886805737e-05	0
1173	6223.538531541824	0.2331572250983883	0.0	1
1174	6229.309371232986	0.2331572250983883	0.0	2
1175	6235.044544219971	0.2331572250983883	0.0	3
1176	6240.741944074631	0.2331852079331428	2.7982834754497476e-05	0
1177	6246.423689842224	0.23319997715985755	1.476922671475589e-05	0
1178	6252.126918315887	0.2332601704518834	6.019329202586188e-05	0
1179	6257.755974531174	0.2332749396785982	1.4769226714783645e-05	0
1180	6263.408427476883	0.2333219376639805	4.69979853822966e-05	0
1181	6269.094471693039	0.2333219376639805	0.0	1
1182	6274.78302025795	0.23342486471607946	0.00010292705209896669	0
1183	6280.456278562546	0.23353203769209144	0.00010717297601198217	0
1184	6286.069964647293	0.23353203769209144	0.0	1
1185	6291.732530832291	0.23353203769209144	0.0	2
1186	6297.356352567673	0.23354682522020237	1.4787528110932202e-05	0
1187	6303.0420253276825	0.23354682522020237	0.0	1
1188	6308.7034730911255	0.23354682522020237	0.0	2
1189	6314.32576084137	0.23354682522020237	0.0	3
1190	6319.996806144714	0.23357347205303597	2.664683283359892e-05	0
1191	6325.653625488281	0.23360700021083206	3.3528157796086644e-05	0
1192	6331.335330247879	0.23362178773894302	1.4787528110959958e-05	0
1193	6336.966287851334	0.23362178773894302	0.0	1
1194	6342.590409994125	0.23369594499625185	7.415725730883227e-05	0
1195	6348.267502784729	0.23369594499625185	0.0	1
1196	6353.99525976181	0.23369594499625185	0.0	2
1197	6359.648539543152	0.23371023838666602	1.429339041417177e-05	0
1198	6365.3089373111725	0.23378520090540666	7.496251874064552e-05	0
1199	6370.988922834396	0.23381001759862255	2.4816693215884422e-05	0
1200	6376.665564775467	0.23385081141070088	4.0793812078332436e-05	0
1201	6382.307735443115	0.23388569387181407	3.488246111318927e-05	0
1202	6387.986905574799	0.23388569387181407	0.0	1
1203	6393.804498195648	0.23388569387181407	0.0	2
1204	6399.524779319763	0.23388569387181407	0.0	3
1205	6405.132027626038	0.2339404516491754	5.4757777361330584e-05	0
1206	6410.8179404735565	0.23402579105954832	8.533941037291992e-05	0
1207	6416.465584278107	0.23402579105954832	0.0	1
1208	6422.082968711853	0.23402579105954832	0.0	2
1209	6427.715183734894	0.23402579105954832	0.0	3
1210	6433.35382771492	0.23402579105954832	0.0	4
1211	6438.945429086685	0.2340438911403673	1.810008081898351e-05	0
1212	6444.642275571823	0.2340438911403673	0.0	1
1213	6450.2571341991425	0.2340438911403673	0.0	2
1214	6455.859454154968	0.2341048530910326	6.096195066529475e-05	0
1215	6461.530414104462	0.2341048530910326	0.0	1
1216	6467.223610401154	0.2341048530910326	0.0	2
1217	6472.8987374305725	0.2341048530910326	0.0	3
1218	6478.6141765117645	0.2341048530910326	0.0	4
1219	6484.28675532341	0.2341048530910326	0.0	5
1220	6489.997129201889	0.2341048530910326	0.0	6
1221	6495.656162261963	0.23412297147324773	1.8118382215132067e-05	0
1222	6501.335325717926	0.23412297147324773	0.0	1
1223	6507.053025484085	0.23417571609702958	5.274462378185296e-05	0
1224	6512.721614360809	0.23417571609702958	0.0	1
1225	6518.37034869194	0.23420604151049473	3.032541346514872e-05	0
1226	6524.051260471344	0.23420604151049473	0.0	1
1227	6529.738629579544	0.23442291305519114	0.00021687154469640646	0
1228	6535.425166845322	0.23442291305519114	0.0	1
1229	6541.045106887817	0.23458085410419788	0.0001579410490067379	0
1230	6546.701395273209	0.23458085410419788	0.0	1
1231	6552.384152889252	0.23458085410419788	0.0	2
1232	6558.128335475922	0.23458085410419788	0.0	3
1233	6563.874041318893	0.23458085410419788	0.0	4
1234	6569.522249221802	0.23460795847193588	2.710436773800673e-05	0
1235	6575.1971435546875	0.23460795847193588	0.0	1
1236	6580.880891799927	0.23460795847193588	0.0	2
1237	6586.582853078842	0.23460795847193588	0.0	3
1238	6592.230368614197	0.234629590722217	2.163225028112281e-05	0
1239	6597.863850355148	0.234629590722217	0.0	1
1240	6603.591879606247	0.234629590722217	0.0	2
1241	6609.3450429439545	0.23465581662293852	2.6225900721515982e-05	0
1242	6615.013048410416	0.23465581662293852	0.0	1
1243	6620.620752811432	0.23470455324095763	4.8736618019101785e-05	0
1244	6626.320384502411	0.23470455324095763	0.0	1
1245	6631.902462005615	0.23470455324095763	0.0	2
1246	6637.596319198608	0.2347577553996439	5.3202158686288525e-05	0
1247	6643.243808746338	0.23475788350941715	1.2810977323418626e-07	1
1248	6648.936276435852	0.23478043082950711	2.2547320089966183e-05	0
1249	6654.5890238285065	0.23478043082950711	0.0	1
1250	6660.251444816589	0.23478043082950711	0.0	2
1251	6665.926726341248	0.23483271791838453	5.22870888774174e-05	0
1252	6671.606202840805	0.23483271791838453	0.0	1
1253	6677.284478664398	0.234858834010729	2.611609234445811e-05	0
1254	6683.003258466721	0.2349983455537856	0.0001395115430566085	0
1255	6688.6119503974915	0.2349983455537856	0.0	1
1256	6694.293100357056	0.2349983455537856	0.0	2
1257	6699.983896970749	0.2349983455537856	0.0	3
1258	6705.646917581558	0.23501139444925973	1.304889547412702e-05	0
1259	6711.294620275497	0.2350280670211769	1.6672571917175638e-05	0
1260	6717.021504640579	0.23503062921664167	2.562195464766992e-06	0
1261	6722.730716705322	0.23503062921664167	0.0	1
1262	6728.387146949768	0.23518721596233133	0.00015658674568966302	0
1263	6734.043306112289	0.23518721596233133	0.0	1
1264	6739.724709033966	0.23521413731610755	2.692135377621585e-05	0
1265	6745.427255392075	0.23521413731610755	0.0	1
1266	6751.094368696213	0.23521413731610755	0.0	2
1267	6756.736489534378	0.23521413731610755	0.0	3
1268	6762.331003665924	0.2352398690791323	2.573176302475555e-05	0
1269	6767.980532407761	0.2353640623535888	0.00012419327445650774	0
1270	6773.614337444305	0.2354121035185532	4.804116496440192e-05	0
1271	6779.282917499542	0.2355598689912856	0.00014776547273237517	0
1272	6784.951285839081	0.2355598689912856	0.0	1
1273	6790.639599323273	0.2355598689912856	0.0	2
1274	6796.279552698135	0.2355598689912856	0.0	3
1275	6801.976863861084	0.23580128270825523	0.0002414137169696462	0
1276	6807.593075037003	0.23580128270825523	0.0	1
1277	6813.257531642914	0.23580128270825523	0.0	2
1278	6818.92603635788	0.23580128270825523	0.0	3
1279	6824.54443025589	0.23580547372797975	4.1910197245143e-06	0
1280	6830.205834150314	0.23580547372797975	0.0	1
1281	6835.899249792099	0.23580547372797975	0.0	2
1282	6841.532468080521	0.23580547372797975	0.0	3
1283	6847.244298696518	0.23587624522699585	7.077149901610347e-05	0
1284	6852.930840730667	0.235955398765461	7.915353846515982e-05	0
1285	6858.60028553009	0.23603036128420163	7.496251874061777e-05	0
1286	6864.307364702225	0.23610532380294227	7.496251874064552e-05	0
1287	6869.962445497513	0.23610532380294227	0.0	1
1288	6875.606773614883	0.23610532380294227	0.0	2
1289	6881.3499500751495	0.23610532380294227	0.0	3
1290	6887.164655208588	0.23633021135916416	0.00022488755622188106	0
1291	6892.7985944747925	0.23633021135916416	0.0	1
1292	6898.496470212936	0.23633021135916416	0.0	2
1293	6904.19882106781	0.23633021135916416	0.0	3
1294	6909.861857652664	0.23633021135916416	0.0	4
1295	6915.495961427689	0.23633021135916416	0.0	5
1296	6921.1416783332825	0.23633021135916416	0.0	6
1297	6926.803144454956	0.23633021135916416	0.0	7
1298	6932.505166292191	0.23651981382355697	0.00018960246439281292	0
1299	6938.071729898453	0.23651981382355697	0.0	1
1300	6943.760432243347	0.23651981382355697	0.0	2
1301	6949.3858280181885	0.23659477634229759	7.496251874061777e-05	0
1302	6955.044186830521	0.2366697388610382	7.496251874061777e-05	0
1303	6960.701908349991	0.23671671854502435	4.6979683986148046e-05	0
1304	6966.358513116837	0.23679168106376497	7.496251874061777e-05	0
1305	6971.989481210709	0.23679168106376497	0.0	1
1306	6977.6349840164185	0.23679168106376497	0.0	2
1307	6983.30926990509	0.23679168106376497	0.0	3
1308	6988.978564977646	0.23681966389851947	2.7982834754497476e-05	0
1309	6994.680568695068	0.23681966389851947	0.0	1
1310	7000.353710174561	0.23683503707130807	1.5373172788601952e-05	0
1311	7006.0003480911255	0.23686162899995314	2.6591928645069984e-05	0
1312	7011.628058195114	0.23686162899995314	0.0	1
1313	7017.246916770935	0.23686162899995314	0.0	2
1314	7022.870632171631	0.23686162899995314	0.0	3
1315	7028.468054533005	0.23694160610124623	7.997710129309388e-05	0
1316	7034.155548810959	0.23695635702656484	1.4750925318607333e-05	0
1317	7039.888248920441	0.23707335785232383	0.00011700082575899495	0
1318	7045.650484323502	0.23707335785232383	0.0	1
1319	7051.325065374374	0.23707335785232383	0.0	2
1320	7057.020140886307	0.23707335785232383	0.0	3
1321	7062.756109237671	0.2372422248348482	0.00016886698252435717	0
1322	7068.416249752045	0.23739214987232946	0.0001499250374812633	0
1323	7074.083246707916	0.23739214987232946	0.0	1
1324	7079.728115081787	0.23739214987232946	0.0	2
1325	7085.3758935928345	0.23740281958630058	1.0669713971123151e-05	0
1326	7091.009570837021	0.23747778210504122	7.496251874064552e-05	0
1327	7096.652723789215	0.23747778210504122	0.0	1
1328	7102.284192085266	0.23755274462378184	7.496251874061777e-05	0
1329	7107.923859834671	0.23755274462378184	0.0	1
1330	7113.574799776077	0.23755274462378184	0.0	2
1331	7119.200761079788	0.23755274462378184	0.0	3
1332	7124.8158230781555	0.23755274462378184	0.0	4
1333	7130.43833065033	0.23755274462378184	0.0	5
1334	7136.100993394852	0.23755274462378184	0.0	6
1335	7141.7951567173	0.23755274462378184	0.0	7
1336	7147.481264829636	0.23755274462378184	0.0	8
1337	7153.1406371593475	0.23755274462378184	0.0	9
1338	7158.803414583206	0.23767940858672224	0.00012666396294039317	0
1339	7164.475391149521	0.23767940858672224	0.0	1
1340	7170.063460588455	0.23767940858672224	0.0	2
1341	7175.706899404526	0.23785259469874437	0.0001731861120221334	0
1342	7181.354385614395	0.23785259469874437	0.0	1
1343	7187.042289733887	0.23785259469874437	0.0	2
1344	7192.653902769089	0.23785259469874437	0.0	3
1345	7198.322259902954	0.23785259469874437	0.0	4
1346	7204.006213903427	0.23785259469874437	0.0	5
1347	7209.706053733826	0.23785259469874437	0.0	6
1348	7215.434154987335	0.23785259469874437	0.0	7
1349	7221.125794172287	0.23797925866168476	0.00012666396294039317	0
1350	7226.757876396179	0.23797925866168476	0.0	1
1351	7232.449247598648	0.23797925866168476	0.0	2
1352	7238.112072467804	0.23797925866168476	0.0	3
1353	7243.780649185181	0.2380542211804254	7.496251874064552e-05	0
1354	7249.365886449814	0.2380542211804254	0.0	1
1355	7255.042016983032	0.2380542211804254	0.0	2
1356	7260.704670906067	0.23807746395357007	2.324277314466605e-05	0
1357	7266.302083730698	0.23807746395357007	0.0	1
1358	7271.91175365448	0.23807746395357007	0.0	2
1359	7277.509147167206	0.23812918369916602	5.1719745595951716e-05	0
1360	7283.172294616699	0.23812918369916602	0.0	1
1361	7288.805779457092	0.23812918369916602	0.0	2
1362	7294.50231218338	0.2381424522113943	1.3268512228270524e-05	0
1363	7300.151053190231	0.2382174147301349	7.496251874061777e-05	0
1364	7305.777357578278	0.2382174147301349	0.0	1
1365	7311.451067209244	0.23825454826297787	3.713353284295895e-05	0
1366	7317.129389047623	0.23825454826297787	0.0	1
1367	7322.7637622356415	0.2383295107817185	7.496251874061777e-05	0
1368	7328.340854406357	0.2383295107817185	0.0	1
1369	7333.9143679142	0.238359561674241	3.0050892522504036e-05	0
1370	7339.574872970581	0.238359561674241	0.0	1
1371	7345.216812610626	0.2383737452562781	1.4183582037113895e-05	0
1372	7350.908695697784	0.2384423022863568	6.855703007868641e-05	0
1373	7356.560365200043	0.2384423022863568	0.0	1
1374	7362.12576675415	0.23851726480509744	7.496251874064552e-05	0
1375	7367.830764770508	0.23851726480509744	0.0	1
1376	7373.554802417755	0.23851726480509744	0.0	2
1377	7379.172907114029	0.2385332236225637	1.5958817466271702e-05	0
1378	7384.848630428314	0.2385332236225637	0.0	1
1379	7390.542979717255	0.23859222732383806	5.9003701274346065e-05	0
1380	7396.177630186081	0.23859222732383806	0.0	1
1381	7401.79701423645	0.23859222732383806	0.0	2
1382	7407.450537443161	0.23859222732383806	0.0	3
1383	7413.120787143707	0.2386671898425787	7.496251874064552e-05	0
1384	7418.7916033267975	0.23867127105392613	4.08121134742867e-06	0
1385	7424.429476976395	0.23867127105392613	0.0	1
1386	7430.057136058807	0.23868393562008056	1.2664566154424461e-05	0
1387	7435.683143377304	0.23868393562008056	0.0	1
1388	7441.3301322460175	0.23874215236131932	5.8216741238764635e-05	0
1389	7446.927832841873	0.23874215236131932	0.0	1
1390	7452.493003845215	0.23885423011150672	0.0001120777501874004	0
1391	7458.169341087341	0.23885423011150672	0.0	1
1392	7463.71534204483	0.23885423011150672	0.0	2
1393	7469.352533817291	0.23885423011150672	0.0	3
1394	7475.02002286911	0.23885423011150672	0.0	4
1395	7480.645802736282	0.23885423011150672	0.0	5
1396	7486.252947568893	0.23892919263024737	7.496251874064552e-05	0
1397	7491.906802177429	0.23892919263024737	0.0	1
1398	7497.574199676514	0.23892919263024737	0.0	2
1399	7503.189777374268	0.23892919263024737	0.0	3
1400	7508.849474430084	0.23892919263024737	0.0	4
1401	7514.3961708545685	0.23892919263024737	0.0	5
1402	7520.031501531601	0.23905991950313904	0.00013072687289167328	0
1403	7525.633346319199	0.23905991950313904	0.0	1
1404	7531.314349889755	0.23905991950313904	0.0	2
1405	7536.9677221775055	0.23932045817911354	0.0002605386759745032	0
1406	7542.584443330765	0.23932045817911354	0.0	1
1407	7548.227354288101	0.23932045817911354	0.0	2
1408	7553.84668469429	0.23932045817911354	0.0	3
1409	7559.3875415325165	0.23932045817911354	0.0	4
1410	7564.919892549515	0.23939661028860568	7.615210949213358e-05	0
1411	7570.511248588562	0.23939661028860568	0.0	1
1412	7576.14323759079	0.23939661028860568	0.0	2
1413	7581.767447948456	0.23939661028860568	0.0	3
1414	7587.4015147686005	0.23939661028860568	0.0	4
1415	7592.968300819397	0.23952931371228448	0.00013270342367879828	0
1416	7598.633125782013	0.23952931371228448	0.0	1
1417	7604.288060665131	0.23952931371228448	0.0	2
1418	7609.878191232681	0.23952931371228448	0.0	3
1419	7615.476608753204	0.2399043642241379	0.0003750505118534364	0
1420	7621.071113348007	0.2399043642241379	0.0	1
1421	7626.660113811493	0.2399043642241379	0.0	2
1422	7632.363101005554	0.2399875989739505	8.32347498125885e-05	0
1423	7638.000015497208	0.2399875989739505	0.0	1
1424	7643.701116800308	0.2399875989739505	0.0	2
1425	7649.357701301575	0.24003177854432156	4.417957037106124e-05	0
1426	7654.912796735764	0.24003177854432156	0.0	1
1427	7660.524027347565	0.24017544450431033	0.0001436659599887702	0
1428	7666.159040212631	0.24017544450431033	0.0	1
1429	7671.823415279388	0.24017544450431033	0.0	2
1430	7677.424749135971	0.24024753370385118	7.208919954085347e-05	0
1431	7683.071160554886	0.24024753370385118	0.0	1
1432	7688.67588186264	0.24024753370385118	0.0	2
1433	7694.362853527069	0.24024753370385118	0.0	3
1434	7700.111346721649	0.24024753370385118	0.0	4
1435	7705.772407770157	0.24054321106048537	0.0002956773566341886	0
1436	7711.439998865128	0.24054321106048537	0.0	1
1437	7717.050280332565	0.24054321106048537	0.0	2
1438	7722.68693447113	0.24055867574025486	1.5464679769483514e-05	0
1439	7728.305559396744	0.24076809861670725	0.00020942287645239754	0
1440	7733.878938913345	0.24079985153907418	3.175292236692884e-05	0
1441	7739.503497362137	0.24079985153907418	0.0	1
1442	7745.133865118027	0.24079985153907418	0.0	2
1443	7750.752372503281	0.24109680999344077	0.00029695845436658597	0
1444	7756.411369800568	0.24109680999344077	0.0	1
1445	7762.024901151657	0.24109680999344077	0.0	2
1446	7767.657324790955	0.24134332979994377	0.00024651980650300387	0
1447	7773.346249580383	0.24134332979994377	0.0	1
1448	7778.955260276794	0.24134332979994377	0.0	2
1449	7784.609733581543	0.24134332979994377	0.0	3
1450	7790.185472726822	0.24134332979994377	0.0	4
1451	7795.801625967026	0.24134332979994377	0.0	5
1452	7801.377496957779	0.24145928744612066	0.00011595764617688964	0
1453	7806.934403181076	0.2415541435825056	9.48561363849354e-05	0
1454	7812.563497543335	0.2415541435825056	0.0	1
1455	7818.128392457962	0.2415541435825056	0.0	2
1456	7823.811300754547	0.2415541435825056	0.0	3
1457	7829.419507980347	0.2415541435825056	0.0	4
1458	7835.03809094429	0.2415541435825056	0.0	5
1459	7840.68216085434	0.2415541435825056	0.0	6
1460	7846.253637075424	0.2415541435825056	0.0	7
1461	7851.838499307632	0.2415541435825056	0.0	8
1462	7857.55242061615	0.2415541435825056	0.0	9
1463	7863.194478273392	0.2415541435825056	0.0	10
1464	7868.79557466507	0.24159167974606446	3.7536163558865576e-05	0
1465	7874.398213863373	0.24159167974606446	0.0	1
1466	7879.982734918594	0.24162423792986318	3.2558183798714335e-05	0
1467	7885.608646154404	0.24166920446026985	4.4966530406670424e-05	0
1468	7891.227501630783	0.24167350528837142	4.300828101572174e-06	0
1469	7896.82444357872	0.24167350528837142	0.0	1
1470	7902.420813322067	0.24182343032585268	0.0001499250374812633	0
1471	7908.041569232941	0.24182343032585268	0.0	1
1472	7913.66564655304	0.24183913292377246	1.5702597919775574e-05	0
1473	7919.343113183975	0.24183913292377246	0.0	1
1474	7924.918295383453	0.24183913292377246	0.0	2
1475	7930.525272130966	0.2418983928445933	5.9259920820842193e-05	0
1476	7936.116410493851	0.24204831788207457	0.0001499250374812633	0
1477	7941.777100801468	0.24204831788207457	0.0	1
1478	7947.295660734177	0.24204831788207457	0.0	2
1479	7952.923145055771	0.24204831788207457	0.0	3
1480	7958.501000165939	0.24204831788207457	0.0	4
1481	7964.118925333023	0.24204831788207457	0.0	5
1482	7969.773727655411	0.24205324095764616	4.9230755715945484e-06	0
1483	7975.408765554428	0.24205324095764616	0.0	1
1484	7980.969054222107	0.2421277276400862	7.448668244003365e-05	0
1485	7986.551478147507	0.2421277276400862	0.0	1
1486	7992.153475999832	0.2421277276400862	0.0	2
1487	7997.763792276382	0.24212820347638678	4.758363005841204e-07	3
1488	8003.383341550827	0.24214220404446213	1.4000568075350772e-05	0
1489	8008.97776556015	0.24214220404446213	0.0	1
1490	8014.654365301132	0.24214220404446213	0.0	2
1491	8020.327280759811	0.2422034954202586	6.129137579646837e-05	0
1492	8025.962671756744	0.2422034954202586	0.0	1
1493	8031.554692983627	0.2422034954202586	0.0	2
1494	8037.129692316055	0.2423058368276799	0.00010234140742129694	0
1495	8042.724309921265	0.2423058368276799	0.0	1
1496	8048.383330583572	0.2423058368276799	0.0	2
1497	8053.929201841354	0.2423058368276799	0.0	3
1498	8059.511475086212	0.2423058368276799	0.0	4
