1	49.38900971412659	0.04147736465019443	10000000000.041477	0
2	81.42261052131653	0.04147736465019443	0.0	1
3	114.31182718276978	0.058558858388188716	0.017081493737994287	0
4	148.46575617790222	0.058558858388188716	0.0	1
5	185.15254187583923	0.06301020174727089	0.00445134335908217	0
6	223.9261646270752	0.06940978363357383	0.006399581886302949	0
7	265.04174613952637	0.07627860416715469	0.006868820533580858	0
8	308.5336878299713	0.07641987721959333	0.00014127305243863408	0
9	354.18355202674866	0.08067168503150768	0.0042518078119143515	0
10	401.7789943218231	0.0813230774749344	0.0006513924434267265	0
11	451.3494083881378	0.0813230774749344	0.0	1
12	501.6531734466553	0.0813230774749344	0.0	2
13	552.7325172424316	0.0813230774749344	0.0	3
14	602.9554054737091	0.08628615989856633	0.004963082423631929	0
15	655.2540669441223	0.08757646323322713	0.0012903033346607917	0
16	710.1871633529663	0.08757646323322713	0.0	1
17	765.9018411636353	0.08818038185497094	0.000603918621743818	0
18	823.0742466449738	0.09033422741754123	0.0021538455625702835	0
19	881.5778095722198	0.09372244724805566	0.003388219830514433	0
20	940.3580927848816	0.10105450814631746	0.0073320608982618	0
21	999.8970415592194	0.10105450814631746	0.0	1
22	1060.722689151764	0.10286882620701367	0.0018143180606962073	0
23	1122.280653476715	0.10286882620701367	0.0	1
24	1184.1971442699432	0.10302281415444621	0.0001539879474325434	0
25	1246.217689037323	0.10302281415444621	0.0	1
26	1308.3235714435577	0.11173051779774175	0.008707703643295539	0
27	1370.586396932602	0.11360458076625748	0.0018740629685157356	0
28	1432.1146562099457	0.11360458076625748	0.0	1
29	1494.4705169200897	0.11360458076625748	0.0	2
30	1556.6255309581757	0.11360458076625748	0.0	3
31	1618.8248753547668	0.11360458076625748	0.0	4
32	1681.2167596817017	0.11360458076625748	0.0	5
33	1743.4676775932312	0.11773416270380434	0.004129581937546853	0
34	1805.3740310668945	0.11773416270380434	0.0	1
35	1867.218134880066	0.11970130657327585	0.001967143869471513	0
36	1928.7353513240814	0.12169206839451367	0.0019907618212378214	0
37	1989.8821110725403	0.12169206839451367	0.0	1
38	2051.4035432338715	0.12279958653485756	0.001107518140343891	0
39	2112.7281546592712	0.12279958653485756	0.0	1
40	2174.118731737137	0.12309557501522675	0.0002959884803691859	0
41	2235.1964416503906	0.12337506478694246	0.000279489771715713	0
42	2296.8834376335144	0.1243535763856353	0.0009785115986928328	0
43	2358.1288754940033	0.12613061450231913	0.0017770381166838378	0
44	2419.5183968544006	0.12624548321542353	0.00011486871310439906	0
45	2480.500710964203	0.12624548321542353	0.0	1
46	2541.631654024124	0.12652726066166134	0.00028177744623780754	0
47	2602.847017765045	0.12908763513750937	0.002560374475848032	0
48	2664.4138169288635	0.12908763513750937	0.0	1
49	2725.7473883628845	0.12908763513750937	0.0	2
50	2787.01633810997	0.12961731414566152	0.0005296790081521507	0
51	2848.5352160930634	0.12961731414566152	0.0	1
52	2909.789105653763	0.12979603643002716	0.00017872228436563442	0
53	2970.9515285491943	0.13107662172331802	0.0012805852932908646	0
54	3032.0605289936066	0.13116123822854198	8.461650522395558e-05	0
55	3093.342994451523	0.13302895061258432	0.001867712384042347	0
56	3154.686386823654	0.13304535781425691	1.6407201672591354e-05	0
57	3216.045931816101	0.13419041211815966	0.0011450543039027428	0
58	3277.040055036545	0.13419041211815966	0.0	1
59	3338.4090962409973	0.13419041211815966	0.0	2
60	3399.762154340744	0.13574425555776798	0.0015538434396083212	0
61	3461.199569940567	0.13574425555776798	0.0	1
62	3522.2310338020325	0.13574425555776798	0.0	2
63	3583.608315706253	0.13574425555776798	0.0	3
64	3645.078102827072	0.1365344457898004	0.0007901902320324172	0
65	3706.306731939316	0.1374641750169837	0.0009297292271832902	0
66	3767.437201023102	0.13942630430390274	0.001962129286919051	0
67	3829.0665459632874	0.14144986222708958	0.0020235579231868417	0
68	3891.001593351364	0.1426226705982946	0.0011728083712050086	0
69	3952.7048819065094	0.1426226705982946	0.0	1
70	4014.6971378326416	0.1426226705982946	0.0	2
71	4076.665118932724	0.14269980183248218	7.713123418759404e-05	0
72	4138.51246380806	0.1433093481335504	0.0006095463010682145	0
73	4200.612743616104	0.14341102154001123	0.00010167340646083378	0
74	4262.905168533325	0.14341102154001123	0.0	1
75	4325.324463844299	0.14482011923725635	0.0014090976972451208	0
76	4387.383846759796	0.14482011923725635	0.0	1
77	4449.878898382187	0.14482011923725635	0.0	2
78	4512.360424757004	0.14563925312734258	0.0008191338900862266	0
79	4574.980763196945	0.14598223044239597	0.00034297731505339435	0
80	4637.58917760849	0.14598223044239597	0.0	1
81	4699.852667331696	0.14756870527138774	0.0015864748289917685	0
82	4762.46377158165	0.14865417022933844	0.0010854649579506992	0
83	4825.111170053482	0.14865417022933844	0.0	1
84	4887.861523866653	0.14865417022933844	0.0	2
85	4950.661472558975	0.15018986783463736	0.0015356976052989246	0
86	5013.469890832901	0.15018986783463736	0.0	1
87	5076.172593355179	0.15145624209379685	0.0012663742591594862	0
88	5138.781189203262	0.15145624209379685	0.0	1
89	5201.469416856766	0.15213976263821213	0.0006835205444152836	0
90	5263.88883805275	0.1522268406812219	8.707804300975286e-05	0
91	5326.490215778351	0.15228012519619097	5.328451496908193e-05	0
92	5389.16654586792	0.15245172823744377	0.00017160304125279913	0
93	5451.642770767212	0.15247598673807627	2.4258500632506896e-05	0
94	5514.39216709137	0.15247598673807627	0.0	1
95	5576.763343334198	0.15343542828195275	0.000959441543876477	0
96	5639.433141231537	0.15430514723107194	0.0008697189491191915	0
97	5702.40639257431	0.15430514723107194	0.0	1
98	5765.141646385193	0.15430514723107194	0.0	2
99	5828.028475999832	0.15517777610218328	0.0008726288711113361	0
100	5890.850742340088	0.15518559079835081	7.814696167535162e-06	0
101	5953.902358531952	0.15530416554418103	0.00011857474583021332	0
102	6016.469662666321	0.1580383941330116	0.002734228588830573	0
103	6079.330380439758	0.1580383941330116	0.0	1
104	6142.102713346481	0.1584337042904329	0.00039531015742130804	0
105	6204.733397960663	0.1584337042904329	0.0	1
106	6267.907253980637	0.16005597665034668	0.0016222723599137734	0
107	6330.946801662445	0.16005597665034668	0.0	1
108	6394.233706235886	0.16005597665034668	0.0	2
109	6457.0086987018585	0.16005597665034668	0.0	3
110	6520.151547193527	0.16023188967039917	0.0001759130200524872	0
111	6583.180563688278	0.16026717476222824	3.528509182906814e-05	0
112	6646.56126499176	0.16049725991496439	0.00023008515273614805	0
113	6709.576327085495	0.16146798426958395	0.0009707243546195621	0
114	6772.509788751602	0.16146798426958395	0.0	1
115	6835.701537370682	0.16231868806807534	0.0008507037984913923	0
116	6898.531916618347	0.16231868806807534	0.0	1
117	6961.736862182617	0.16231868806807534	0.0	2
118	7024.603489160538	0.1626305438589299	0.0003118557908545483	0
119	7087.453424453735	0.16271333937523424	8.2795516304357e-05	0
120	7150.456959486008	0.16304900528251498	0.00033566590728073553	0
121	7213.453216075897	0.16304900528251498	0.0	1
122	7276.63577747345	0.16304900528251498	0.0	2
123	7339.755543708801	0.16304900528251498	0.0	3
124	7402.879199981689	0.16370456129357194	0.0006555560110569625	0
125	7466.17538189888	0.1638544863310532	0.0001499250374812633	0
126	7529.36767745018	0.1638544863310532	0.0	1
127	7592.448273897171	0.1640284044989224	0.0001739181678691859	0
128	7655.6296989917755	0.1640284044989224	0.0	1
129	7718.886233091354	0.16441101348739692	0.00038260898847453095	0
130	7782.309952735901	0.16455738805401984	0.00014637456662291992	0
131	7845.520416975021	0.16455738805401984	0.0	1
132	7908.478846549988	0.16455738805401984	0.0	2
133	7971.578075170517	0.16462801314186656	7.062508784672072e-05	0
134	8034.794206380844	0.16518638873922412	0.0005583755973575522	0
135	8098.119652032852	0.16530617137720202	0.00011978263797790545	0
