1	16.233412265777588	0.03927097295918441	10000000000.03927	0
2	27.018524646759033	0.03927097295918441	0.0	1
3	37.71689534187317	0.04246361903718398	0.0031926460779995725	0
4	48.38408136367798	0.04246361903718398	0.0	1
5	59.280197620391846	0.06635133638045823	0.023887717343274252	0
6	70.40042877197266	0.06635133638045823	0.0	1
7	81.89292883872986	0.06635133638045823	0.0	2
8	93.46446323394775	0.06635133638045823	0.0	3
9	105.30417609214783	0.06635133638045823	0.0	4
10	117.36119437217712	0.06635133638045823	0.0	5
11	129.8165624141693	0.06710484292283228	0.0007535065423740495	0
12	142.86153888702393	0.0674021739012906	0.0002973309784583128	0
13	156.49974370002747	0.07414518455931964	0.006743010658029042	0
14	170.3413438796997	0.07414518455931964	0.0	1
15	184.62682819366455	0.07414518455931964	0.0	2
16	199.4877963066101	0.07414518455931964	0.0	3
17	214.6199939250946	0.0761870352362636	0.002041850676943971	0
18	230.27791953086853	0.08551749049748282	0.009330455261219214	0
19	245.89747714996338	0.08551749049748282	0.0	1
20	262.11807012557983	0.09089895200192609	0.005381461504443269	0
21	278.631352186203	0.09176758510816975	0.0008686331062436603	0
22	295.4388608932495	0.09429870256310262	0.0025311174549328685	0
23	312.7625894546509	0.09777169756441456	0.003472995001311943	0
24	330.3706102371216	0.09777169756441456	0.0	1
25	348.27767634391785	0.09837932343807668	0.0006076258736621154	0
26	366.2810778617859	0.10134461384062442	0.0029652904025477406	0
27	384.5177159309387	0.10228995481393592	0.0009453409733115037	0
28	402.7227303981781	0.10228995481393592	0.0	1
29	420.8504524230957	0.10381787235522583	0.0015279175412899054	0
30	438.971821308136	0.10381787235522583	0.0	1
31	457.1670198440552	0.10381787235522583	0.0	2
32	475.44018959999084	0.1052460094113305	0.0014281370561046725	0
33	493.8003978729248	0.10643563743094321	0.0011896280196127124	0
34	512.0492553710938	0.10643563743094321	0.0	1
35	530.4324097633362	0.11223539643499723	0.0057997590040540226	0
36	548.7542316913605	0.11223539643499723	0.0	1
37	567.0641870498657	0.11223539643499723	0.0	2
38	585.2936813831329	0.11223539643499723	0.0	3
39	603.5425539016724	0.11328480916393707	0.0010494127289398386	0
40	621.8514502048492	0.11626219621860007	0.0029773870546629944	0
41	639.9847776889801	0.11626219621860007	0.0	1
42	658.1062121391296	0.11696373446222204	0.0007015382436219714	0
43	676.209588766098	0.12246102084750991	0.005497286385287875	0
44	694.3975944519043	0.12246102084750991	0.0	1
45	712.530166387558	0.12246102084750991	0.0	2
46	730.5632710456848	0.12246102084750991	0.0	3
47	748.6452379226685	0.12246102084750991	0.0	4
48	766.7828276157379	0.12450364305207949	0.0020426222045695774	0
49	784.9276685714722	0.12450364305207949	0.0	1
50	803.0949940681458	0.1282849618926174	0.003781318840537909	0
51	821.3088212013245	0.1282849618926174	0.0	1
52	839.5544412136078	0.1282849618926174	0.0	2
53	857.8367836475372	0.1282849618926174	0.0	3
54	876.0657844543457	0.1287041322884469	0.00041917039582950455	0
55	894.2036819458008	0.12889084197384204	0.00018670968539513666	0
56	912.378123998642	0.13142176795476565	0.0025309259809236095	0
57	930.5402686595917	0.1331987143398805	0.0017769463851148581	0
58	948.7300910949707	0.1331987143398805	0.0	1
59	967.0255002975464	0.1331987143398805	0.0	2
60	985.1576788425446	0.13532506700238744	0.0021263526625069362	0
61	1003.3941752910614	0.13535012757124815	2.506056886070196e-05	0
62	1021.6954576969147	0.13535012757124815	0.0	1
63	1039.9645776748657	0.13535012757124815	0.0	2
64	1058.396286725998	0.13624774646354262	0.0008976188922944772	0
65	1076.8440856933594	0.13805568911180569	0.0018079426482630612	0
66	1095.3209202289581	0.13805568911180569	0.0	1
67	1113.7671203613281	0.13805568911180569	0.0	2
68	1132.2216186523438	0.1403086736735041	0.0022529845616984234	0
69	1150.5885820388794	0.1403086736735041	0.0	1
70	1169.0074830055237	0.1431134750667501	0.002804801393245987	0
71	1187.5211200714111	0.1431134750667501	0.0	1
72	1205.9588582515717	0.1434525417476414	0.00033906668089131453	0
73	1224.3609697818756	0.1434525417476414	0.0	1
74	1242.6950101852417	0.1434525417476414	0.0	2
75	1261.083512544632	0.1434525417476414	0.0	3
76	1279.3277840614319	0.1434532513277934	7.095801519974021e-07	4
77	1297.5139541625977	0.14436457750651643	0.0009113261787230265	0
78	1315.8290281295776	0.1468836208356881	0.0025190433291716607	0
79	1334.103455066681	0.1468836208356881	0.0	1
80	1352.522437095642	0.1468836208356881	0.0	2
81	1370.8118650913239	0.1468836208356881	0.0	3
82	1389.1928486824036	0.1475988551025616	0.0007152342668735046	0
83	1407.5321173667908	0.1486957421226241	0.001096887020062498	0
84	1425.852658033371	0.14876671140100226	7.096927837815792e-05	0
85	1444.2264316082	0.14876671140100226	0.0	1
86	1462.601107597351	0.14888491844378576	0.00011820704278350802	0
87	1481.0485863685608	0.14888491844378576	0.0	1
88	1499.3841688632965	0.1505701600416359	0.0016852415978501345	0
89	1517.806325674057	0.1505701600416359	0.0	1
90	1536.1634376049042	0.1514637805060897	0.0008936204644537926	0
91	1554.6744601726532	0.1514637805060897	0.0	1
92	1573.2700953483582	0.15164831639832071	0.00018453589223102473	0
93	1591.8704206943512	0.152493888149624	0.0008455717513032868	0
94	1610.3887250423431	0.1540223575865877	0.001528469436963692	0
95	1629.033563375473	0.15559669068036078	0.0015743330937730837	0
96	1647.7016868591309	0.15571437961700152	0.00011768893664074187	0
97	1666.385731458664	0.15571437961700152	0.0	1
98	1684.924237728119	0.15611364797904365	0.0003992683620421267	0
99	1703.7783591747284	0.15779339314650997	0.0016797451674663288	0
100	1722.4404406547546	0.15779339314650997	0.0	1
101	1741.1721427440643	0.157977929038741	0.00018453589223102473	0
102	1759.9436337947845	0.15876656543022813	0.0007886363914871297	0
103	1778.648547410965	0.15876656543022813	0.0	1
104	1797.4624874591827	0.15908514439212723	0.00031857896189910195	0
105	1816.237951517105	0.1601023782243322	0.0010172338322049779	0
106	1834.938161611557	0.1601023782243322	0.0	1
107	1853.7641952037811	0.1601023782243322	0.0	2
108	1872.6296575069427	0.16133888358668574	0.001236505362353535	0
109	1891.4666435718536	0.16133888358668574	0.0	1
110	1910.3154306411743	0.16145891526414582	0.0001200316774600807	0
111	1929.3024725914001	0.16172376887167836	0.0002648536075325336	0
112	1948.0876970291138	0.16266559573376085	0.0009418268620824954	0
113	1967.0503327846527	0.16303565867780034	0.0003700629440394898	0
114	1986.1787357330322	0.16473006850174154	0.0016944098239412009	0
115	2005.3218305110931	0.1649146043939726	0.0001845358922310525	0
116	2024.3139626979828	0.1649146043939726	0.0	1
117	2043.2805898189545	0.1664324188654791	0.0015178144715065067	0
118	2062.3526241779327	0.1664324188654791	0.0	1
119	2081.3336951732635	0.1664324188654791	0.0	2
120	2100.504781961441	0.1671063285358807	0.0006739096704015957	0
121	2119.6239433288574	0.1671063285358807	0.0	1
122	2138.805340528488	0.16747540032034278	0.0003690717844620772	0
123	2158.029319524765	0.16846034262404272	0.0009849423036999427	0
124	2177.118092775345	0.16846034262404272	0.0	1
125	2196.202248811722	0.16877527231658862	0.0003149296925459011	0
126	2215.3637611865997	0.16910451750712194	0.00032924519053331713	0
127	2235.0452823638916	0.16992091762995362	0.0008164001228316842	0
128	2254.1580097675323	0.17112747420462146	0.0012065565746678386	0
129	2273.497148513794	0.17112747420462146	0.0	1
130	2292.39275598526	0.17135560985508166	0.0002281356504602039	0
131	2311.5261282920837	0.17135791880636994	2.308951288276795e-06	0
132	2330.6924273967743	0.17242385461599233	0.001065935809622387	0
133	2349.7279398441315	0.17242385461599233	0.0	1
134	2368.9033279418945	0.17277346363057067	0.00034960901457833926	0
135	2388.0491580963135	0.17287214032440834	9.867669383767375e-05	0
136	2407.150451183319	0.17287214032440834	0.0	1
137	2426.2210772037506	0.17344378034750416	0.0005716400230958152	0
138	2445.385492324829	0.173664662511966	0.00022088216446183861	0
139	2464.4801952838898	0.17372399692848658	5.9334416520590016e-05	0
140	2483.5998084545135	0.17463054752015478	0.0009065505916681926	0
141	2502.6785657405853	0.17589750851315972	0.0012669609930049397	0
142	2521.8405826091766	0.17589750851315972	0.0	1
143	2540.967987060547	0.17589750851315972	0.0	2
144	2560.031189918518	0.1760986350651354	0.0002011265519756833	0
145	2579.186347723007	0.1760986350651354	0.0	1
146	2598.2857439517975	0.176728359292103	0.0006297242269676095	0
147	2617.3550469875336	0.176728359292103	0.0	1
148	2636.529871225357	0.176728359292103	0.0	2
149	2655.72735786438	0.17673113003364896	2.770741545948807e-06	0
150	2674.7693407535553	0.17780238206282295	0.0010712520291739913	0
151	2694.104639530182	0.17780238206282295	0.0	1
152	2713.277990102768	0.17870345875046134	0.0009010766876383913	0
153	2732.5036404132843	0.17870345875046134	0.0	1
154	2751.7078285217285	0.17870345875046134	0.0	2
155	2770.8438024520874	0.17870345875046134	0.0	3
156	2790.0516967773438	0.17874193376314818	3.847501268683384e-05	0
157	2809.255367040634	0.17961094418582188	0.000869010422673705	0
158	2828.4792742729187	0.17961094418582188	0.0	1
159	2847.630180835724	0.17961094418582188	0.0	2
160	2866.8387110233307	0.17961094418582188	0.0	3
161	2886.0702731609344	0.17973392681566017	0.00012298262983828634	0
162	2905.3910262584686	0.1801487721515155	0.00041484533585534056	0
163	2924.6110825538635	0.1805779217221812	0.0004291495706656989	0
164	2943.9691717624664	0.1810417168253483	0.0004637951031671028	0
165	2963.1399250030518	0.18112675381181953	8.503698647122082e-05	0
166	2982.4131202697754	0.18112675381181953	0.0	1
167	3001.6707105636597	0.18179709305510702	0.0006703392432874933	0
168	3021.0552096366882	0.18179709305510702	0.0	1
169	3040.3693766593933	0.18341370811539837	0.0016166150602913432	0
170	3059.5802779197693	0.18341370811539837	0.0	1
171	3078.705461025238	0.18341370811539837	0.0	2
172	3097.934640645981	0.1834419899528857	2.8281837487320605e-05	0
173	3117.2176489830017	0.1834419899528857	0.0	1
174	3136.5099291801453	0.18377964873664998	0.00033765878376429415	0
175	3155.7033834457397	0.1845586663749654	0.0007790176383154213	0
176	3174.9971129894257	0.1845586663749654	0.0	1
177	3194.2354192733765	0.184836900636793	0.00027823426182760347	0
178	3213.4693768024445	0.18529491773015086	0.00045801709335785423	0
179	3232.7432899475098	0.18529491773015086	0.0	1
180	3252.122388124466	0.18568577249896198	0.0003908547688111219	0
181	3271.4445898532867	0.18568577249896198	0.0	1
182	3290.7726018428802	0.18707286653802016	0.0013870940390581787	0
183	3310.0923252105713	0.18707286653802016	0.0	1
184	3329.4826147556305	0.18707286653802016	0.0	2
185	3348.867931127548	0.18707286653802016	0.0	3
186	3368.3612916469574	0.18796570984325983	0.0008928433052396711	0
187	3387.8741574287415	0.18858482415747832	0.0006191143142184885	0
188	3407.2218782901764	0.18858482415747832	0.0	1
189	3426.5586562156677	0.18858482415747832	0.0	2
190	3445.854595899582	0.18858482415747832	0.0	3
191	3465.379274368286	0.18888840056759204	0.0003035764101137206	0
192	3484.821082353592	0.1895329583986898	0.000644557831097764	0
193	3504.5196013450623	0.18953937840958895	6.420010899149675e-06	0
194	3524.0833151340485	0.18953937840958895	0.0	1
195	3543.631850719452	0.19026353311265917	0.0007241547030702178	0
196	3563.198471546173	0.19063274005524544	0.00036920694258626985	0
197	3582.6499366760254	0.19063274005524544	0.0	1
198	3602.190665245056	0.19158839809870362	0.0009556580434581796	0
199	3621.712614297867	0.19158839809870362	0.0	1
200	3641.105121612549	0.19158839809870362	0.0	2
201	3660.5860211849213	0.19158839809870362	0.0	3
202	3680.119143486023	0.19158839809870362	0.0	4
203	3699.687736272812	0.19158839809870362	0.0	5
204	3719.4214119911194	0.19297257497491466	0.0013841768762110351	0
205	3739.0696053504944	0.19297257497491466	0.0	1
206	3758.7242538928986	0.19297257497491466	0.0	2
207	3778.591161251068	0.19297257497491466	0.0	3
208	3798.2755539417267	0.19306770376799226	9.512879307760347e-05	0
209	3817.9266488552094	0.19306770376799226	0.0	1
210	3837.49031996727	0.19352145211726102	0.0004537483492687566	0
211	3857.221950531006	0.19352145211726102	0.0	1
212	3877.037140607834	0.19371749897640247	0.0001960468591414577	0
213	3896.9092564582825	0.19421285350156856	0.0004953545251660807	0
214	3916.8861882686615	0.19421285350156856	0.0	1
215	3936.7555046081543	0.1956622892254106	0.0014494357238420408	0
216	3956.597662448883	0.1956622892254106	0.0	1
217	3976.3852038383484	0.1956622892254106	0.0	2
218	3996.1271753311157	0.1956622892254106	0.0	3
219	4015.8891282081604	0.19568999664087008	2.7707415459488072e-05	0
220	4035.6880979537964	0.19749273570135173	0.0018027390604816451	0
221	4055.523263692856	0.19749273570135173	0.0	1
222	4075.449381351471	0.19749273570135173	0.0	2
223	4095.3344597816467	0.19749273570135173	0.0	3
224	4115.110986709595	0.19749273570135173	0.0	4
225	4134.890944004059	0.19749273570135173	0.0	5
226	4154.772443532944	0.19781324066652056	0.000320504965168833	0
227	4174.664082765579	0.1982371415966968	0.0004239009301762464	0
228	4194.5269656181335	0.1984392480450729	0.0002021064483760937	0
229	4214.393990039825	0.1984392480450729	0.0	1
230	4234.307933092117	0.1984392480450729	0.0	2
231	4254.170551776886	0.1984972083539975	5.796030892460391e-05	0
232	4274.054186820984	0.19878214420614965	0.00028493585215214057	0
233	4293.902238607407	0.19915121599061172	0.0003690717844620772	0
234	4313.747499465942	0.19915121599061172	0.0	1
235	4333.701445102692	0.19936300877122162	0.00021179278060989848	0
236	4353.56650519371	0.19936300877122162	0.0	1
237	4373.503337621689	0.1999155351829212	0.0005525264116995887	0
238	4393.482894659042	0.1999155351829212	0.0	1
239	4413.35010099411	0.20003337054086318	0.00011783535794196442	0
240	4433.234351634979	0.20038383555689473	0.0003504650160315592	0
241	4453.226984262466	0.20038383555689473	0.0	1
242	4473.1897122859955	0.20038383555689473	0.0	2
243	4493.078240156174	0.20095614010743448	0.0005723045505397484	0
244	4513.028758764267	0.20095614010743448	0.0	1
245	4533.004848957062	0.20153779309489758	0.0005816529874630993	0
246	4552.9859392642975	0.20186652017928816	0.00032872708439057874	0
247	4572.958461523056	0.20186652017928816	0.0	1
248	4592.974340677261	0.20186652017928816	0.0	2
249	4612.962293148041	0.20188825811092914	2.173793164098048e-05	0
250	4632.935477018356	0.20225559536613075	0.0003673372552016052	0
251	4652.94291472435	0.20269909422431492	0.000443498858184177	0
252	4672.908770799637	0.20269909422431492	0.0	1
253	4692.976987123489	0.20269909422431492	0.0	2
254	4712.992655754089	0.20289725856073537	0.00019816433642044773	0
255	4733.017813920975	0.20312425663031694	0.00022699806958156876	0
256	4753.146111488342	0.20340011436179414	0.0002758577314772026	0
257	4773.269849538803	0.20340011436179414	0.0	1
258	4793.328684091568	0.20340011436179414	0.0	2
259	4813.359329223633	0.20342725861840283	2.714425660868547e-05	0
260	4833.343041181564	0.20349501789133143	6.775927292859696e-05	0
261	4853.310947418213	0.20392270324898507	0.0004276853576536399	0
262	4873.352543354034	0.2043652785266539	0.000442575277668833	0
263	4893.307714939117	0.20478958493120272	0.0004243064045488243	0
