1	29.920775175094604	0.019129617649354887	10000000000.019129	0
2	49.09243369102478	0.019129617649354887	0.0	1
3	68.2733461856842	0.019432859835764576	0.0003032421864096885	0
4	87.55073523521423	0.021689852246232766	0.00225699241046819	0
5	106.22131967544556	0.021689852246232766	0.0	1
6	124.96911573410034	0.02178592039305203	9.606814681926285e-05	0
7	143.28861689567566	0.02178592039305203	0.0	1
8	161.9599311351776	0.02178592039305203	0.0	2
9	180.87500953674316	0.0223197918910886	0.000533871498036572	0
10	199.70809197425842	0.0223197918910886	0.0	1
11	219.08699655532837	0.0270671266852906	0.004747334794201998	0
12	238.98915100097656	0.0270671266852906	0.0	1
13	259.10300946235657	0.0270671266852906	0.0	2
14	279.6435000896454	0.0270671266852906	0.0	3
15	300.0906331539154	0.03257727742105291	0.005510150735762311	0
16	320.5014958381653	0.03257727742105291	0.0	1
17	340.99161887168884	0.03257727742105291	0.0	2
18	361.8382499217987	0.0327016953050859	0.00012441788403298737	0
19	382.446186542511	0.03487978512081496	0.002178089815729062	0
20	403.2943341732025	0.03487978512081496	0.0	1
21	424.0263409614563	0.03487978512081496	0.0	2
22	444.99982023239136	0.03489842599724021	1.864087642525214e-05	0
23	465.96463108062744	0.03493515578116714	3.672978392692955e-05	0
24	486.7974717617035	0.034998567470282536	6.341168911539602e-05	0
25	507.7350101470947	0.0353584307651614	0.0003598632948788663	0
26	528.5504426956177	0.0353584307651614	0.0	1
27	549.4736285209656	0.03559061547069947	0.0002321847055380688	0
28	570.4161212444305	0.03559061547069947	0.0	1
29	591.3118681907654	0.03729622670227761	0.0017056112315781413	0
30	611.9839046001434	0.037310312131475565	1.408542919795197e-05	0
31	632.8086879253387	0.037458495344162575	0.00014818321268701	0
32	653.569179058075	0.037458495344162575	0.0	1
33	674.4492506980896	0.037576613286592515	0.00011811794242994056	0
34	695.2095000743866	0.037576613286592515	0.0	1
35	715.7884247303009	0.037576613286592515	0.0	2
36	736.6527147293091	0.03758143449663487	4.821210042353641e-06	0
37	757.6112241744995	0.037655711796227356	7.42772995924873e-05	0
38	778.4359469413757	0.037677589527451365	2.1877731224008434e-05	0
39	798.9876890182495	0.03788460172430185	0.00020701219685048677	0
40	819.8389196395874	0.03788460172430185	0.0	1
41	840.7221808433533	0.03949674962536983	0.0016121479010679785	0
42	861.6730360984802	0.03960531373532008	0.00010856410995024879	0
43	882.3530752658844	0.03960531373532008	0.0	1
44	903.1834790706635	0.04021697707581747	0.0006116633404973926	0
45	923.9628736972809	0.04021697707581747	0.0	1
46	944.623389005661	0.04050816453351348	0.00029118745769601134	0
47	965.3565466403961	0.04050816453351348	0.0	1
48	986.2236847877502	0.04050816453351348	0.0	2
49	1006.927258014679	0.04050816453351348	0.0	3
50	1027.528195142746	0.040782796330717755	0.0002746317972042722	0
51	1048.5158717632294	0.040782796330717755	0.0	1
52	1069.447402715683	0.040955712521282835	0.00017291619056507973	0
53	1090.3024969100952	0.040955712521282835	0.0	1
54	1111.203251361847	0.040955712521282835	0.0	2
55	1131.7573249340057	0.04126222222743148	0.000306509706148643	0
56	1152.577733039856	0.04126222222743148	0.0	1
57	1173.2808747291565	0.041491984402693846	0.00022976217526236853	0
58	1194.116456270218	0.042670645894681385	0.0011786614919875385	0
59	1214.8456118106842	0.042670645894681385	0.0	1
60	1235.6334714889526	0.04274408842645735	7.34425317759635e-05	0
61	1256.6368839740753	0.04274408842645735	0.0	1
62	1277.462378025055	0.04300914594788847	0.0002650575214311196	0
63	1298.3282713890076	0.04300914594788847	0.0	1
64	1319.1469583511353	0.04300914594788847	0.0	2
65	1340.0009846687317	0.04304740897882533	3.82630309368609e-05	0
66	1360.7888762950897	0.043140201087866696	9.279210904136748e-05	0
67	1381.6312551498413	0.043140201087866696	0.0	1
68	1402.47856092453	0.04363241767185887	0.0004922165839921708	0
69	1423.4923267364502	0.04376066526620112	0.00012824759434225397	0
70	1444.5421624183655	0.04395699584221572	0.00019633057601459863	0
71	1465.592092037201	0.04395699584221572	0.0	1
72	1486.6845982074738	0.044457836088834884	0.000500840246619165	0
73	1507.847972393036	0.044457836088834884	0.0	1
74	1528.8421154022217	0.044457836088834884	0.0	2
75	1549.8867328166962	0.044457836088834884	0.0	3
76	1570.795415878296	0.0447059358983361	0.0002480998095012177	0
77	1591.6316146850586	0.04470990871169963	3.972813363527228e-06	0
78	1612.6333181858063	0.04470990871169963	0.0	1
79	1633.672551393509	0.04470990871169963	0.0	2
80	1654.6607143878937	0.044729012969443434	1.910425774380442e-05	0
81	1675.740097284317	0.04473621241595899	7.1994465155530984e-06	0
82	1696.9297125339508	0.04533940541853037	0.0006031930025713825	0
83	1718.0219740867615	0.04533940541853037	0.0	1
84	1739.1202185153961	0.04533940541853037	0.0	2
85	1760.3575038909912	0.04533940541853037	0.0	3
86	1781.4787907600403	0.04679058282684847	0.0014511774083180995	0
87	1802.5047104358673	0.04679058282684847	0.0	1
88	1823.5374450683594	0.04679058282684847	0.0	2
89	1844.6843600273132	0.04679058282684847	0.0	3
90	1865.8786070346832	0.04679058282684847	0.0	4
91	1887.0336894989014	0.04682570440502275	3.5121578174278356e-05	0
92	1908.0338068008423	0.04690122193108549	7.551752606274609e-05	0
93	1929.2090005874634	0.04690122193108549	0.0	1
94	1950.2730407714844	0.04690122193108549	0.0	2
95	1971.3022158145905	0.04696642922281031	6.52072917248156e-05	0
96	1992.3993093967438	0.047068052834628914	0.0001016236118186048	0
97	2013.3130447864532	0.047068052834628914	0.0	1
98	2034.2720277309418	0.04730072817921016	0.0002326753445812471	0
99	2055.2802855968475	0.04730072817921016	0.0	1
100	2076.2535407543182	0.04730072817921016	0.0	2
101	2097.3434538841248	0.047332527722196246	3.179954298608567e-05	0
102	2118.417636871338	0.04736331532215578	3.078759995953084e-05	0
103	2139.342801809311	0.047420737126285695	5.7421804129917375e-05	0
104	2160.3279836177826	0.047420737126285695	0.0	1
105	2181.102778196335	0.04775055900141653	0.00032982187513083683	0
106	2202.1303577423096	0.04775055900141653	0.0	1
107	2223.0337958335876	0.04796117943956374	0.00021062043814720766	0
108	2244.0312492847443	0.04796117943956374	0.0	1
109	2264.9251832962036	0.04796117943956374	0.0	2
110	2285.8814408779144	0.04812712105984139	0.00016594162027765147	0
111	2306.9527595043182	0.04812712105984139	0.0	1
112	2327.854455471039	0.04861251980546271	0.00048539874562131963	0
113	2348.823761701584	0.04861251980546271	0.0	1
114	2369.9437403678894	0.048744242759694155	0.00013172295423144464	0
115	2390.643012523651	0.048744242759694155	0.0	1
116	2411.578146457672	0.048754846014571765	1.0603254877609991e-05	0
117	2432.575015306473	0.04885053084963854	9.568483506677827e-05	0
118	2453.385584115982	0.04897601519214733	0.00012548434250878732	0
119	2474.3543150424957	0.04904388011202271	6.786491987537807e-05	0
120	2495.020191669464	0.04987696135683284	0.0008330812448101299	0
121	2516.003434896469	0.04987696135683284	0.0	1
122	2536.9876239299774	0.049959177468721215	8.221611188837658e-05	0
123	2557.9556334018707	0.049959177468721215	0.0	1
124	2578.890899181366	0.049959177468721215	0.0	2
125	2599.6575751304626	0.05018605713960491	0.0002268796708836951	0
126	2620.565640449524	0.05018605713960491	0.0	1
127	2641.608099937439	0.05029034178678964	0.00010428464718473252	0
128	2662.5914545059204	0.05029034178678964	0.0	1
129	2683.524374485016	0.05029034178678964	0.0	2
130	2704.636300802231	0.05029034178678964	0.0	3
131	2725.672333240509	0.05029034178678964	0.0	4
132	2746.519374370575	0.05103435500918476	0.0007440132223951179	0
133	2767.4471735954285	0.05103435500918476	0.0	1
134	2788.406247854233	0.05103435500918476	0.0	2
135	2809.322022676468	0.051042890084206746	8.535075021985639e-06	0
136	2830.121320962906	0.05128197099407395	0.00023908090986720504	0
137	2851.1394555568695	0.05128197099407395	0.0	1
138	2872.1025400161743	0.051566541639118196	0.00028457064504424506	0
139	2893.0965044498444	0.051566541639118196	0.0	1
140	2914.1406903266907	0.051566541639118196	0.0	2
141	2934.9804809093475	0.051566541639118196	0.0	3
142	2955.902272939682	0.051580225016877985	1.3683377759789173e-05	0
143	2976.9218995571136	0.05159013319977775	9.908182899767692e-06	0
144	2997.8282911777496	0.0516551530946458	6.501989486804721e-05	0
145	3018.792687892914	0.05240928915452208	0.00075413605987628	0
146	3039.6267898082733	0.05240928915452208	0.0	1
147	3060.452667951584	0.05325679655008792	0.0008475073955658413	0
148	3081.0262620449066	0.05325679655008792	0.0	1
149	3102.0433115959167	0.05325679655008792	0.0	2
150	3123.1165492534637	0.054004223802491834	0.0007474272524039122	0
151	3143.9342727661133	0.054004223802491834	0.0	1
152	3164.8028399944305	0.054004223802491834	0.0	2
153	3185.7337911129	0.0542801673776935	0.0002759435752016648	0
154	3206.8018810749054	0.0542801673776935	0.0	1
155	3227.7463295459747	0.0542801673776935	0.0	2
156	3248.77747130394	0.0542801673776935	0.0	3
157	3269.9083189964294	0.05495434971682495	0.0006741823391314544	0
158	3290.8140518665314	0.05495434971682495	0.0	1
159	3311.804650783539	0.05495434971682495	0.0	2
160	3332.734526872635	0.054965562863290955	1.1213146466002022e-05	0
161	3353.7573788166046	0.054965562863290955	0.0	1
162	3374.6637539863586	0.05511901022404541	0.0001534473607544551	0
163	3395.487668991089	0.05518474222696919	6.573200292377818e-05	0
164	3416.2854714393616	0.05629385222737042	0.001109110000401231	0
165	3437.027264356613	0.05629385222737042	0.0	1
166	3458.0549976825714	0.056724970621624404	0.0004311183942539848	0
167	3478.999814748764	0.056724970621624404	0.0	1
168	3500.0325076580048	0.056724970621624404	0.0	2
169	3521.10671210289	0.056724970621624404	0.0	3
170	3542.159167766571	0.056724970621624404	0.0	4
171	3563.088345527649	0.056724970621624404	0.0	5
172	3584.1303102970123	0.056824713450444146	9.974282881974189e-05	0
173	3605.2758107185364	0.057180736813367015	0.0003560233629228693	0
174	3626.42622590065	0.05723489109775798	5.415428439096287e-05	0
175	3647.3753752708435	0.05723489109775798	0.0	1
176	3668.5519721508026	0.057256520102244815	2.162900448683669e-05	0
177	3689.614912509918	0.05727905542607531	2.253532383049428e-05	0
178	3710.6497926712036	0.05763097309422712	0.00035191766815181186	0
179	3731.5395336151123	0.05763097309422712	0.0	1
180	3752.55673289299	0.05763097309422712	0.0	2
181	3773.6503081321716	0.05814674375950749	0.0005157706652803712	0
182	3794.7074687480927	0.05814674375950749	0.0	1
183	3815.685122489929	0.05814674375950749	0.0	2
184	3836.700628042221	0.05814674375950749	0.0	3
185	3857.7869348526	0.05814674375950749	0.0	4
186	3878.828850507736	0.05896632220898345	0.0008195784494759578	0
187	3899.9951581954956	0.05896632220898345	0.0	1
188	3921.066148996353	0.05896632220898345	0.0	2
189	3942.214468240738	0.05896632220898345	0.0	3
190	3963.27446103096	0.05896632220898345	0.0	4
191	3984.368457555771	0.058970826547977084	4.5043389936341716e-06	0
192	4005.5506031513214	0.05961641894119658	0.000645592393219499	0
193	4026.4038169384003	0.05973514677521492	0.00011872783401833953	0
194	4047.550513982773	0.05973514677521492	0.0	1
195	4068.5998702049255	0.05973514677521492	0.0	2
196	4089.557651758194	0.05973514677521492	0.0	3
197	4110.588552236557	0.05973514677521492	0.0	4
198	4131.525300741196	0.05973514677521492	0.0	5
199	4152.767978191376	0.0597461043805126	1.0957605297678974e-05	0
200	4173.630738258362	0.05978029238161861	3.4188001106008614e-05	0
201	4194.722187757492	0.05978029238161861	0.0	1
202	4215.810245275497	0.05982735284317693	4.706046155832089e-05	0
203	4236.972129106522	0.05982735284317693	0.0	1
204	4258.147301435471	0.06030616884830226	0.0004788160051253307	0
205	4279.153943538666	0.06030616884830226	0.0	1
206	4300.514917612076	0.06032779103835794	2.1622190055678447e-05	0
207	4321.709867477417	0.06032779103835794	0.0	1
208	4342.719551086426	0.06032779103835794	0.0	2
209	4363.847893476486	0.06060179250068035	0.0002740014623224124	0
210	4385.07275056839	0.06060179250068035	0.0	1
211	4406.136835336685	0.06060179250068035	0.0	2
212	4427.277171134949	0.06234195971264689	0.0017401672119665354	0
213	4448.525619268417	0.062369190179543364	2.7230466896475958e-05	0
214	4469.682862520218	0.062369190179543364	0.0	1
215	4490.645426988602	0.062439501480203476	7.031130066011138e-05	0
216	4511.75258398056	0.06260034931319257	0.00016084783298909305	0
217	4532.852640390396	0.06260034931319257	0.0	1
218	4554.084485054016	0.06260034931319257	0.0	2
219	4575.384104728699	0.06260034931319257	0.0	3
220	4596.657134771347	0.06260034931319257	0.0	4
221	4617.898476600647	0.06260034931319257	0.0	5
222	4639.046233892441	0.06260034931319257	0.0	6
223	4660.161895751953	0.06260034931319257	0.0	7
224	4681.284501552582	0.06260034931319257	0.0	8
225	4702.417704105377	0.06267337957188364	7.303025869107027e-05	0
226	4723.6285717487335	0.06273368728760781	6.030771572416993e-05	0
227	4744.7993721961975	0.06273368728760781	0.0	1
228	4765.886259794235	0.06273368728760781	0.0	2
229	4787.011734247208	0.06273368728760781	0.0	3
230	4808.283725261688	0.06273368728760781	0.0	4
231	4829.517323255539	0.06275371490077317	2.0027613165357616e-05	0
232	4850.791128158569	0.06275371490077317	0.0	1
233	4872.11502122879	0.06279586215746853	4.2147256695365676e-05	0
234	4893.390678882599	0.0629060242515247	0.00011016209405616262	0
235	4914.645032405853	0.06291265469303876	6.6304415140688855e-06	0
236	4935.971831560135	0.0629734257900815	6.077109704273609e-05	0
237	4957.181951284409	0.0631176804832075	0.00014425469312599748	0
238	4978.430074930191	0.0631176804832075	0.0	1
239	4999.751005411148	0.06323937940920954	0.00012169892600204235	0
240	5021.080019712448	0.06323937940920954	0.0	1
241	5042.3201286792755	0.06328511105669257	4.573164748303271e-05	0
242	5063.414408922195	0.06350376570917185	0.00021865465247927762	0
243	5084.644682407379	0.06350376570917185	0.0	1
244	5105.845781803131	0.06350376570917185	0.0	2
245	5127.007540941238	0.06356361685800863	5.985114883677589e-05	0
246	5148.152627468109	0.06360242504343791	3.8808185429284325e-05	0
247	5169.315700054169	0.06360242504343791	0.0	1
248	5190.417409181595	0.06373880906857957	0.00013638402514165593	0
249	5211.607291698456	0.06434575682271751	0.0006069477541379431	0
250	5233.005646467209	0.06434575682271751	0.0	1
251	5254.220267295837	0.06434575682271751	0.0	2
252	5275.422379732132	0.06434575682271751	0.0	3
253	5296.5081651210785	0.06434575682271751	0.0	4
254	5317.742557287216	0.06437366873272951	2.7911910012001773e-05	0
255	5339.097719907761	0.06444261033272741	6.89415999979015e-05	0
256	5360.3775589466095	0.06478264363294443	0.0003400333002170214	0
257	5381.58473777771	0.06478264363294443	0.0	1
258	5402.819746255875	0.06480331861706953	2.067498412509916e-05	0
259	5424.182321548462	0.06497339318984285	0.00017007457277332105	0
260	5445.63321852684	0.06497339318984285	0.0	1
261	5466.710881471634	0.06503755105916977	6.415786932691125e-05	0
262	5487.950971841812	0.06503755105916977	0.0	1
263	5509.1874277591705	0.06521478759908728	0.00017723653991751076	0
264	5530.535860300064	0.06521478759908728	0.0	1
265	5551.720041513443	0.06549561030699612	0.00028082270790884267	0
266	5573.136544704437	0.06549561030699612	0.0	1
267	5594.4199476242065	0.06549561030699612	0.0	2
268	5615.648269414902	0.06555832351691811	6.271320992198848e-05	0
269	5636.866598844528	0.06576657934745443	0.00020825583053632468	0
270	5658.192460298538	0.06576657934745443	0.0	1
271	5679.407072305679	0.0658399775854279	7.339823797346268e-05	0
272	5700.620084524155	0.06591096351477238	7.098592934448589e-05	0
273	5721.678004980087	0.0661119687905595	0.00020100527578711946	0
274	5742.900285243988	0.0661119687905595	0.0	1
275	5764.119556188583	0.06612573394149315	1.376515093365338e-05	0
276	5785.52542090416	0.06625056750582661	0.0001248335643334597	0
277	5806.6964802742	0.06640425337167151	0.0001536858658448964	0
278	5828.019913196564	0.06642700675729897	2.2753385627460876e-05	0
279	5849.182948112488	0.06658857691999051	0.00016157016269154056	0
280	5870.5992732048035	0.06687887168720519	0.0002902947672146772	0
281	5891.857315540314	0.06687887168720519	0.0	1
282	5912.924325942993	0.06701897639175762	0.0001401047045524323	0
283	5934.3139526844025	0.06701897639175762	0.0	1
284	5955.50758266449	0.06701897639175762	0.0	2
285	5976.799833774567	0.06701897639175762	0.0	3
286	5998.090029478073	0.06714928194430876	0.00013030555255114096	0
287	6019.246872425079	0.06719587902454853	4.659708023976861e-05	0
288	6040.56942653656	0.06731438879676989	0.00011850977222135906	0
289	6061.773232460022	0.06814052272901722	0.0008261339322473277	0
290	6083.115890264511	0.06814052272901722	0.0	1
291	6104.409582853317	0.06814052272901722	0.0	2
292	6125.719691514969	0.06814052272901722	0.0	3
293	6147.065269470215	0.06814052272901722	0.0	4
294	6168.471724748611	0.0685521552573827	0.00041163252836548536	0
295	6189.823444843292	0.06856060515201524	8.44989463254231e-06	0
296	6211.1511108875275	0.06856060515201524	0.0	1
297	6232.399082899094	0.06856060515201524	0.0	2
298	6253.690900325775	0.06856060515201524	0.0	3
299	6274.981693983078	0.06861199959178832	5.139443977307534e-05	0
300	6296.258413076401	0.06879706591310325	0.00018506632131493062	0
301	6317.405963420868	0.06879706591310325	0.0	1
302	6338.686920642853	0.06887513885084923	7.807293774597657e-05	0
303	6359.933292865753	0.0693217225966101	0.0004465837457608701	0
304	6381.28489780426	0.0693217225966101	0.0	1
305	6402.440437793732	0.0693217225966101	0.0	2
306	6423.834503889084	0.06963470941957184	0.00031298682296174163	0
307	6445.193298339844	0.06963470941957184	0.0	1
308	6466.518827199936	0.06963470941957184	0.0	2
309	6487.725649595261	0.06963470941957184	0.0	3
310	6508.9926841259	0.06963470941957184	0.0	4
311	6530.19452381134	0.06974433998799788	0.0001096305684260418	0
312	6551.358067512512	0.06974433998799788	0.0	1
313	6572.4960124492645	0.06974433998799788	0.0	2
314	6593.556583404541	0.06974433998799788	0.0	3
315	6614.850942611694	0.06974433998799788	0.0	4
316	6636.061426639557	0.06974433998799788	0.0	5
317	6657.282816648483	0.06974433998799788	0.0	6
318	6678.561304807663	0.06976583270386161	2.1492715863727363e-05	0
319	6699.884764671326	0.07003219518885896	0.00026636248499735393	0
320	6721.066763877869	0.07003219518885896	0.0	1
321	6742.3771460056305	0.07003219518885896	0.0	2
322	6763.69610619545	0.07003219518885896	0.0	3
323	6785.024345636368	0.07011259184762889	8.039665876992397e-05	0
324	6806.397181272507	0.07011259184762889	0.0	1
325	6827.68868637085	0.07019189819741396	7.930634978507711e-05	0
326	6848.934197425842	0.07019189819741396	0.0	1
327	6870.149065732956	0.07019189819741396	0.0	2
328	6891.360581159592	0.07019189819741396	0.0	3
329	6912.5827651023865	0.07019624580449103	4.347607077070936e-06	0
330	6933.81120800972	0.0704307167516817	0.00023447094719065975	0
331	6954.874419927597	0.0704307167516817	0.0	1
332	6976.20109462738	0.07049148103429327	6.076428261157785e-05	0
333	6997.434712409973	0.07049148103429327	0.0	1
334	7018.778378486633	0.07067999545777277	0.0001885144234795022	0
335	7040.066007375717	0.07067999545777277	0.0	1
336	7061.250848054886	0.07068088133382296	8.858760501828655e-07	2
337	7082.475191116333	0.07082025689424178	0.0001393755604188196	0
338	7103.7626214027405	0.07082025689424178	0.0	1
339	7125.034848213196	0.07084816198982262	2.790509558084353e-05	0
340	7146.221009254456	0.07084816198982262	0.0	1
341	7167.418935775757	0.07084816198982262	0.0	2
342	7188.469789981842	0.07089168576161135	4.352377178873379e-05	0
343	7209.8471846580505	0.07089168576161135	0.0	1
344	7231.030558347702	0.07124341944012198	0.00035173367851062953	0
345	7252.256699323654	0.07128205045034122	3.8631010219239426e-05	0
346	7273.571600437164	0.07141456387858668	0.00013251342824545376	0
347	7294.942753791809	0.07141456387858668	0.0	1
348	7316.211547374725	0.07143959328422	2.502940563332834e-05	0
349	7337.4372754096985	0.07144860196220727	9.008677987268343e-06	0
350	7358.454740285873	0.07163229176842884	0.0001836898062215625	0
351	7379.829380512238	0.07163229176842884	0.0	1
352	7400.9840207099915	0.07163229176842884	0.0	2
353	7422.284064054489	0.07163229176842884	0.0	3
354	7443.60745549202	0.07177474063729869	0.00014244886886985442	0
355	7464.837881326675	0.07187646646558461	0.00010172582828592291	0
356	7486.113444328308	0.07187646646558461	0.0	1
357	7507.417526960373	0.07187646646558461	0.0	2
358	7528.635825634003	0.07188273574224746	6.2692766628486e-06	0
359	7549.9491102695465	0.0720323942792796	0.00014965853703213794	0
360	7570.93132853508	0.0720323942792796	0.0	1
361	7592.214755535126	0.0720323942792796	0.0	2
362	7613.512941837311	0.07210751656833533	7.512228905573459e-05	0
363	7634.613434314728	0.07213109450013258	2.357793179724732e-05	0
364	7655.978513717651	0.07227736626488054	0.00014627176474796277	0
365	7677.12974357605	0.07235077813171631	7.341186683576528e-05	0
366	7698.646473407745	0.07235077813171631	0.0	1
367	7719.979697465897	0.07270209612992645	0.0003513179982101433	0
368	7741.16677236557	0.07270209612992645	0.0	1
369	7762.4962503910065	0.07270209612992645	0.0	2
370	7784.070584535599	0.07270209612992645	0.0	3
371	7805.430646181107	0.07270209612992645	0.0	4
372	7826.659540891647	0.07270209612992645	0.0	5
373	7847.967078208923	0.07280384921593701	0.00010175308601055588	0
374	7869.3525557518005	0.07293638990190708	0.00013254068597007285	0
375	7890.780714511871	0.07293638990190708	0.0	1
376	7912.076736450195	0.07295750782405727	2.1117922150190593e-05	0
377	7933.190596342087	0.07307716923514389	0.00011966141108661621	0
378	7954.464201450348	0.07307716923514389	0.0	1
379	7975.858399629593	0.07341108317618347	0.0003339139410395847	0
380	7997.082501888275	0.07341108317618347	0.0	1
381	8018.405202627182	0.07341108317618347	0.0	2
382	8039.645732164383	0.07342059612207623	9.512945892756197e-06	0
383	8060.982676267624	0.07342059612207623	0.0	1
384	8082.372193574905	0.07343444304618374	1.384692410751065e-05	0
385	8103.817635059357	0.07360218708350197	0.0001677440373182293	0
386	8124.989306926727	0.07360218708350197	0.0	1
387	8146.265246629715	0.07360218708350197	0.0	2
388	8167.407143115997	0.0736193390067198	1.7151923217828546e-05	0
389	8188.557750940323	0.0736723893532636	5.305034654380647e-05	0
390	8209.850058078766	0.0736723893532636	0.0	1
391	8231.201699256897	0.07367652571297485	4.136359711248705e-06	0
392	8252.743732213974	0.07402936332933263	0.000352837616357779	0
393	8273.977754831314	0.07402936332933263	0.0	1
394	8295.290676355362	0.07402936332933263	0.0	2
395	8316.432093143463	0.07403529869886886	5.935369536233526e-06	0
396	8337.717046022415	0.07420753344631842	0.00017223474744955392	0
397	8359.058145999908	0.07420753344631842	0.0	1
398	8380.390798091888	0.07430560673950512	9.807329318670122e-05	0
399	8401.678402900696	0.07449183832854761	0.00018623158904249038	0
400	8422.917736530304	0.07453527351273131	4.34351841837044e-05	0
401	8444.129863739014	0.07453527351273131	0.0	1
402	8465.472905158997	0.07453527351273131	0.0	2
403	8486.93841290474	0.0745881603129274	5.288680019609193e-05	0
404	8508.307720899582	0.07468350101922085	9.534070629343971e-05	0
405	8529.541581630707	0.07470808748682907	2.4586467608223028e-05	0
406	8550.832478046417	0.07470808748682907	0.0	1
407	8572.066445589066	0.07474352934326765	3.5441856438583885e-05	0
408	8593.442998886108	0.0749357371884333	0.0001922078451656456	0
409	8614.963700294495	0.0749357371884333	0.0	1
410	8636.372284412384	0.0749357371884333	0.0	2
411	8657.764039993286	0.0749950363683465	5.929917991319422e-05	0
412	8679.016304731369	0.07501802144463324	2.2985076286743955e-05	0
413	8700.234365940094	0.07501802144463324	0.0	1
414	8721.542101860046	0.07506282632947917	4.480488484592815e-05	0
415	8742.797620296478	0.07512992803306515	6.710170358598111e-05	0
416	8764.163896560669	0.07512992803306515	0.0	1
417	8785.522164821625	0.07512992803306515	0.0	2
418	8807.046439170837	0.07513425519684874	4.327163783596211e-06	0
419	8828.217206001282	0.07513425519684874	0.0	1
420	8849.634895086288	0.07530604019184205	0.00017178499499330424	0
421	8870.864755153656	0.07544048210410445	0.00013444191226240354	0
422	8892.248700857162	0.07568823437761674	0.0002477522735122861	0
423	8913.723552942276	0.07568823437761674	0.0	1
424	8935.320497512817	0.07568823437761674	0.0	2
425	8956.450567007065	0.07568823437761674	0.0	3
426	8977.869704723358	0.07568823437761674	0.0	4
427	8999.183951616287	0.07593725413532391	0.0002490197577071779	0
428	9020.558957338333	0.07593725413532391	0.0	1
429	9041.932168245316	0.07593725413532391	0.0	2
430	9063.362883806229	0.07593725413532391	0.0	3
431	9084.593135595322	0.07604117421044185	0.00010392007511793311	0
432	9105.976325035095	0.0761004938336485	5.931962320665507e-05	0
433	9127.371504306793	0.0761004938336485	0.0	1
434	9148.605467557907	0.07692996683716191	0.000829473003513409	0
435	9169.89731001854	0.07692996683716191	0.0	1
436	9191.101970434189	0.07692996683716191	0.0	2
437	9212.488292455673	0.07692996683716191	0.0	3
438	9233.778344869614	0.07692996683716191	0.0	4
439	9254.950850725174	0.0774843753270927	0.0005544084899307827	0
440	9276.149377822876	0.0774843753270927	0.0	1
441	9297.267005205154	0.07751709141106916	3.271608397646675e-05	0
442	9318.525900363922	0.07757673131254013	5.963990147096754e-05	0
443	9339.71178483963	0.07798029555441775	0.0004035642418776242	0
444	9360.841529369354	0.07798029555441775	0.0	1
445	9381.971171855927	0.07805130874148687	7.101318706911885e-05	0
446	9403.094799757004	0.07805130874148687	0.0	1
447	9424.121163845062	0.07805130874148687	0.0	2
448	9445.18996143341	0.07805130874148687	0.0	3
449	9466.240926504135	0.07805130874148687	0.0	4
450	9487.353587150574	0.07805130874148687	0.0	5
451	9508.462255954742	0.07805130874148687	0.0	6
452	9529.38341331482	0.07805130874148687	0.0	7
453	9550.260225534439	0.07805130874148687	0.0	8
454	9571.279126405716	0.07805130874148687	0.0	9
455	9592.278587579727	0.07821110715207805	0.00015979841059117483	0
456	9613.323378562927	0.07821110715207805	0.0	1
457	9634.466569185257	0.07827844054632331	6.733339424526419e-05	0
458	9655.389066696167	0.07827844054632331	0.0	1
459	9676.4405605793	0.07827844054632331	0.0	2
460	9697.498229980469	0.07841853162201343	0.0001400910756901158	0
461	9718.621773004532	0.07841853162201343	0.0	1
462	9739.569128751755	0.07843860693619686	2.0075314183437554e-05	0
463	9760.604335069656	0.0785534505444567	0.00011484360825983475	0
464	9781.571045398712	0.07860368653093337	5.023598647667382e-05	0
465	9802.445654630661	0.07860368653093337	0.0	1
466	9823.49591088295	0.07866964341008527	6.595687915189608e-05	0
467	9844.539185285568	0.07866964341008527	0.0	1
468	9865.575916290283	0.07886349353315936	0.000193850123074088	0
469	9886.589381694794	0.07886349353315936	0.0	1
470	9907.682899475098	0.07886349353315936	0.0	2
471	9928.772347688675	0.07886349353315936	0.0	3
472	9949.747067451477	0.07893190360752715	6.841007436779456e-05	0
473	9970.830996751785	0.0790949661306417	0.00016306252311454328	0
474	9991.924930810928	0.07910956945660745	1.4603325965756309e-05	0
475	10013.024296283722	0.07910956945660745	0.0	1
476	10034.083647727966	0.07923058693949396	0.0001210174828865096	0
477	10055.078677892685	0.07923058693949396	0.0	1
478	10076.120041131973	0.07923058693949396	0.0	2
479	10097.177047014236	0.07932360392476345	9.301698526949231e-05	0
480	10118.243767738342	0.07932360392476345	0.0	1
481	10139.29156780243	0.07934263663098012	1.9032706216670636e-05	0
482	10160.467164516449	0.07934263663098012	0.0	1
483	10181.475755929947	0.07947121813244899	0.00012858150146886904	0
484	10202.473809719086	0.079565925096645	9.470696419600078e-05	0
485	10223.501441001892	0.079565925096645	0.0	1
486	10244.611632585526	0.079565925096645	0.0	2
487	10265.592589616776	0.079565925096645	0.0	3
488	10286.564720153809	0.07959573823294931	2.9813136304318588e-05	0
489	10307.616758584976	0.07959573823294931	0.0	1
490	10328.7472012043	0.08143282709923731	0.0018370888662880003	0
491	10349.630226373672	0.08143282709923731	0.0	1
492	10370.636412143707	0.08147143085173193	3.8603752494620336e-05	0
493	10391.691734790802	0.08155685656069445	8.542570896251378e-05	0
494	10412.831487894058	0.08155685656069445	0.0	1
495	10434.085674524307	0.08155685656069445	0.0	2
496	10455.72370839119	0.08155685656069445	0.0	3
497	10477.341094493866	0.08155685656069445	0.0	4
498	10499.128849029541	0.08164510344415525	8.824688346080467e-05	0
499	10520.853600025177	0.08221273193052726	0.0005676284863720127	0
500	10542.904755592346	0.08221273193052726	0.0	1
501	10564.969300985336	0.08221273193052726	0.0	2
502	10587.152250528336	0.08221273193052726	0.0	3
503	10609.102082252502	0.08221273193052726	0.0	4
504	10631.1621966362	0.08221273193052726	0.0	5
505	10653.32792377472	0.0823012309479408	8.849901741353472e-05	0
506	10675.503086566925	0.0823012309479408	0.0	1
507	10697.744913339615	0.08235400190280724	5.2770954866443454e-05	0
508	10720.020181655884	0.08247033787149008	0.00011633596868283747	0
509	10742.349791288376	0.08247033787149008	0.0	1
510	10764.803865909576	0.08332360005416656	0.0008532621826764786	0
511	10787.441807031631	0.08353372303883942	0.00021012298467286417	0
512	10810.099147081375	0.08353372303883942	0.0	1
513	10832.78498673439	0.08353372303883942	0.0	2
514	10855.470588684082	0.08353372303883942	0.0	3
515	10878.177825212479	0.08382784751636335	0.0002941244775239299	0
516	10900.944398403168	0.0838443111820345	1.646366567115143e-05	0
517	10923.652503728867	0.0838443111820345	0.0	1
518	10946.260515213013	0.0838443111820345	0.0	2
519	10968.827602624893	0.08397563889925894	0.00013132771722443315	0
520	10991.441455841064	0.08398908377192829	1.344487266935479e-05	0
521	11014.064334869385	0.08407374626460141	8.466249267312376e-05	0
522	11036.78628540039	0.08407374626460141	0.0	1
523	11059.506822109222	0.08407374626460141	0.0	2
524	11082.12701010704	0.08407374626460141	0.0	3
525	11104.757848024368	0.08446754542663354	0.00039379916203212406	0
526	11127.479437589645	0.08446754542663354	0.0	1
527	11150.17118525505	0.08446754542663354	0.0	2
528	11172.751726865768	0.08451674561957462	4.9200192941079024e-05	0
529	11195.443068504333	0.08451674561957462	0.0	1
530	11218.18367934227	0.0845497819818154	3.3036362240779216e-05	0
531	11240.852459192276	0.0845497819818154	0.0	1
532	11263.523208856583	0.08463113266094706	8.13506791316615e-05	0
533	11286.136215209961	0.08470070118861124	6.95685276641822e-05	0
534	11308.814405679703	0.08470070118861124	0.0	1
535	11331.476365804672	0.08470070118861124	0.0	2
536	11354.152583360672	0.08470070118861124	0.0	3
537	11376.813804864883	0.08497547949608536	0.0002747783074741189	0
538	11399.598007202148	0.08497547949608536	0.0	1
539	11422.376055955887	0.08497547949608536	0.0	2
540	11445.278541564941	0.08497547949608536	0.0	3
541	11468.183412075043	0.08509792119508332	0.00012244169899795765	0
542	11490.888985157013	0.08509792119508332	0.0	1
543	11513.631871700287	0.08509792119508332	0.0	2
544	11536.471674919128	0.08533908391366847	0.0002411627185851528	0
545	11558.983682870865	0.08533908391366847	0.0	1
546	11581.77088356018	0.08533908391366847	0.0	2
547	11604.531949043274	0.08533908391366847	0.0	3
548	11627.311093568802	0.08533908391366847	0.0	4
549	11650.1728079319	0.08551561856717699	0.00017653465350851716	0
550	11673.015055418015	0.08552575162630488	1.013305912789253e-05	0
551	11695.770777702332	0.08592752367278868	0.0004017720464837976	0
552	11718.51446890831	0.08596498941528037	3.746574249169354e-05	0
553	11741.280169248581	0.08596498941528037	0.0	1
554	11764.045492172241	0.08620737191704232	0.00024238250176195075	0
555	11786.777574539185	0.08620737191704232	0.0	1
556	11809.709010601044	0.08620737191704232	0.0	2
557	11832.658928155899	0.08650153046672203	0.0002941585496797072	0
558	11855.330962657928	0.08650153046672203	0.0	1
559	11878.118825912476	0.08650153046672203	0.0	2
560	11900.761689662933	0.08650153046672203	0.0	3
561	11923.652672290802	0.08650153046672203	0.0	4
562	11946.567238330841	0.08655289764877049	5.136718204845625e-05	0
563	11969.443945169449	0.08655289764877049	0.0	1
564	11992.36934876442	0.08659175353521785	3.885588644736426e-05	0
565	12015.254398107529	0.08659175353521785	0.0	1
566	12038.075014829636	0.08662692281441023	3.516927919237911e-05	0
567	12060.868815898895	0.08662692281441023	0.0	1
568	12083.7210855484	0.08662692281441023	0.0	2
569	12106.621969223022	0.08662692281441023	0.0	3
570	12129.475024938583	0.08670340117526586	7.647836085562798e-05	0
571	12152.231281995773	0.08685147876426996	0.00014807758900410584	0
572	12175.157412290573	0.08685147876426996	0.0	1
573	12198.124455690384	0.08688070585949494	2.9227095224973465e-05	0
574	12221.074100017548	0.08688070585949494	0.0	1
575	12244.003281354904	0.08699554946775477	0.00011484360825983475	0
576	12266.938819408417	0.08704757083519413	5.2021367439356037e-05	0
577	12289.764731407166	0.08704757083519413	0.0	1
578	12312.732028722763	0.08718197867530075	0.0001344078401066262	0
579	12335.649274110794	0.0878678784288037	0.0006858997535029443	0
580	12358.536997318268	0.0878678784288037	0.0	1
581	12381.458181858063	0.0878678784288037	0.0	2
582	12404.369379758835	0.0878678784288037	0.0	3
583	12427.152861356735	0.0878678784288037	0.0	4
584	12450.151550769806	0.0880964617074762	0.00022858327867250616	0
585	12473.13936305046	0.08821886251988724	0.00012240081241103595	0
586	12496.088543653488	0.08832225788380621	0.00010339536391897053	0
587	12518.780262947083	0.08836808493332543	4.582704951922034e-05	0
588	12541.58562541008	0.0884040923875499	3.600745422446816e-05	0
589	12564.515991449356	0.0884040923875499	0.0	1
590	12587.533613443375	0.0884040923875499	0.0	2
591	12610.496990919113	0.0884040923875499	0.0	3
592	12633.283694267273	0.0884040923875499	0.0	4
593	12656.207043170929	0.08862360565835474	0.0002195132708048414	0
594	12679.158783912659	0.08862515934865814	1.5536903033991356e-06	0
595	12702.066754579544	0.08862515934865814	0.0	1
596	12725.03577208519	0.08866571884289433	4.055949423618921e-05	0
597	12747.960417985916	0.08866571884289433	0.0	1
598	12770.970613002777	0.08912358728664833	0.0004578684437540059	0
599	12793.948656797409	0.08912358728664833	0.0	1
600	12816.988878011703	0.08912358728664833	0.0	2
601	12840.11471748352	0.08915660320559564	3.301591894730449e-05	0
602	12863.035368680954	0.08931897065673236	0.0001623674511367218	0
603	12885.996680498123	0.08931897065673236	0.0	1
604	12909.005355358124	0.08940188184059857	8.2911183866205e-05	0
605	12931.9099547863	0.08940188184059857	0.0	1
606	12954.907207012177	0.08940188184059857	0.0	2
607	12977.854173183441	0.08940188184059857	0.0	3
608	13000.974486112595	0.08941057705475271	8.695214154141873e-06	0
609	13023.974941253662	0.08949793806216332	8.736100741060793e-05	0
610	13047.0184071064	0.08949793806216332	0.0	1
611	13070.053050518036	0.08949793806216332	0.0	2
612	13093.077799081802	0.08953686209292223	3.8924030758918926e-05	0
613	13116.115808725357	0.0896116300315579	7.476793863567255e-05	0
614	13139.141521692276	0.0896116300315579	0.0	1
615	13162.169981241226	0.0896116300315579	0.0	2
616	13185.160019874573	0.08961674085492435	5.1108233664470815e-06	0
617	13208.059758901596	0.09247891778546906	0.002862176930544705	0
618	13231.071902990341	0.09262610949842298	0.00014719171295392297	0
619	13253.953323364258	0.09262610949842298	0.0	1
620	13276.944714069366	0.09262610949842298	0.0	2
621	13299.979813575745	0.09262610949842298	0.0	3
622	13323.049436807632	0.0928214451674889	0.0001953356690659186	0
623	13346.05999803543	0.0928214451674889	0.0	1
624	13369.081117868423	0.09282465476456304	3.2095970741441437e-06	0
625	13392.099000453949	0.09284126153328845	1.660676872540512e-05	0
626	13415.095504522324	0.09288516691322188	4.39053799334288e-05	0
627	13438.160424947739	0.09288516691322188	0.0	1
628	13461.204356193542	0.09288516691322188	0.0	2
629	13484.240078687668	0.0929673762106791	8.220929745722527e-05	0
630	13507.281779050827	0.0929673762106791	0.0	1
631	13530.244569301605	0.092982688237485	1.5312026805894274e-05	0
632	13553.225125074387	0.09325296902039663	0.00027028078291163604	0
633	13576.253746271133	0.09370956997995576	0.00045660095955912805	0
634	13599.324682712555	0.09370956997995576	0.0	1
635	13622.441948652267	0.09370956997995576	0.0	2
636	13645.537559509277	0.09370956997995576	0.0	3
637	13668.626121759415	0.09386530017514724	0.0001557301951914808	0
638	13691.75332570076	0.09386530017514724	0.0	1
639	13714.770579099655	0.09386530017514724	0.0	2
640	13737.83104968071	0.09386530017514724	0.0	3
641	13760.78539466858	0.09402302699866721	0.00015772682351997136	0
642	13783.848712921143	0.09402302699866721	0.0	1
643	13806.90426659584	0.09405895267971781	3.5925681050597014e-05	0
644	13829.9989964962	0.09407894622072739	1.9993541009580285e-05	0
645	13853.170128822327	0.09407894622072739	0.0	1
646	13876.068171977997	0.09421889419336325	0.00013994797263586212	0
647	13899.08183670044	0.09425800221376336	3.910802040010819e-05	0
648	13922.123070955276	0.09437604179023502	0.00011803957647166241	0
649	13945.204387426376	0.09444283002998786	6.678823975284076e-05	0
650	13968.193388223648	0.09444283002998786	0.0	1
651	13991.29069018364	0.09444283002998786	0.0	2
652	14014.36428117752	0.09444283002998786	0.0	3
653	14037.43250322342	0.09444283002998786	0.0	4
654	14060.629462242126	0.09444283002998786	0.0	5
655	14083.686324357986	0.09452475312133657	8.192309134870401e-05	0
656	14106.783428430557	0.09455383711350727	2.9083992170705897e-05	0
657	14129.88894367218	0.09481735116628172	0.00026351405277444395	0
658	14152.965854167938	0.09481735116628172	0.0	1
659	14176.104269504547	0.09485947116525247	4.2119998970746586e-05	0
660	14199.07901930809	0.09485947116525247	0.0	1
661	14222.217576265335	0.0949452444102039	8.577324495143146e-05	0
662	14245.473879098892	0.0949452444102039	0.0	1
663	14268.695556402206	0.0949452444102039	0.0	2
664	14291.850593805313	0.0951462973870091	0.0002010529768051994	0
665	14314.93326640129	0.0951462973870091	0.0	1
666	14338.144686937332	0.0951462973870091	0.0	2
667	14361.440963983536	0.09526471857162545	0.00011842118461635742	0
668	14384.705676794052	0.09526471857162545	0.0	1
669	14407.886659145355	0.09526471857162545	0.0	2
670	14431.027893304825	0.09526471857162545	0.0	3
671	14454.152067899704	0.09531356441414646	4.88458425210031e-05	0
672	14477.24751830101	0.09532056964937408	7.005235227619533e-06	0
673	14500.44285607338	0.09532056964937408	0.0	1
674	14523.50748538971	0.09533274703784855	1.2177388474476913e-05	0
675	14546.616611242294	0.09539219613524716	5.9449097398606154e-05	0
676	14569.955977678299	0.09539219613524716	0.0	1
677	14593.023765802383	0.09539516722723086	2.9710919837028227e-06	0
678	14616.22311258316	0.09542356977628605	2.840254905518702e-05	0
679	14639.460243225098	0.095585991742872	0.0001624219665859461	0
680	14662.577261924744	0.095585991742872	0.0	1
681	14685.72725200653	0.095585991742872	0.0	2
682	14708.86416220665	0.0956038319236365	1.7840180764505664e-05	0
683	14732.082227945328	0.0956038319236365	0.0	1
684	14755.339029312134	0.0957031863298804	9.935440624389558e-05	0
685	14778.394968271255	0.0957734840016782	7.029767179780877e-05	0
686	14801.627923727036	0.0957734840016782	0.0	1
687	14824.89544582367	0.0958528789390683	7.939493739009262e-05	0
688	14848.0366127491	0.0958670325125778	1.4153573509506634e-05	0
689	14871.090136766434	0.0958670325125778	0.0	1
690	14894.371366024017	0.09607617421916431	0.00020914170658650755	0
691	14917.453305959702	0.09607617421916431	0.0	1
692	14940.640080690384	0.09607617421916431	0.0	2
693	14963.79310131073	0.09607617421916431	0.0	3
694	14986.938964128494	0.09607617421916431	0.0	4
695	15010.13109254837	0.0962131783575411	0.00013700413837679226	0
696	15033.195687532425	0.09625065091446396	3.7472556922851785e-05	0
697	15056.408877372742	0.0963073674249693	5.671651050534465e-05	0
698	15079.695886135101	0.09642931167049293	0.00012194424552362804	0
699	15102.916182041168	0.09654910255577148	0.00011979088527855342	0
700	15126.2683095932	0.09654910255577148	0.0	1
701	15149.714618444443	0.09654910255577148	0.0	2
702	15172.955287218094	0.09667155788363176	0.00012245532786027413	0
703	15196.116379976273	0.09667155788363176	0.0	1
704	15219.402150630951	0.09667155788363176	0.0	2
705	15242.575947284698	0.09667155788363176	0.0	3
706	15265.73578119278	0.09669167408440213	2.0116200770373127e-05	0
707	15289.073230743408	0.09669167408440213	0.0	1
708	15312.416217565536	0.09674718444059299	5.55103561908632e-05	0
709	15335.74642753601	0.09681111743369177	6.393299309877254e-05	0
710	15358.966247081757	0.09681111743369177	0.0	1
711	15382.248356580734	0.09681111743369177	0.0	2
712	15405.337810277939	0.09712232569012198	0.00031120825643021766	0
713	15428.46998000145	0.09712232569012198	0.0	1
714	15451.77356004715	0.09712232569012198	0.0	2
715	15475.10717201233	0.09712232569012198	0.0	3
716	15498.289142608643	0.09727180705194406	0.00014948136182207916	0
717	15521.467684268951	0.09727180705194406	0.0	1
718	15544.797442436218	0.09727180705194406	0.0	2
719	15568.081501960754	0.09727180705194406	0.0	3
720	15591.314404249191	0.09736618010901346	9.437305706939958e-05	0
