1	12.223817825317383	0.05357311639536837	10000000000.053574	0
2	20.40183138847351	0.05357311639536837	0.0	1
3	28.664060592651367	0.0761062143455082	0.02253309795013983	0
4	36.93651366233826	0.0761062143455082	0.0	1
5	45.033148765563965	0.0761062143455082	0.0	2
6	53.42273163795471	0.0761062143455082	0.0	3
7	62.06286859512329	0.0761062143455082	0.0	4
8	71.117600440979	0.0761062143455082	0.0	5
9	80.32780909538269	0.08652983822564228	0.010423623880134084	0
10	89.89294147491455	0.08894264805235866	0.0024128098267163778	0
11	99.82710576057434	0.08894264805235866	0.0	1
12	109.94886183738708	0.09470031564239348	0.005757667590034821	0
13	120.08796787261963	0.09470031564239348	0.0	1
14	130.31778240203857	0.09514902244144481	0.00044870679905133215	0
15	140.80678820610046	0.09514902244144481	0.0	1
16	151.55572867393494	0.10033636141252195	0.005187338971077135	0
17	162.6262035369873	0.10394603731758267	0.0036096759050607274	0
18	173.9102590084076	0.10394603731758267	0.0	1
19	185.54117703437805	0.10394603731758267	0.0	2
20	197.29470920562744	0.10394603731758267	0.0	3
21	209.20665645599365	0.10394603731758267	0.0	4
22	221.11710047721863	0.10394603731758267	0.0	5
23	233.0942645072937	0.10394603731758267	0.0	6
24	245.15309476852417	0.10957103142693368	0.005624994109351009	0
25	257.2581696510315	0.11060690874592154	0.0010358773189878545	0
26	269.4380226135254	0.11060690874592154	0.0	1
27	281.58334612846375	0.11113917573969416	0.0005322669937726232	0
28	293.75456953048706	0.11247258438408232	0.001333408644388162	0
29	305.856431722641	0.11556482702055687	0.0030922426364745487	0
30	318.0884988307953	0.12420311568206432	0.008638288661507454	0
31	330.2021687030792	0.12462771098376837	0.00042459530170405047	0
32	342.42369413375854	0.13452081498306923	0.00989310399930085	0
33	354.70019006729126	0.13452081498306923	0.0	1
34	367.06896352767944	0.1348775339429905	0.0003567189599212872	0
35	379.43641471862793	0.1355699127926903	0.0006923788496997763	0
36	391.8509683609009	0.13759600151314708	0.002026088720456787	0
37	404.33707213401794	0.13759600151314708	0.0	1
38	416.9087817668915	0.14211730220700128	0.004521300693854202	0
39	429.47354102134705	0.1425135554543554	0.0003962532473541225	0
40	442.17926383018494	0.1425135554543554	0.0	1
41	454.94564723968506	0.14354648075492846	0.0010329253005730565	0
42	467.7807505130768	0.14354648075492846	0.0	1
43	480.6504225730896	0.14624671408889012	0.00270023333396166	0
44	493.6225109100342	0.14624671408889012	0.0	1
45	506.52812933921814	0.14624671408889012	0.0	2
46	519.4683153629303	0.14624671408889012	0.0	3
47	532.6204741001129	0.14853849785451853	0.0022917837656284135	0
48	545.5857000350952	0.15045953220535618	0.0019210343508376526	0
49	558.5194180011749	0.15045953220535618	0.0	1
50	571.496907711029	0.15045953220535618	0.0	2
51	584.3858957290649	0.15112758535229082	0.0006680531469346329	0
52	597.2494161128998	0.1521809003310759	0.0010533149787850804	0
53	610.2253391742706	0.15366595971738595	0.0014850593863100503	0
54	623.0211002826691	0.15366595971738595	0.0	1
55	635.9177944660187	0.15366595971738595	0.0	2
56	648.9959394931793	0.15518894685049492	0.0015229871331089717	0
57	662.0181694030762	0.15618505559487417	0.0009961087443792482	0
58	674.9631235599518	0.1576986176895975	0.0015135620947233364	0
59	687.9368367195129	0.15907992132663415	0.001381303637036646	0
60	700.8554246425629	0.15907992132663415	0.0	1
61	713.8980503082275	0.15907992132663415	0.0	2
62	726.9569010734558	0.162506190536576	0.0034262692099418512	0
63	740.0129935741425	0.1644656078207255	0.0019594172841495006	0
64	752.828343629837	0.16495485299510584	0.0004892451743803428	0
65	765.7612593173981	0.16507870389014176	0.00012385089503591518	0
66	778.763706445694	0.16507870389014176	0.0	1
67	791.904367685318	0.16507870389014176	0.0	2
68	805.0257747173309	0.165602007725961	0.0005233038358192499	0
69	818.1396777629852	0.165602007725961	0.0	1
70	831.2639608383179	0.1660295751278378	0.0004275674018767994	0
71	844.418895483017	0.16787605260542335	0.0018464774775855397	0
72	857.6986658573151	0.1688545161785068	0.0009784635730834546	0
73	870.816997051239	0.1688545161785068	0.0	1
74	884.0519948005676	0.16948079926895976	0.0006262830904529559	0
75	897.2909123897552	0.16994677637982564	0.00046597711086587834	0
76	910.3799803256989	0.17018699436811116	0.00024021798828552376	0
77	923.4915723800659	0.1707495379589137	0.0005625435908025445	0
78	936.6050400733948	0.17117395921871573	0.0004244212598020214	0
79	949.7562253475189	0.17117395921871573	0.0	1
80	962.9490275382996	0.17161265191448236	0.0004386926957666293	0
81	976.2099475860596	0.17308480542436666	0.0014721535098843053	0
82	989.4380660057068	0.17308480542436666	0.0	1
83	1002.579421043396	0.17330727113864747	0.0002224657142808062	0
84	1015.7382245063782	0.17359509628105121	0.000287825142403747	0
85	1028.8448193073273	0.17389752755538496	0.00030243127433374206	0
86	1041.977221250534	0.17409143700989801	0.0001939094545130582	0
87	1055.1073076725006	0.17543238970134625	0.0013409526914482384	0
88	1068.2034587860107	0.17628657396855807	0.0008541842672118161	0
89	1081.3782658576965	0.17648595904906506	0.00019938508050698633	0
90	1094.643307209015	0.17666737765014945	0.00018141860108439323	0
91	1107.793683052063	0.17835077786555442	0.0016834002154049732	0
92	1121.0183274745941	0.17835077786555442	0.0	1
93	1134.1761093139648	0.17835077786555442	0.0	2
94	1147.3635103702545	0.17854021578196974	0.00018943791641531926	0
95	1160.571329832077	0.17854021578196974	0.0	1
96	1173.814425945282	0.17906239503934526	0.0005221792573755213	0
97	1187.034283399582	0.17943744195033176	0.00037504691098649845	0
98	1200.2564928531647	0.18062976285746601	0.0011923209071342533	0
99	1213.4777071475983	0.18062976285746601	0.0	1
100	1226.7119526863098	0.18062976285746601	0.0	2
101	1239.938733100891	0.18098895856753128	0.0003591957100652632	0
102	1253.1483418941498	0.18098895856753128	0.0	1
103	1266.4949719905853	0.18185185831768208	0.0008628997501508029	0
104	1279.8698496818542	0.18185185831768208	0.0	1
105	1293.2078268527985	0.1820888766125384	0.00023701829485631154	0
106	1306.5228810310364	0.18277520415918377	0.0006863275466453822	0
107	1319.9556255340576	0.18307269532106824	0.0002974911618844611	0
108	1333.227622270584	0.18307269532106824	0.0	1
109	1346.58087849617	0.18466962348685295	0.0015969281657847167	0
110	1359.8033249378204	0.18466962348685295	0.0	1
111	1373.0837314128876	0.18488231607894412	0.0002126925920911682	0
112	1386.388437986374	0.18488231607894412	0.0	1
113	1399.7343664169312	0.18547156840778545	0.0005892523288413276	0
114	1413.170655965805	0.1857105547149183	0.00023898630713284352	0
115	1426.5751235485077	0.1857105547149183	0.0	1
116	1439.983281135559	0.185895762074331	0.0001852073594127146	0
117	1453.3769314289093	0.185895762074331	0.0	1
118	1466.7256665229797	0.18655028011642494	0.0006545180420939323	0
119	1480.1208913326263	0.18655028011642494	0.0	1
120	1493.540751695633	0.18655028011642494	0.0	2
121	1506.8992383480072	0.1871241230430193	0.0005738429265943756	0
122	1520.3016817569733	0.1873195587111346	0.00019543566811527913	0
123	1533.756056547165	0.18753488870743312	0.00021532999629853	0
124	1547.2546000480652	0.18828749944306591	0.0007526107356327916	0
125	1560.7827079296112	0.18828749944306591	0.0	1
126	1574.1448879241943	0.18879384088735882	0.0005063414442929015	0
127	1587.5940780639648	0.18879384088735882	0.0	1
128	1601.1232154369354	0.18882187502142056	2.8034134061744043e-05	0
129	1614.5952579975128	0.1898513596474693	0.0010294846260487378	0
130	1628.1224398612976	0.1898513596474693	0.0	1
131	1641.7195150852203	0.19000363292388683	0.00015227327641753607	0
132	1655.248996257782	0.19000363292388683	0.0	1
133	1668.8604266643524	0.19118796129136736	0.0011843283674805305	0
134	1682.3707449436188	0.19118796129136736	0.0	1
135	1695.984305858612	0.19118796129136736	0.0	2
136	1709.6832406520844	0.19334830325746463	0.002160341966097268	0
137	1723.3636577129364	0.19334830325746463	0.0	1
138	1736.9744210243225	0.19350858246137448	0.00016027920390984662	0
139	1750.5482363700867	0.19350858246137448	0.0	1
140	1764.16450881958	0.19356764960534795	5.906714397346802e-05	0
141	1777.6825485229492	0.19356764960534795	0.0	1
142	1791.2943642139435	0.19425789978870778	0.0006902501833598307	0
143	1804.9114928245544	0.19425789978870778	0.0	1
144	1818.5107161998749	0.19425789978870778	0.0	2
145	1832.1377806663513	0.19470921721628923	0.0004513174275814491	0
146	1845.8148350715637	0.19470921721628923	0.0	1
147	1859.41184425354	0.1955938855920295	0.0008846683757402773	0
148	1873.010469198227	0.1955938855920295	0.0	1
149	1886.6574058532715	0.1959732032235345	0.0003793176315050051	0
150	1900.1719772815704	0.1959732032235345	0.0	1
151	1913.8550081253052	0.19597630920209339	3.1059785588760658e-06	0
152	1927.4480390548706	0.19754207047958025	0.0015657612774868657	0
153	1941.0618722438812	0.19754207047958025	0.0	1
154	1954.8173303604126	0.19754207047958025	0.0	2
155	1968.5671792030334	0.19754207047958025	0.0	3
156	1982.116687297821	0.19754207047958025	0.0	4
157	1995.8176794052124	0.19819589235406615	0.0006538218744858992	0
158	2009.4252088069916	0.1984769030866144	0.0002810107325482425	0
159	2023.0849153995514	0.19867274038988814	0.0001958373032737437	0
160	2036.7021849155426	0.19867274038988814	0.0	1
161	2050.3224215507507	0.19869272843294172	1.9988043053587035e-05	0
162	2064.0877265930176	0.19869272843294172	0.0	1
163	2077.7582519054413	0.19884826834198152	0.00015553990903979797	0
164	2091.4583332538605	0.19888732066722417	3.905232524265001e-05	0
165	2105.091412782669	0.1995763793329472	0.0006890586657230247	0
166	2118.8064634799957	0.19978912547639285	0.0002127461434456579	0
167	2132.4532387256622	0.20022503350172735	0.00043590802533449713	0
168	2145.99586558342	0.20039768306851832	0.0001726495667909722	0
169	2159.617200613022	0.20060949206326087	0.0002118089947425461	0
170	2173.3377945423126	0.20060949206326087	0.0	1
171	2186.980861902237	0.2007032470970882	9.375503382733075e-05	0
172	2200.63822889328	0.2007032470970882	0.0	1
173	2214.3780896663666	0.20141889401030244	0.0007156469132142407	0
174	2228.0860028266907	0.20170266263760558	0.00028376862730314367	0
175	2241.7754261493683	0.20170266263760558	0.0	1
176	2255.456704854965	0.20170266263760558	0.0	2
177	2269.221394777298	0.20176353713979217	6.087450218658641e-05	0
178	2282.9281113147736	0.20199092957868367	0.0002273924388914994	0
179	2296.6825907230377	0.20199092957868367	0.0	1
180	2310.4394838809967	0.2026826791999685	0.0006917496212848206	0
181	2324.192606449127	0.2026826791999685	0.0	1
182	2337.950080394745	0.2026826791999685	0.0	2
183	2351.649950504303	0.20275868195979108	7.600275982258542e-05	0
184	2365.5038063526154	0.20285087061650034	9.218865670926335e-05	0
185	2379.174941778183	0.20333775953128427	0.0004868889147839339	0
186	2393.078544855118	0.20333775953128427	0.0	1
187	2406.826055288315	0.20333775953128427	0.0	2
188	2420.5892639160156	0.20348493204118914	0.0001471725099048693	0
189	2434.2938385009766	0.20404602974542116	0.0005610977042320164	0
190	2448.1602795124054	0.20426090455520673	0.00021487480978557572	0
191	2462.463866710663	0.20427567134120012	1.4766785993380882e-05	0
192	2476.2941761016846	0.20445643393819232	0.00018076259699220665	0
193	2490.212239742279	0.20464680900331078	0.0001903750651184588	0
194	2504.1370038986206	0.20489512663395895	0.0002483176306481705	0
195	2517.997707605362	0.20513728585884378	0.00024215922488482478	0
196	2531.8099229335785	0.2053457077304165	0.00020842187157271708	0
197	2545.5980026721954	0.20544021248320632	9.450475278982573e-05	0
198	2559.3659086227417	0.20570211877004965	0.00026190628684333306	0
199	2573.171020746231	0.20581923558226176	0.00011711681221210357	0
200	2586.996421098709	0.20622574391399567	0.000406508331733918	0
201	2600.8207879066467	0.20622574391399567	0.0	1
202	2614.6713132858276	0.20622574391399567	0.0	2
203	2628.5477225780487	0.20674176476560788	0.0005160208516122033	0
204	2642.211001634598	0.20674176476560788	0.0	1
205	2655.994723558426	0.20695787125654613	0.00021610649093825596	0
206	2669.874212741852	0.20747552542446948	0.0005176541679233482	0
207	2683.772139310837	0.207761476269467	0.00028595084499752343	0
208	2697.6682851314545	0.207761476269467	0.0	1
209	2711.5562691688538	0.20777767555419227	1.619928472526566e-05	0
210	2725.5104806423187	0.20798082261735032	0.00020314706315804898	0
211	2739.4872241020203	0.20798082261735032	0.0	1
212	2753.3086643218994	0.20800778572432277	2.6963106972449635e-05	0
213	2767.137864589691	0.20847965348417966	0.00047186775985688656	0
214	2780.9393253326416	0.20847965348417966	0.0	1
215	2794.7519268989563	0.20861527228935897	0.00013561880517931613	0
216	2808.5443189144135	0.20873378143678714	0.00011850914742816965	0
217	2822.3107709884644	0.20873378143678714	0.0	1
218	2836.0727281570435	0.2093309861417663	0.0005972047049791485	0
219	2849.9033069610596	0.20943072553945494	9.973939768864737e-05	0
220	2863.873985528946	0.2097069568136173	0.00027623127416237514	0
221	2877.6802275180817	0.20981748680923037	0.00011052999561306232	0
222	2891.537848472595	0.2101647004037344	0.00034721359450401446	0
223	2905.4535093307495	0.21048462958313913	0.00031992917940473764	0
224	2919.3252878189087	0.2105851454754675	0.00010051589232837332	0
225	2933.2572841644287	0.210723789932174	0.00013864445670649928	0
226	2947.145954847336	0.21093195743481302	0.00020816750263902284	0
227	2961.1190457344055	0.21109194210627333	0.00015998467146030593	0
228	2975.2328231334686	0.21176310123176684	0.000671159125493509	0
229	2989.155552148819	0.21176310123176684	0.0	1
230	3003.111940383911	0.21176310123176684	0.0	2
231	3017.0173120498657	0.21176639464006636	3.293408299520628e-06	0
232	3031.0113480091095	0.21207052616990432	0.0003041315298379643	0
233	3044.900321483612	0.21245643061800834	0.0003859044481040186	0
234	3058.7682871818542	0.21245643061800834	0.0	1
235	3072.5601160526276	0.21285687425884928	0.0004004436408409362	0
236	3086.4434649944305	0.21324293936101668	0.0003860651021674044	0
237	3100.440857887268	0.21364057155574825	0.0003976321947315731	0
238	3114.325296640396	0.21364057155574825	0.0	1
239	3128.2691838741302	0.21364057155574825	0.0	2
240	3142.184511423111	0.21381318095902338	0.00017260940327512575	0
241	3156.0614371299744	0.21381318095902338	0.0	1
242	3169.9807031154633	0.2140078267446603	0.00019464578563690993	0
243	3183.8808157444	0.2140078267446603	0.0	1
244	3197.8120410442352	0.2140078267446603	0.0	2
245	3211.8420267105103	0.2140078267446603	0.0	3
246	3225.684220790863	0.2141958991015368	0.00018807235687651191	0
247	3239.717937707901	0.2143214100885611	0.00012551098702429098	0
248	3253.618166923523	0.21464797963591936	0.0003265695473582686	0
249	3267.573553800583	0.21464797963591936	0.0	1
250	3281.69460105896	0.21497662429826306	0.0003286446623436967	0
251	3295.784690618515	0.21525867928222336	0.00028205498396030593	0
252	3309.6811900138855	0.21545780999379663	0.00019913071157326434	0
253	3323.6834881305695	0.21545780999379663	0.0	1
254	3337.6609947681427	0.21545780999379663	0.0	2
255	3351.633355617523	0.2158268725409218	0.00036906254712518183	0
256	3365.5014328956604	0.2158268725409218	0.0	1
257	3379.622280359268	0.216065778521023	0.00023890598010117836	0
258	3393.6597299575806	0.216065778521023	0.0	1
259	3407.60498714447	0.21632609165507102	0.0002603131340480347	0
260	3421.6203062534332	0.2163848374909177	5.874583584666859e-05	0
261	3435.7673375606537	0.2163848374909177	0.0	1
262	3449.8367483615875	0.2163848374909177	0.0	2
263	3463.8452088832855	0.2163848374909177	0.0	3
264	3477.9136991500854	0.2175827545145934	0.0011979170236757208	0
265	3491.951307296753	0.2175827545145934	0.0	1
266	3506.0727722644806	0.2175827545145934	0.0	2
267	3520.192038536072	0.21796046560546448	0.00037771109087106347	0
268	3534.3575620651245	0.21796046560546448	0.0	1
269	3548.3827941417694	0.21796046560546448	0.0	2
270	3562.2680010795593	0.21826687306786716	0.00030640746240268024	0
271	3576.3809435367584	0.21826687306786716	0.0	1
272	3590.516440153122	0.218299191310286	3.2318242418838405e-05	0
273	3604.5125851631165	0.21850190996260832	0.00020271865232232567	0
274	3618.594856739044	0.21989036270546586	0.0013884527428575377	0
275	3632.677545070648	0.21989036270546586	0.0	1
276	3646.82342505455	0.21989036270546586	0.0	2
277	3660.8469500541687	0.21989036270546586	0.0	3
278	3674.8033888339996	0.21989036270546586	0.0	4
279	3688.6271362304688	0.21989036270546586	0.0	5
280	3702.680162191391	0.21989036270546586	0.0	6
