1	7.044833183288574	0.08488820276414549	10000000000.084888	0
2	13.390307664871216	0.08488820276414549	0.0	1
3	19.80513596534729	0.08488820276414549	0.0	2
4	26.289483785629272	0.08488820276414549	0.0	3
5	32.90921211242676	0.0865200650609393	0.0016318622967938096	0
6	39.58981657028198	0.0865200650609393	0.0	1
7	46.26631784439087	0.0865200650609393	0.0	2
8	53.067904233932495	0.1113685801728493	0.024848515111909997	0
9	60.086552143096924	0.1113685801728493	0.0	1
10	67.56176519393921	0.1113685801728493	0.0	2
11	75.42260479927063	0.1281908048493207	0.01682222467647139	0
12	83.72030353546143	0.1281908048493207	0.0	1
13	92.75477957725525	0.13850238086444952	0.010311576015128832	0
14	102.52254390716553	0.13850238086444952	0.0	1
15	112.54593086242676	0.14336933550052774	0.0048669546360782245	0
16	122.88629102706909	0.14336933550052774	0.0	1
17	132.84237599372864	0.14336933550052774	0.0	2
18	143.22023582458496	0.15481364754551277	0.011444312044985028	0
19	154.1535382270813	0.16019721614846455	0.005383568602951777	0
20	164.8114137649536	0.16019721614846455	0.0	1
21	175.13788843154907	0.16019721614846455	0.0	2
22	185.44940948486328	0.1623166725211551	0.002119456372690537	0
23	196.01048922538757	0.16425016900958972	0.0019334964884346328	0
24	206.18271780014038	0.16425016900958972	0.0	1
25	216.12794137001038	0.16713260007510283	0.0028824310655131136	0
26	226.27807545661926	0.16713260007510283	0.0	1
27	236.5466272830963	0.17519942497271038	0.008066824897607544	0
28	247.08406805992126	0.18079564753085306	0.005596222558142683	0
29	257.96926832199097	0.18079564753085306	0.0	1
30	268.9489414691925	0.18520184312075996	0.004406195589906903	0
31	279.8127965927124	0.18520184312075996	0.0	1
32	290.5382390022278	0.18787491514280816	0.002673072022048195	0
33	301.0110960006714	0.20053808903859338	0.012663173895785224	0
34	311.968544960022	0.20053808903859338	0.0	1
35	322.7802827358246	0.20053808903859338	0.0	2
36	333.3385555744171	0.2035279483222521	0.002989859283658719	0
37	344.4252710342407	0.2035279483222521	0.0	1
38	354.8239414691925	0.20457403874562463	0.001046090423372531	0
39	365.9568386077881	0.20457403874562463	0.0	1
40	376.59993171691895	0.20457403874562463	0.0	2
41	387.04257583618164	0.20641705731046117	0.0018430185648365405	0
42	397.9937651157379	0.20641705731046117	0.0	1
43	408.89751839637756	0.21096659037037205	0.004549533059910876	0
44	419.53081035614014	0.21096659037037205	0.0	1
45	430.232714176178	0.21101719457613127	5.060420575922486e-05	0
46	441.53407740592957	0.21101719457613127	0.0	1
47	452.60876274108887	0.21760696516851905	0.0065897705923877725	0
48	463.7988564968109	0.21760696516851905	0.0	1
49	475.1303758621216	0.21760696516851905	0.0	2
50	486.33856868743896	0.21760696516851905	0.0	3
51	497.9275357723236	0.22116592794863235	0.003558962780113306	0
52	509.30846309661865	0.22116592794863235	0.0	1
53	520.619786977768	0.22116592794863235	0.0	2
54	531.988219499588	0.22116592794863235	0.0	3
55	543.3334228992462	0.22143175860750758	0.00026583065887522683	0
56	554.8589286804199	0.221729956928632	0.0002981983211244321	0
57	566.0348749160767	0.221729956928632	0.0	1
58	577.5722606182098	0.22313309596812753	0.0014031390394955157	0
59	589.1933181285858	0.22603855617602484	0.002905460207897309	0
60	600.614191532135	0.22610783742151414	6.928124548929993e-05	0
61	611.7805733680725	0.22610783742151414	0.0	1
62	623.0768015384674	0.22610783742151414	0.0	2
63	634.3841609954834	0.2265958191340845	0.00048798171257036227	0
64	645.6460063457489	0.22662253082486827	2.671169078377611e-05	0
65	657.0534892082214	0.22740922183417833	0.0007866910093100588	0
66	668.1234121322632	0.23256857786112514	0.00515935602694681	0
67	679.2533152103424	0.23256857786112514	0.0	1
68	690.6801064014435	0.23313070389745416	0.0005621260363290193	0
69	701.8841228485107	0.23313070389745416	0.0	1
70	713.2185945510864	0.23313070389745416	0.0	2
71	724.3507087230682	0.23313070389745416	0.0	3
72	735.5321135520935	0.23313070389745416	0.0	4
73	746.6967232227325	0.23359482833474668	0.00046412443729251796	0
74	757.7508585453033	0.23359482833474668	0.0	1
75	768.7402472496033	0.2340368046220951	0.0004419762873484334	0
76	779.762861251831	0.23472552927206625	0.0006887246499711341	0
77	790.9312393665314	0.23472552927206625	0.0	1
78	802.2216691970825	0.23472552927206625	0.0	2
79	813.4540371894836	0.2348051181291047	7.958885703845953e-05	0
80	824.8689374923706	0.2348051181291047	0.0	1
81	835.9860243797302	0.23493139958546838	0.00012628145636367494	0
82	847.5100967884064	0.2369701041910995	0.002038704605631131	0
83	858.76482629776	0.2369701041910995	0.0	1
84	870.066596031189	0.2379896062626299	0.0010195020715303982	0
85	881.4345610141754	0.2379896062626299	0.0	1
86	892.7498817443848	0.23896465345563295	0.0009750471930030369	0
87	904.089923620224	0.23896465345563295	0.0	1
88	915.30379986763	0.2393539287752147	0.00038927531958174444	0
89	926.5623733997345	0.2400126820623737	0.0006587532871590029	0
90	938.0416522026062	0.2400126820623737	0.0	1
91	949.3423085212708	0.2400126820623737	0.0	2
92	960.6193101406097	0.24022679846501516	0.00021411640264146214	0
93	972.2099809646606	0.24095978417517683	0.000732985710161671	0
94	983.7903416156769	0.24121132513667365	0.00025154096149682115	0
95	995.4862790107727	0.241616652138514	0.0004053270018403443	0
96	1006.9595022201538	0.24169992354395206	8.327140543806788e-05	0
97	1018.3931431770325	0.24169992354395206	0.0	1
98	1029.8707346916199	0.24207506774479468	0.00037514420084261424	0
99	1041.5376524925232	0.24402739985159858	0.0019523321068039001	0
100	1053.0456805229187	0.2448791962022319	0.0008517963506333159	0
101	1064.3576097488403	0.2448791962022319	0.0	1
102	1075.7532148361206	0.2457913581548607	0.0009121619526288038	0
103	1087.1208255290985	0.2457913581548607	0.0	1
104	1098.6320114135742	0.2468047637587056	0.0010134056038449135	0
105	1110.1432695388794	0.24722635388099018	0.0004215901222845708	0
106	1121.5942928791046	0.24722635388099018	0.0	1
107	1133.0280447006226	0.2485089731546803	0.001282619273690111	0
108	1144.6521453857422	0.2485089731546803	0.0	1
109	1156.2077333927155	0.2485089731546803	0.0	2
110	1167.6899094581604	0.24878097076063618	0.0002719976059558926	0
111	1179.1133983135223	0.24878097076063618	0.0	1
112	1190.6837222576141	0.2497935482315874	0.0010125774709512092	0
113	1202.2446460723877	0.2497935482315874	0.0	1
114	1213.6210210323334	0.2497935482315874	0.0	2
115	1225.133618593216	0.2500368607236937	0.00024331249210629569	0
116	1236.5525743961334	0.2520214723935028	0.001984611669809122	0
117	1247.9440059661865	0.2520214723935028	0.0	1
118	1259.1394803524017	0.2520214723935028	0.0	2
119	1270.579166650772	0.2520770982561706	5.562586266777414e-05	0
120	1282.0856020450592	0.2520770982561706	0.0	1
121	1293.3845491409302	0.25243469308760647	0.0003575948314358812	0
122	1304.8319644927979	0.25339220853105154	0.0009575154434450783	0
123	1316.1630401611328	0.25339220853105154	0.0	1
124	1327.4408493041992	0.2541277314994407	0.0007355229683891351	0
125	1338.8133811950684	0.2542957367577674	0.00016800525832671998	0
126	1350.0670320987701	0.25502052923823615	0.00072479248046875	0
127	1361.3066082000732	0.25568213694090103	0.0006616077026648792	0
128	1372.3347837924957	0.25568213694090103	0.0	1
129	1383.459023475647	0.2559886165909624	0.00030647965006136424	0
130	1394.5454697608948	0.2559886165909624	0.0	1
131	1405.7294602394104	0.25607694489300664	8.832830204424935e-05	0
132	1416.9478549957275	0.2578187198066271	0.0017417749136204308	0
133	1428.2588286399841	0.2578187198066271	0.0	1
134	1439.6910355091095	0.2579805052583267	0.00016178545169964753	0
135	1451.1097342967987	0.2589468306261728	0.000966325367846077	0
136	1462.412288427353	0.2589468306261728	0.0	1
137	1473.8314669132233	0.2589468306261728	0.0	2
138	1484.8549423217773	0.2589468306261728	0.0	3
139	1496.187163591385	0.25944212457599597	0.0004952939498231723	0
140	1507.359379529953	0.25944212457599597	0.0	1
141	1518.6058459281921	0.25988295557317226	0.00044083099717628915	0
142	1529.8892974853516	0.2608194857766942	0.000936530203521968	0
143	1541.0912787914276	0.26214920290623195	0.001329717129537722	0
144	1552.3284964561462	0.26214920290623195	0.0	1
145	1563.551569223404	0.26214920290623195	0.0	2
146	1574.7803127765656	0.2622867963055265	0.0001375933992945333	0
147	1585.973834514618	0.2634965927441181	0.0012097964385915927	0
148	1597.2028992176056	0.2634965927441181	0.0	1
149	1608.244532585144	0.2634965927441181	0.0	2
150	1619.4971344470978	0.26502685899271977	0.0015302662486016971	0
151	1630.6854236125946	0.26502685899271977	0.0	1
152	1641.8451838493347	0.26568850193508226	0.0006616429423624837	0
153	1653.1009969711304	0.2665828149808747	0.0008943130457924608	0
154	1664.2504932880402	0.2671398488809	0.0005570339000252611	0
155	1675.274363040924	0.2671398488809	0.0	1
156	1686.4617245197296	0.2671398488809	0.0	2
157	1697.6598494052887	0.26848332711235207	0.0013434782314520888	0
158	1708.6686661243439	0.26848332711235207	0.0	1
159	1719.8406794071198	0.2685304425880485	4.711547569641317e-05	0
160	1730.967244386673	0.2700465248583646	0.0015160822703161325	0
161	1741.9945785999298	0.27385560139222176	0.0038090765338571475	0
162	1752.9411327838898	0.27385560139222176	0.0	1
163	1763.901683807373	0.27385560139222176	0.0	2
164	1774.8435888290405	0.27385560139222176	0.0	3
165	1785.6158769130707	0.27426397662790486	0.0004083752356831005	0
166	1796.3323225975037	0.2744830442080597	0.0002190675801548303	0
167	1807.428791999817	0.2744830442080597	0.0	1
168	1818.4317882061005	0.2744830442080597	0.0	2
169	1829.5494894981384	0.27516872062418807	0.0006856764161283779	0
170	1840.4658606052399	0.27516872062418807	0.0	1
171	1851.2218222618103	0.27556314093962003	0.00039442031543196476	0
172	1862.0521473884583	0.2761447016691776	0.000581560729557562	0
173	1872.8445947170258	0.27620552538724197	6.0823718064373367e-05	0
174	1883.6127488613129	0.27620552538724197	0.0	1
175	1894.3392181396484	0.27620552538724197	0.0	2
176	1905.0773816108704	0.2764139329588716	0.00020840757162965406	0
177	1915.5721378326416	0.2790373698668447	0.0026234369079730646	0
178	1926.2612745761871	0.2790373698668447	0.0	1
179	1937.0640513896942	0.2790373698668447	0.0	2
180	1947.5893473625183	0.2790373698668447	0.0	3
181	1958.1292090415955	0.2790373698668447	0.0	4
182	1968.958423614502	0.2790373698668447	0.0	5
183	1979.6951816082	0.27924065006247295	0.00020328019562826372	0
184	1990.3294649124146	0.2798293468307953	0.0005886967683223499	0
185	2000.9367456436157	0.28052344553465103	0.0006940987038557278	0
186	2011.5109400749207	0.28132425004285144	0.0008008045082004145	0
187	2022.0916819572449	0.2815950847387864	0.0002708346959349739	0
188	2032.4709513187408	0.2815950847387864	0.0	1
189	2043.1587998867035	0.2826595174247618	0.0010644326859753916	0
190	2053.9299631118774	0.28351295242133373	0.0008534349965719223	0
191	2064.1419801712036	0.2838412630640607	0.00032831064272698107	0
192	2074.6262383461	0.2838412630640607	0.0	1
193	2085.243826150894	0.2838412630640607	0.0	2
194	2096.013931751251	0.2838412630640607	0.0	3
