1	6.176115036010742	0.039774197113937385	10000000000.039774	0
2	11.076121091842651	0.05500647391560995	0.015232276801672565	0
3	16.112739324569702	0.06593471575328774	0.010928241837677793	0
4	21.2986102104187	0.08170233628320665	0.01576762052991891	0
5	26.675462007522583	0.08230438324286951	0.000602046959662858	0
6	32.23955464363098	0.1176840215472842	0.03537963830441469	0
7	38.15901279449463	0.1176840215472842	0.0	1
8	44.43891763687134	0.1176840215472842	0.0	2
9	51.41913199424744	0.11812500146984121	0.000440979922557011	0
10	58.58433818817139	0.11812500146984121	0.0	1
11	66.35369110107422	0.11871642882676099	0.000591427356919777	0
12	74.17627143859863	0.12312740392529914	0.004410975098538147	0
13	82.3442554473877	0.12795631918542577	0.004828915260126632	0
14	90.13982224464417	0.13303729384007187	0.005080974654646103	0
15	98.19737648963928	0.13303729384007187	0.0	1
16	106.45450735092163	0.1378723548737583	0.004835061033686416	0
17	114.82580089569092	0.14402003922712223	0.006147684353363936	0
18	123.18849611282349	0.14402003922712223	0.0	1
19	131.91582465171814	0.14878294024389957	0.004762901016777343	0
20	140.65359210968018	0.14926681197026923	0.0004838717263696557	0
21	149.19459509849548	0.1614443085984535	0.012177496628184264	0
22	157.80437111854553	0.1614443085984535	0.0	1
23	166.5120096206665	0.16146356351830599	1.9254919852496055e-05	0
24	175.09883165359497	0.168458482718195	0.00699491919988901	0
25	183.54989051818848	0.1700612526927491	0.001602769974554108	0
26	191.9362988471985	0.1709347242048747	0.0008734715121256065	0
27	200.11346101760864	0.1709347242048747	0.0	1
28	208.1915397644043	0.1709347242048747	0.0	2
29	216.1545090675354	0.17502411641965496	0.004089392214780246	0
30	224.617928981781	0.17502411641965496	0.0	1
31	232.9784734249115	0.1806686557537816	0.005644539334126647	0
32	241.2367341518402	0.1806686557537816	0.0	1
33	249.61963438987732	0.18072103721990707	5.2381466125461795e-05	0
34	257.8476142883301	0.18631894584164282	0.005597908621735759	0
35	265.9893181324005	0.18631894584164282	0.0	1
36	274.1741590499878	0.18631894584164282	0.0	2
37	282.2557213306427	0.1886082970184565	0.00228935117681367	0
38	290.50270557403564	0.1886082970184565	0.0	1
39	298.6170666217804	0.19021577048488297	0.001607473466426479	0
40	306.81993222236633	0.19021577048488297	0.0	1
41	315.0672311782837	0.19107665648164698	0.0008608859967640103	0
42	323.3736963272095	0.1914198644042087	0.00034320792256170574	0
43	331.67267084121704	0.19282602474389487	0.0014061603396861855	0
44	339.9859240055084	0.19310738909754102	0.0002813643536461463	0
45	348.43049120903015	0.19521082373429033	0.0021034346367493073	0
46	356.9266903400421	0.19611657663399307	0.0009057528997027386	0
47	365.7240512371063	0.20008459671084813	0.003968020076855067	0
48	374.3865156173706	0.20079995005479567	0.000715353343947539	0
49	382.78754448890686	0.20079995005479567	0.0	1
50	391.5401306152344	0.20079995005479567	0.0	2
51	400.2605345249176	0.20814096174062124	0.007341011685825571	0
52	408.989910364151	0.20814096174062124	0.0	1
53	417.58194875717163	0.20814096174062124	0.0	2
54	426.2786810398102	0.20814096174062124	0.0	3
55	434.844322681427	0.20814096174062124	0.0	4
56	443.3641927242279	0.2083941051430332	0.0002531434024119483	0
57	452.00923895835876	0.20902314206191677	0.0006290369188835798	0
58	460.5423631668091	0.20944020950528672	0.00041706744336994506	0
59	469.1379506587982	0.20944020950528672	0.0	1
60	477.74370527267456	0.20944020950528672	0.0	2
61	486.37065839767456	0.21028512935190585	0.0008449198466191354	0
62	494.90524983406067	0.21332082914918535	0.0030356997972794952	0
63	503.3988800048828	0.21332082914918535	0.0	1
64	511.82418847084045	0.2135680748137417	0.00024724566455636143	0
65	520.3672869205475	0.21515138776527695	0.0015833129515352429	0
66	528.8636767864227	0.21567020496641706	0.0005188172011401093	0
67	537.4820342063904	0.21716595212785972	0.0014957471614426565	0
68	546.0515706539154	0.21716595212785972	0.0	1
69	554.640745639801	0.21716595212785972	0.0	2
70	563.1535413265228	0.21716595212785972	0.0	3
71	571.765218257904	0.21716595212785972	0.0	4
72	580.3976924419403	0.21716595212785972	0.0	5
73	588.9925053119659	0.21807008820223134	0.0009041360743716198	0
74	597.574865102768	0.21807008820223134	0.0	1
75	606.1873865127563	0.21955453595937124	0.0014844477571399062	0
76	614.7775235176086	0.21955453595937124	0.0	1
77	623.3939862251282	0.21955453595937124	0.0	2
78	631.9847543239594	0.21955453595937124	0.0	3
79	640.546178817749	0.21955453595937124	0.0	4
80	649.1871993541718	0.21955453595937124	0.0	5
81	657.9029853343964	0.21955453595937124	0.0	6
82	666.4459354877472	0.22039124306822885	0.0008367071088576095	0
83	675.0873613357544	0.22063426293930613	0.00024301987107727685	0
84	683.6014268398285	0.2226307482550045	0.0019964853156983764	0
85	692.4144020080566	0.2226307482550045	0.0	1
86	701.0976095199585	0.2226307482550045	0.0	2
87	709.6982083320618	0.2226307482550045	0.0	3
88	718.2670483589172	0.2226307482550045	0.0	4
89	726.9049987792969	0.2226307482550045	0.0	5
90	735.5153071880341	0.2226307482550045	0.0	6
91	744.1459453105927	0.2226307482550045	0.0	7
92	752.7102546691895	0.22302826681027996	0.0003975185552754501	0
93	761.3563480377197	0.22354934389228062	0.0005210770820006649	0
94	769.827080488205	0.22663773749694274	0.0030883936046621208	0
95	778.5201900005341	0.22663773749694274	0.0	1
96	787.1336057186127	0.22663773749694274	0.0	2
97	795.8601491451263	0.22663773749694274	0.0	3
98	804.6342499256134	0.22663773749694274	0.0	4
99	813.3263816833496	0.22663773749694274	0.0	5
100	822.0932047367096	0.22663773749694274	0.0	6
101	830.9006628990173	0.22663773749694274	0.0	7
102	839.690404176712	0.22819395025116646	0.0015562127542237125	0
103	848.500093460083	0.22819395025116646	0.0	1
104	857.3386948108673	0.22819395025116646	0.0	2
105	866.0115301609039	0.22819395025116646	0.0	3
106	874.8137230873108	0.22819395025116646	0.0	4
107	883.6182322502136	0.22858147388621314	0.00038752363504668264	0
108	892.4230005741119	0.22858147388621314	0.0	1
109	901.2273862361908	0.2292731260406476	0.0006916521544344523	0
110	910.1422517299652	0.22990853839578002	0.0006354123551324253	0
111	919.0613298416138	0.22990853839578002	0.0	1
112	928.0034327507019	0.23054358329060995	0.0006350448948299336	0
113	936.9551508426666	0.23054358329060995	0.0	1
114	945.8182399272919	0.23054358329060995	0.0	2
115	954.7338440418243	0.23089006160986417	0.00034647831925421757	0
116	963.6057231426239	0.23089006160986417	0.0	1
117	972.6006565093994	0.23089006160986417	0.0	2
118	981.4993290901184	0.2312503196904632	0.00036025808059902964	0
119	990.4833755493164	0.2312503196904632	0.0	1
120	999.4616572856903	0.23284416037966588	0.0015938406892026802	0
121	1008.4823565483093	0.23284416037966588	0.0	1
122	1017.5072119235992	0.23284416037966588	0.0	2
123	1026.5487477779388	0.23293282855066602	8.866817100014468e-05	0
124	1035.592357158661	0.23412997747027392	0.0011971489196078988	0
125	1044.682725906372	0.23427036567885498	0.00014038820858106038	0
126	1053.7878942489624	0.23427036567885498	0.0	1
127	1062.8998165130615	0.23427036567885498	0.0	2
128	1071.9953672885895	0.2345697907063704	0.00029942502751542643	0
129	1081.0515067577362	0.23506893040831012	0.0004991397019397104	0
130	1089.9553089141846	0.23506893040831012	0.0	1
131	1098.8375668525696	0.23763654089921357	0.0025676104909034547	0
132	1107.7261266708374	0.23763654089921357	0.0	1
133	1116.689252614975	0.23763654089921357	0.0	2
134	1125.6676342487335	0.23763654089921357	0.0	3
135	1134.6017458438873	0.2381520142116007	0.0005154733123871325	0
136	1143.4916927814484	0.2381520142116007	0.0	1
137	1152.599350452423	0.2381520142116007	0.0	2
138	1161.5428597927094	0.2381520142116007	0.0	3
139	1170.611214876175	0.23890760445867512	0.0007555902470744169	0
140	1179.5742723941803	0.24029945221957782	0.0013918477609027036	0
141	1188.5559434890747	0.2411250804003142	0.0008256281807363652	0
142	1197.5389726161957	0.2411250804003142	0.0	1
143	1206.6474499702454	0.2418176695785201	0.0006925891782059157	0
144	1215.6546773910522	0.2418176695785201	0.0	1
145	1224.716101884842	0.2418176695785201	0.0	2
146	1233.6308732032776	0.24181866172133692	9.921428168191415e-07	3
147	1242.6879727840424	0.24181866172133692	0.0	4
148	1251.671991109848	0.24228500559127597	0.0004663438699390454	0
149	1260.693813085556	0.24228500559127597	0.0	1
150	1269.60183095932	0.24228500559127597	0.0	2
151	1278.6015887260437	0.24264476760046658	0.0003597620091906062	0
152	1287.5393347740173	0.24330606753391218	0.0006612999334456027	0
153	1296.510610818863	0.24330606753391218	0.0	1
154	1305.4166433811188	0.24330606753391218	0.0	2
155	1314.3031322956085	0.24330606753391218	0.0	3
156	1323.347817182541	0.24338303209427678	7.696456036460075e-05	0
157	1332.3729202747345	0.2438919646132789	0.0005089325190021088	0
158	1341.3734335899353	0.2443774531649797	0.0004854885517008023	0
159	1350.4055588245392	0.2443774531649797	0.0	1
160	1359.4700782299042	0.24578873957588615	0.0014112864109064593	0
161	1368.4052901268005	0.24578873957588615	0.0	1
162	1377.4354195594788	0.24705443821493075	0.0012656986390446046	0
163	1386.377149105072	0.24705443821493075	0.0	1
164	1395.3566160202026	0.24705443821493075	0.0	2
165	1404.3646709918976	0.24752392387045644	0.000469485655525681	0
166	1413.444970369339	0.24752392387045644	0.0	1
167	1422.46249127388	0.24752392387045644	0.0	2
168	1431.5290141105652	0.2481213959493528	0.0005974720788963772	0
169	1440.5569348335266	0.2481213959493528	0.0	1
170	1449.6362781524658	0.2481213959493528	0.0	2
171	1458.7273650169373	0.2481213959493528	0.0	3
172	1467.7088689804077	0.2481213959493528	0.0	4
173	1476.7744722366333	0.24838609597827926	0.00026470002892645117	0
174	1485.7782516479492	0.24839767097780893	1.1574999529667673e-05	0
175	1494.7256648540497	0.24839767097780893	0.0	1
176	1503.7568662166595	0.24839767097780893	0.0	2
177	1513.0217566490173	0.2484045241124511	6.853134642159642e-06	0
178	1522.1038150787354	0.24870168925910596	0.0002971651466548708	0
179	1531.362510919571	0.24882037893682268	0.00011868967771672123	0
180	1540.4619970321655	0.24882037893682268	0.0	1
181	1549.579351425171	0.24912684082913156	0.00030646189230887355	0
182	1558.6731042861938	0.24912684082913156	0.0	1
183	1567.9399189949036	0.24912684082913156	0.0	2
184	1577.0290343761444	0.24985900548191978	0.0007321646527882197	0
185	1586.1763982772827	0.24985900548191978	0.0	1
186	1595.3053181171417	0.24985900548191978	0.0	2
187	1604.3937408924103	0.24985900548191978	0.0	3
188	1613.4792776107788	0.24985900548191978	0.0	4
189	1622.5347287654877	0.2504313800221534	0.00057237454023365	0
190	1631.4594240188599	0.2504313800221534	0.0	1
191	1640.6078655719757	0.2504313800221534	0.0	2
192	1649.674339056015	0.2504313800221534	0.0	3
193	1658.738453388214	0.25070638731256584	0.0002750072904124101	0
194	1667.780455827713	0.25123479522760195	0.000528407915036111	0
195	1676.7936825752258	0.25123479522760195	0.0	1
196	1685.864684343338	0.25123479522760195	0.0	2
197	1694.812001466751	0.25123479522760195	0.0	3
198	1703.9698581695557	0.25123479522760195	0.0	4
199	1712.9849576950073	0.25123479522760195	0.0	5
200	1722.0239310264587	0.2517028661609629	0.0004680709333609312	0
201	1731.0619478225708	0.2517065040179579	3.6378569950312745e-06	0
202	1740.1235151290894	0.2517065040179579	0.0	1
203	1749.1678450107574	0.25182699425115707	0.0001204902331991553	0
204	1758.2609176635742	0.2521898980459343	0.000362903794777214	0
205	1767.4079160690308	0.25223171502836206	4.181698242777809e-05	0
206	1776.468402147293	0.2522744874075764	4.277237921435084e-05	0
207	1785.4347338676453	0.25265951231256584	0.0003850249049894283	0
208	1794.3858592510223	0.25265951231256584	0.0	1
209	1803.4787085056305	0.25336121450627447	0.000701702193708631	0
210	1812.5252032279968	0.2541089962219202	0.0007477817156457123	0
211	1821.533583164215	0.2541089962219202	0.0	1
212	1830.554777622223	0.2541089962219202	0.0	2
213	1839.530969619751	0.2546726068339385	0.0005636106120183171	0
214	1848.6343615055084	0.2546726068339385	0.0	1
215	1857.6971552371979	0.2546726068339385	0.0	2
216	1866.766169309616	0.25497124182180353	0.00029863498786503184	0
217	1875.8545739650726	0.25497124182180353	0.0	1
218	1884.9270071983337	0.25544579842950405	0.0004745566077005159	0
219	1893.932672739029	0.2559003284507168	0.0004545300212127623	0
220	1903.1279201507568	0.2559003284507168	0.0	1
221	1912.2240254878998	0.2559003284507168	0.0	2
222	1921.3353250026703	0.2559003284507168	0.0	3
223	1930.34543800354	0.2559936266215288	9.32981708119951e-05	0
224	1939.373208284378	0.2561285212985871	0.00013489467705829483	0
225	1948.570904970169	0.25616028824174064	3.176694315354389e-05	0
226	1957.466984987259	0.2563172672829809	0.00015697904124023498	0
227	1966.5700647830963	0.2563172672829809	0.0	1
228	1975.6763842105865	0.25661165810435166	0.00029439082137078243	0
229	1984.7297933101654	0.25661165810435166	0.0	1
230	1993.7560839653015	0.2567690597249398	0.0001574016205881379	0
231	2002.854436635971	0.2567690597249398	0.0	1
232	2011.9210941791534	0.2570341455871839	0.0002650858622441077	0
233	2021.0084896087646	0.2570341455871839	0.0	1
234	2030.0508222579956	0.2574234881507281	0.0003893425635441705	0
235	2039.105164527893	0.2574234881507281	0.0	1
236	2048.1698129177094	0.2574303780314005	6.88988067243379e-06	0
237	2057.1752836704254	0.25799169201652805	0.0005613139851275428	0
238	2066.2026143074036	0.25857565992930653	0.0005839679127784825	0
239	2075.249534845352	0.25857565992930653	0.0	1
240	2084.378708600998	0.25883617091078415	0.000260510981477613	0
241	2093.5455696582794	0.2590067827292482	0.00017061181846406148	0
242	2102.6655039787292	0.25912872443064233	0.00012194170139412375	0
243	2111.7512712478638	0.25912872443064233	0.0	1
244	2120.8634147644043	0.25912872443064233	0.0	2
245	2129.972711801529	0.25989254578849336	0.0007638213578510245	0
246	2139.0166358947754	0.25989254578849336	0.0	1
247	2148.0843098163605	0.25989254578849336	0.0	2
248	2157.1852028369904	0.2599051680498852	1.2622261391870282e-05	0
249	2166.3302326202393	0.26002163459277167	0.00011646654288643976	0
250	2175.5208218097687	0.26034347469874136	0.00032184010596969514	0
251	2184.643689393997	0.2605117347712692	0.00016826007252784825	0
252	2193.710830926895	0.2605117347712692	0.0	1
253	2202.8007514476776	0.2607063050014581	0.00019457023018887298	0
254	2211.8522007465363	0.2607063050014581	0.0	1
255	2220.860030412674	0.2607063050014581	0.0	2
256	2229.9014081954956	0.2607063050014581	0.0	3
257	2238.919738292694	0.26097605760954434	0.00026975260808626	0
258	2247.924700021744	0.26178092428318783	0.0008048666736434895	0
259	2257.00861787796	0.26178092428318783	0.0	1
260	2266.059091091156	0.26178092428318783	0.0	2
261	2275.1881844997406	0.26178092428318783	0.0	3
262	2284.289188861847	0.2624415444150737	0.0006606201318858917	0
263	2293.3909475803375	0.2624415444150737	0.0	1
264	2302.5417070388794	0.2624415444150737	0.0	2
265	2311.6851813793182	0.2624415444150737	0.0	3
266	2320.8487889766693	0.26244643163709735	4.887222023630677e-06	0
267	2330.046451330185	0.26302865411343884	0.0005822224763414874	0
268	2339.048184633255	0.26382609808897123	0.0007974439755323859	0
269	2348.06107711792	0.26382609808897123	0.0	1
