1	15.472581386566162	0.04668898267635104	10000000000.046688	0
2	27.42065978050232	0.06220212059079568	0.015513137914444641	0
3	39.49280524253845	0.06904125778422489	0.006839137193429205	0
4	52.010921001434326	0.08004251334928164	0.011001255565056753	0
5	65.48106026649475	0.10955854057350502	0.029516027224223376	0
6	79.78274250030518	0.10955854057350502	0.0	1
7	94.93788743019104	0.10955854057350502	0.0	2
8	111.0763669013977	0.12671289362387586	0.017154353050370844	0
9	128.86880540847778	0.1352134615895413	0.008500567965665451	0
10	148.76878333091736	0.13912834674544858	0.003914885155907266	0
11	168.51898336410522	0.13912834674544858	0.0	1
12	188.89622402191162	0.13912834674544858	0.0	2
13	210.2891047000885	0.14773295160499836	0.00860460485954978	0
14	230.17454528808594	0.14915333434295489	0.001420382737956527	0
15	250.9464852809906	0.15739808748834724	0.008244753145392358	0
16	272.31145763397217	0.15739808748834724	0.0	1
17	292.6393973827362	0.15948135566753263	0.002083268179185388	0
18	312.52649211883545	0.16289059554675506	0.0034092398792224254	0
19	332.36978936195374	0.16396039095487636	0.001069795408121299	0
20	352.0024354457855	0.1714723072022716	0.0075119162473952505	0
21	370.9740581512451	0.17170158732640795	0.00022928012413633847	0
22	389.3452196121216	0.1767856324286439	0.005084045102235951	0
23	406.8820149898529	0.1843682900152857	0.007582657586641811	0
24	424.22135972976685	0.1843682900152857	0.0	1
25	441.0223970413208	0.18706444005846953	0.002696150043183826	0
26	457.326767206192	0.18920532949505786	0.002140889436588328	0
27	473.9638304710388	0.18923968268894634	3.4353193888475575e-05	0
28	490.41658091545105	0.18923968268894634	0.0	1
29	506.5694556236267	0.18962795678448538	0.0003882740955390429	0
30	522.9643726348877	0.1939202852744914	0.00429232849000602	0
31	539.4333381652832	0.19508789223154063	0.0011676069570492331	0
32	556.1927311420441	0.19508789223154063	0.0	1
33	572.5961780548096	0.19548931318460053	0.00040142095305989445	0
34	589.2591757774353	0.1978165479468839	0.0023272347622833867	0
35	606.040878534317	0.2016552696889052	0.003838721742021295	0
36	622.7929091453552	0.2016552696889052	0.0	1
37	639.4101796150208	0.2018223097513161	0.0001670400624108892	0
38	655.987799167633	0.2018223097513161	0.0	1
39	672.582227230072	0.20524562024892384	0.0034233104976077455	0
40	689.2579064369202	0.20542570006614663	0.0001800798172227891	0
41	705.8287303447723	0.20676922322260913	0.001343523156462495	0
42	722.4597697257996	0.20825928966056154	0.0014900664379524087	0
43	739.0714268684387	0.21676387397781177	0.008504584317250236	0
44	755.7956223487854	0.21676387397781177	0.0	1
45	772.5060262680054	0.21676387397781177	0.0	2
46	789.3361339569092	0.21676387397781177	0.0	3
47	806.3592729568481	0.21891819141653188	0.0021543174387201047	0
48	822.9574358463287	0.21912532805559745	0.0002071366390655749	0
49	839.3531258106232	0.21912532805559745	0.0	1
50	855.6778166294098	0.21948765651989885	0.000362328464301398	0
51	871.8543813228607	0.22042596996497316	0.0009383134450743069	0
52	888.229106426239	0.22122285428290883	0.0007968843179356755	0
53	904.6390750408173	0.22395527198090318	0.0027324176979943438	0
54	921.2152483463287	0.2270700329619297	0.003114760981026532	0
55	937.4186537265778	0.2270700329619297	0.0	1
56	953.9987914562225	0.2270700329619297	0.0	2
57	970.5623123645782	0.2270700329619297	0.0	3
58	986.9286255836487	0.2270700329619297	0.0	4
59	1003.5988883972168	0.22779297624718964	0.0007229432852599305	0
60	1020.21662068367	0.22867793915537948	0.0008849629081898458	0
61	1036.868668794632	0.22867793915537948	0.0	1
62	1053.430587530136	0.22908431360872725	0.0004063744533477631	0
63	1070.2102284431458	0.23360080806851832	0.004516494459791076	0
64	1086.8799390792847	0.23360080806851832	0.0	1
65	1103.7339537143707	0.23444932927999562	0.0008485212114772989	0
66	1120.5245702266693	0.23444932927999562	0.0	1
67	1137.2484529018402	0.23444932927999562	0.0	2
68	1154.063797712326	0.2363880489656449	0.001938719685649265	0
69	1170.62025141716	0.237165641408135	0.0007775924424901215	0
70	1187.420815706253	0.237165641408135	0.0	1
71	1204.18545627594	0.237165641408135	0.0	2
72	1221.1617784500122	0.237165641408135	0.0	3
73	1238.2276856899261	0.237165641408135	0.0	4
74	1255.1919996738434	0.237165641408135	0.0	5
75	1272.1042914390564	0.237165641408135	0.0	6
76	1289.0854229927063	0.23760730620407436	0.0004416647959393505	0
77	1306.1028146743774	0.23842034964321948	0.0008130434391451224	0
78	1323.0981981754303	0.23842034964321948	0.0	1
79	1340.3174757957458	0.238883515307976	0.0004631656647565152	0
80	1357.2211458683014	0.238883515307976	0.0	1
81	1374.180174589157	0.2392514934401733	0.0003679781321972997	0
82	1391.2661645412445	0.23942470529618612	0.00017321185601282263	0
83	1408.1816699504852	0.24022085328299794	0.0007961479868118237	0
84	1425.2120306491852	0.24022085328299794	0.0	1
85	1442.2049398422241	0.2404407619201031	0.00021990863710516506	0
86	1459.2150797843933	0.24051385951894605	7.309759884294165e-05	0
87	1476.144252538681	0.24176396233754663	0.0012501028186005791	0
88	1493.1071348190308	0.24176396233754663	0.0	1
89	1510.1987681388855	0.24176396233754663	0.0	2
90	1526.826874256134	0.24198636111263436	0.00022239877508772876	0
91	1543.6730732917786	0.24198636111263436	0.0	1
92	1560.576720237732	0.24198636111263436	0.0	2
93	1577.513962507248	0.24333831860742489	0.0013519574947905288	0
94	1594.36265707016	0.2444262143733549	0.0010878957659300192	0
95	1611.226526260376	0.2444262143733549	0.0	1
96	1628.1228215694427	0.24444878626926136	2.257189590645914e-05	0
97	1645.1462275981903	0.24462424728216167	0.00017546101290030758	0
98	1662.2207255363464	0.2456701052348377	0.0010458579526760325	0
99	1679.128042936325	0.2456701052348377	0.0	1
100	1696.0770168304443	0.2456701052348377	0.0	2
101	1712.9919574260712	0.24607174039331545	0.0004016351584777422	0
102	1729.9205162525177	0.24607174039331545	0.0	1
103	1746.996060848236	0.24703984177931018	0.0009681013859947352	0
104	1763.8990988731384	0.24758092466481138	0.0005410828855011984	0
105	1780.938733100891	0.24758092466481138	0.0	1
106	1798.0713448524475	0.24810947653336807	0.000528551868556687	0
107	1815.1678767204285	0.24858926989368557	0.0004797933603175042	0
108	1832.300096988678	0.24858926989368557	0.0	1
109	1849.2429225444794	0.24858926989368557	0.0	2
110	1866.152212381363	0.24858926989368557	0.0	3
111	1883.0522816181183	0.24858926989368557	0.0	4
112	1900.0659034252167	0.2488946197168376	0.0003053498231520291	0
113	1916.9346797466278	0.2488946197168376	0.0	1
114	1933.950024843216	0.24891906591015026	2.4446193312654962e-05	0
115	1951.0714976787567	0.2492957193617707	0.00037665345162044006	0
116	1968.1697406768799	0.25136601472533726	0.0020702953635665655	0
117	1985.1829495429993	0.25166552745085274	0.0002995127255154828	0
118	2002.237769126892	0.25166552745085274	0.0	1
119	2019.2245662212372	0.25166552745085274	0.0	2
120	2036.1901874542236	0.25187710885233877	0.00021158140148602733	0
121	2053.36465883255	0.25187710885233877	0.0	1
122	2070.460012435913	0.2521044879033917	0.00022737905105291167	0
123	2087.573584318161	0.25345226839253404	0.0013477804891423584	0
124	2104.6228365898132	0.25345226839253404	0.0	1
125	2121.819848060608	0.25345226839253404	0.0	2
126	2138.857025384903	0.25345226839253404	0.0	3
127	2155.963751077652	0.25345226839253404	0.0	4
128	2173.0066821575165	0.25410966481993036	0.0006573964273963173	0
129	2190.131826400757	0.25413223671583685	2.2571895906486894e-05	0
130	2207.2458579540253	0.25413223671583685	0.0	1
131	2224.325549840927	0.25413223671583685	0.0	2
132	2241.3845489025116	0.25413223671583685	0.0	3
133	2258.362961292267	0.25426986369680854	0.00013762698097169457	0
134	2275.293622493744	0.25485576906599583	0.0005859053691872895	0
135	2292.263537168503	0.25519812287508226	0.00034235380908642643	0
136	2309.2887217998505	0.25519812287508226	0.0	1
137	2326.4357013702393	0.2566055863487744	0.0014074634736921388	0
138	2343.4966428279877	0.2566055863487744	0.0	1
139	2360.596525669098	0.2566055863487744	0.0	2
140	2377.726687669754	0.2566055863487744	0.0	3
141	2394.677359342575	0.2566055863487744	0.0	4
142	2411.850082397461	0.2566055863487744	0.0	5
143	2428.9637718200684	0.2566055863487744	0.0	6
144	2446.0172407627106	0.2566055863487744	0.0	7
145	2463.075999736786	0.2566055863487744	0.0	8
146	2480.1668031215668	0.25702510765964304	0.0004195213108686424	0
147	2497.235162973404	0.25702510765964304	0.0	1
148	2514.192663192749	0.257141742509665	0.00011663485002194607	0
149	2531.179406642914	0.25787515508472253	0.000733412575057546	0
150	2548.24334692955	0.25787515508472253	0.0	1
151	2565.1714584827423	0.2581922326545021	0.0003170775697795558	0
152	2581.9547727108	0.2582787448676382	8.651221313610291e-05	0
153	2598.888022661209	0.25828693822487114	8.193357232955112e-06	0
154	2616.06823015213	0.2583381333197384	5.1195094867284574e-05	0
155	2633.023978471756	0.2583381333197384	0.0	1
156	2650.0685653686523	0.2583381333197384	0.0	2
157	2666.8886427879333	0.25853158758773853	0.0001934542680001039	0
158	2683.8577835559845	0.25892267312938694	0.00039108554164840603	0
159	2700.9791553020477	0.25892267312938694	0.0	1
160	2717.882774591446	0.25892267312938694	0.0	2
161	2734.836487054825	0.25897389499993145	5.1221870544515546e-05	0
162	2751.6176612377167	0.259164511046145	0.00019061604621356532	0
163	2768.442881345749	0.2592020773213013	3.756627515627553e-05	0
164	2785.323840856552	0.2592113417056235	9.264384322194008e-06	0
165	2802.2438752651215	0.2592505145214137	3.9172815790189386e-05	0
166	2819.073260307312	0.2594714406342537	0.00022092611284002528	0
167	2836.0718393325806	0.25948804155413746	1.6600919883758003e-05	0
168	2852.966280221939	0.25948804155413746	0.0	1
169	2870.0304152965546	0.259526330772579	3.8289218441511785e-05	0
170	2886.8679900169373	0.2596182516725159	9.192089993692587e-05	0
171	2903.863592863083	0.26084342633561364	0.001225174663097739	0
172	2920.9143323898315	0.26084342633561364	0.0	1
173	2937.8157086372375	0.26084342633561364	0.0	2
174	2954.6578788757324	0.26084342633561364	0.0	3
175	2971.7329313755035	0.26128969654803685	0.0004462702124232165	0
176	2988.6411406993866	0.26133666108590153	4.696453786467991e-05	0
177	3005.7102184295654	0.26133666108590153	0.0	1
178	3022.63268494606	0.26171347519158533	0.00037681410568379814	0
179	3039.523977994919	0.26171347519158533	0.0	1
180	3056.354378938675	0.26188368817174823	0.0001702129801628982	0
181	3073.2919261455536	0.26277906681838126	0.0008953786466330271	0
182	3090.0533509254456	0.26277906681838126	0.0	1
183	3107.064337015152	0.26299841316626454	0.00021934634788328689	0
184	3124.0090758800507	0.26300917698851173	1.0763822247183974e-05	0
185	3141.018615961075	0.2630303029978477	2.1126009335958873e-05	0
186	3158.0187652111053	0.2630303029978477	0.0	1
187	3174.8749063014984	0.263729389154694	0.0006990861568463291	0
188	3191.80393075943	0.263729389154694	0.0	1
189	3208.821840763092	0.263729389154694	0.0	2
190	3225.886441230774	0.26375613805624865	2.674890155462961e-05	0
191	3242.8916969299316	0.26394217546165555	0.0001860374054069025	0
192	3259.8618907928467	0.26394217546165555	0.0	1
193	3276.809643983841	0.26416152180953884	0.00021934634788328689	0
194	3293.802586555481	0.26416808185046065	6.560040921810284e-06	0
195	3310.763457775116	0.26416808185046065	0.0	1
196	3327.7400007247925	0.26441827377851507	0.0002501919280544218	0
197	3344.646211385727	0.2646040166514724	0.0001857428729573063	0
198	3361.5821800231934	0.26461081767348926	6.801022016889036e-06	0
199	3378.6406581401825	0.26480001460880953	0.00018919693532026827	0
200	3395.5356063842773	0.2654453619814515	0.0006453473726419912	0
201	3412.3729045391083	0.2657125832402254	0.00026722125877387537	0
202	3429.2709560394287	0.2657125832402254	0.0	1
203	3446.126375436783	0.2657125832402254	0.0	2
204	3462.847582578659	0.2657125832402254	0.0	3
205	3479.732486963272	0.2657125832402254	0.0	4
206	3496.5520119667053	0.26610431139812735	0.00039172815790194937	0
207	3513.2834706306458	0.26610431139812735	0.0	1
208	3530.15816283226	0.2662090846231356	0.00010477322500823671	0
209	3546.96204996109	0.26644106909067233	0.00023198446753674995	0
210	3563.768388748169	0.2664936029694012	5.2533878728888705e-05	0
211	3580.6398243904114	0.266807360355204	0.0003137573858028042	0
212	3597.62695980072	0.266807360355204	0.0	1
213	3614.491408109665	0.266807360355204	0.0	2
214	3631.28236579895	0.266807360355204	0.0	3
215	3648.136636734009	0.266807360355204	0.0	4
216	3664.835189819336	0.26693518743830885	0.0001278270831048256	0
217	3681.515610218048	0.26726567962238157	0.0003304921840727171	0
218	3698.3659410476685	0.26726567962238157	0.0	1
