1	62.19367074966431	0.04163870518354104	10000000000.04164	0
2	108.61353540420532	0.04838663126932627	0.0067479260857852275	0
3	156.10939002037048	0.05366565984585832	0.005279028576532049	0
4	204.1785604953766	0.06349196770023191	0.009826307854373592	0
5	252.31445384025574	0.06349196770023191	0.0	1
6	303.5101613998413	0.06349196770023191	0.0	2
7	356.650399684906	0.08296859260799287	0.01947662490776096	0
8	415.9218759536743	0.11471606115887369	0.031747468550880814	0
9	482.5455780029297	0.11957728716208302	0.004861226003209332	0
10	552.5220267772675	0.12071160769712799	0.0011343205350449748	0
11	628.0358736515045	0.12876848624027828	0.008056878543150292	0
12	711.3020479679108	0.13578898417002436	0.007020497929746072	0
13	796.2252066135406	0.13578898417002436	0.0	1
14	881.1569564342499	0.1430017108145146	0.007212726644490242	0
15	965.9970288276672	0.1430869312658124	8.522045129780165e-05	0
16	1051.4186613559723	0.1468805453230416	0.0037936140572291943	0
17	1132.0647962093353	0.1567253421629029	0.009844796839861308	0
18	1211.8452489376068	0.16020749390929534	0.0034821517463924367	0
19	1288.578281402588	0.16020749390929534	0.0	1
20	1366.8783628940582	0.1610496326543759	0.0008421387450805728	0
21	1443.485689163208	0.16145720474723574	0.0004075720928598259	0
22	1519.8871293067932	0.16568885357126123	0.004231648824025491	0
23	1594.4510927200317	0.16568885357126123	0.0	1
24	1667.4896099567413	0.16568885357126123	0.0	2
25	1741.2469289302826	0.1682889695289074	0.0026001159576461708	0
26	1815.343656539917	0.1682889695289074	0.0	1
27	1888.4238250255585	0.16853947903977698	0.00025050951086957873	0
28	1964.0652465820312	0.16896388841711954	0.00042440937734256057	0
29	2039.6220452785492	0.16943403298350823	0.0004701445663886916	0
30	2112.4791193008423	0.16986523217883245	0.00043119919532422224	0
31	2183.612655878067	0.16986603744026424	8.052614317854978e-07	1
32	2256.9996552467346	0.17165428516210643	0.00178824772184219	0
33	2330.3671765327454	0.17377150048022863	0.002117215318122201	0
34	2402.8133149147034	0.17377150048022863	0.0	1
35	2475.592358350754	0.17527201365137743	0.0015005131711487985	0
36	2547.436947822571	0.17527201365137743	0.0	1
37	2617.5474314689636	0.1766057645005622	0.0013337508491847727	0
38	2688.263626098633	0.1766057645005622	0.0	1
39	2759.893193244934	0.1766057645005622	0.0	2
40	2831.3613390922546	0.17740020980720575	0.0007944453066435486	0
41	2903.570407152176	0.17905474752857944	0.0016545377213736945	0
42	2975.8120198249817	0.17905474752857944	0.0	1
43	3047.806824684143	0.18318447587729572	0.004129728348716277	0
44	3119.6781702041626	0.18318447587729572	0.0	1
45	3190.452045440674	0.1846234780558939	0.0014390021785981866	0
46	3262.0822961330414	0.1846234780558939	0.0	1
47	3333.4091901779175	0.1846234780558939	0.0	2
48	3404.601560354233	0.18487122405594078	0.0002477460000468723	0
49	3475.4935064315796	0.18713241645778672	0.0022611924018459406	0
50	3546.068235874176	0.18713241645778672	0.0	1
51	3617.4136958122253	0.18713241645778672	0.0	2
52	3687.714409351349	0.18806721517171102	0.0009347987139242953	0
53	3758.4708914756775	0.18806721517171102	0.0	1
54	3829.115888118744	0.18834812330163042	0.00028090812991940495	0
55	3899.905925512314	0.19049462085363567	0.0021464975520052443	0
56	3970.2904555797577	0.19049462085363567	0.0	1
57	4039.917713880539	0.19108288263095013	0.0005882617773144694	0
58	4109.944561958313	0.19268046640742129	0.001597583776471151	0
59	4180.3675191402435	0.19268046640742129	0.0	1
60	4250.228888511658	0.19268914126920914	8.674861787849597e-06	0
61	4320.109232902527	0.19361076297788604	0.0009216217086769063	0
62	4389.829514026642	0.1937188510237069	0.0001080880458208533	0
63	4459.592725038528	0.1937188510237069	0.0	1
64	4529.288915395737	0.19414055179441528	0.0004217007707083831	0
65	4599.142400979996	0.19414055179441528	0.0	1
66	4669.164416074753	0.1947628541686188	0.0006223023742035205	0
67	4738.876873731613	0.19563273783030358	0.0008698836616847783	0
68	4808.756942033768	0.19615024640999812	0.0005175085796945422	0
69	4878.22212600708	0.19615024640999812	0.0	1
70	4947.891804218292	0.19654367152361318	0.0003934251136150646	0
71	5017.444391965866	0.19683506635354198	0.00029139482992879273	0
72	5086.546308040619	0.19791503174194153	0.0010799653883995508	0
73	5155.802923440933	0.19851599468820277	0.0006009629462612465	0
74	5224.7915670871735	0.19851599468820277	0.0	1
75	5294.224954366684	0.19861674387415665	0.0001007491859538745	0
76	5363.512499570847	0.19861674387415665	0.0	1
77	5432.856784582138	0.19862095319527734	4.209321120690612e-06	0
78	5502.378377437592	0.19862095319527734	0.0	1
79	5572.03618478775	0.19966616423233693	0.0010452110370595957	0
80	5640.864346981049	0.19966616423233693	0.0	1
81	5710.834415912628	0.2002948537938062	0.0006286895614692756	0
82	5779.5901601314545	0.20072325287551535	0.00042839908170913543	0
83	5848.535195589066	0.2013571766362912	0.0006339237607758674	0
84	5917.413425445557	0.2015381591430847	0.00018098250679349226	0
85	5985.93067240715	0.202065989710223	0.0005278305671382877	0
86	6054.891842365265	0.202065989710223	0.0	1
87	6124.502660751343	0.2021786348036919	0.00011264509346889384	0
88	6193.297748804092	0.2021786348036919	0.0	1
89	6261.965648651123	0.2021786348036919	0.0	2
90	6330.53981256485	0.2028218739751218	0.0006432391714299157	0
91	6399.083261966705	0.2028218739751218	0.0	1
92	6468.020222187042	0.20337408200196774	0.0005522080268459406	0
93	6536.800257921219	0.20453691611225636	0.001162834110288613	0
94	6605.420136928558	0.20453691611225636	0.0	1
95	6673.962257146835	0.20484013364411544	0.00030321753185907907	0
96	6742.764220714569	0.20484013364411544	0.0	1
97	6811.842373609543	0.20484013364411544	0.0	2
98	6880.867814779282	0.20484013364411544	0.0	3
99	6949.904450893402	0.2055190056339018	0.0006788719897863615	0
100	7018.95595741272	0.2056139532772676	9.494764336581696e-05	0
101	7087.883983135223	0.2056139532772676	0.0	1
102	7157.115967512131	0.2056313945078242	1.7441230556580756e-05	0
103	7226.358573436737	0.20580216483555097	0.00017077032772677692	0
104	7295.873507022858	0.20580216483555097	0.0	1
105	7365.362023591995	0.20670844997423163	0.000906285138680657	0
106	7435.226026773453	0.20670844997423163	0.0	1
107	7504.791568517685	0.20689938844054534	0.00019093846631371147	0
108	7574.036821365356	0.20689938844054534	0.0	1
109	7643.706357002258	0.20689938844054534	0.0	2
110	7713.126890182495	0.20695723915386055	5.7850713315210633e-05	0
111	7782.91578578949	0.2071745682334614	0.00021732907960084202	0
112	7852.751010894775	0.20755556669907232	0.0003809984656109322	0
113	7922.7554841041565	0.20755556669907232	0.0	1
114	7993.000099182129	0.20755556669907232	0.0	2
115	8063.271780967712	0.2077138005704179	0.00015823387134558664	0
