1	5.563968896865845	0.012860578682826555	10000000000.012861	0
2	9.82314658164978	0.02087393879354268	0.008013360110716126	0
3	14.099828720092773	0.02640723095483508	0.005533292161292398	0
4	18.461626529693604	0.0674447581507098	0.04103752719587472	0
5	23.093222618103027	0.12055603667892616	0.05311127852821636	0
6	28.02607035636902	0.12055603667892616	0.0	1
7	33.02546787261963	0.12055603667892616	0.0	2
8	38.355632066726685	0.1404930835363568	0.019937046857430654	0
9	44.224854946136475	0.14975068007988193	0.00925759654352512	0
10	50.77626705169678	0.14975068007988193	0.0	1
11	57.99818253517151	0.15463801302473762	0.004887332944855688	0
12	65.51318097114563	0.15463801302473762	0.0	1
13	73.11413764953613	0.1599220104303317	0.005283997405594071	0
14	80.52349829673767	0.16717527466735382	0.007253264237022133	0
15	87.91132092475891	0.16717527466735382	0.0	1
16	94.93630170822144	0.16725023718609444	7.496251874061777e-05	0
17	101.98548889160156	0.16893628991168477	0.0016860527255903313	0
18	108.65318727493286	0.1723826075243628	0.0034463176126780237	0
19	115.5236439704895	0.17534388323416417	0.0029612757098013698	0
20	122.11349964141846	0.17662523718609444	0.0012813539519302697	0
21	128.58239150047302	0.1767676220483508	0.0001423848622563728	0
22	134.97458696365356	0.18050405339322526	0.003736431344874447	0
23	141.2530529499054	0.18050405339322526	0.0	1
24	147.50867629051208	0.18053355524386244	2.950185063718691e-05	0
25	153.66487622261047	0.18053355524386244	0.0	1
26	159.87575912475586	0.18296324860030921	0.0024296933564467715	0
27	165.9854121208191	0.184492311949494	0.0015290633491847894	0
28	171.93685483932495	0.18620396832833583	0.0017116563788418249	0
29	177.91866159439087	0.18640947470600636	0.00020550637767052793	0
30	183.80340886116028	0.18752882469897864	0.0011193499929722794	0
31	189.70157718658447	0.18752882469897864	0.0	1
32	195.54290056228638	0.18962281554535232	0.0020939908463736834	0
33	201.42026710510254	0.1908198366636994	0.0011970211183470747	0
34	207.234614610672	0.19177193019701086	0.0009520935333114655	0
35	213.18770146369934	0.19204994670633432	0.00027801650932346433	0
36	219.0603425502777	0.19204994670633432	0.0	1
37	224.8450756072998	0.1940664311398988	0.002016484433564475	0
38	230.67803597450256	0.1940664311398988	0.0	1
39	236.5915548801422	0.19460807926115067	0.0005416481212518753	0
40	242.4030225276947	0.1961596899304254	0.0015516106692747278	0
41	248.3779809474945	0.1961596899304254	0.0	1
42	254.31557631492615	0.1966126860885963	0.0004529961581709041	0
43	260.35309743881226	0.1975669025838643	0.000954216495268001	0
44	266.3206069469452	0.1975669025838643	0.0	1
45	272.4432702064514	0.1975669025838643	0.0	2
46	278.5924708843231	0.19898906747797976	0.0014221648941154519	0
47	284.7979817390442	0.1995047276166604	0.0005156601386806514	0
48	290.8837480545044	0.1995047276166604	0.0	1
49	297.0580310821533	0.20201518503443588	0.0025104574177754746	0
50	303.16340255737305	0.20201518503443588	0.0	1
51	309.3154592514038	0.20234709915550037	0.0003319141210644805	0
52	315.3979232311249	0.20234709915550037	0.0	1
53	321.5410261154175	0.20333738770263304	0.0009902885471326783	0
54	327.78825402259827	0.20333738770263304	0.0	1
55	333.88024950027466	0.2041177409342204	0.000780353231587344	0
56	340.00872468948364	0.2041177409342204	0.0	1
57	346.1754593849182	0.2041177409342204	0.0	2
58	352.2949216365814	0.20448212173210267	0.0003643807978822855	0
59	358.4558117389679	0.20448212173210267	0.0	1
60	364.5539803504944	0.20492719338572898	0.00044507165362631107	0
61	370.73297595977783	0.20492719338572898	0.0	1
62	376.8764760494232	0.2057637685063718	0.0008365751206428074	0
63	383.0623517036438	0.2059944210023894	0.00023065249601761373	0
64	389.12713718414307	0.20599681848528859	2.397482899180181e-06	0
65	395.2813196182251	0.2060532599910982	5.644150580960683e-05	0
66	401.36080503463745	0.20641936112022113	0.0003661011291229421	0
67	407.4783630371094	0.20641936112022113	0.0	1
68	413.5604417324066	0.20767088379638304	0.0012515226761619092	0
69	419.59812474250793	0.20767088379638304	0.0	1
70	425.7201511859894	0.20767088379638304	0.0	2
71	431.8439157009125	0.20812327600848013	0.0004523922120970858	0
72	438.08105206489563	0.20824918961417727	0.0001259136056971366	0
73	444.2588608264923	0.20824918961417727	0.0	1
74	450.4225661754608	0.20949051841266866	0.0012413287984913979	0
75	456.557918548584	0.20949051841266866	0.0	1
76	462.6197497844696	0.20956548093140928	7.496251874061777e-05	0
77	468.7295250892639	0.20956548093140928	0.0	1
78	474.8066849708557	0.20956548093140928	0.0	2
79	480.89131593704224	0.20971540596889054	0.0001499250374812633	0
80	486.9166886806488	0.2100521699599419	0.000336763991051342	0
81	493.0070481300354	0.21015667093211204	0.0001045009721701573	0
82	499.0236587524414	0.21021245358765928	5.578265554723183e-05	0
83	505.100861787796	0.21037409151869377	0.00016163793103449176	0
84	511.1801974773407	0.21037409151869377	0.0	1
85	517.289826631546	0.21084321120689653	0.0004691196882027626	0
86	523.3663744926453	0.21084321120689653	0.0	1
87	529.4489533901215	0.21084321120689653	0.0	2
88	535.5210735797882	0.2111549937921664	0.0003117825852698708	0
89	541.6057887077332	0.2111549937921664	0.0	1
90	547.6932349205017	0.21135738893248687	0.00020239514032047157	0
91	553.7862994670868	0.21135738893248687	0.0	1
92	559.9556946754456	0.21166060646434592	0.0003032175318590513	0
93	565.9708821773529	0.21166060646434592	0.0	1
94	572.0015299320221	0.21166060646434592	0.0	2
95	578.0456676483154	0.21166060646434592	0.0	3
96	584.0055615901947	0.2117496610581428	8.905459379687786e-05	0
97	590.0624697208405	0.21181075111858133	6.109006043852894e-05	0
98	596.1884207725525	0.2118856770345296	7.492591594826514e-05	0
99	602.246529340744	0.2121637484480416	0.00027807141351199327	0
100	608.3245043754578	0.2121637484480416	0.0	1
101	614.4017326831818	0.21231241068918663	0.00014866224114504223	0
102	620.4500389099121	0.21238285276307156	7.044207388492985e-05	0
103	626.5148718357086	0.21245737604830395	7.452328523238627e-05	0
104	632.5197637081146	0.21267417438741565	0.0002167983391117012	0
105	638.5987706184387	0.21267417438741565	0.0	1
106	644.6890892982483	0.2135283188483883	0.0008541444609726501	0
107	650.7268295288086	0.2135283188483883	0.0	1
108	656.7904322147369	0.2135283188483883	0.0	2
109	662.8140652179718	0.2135283188483883	0.0	3
110	668.8834199905396	0.21422417453382683	0.0006958556854385345	0
111	674.9171431064606	0.21422417453382683	0.0	1
112	680.942625284195	0.21422417453382683	0.0	2
113	687.0280084609985	0.21465544693473573	0.00043127240090889973	0
114	693.0405871868134	0.21467113123125936	1.5684296523627017e-05	0
115	699.1373643875122	0.2151877430425412	0.0005166118112818474	0
116	705.1995713710785	0.2151877430425412	0.0	1
117	711.1693894863129	0.2151877430425412	0.0	2
118	717.210283279419	0.2151877430425412	0.0	3
119	723.2308011054993	0.2151877430425412	0.0	4
120	729.2773749828339	0.21529178647980696	0.0001040434372657495	0
121	735.3127889633179	0.2154639111108508	0.00017212463104385178	0
122	741.3208010196686	0.21584119439303784	0.0003772832821870298	0
123	747.4411301612854	0.2159719212659295	0.00013072687289167328	0
124	753.4958612918854	0.216336009241473	0.00036408797554349226	0
125	759.617577791214	0.216336009241473	0.0	1
126	765.6614680290222	0.2164526806421008	0.00011667140062779358	0
127	771.7009615898132	0.2164526806421008	0.0	1
128	777.8467843532562	0.21649777528228073	4.5094640179932366e-05	0
129	783.8724102973938	0.21656536233836204	6.75870560813141e-05	0
130	789.9175999164581	0.21656536233836204	0.0	1
131	795.9373393058777	0.21671479323814655	0.00014943089978450286	0
132	801.9725458621979	0.21671479323814655	0.0	1
133	808.0022625923157	0.2168735944527736	0.00015880121462705232	0
134	813.9544775485992	0.217197327849747	0.0003237333969733913	0
135	820.0026035308838	0.2172551053574775	5.7777507730505384e-05	0
136	826.0805222988129	0.21747329460269862	0.0002181892452211287	0
137	832.0936708450317	0.21747329460269862	0.0	1
138	838.122908115387	0.21755438808915853	8.109348645990444e-05	0
139	844.1234908103943	0.21755438808915853	0.0	1
140	850.1667759418488	0.21775641720155545	0.00020202911239691757	0
141	856.1705646514893	0.2178313797202961	7.496251874064552e-05	0
142	862.2543039321899	0.2178313797202961	0.0	1
143	868.2798054218292	0.2178313797202961	0.0	2
144	874.3111665248871	0.2178496628150768	1.8283094780718878e-05	0
145	880.3660621643066	0.2178496628150768	0.0	1
146	886.4398710727692	0.217999789167916	0.00015012635283920273	0
147	892.54350233078	0.218314170551443	0.0003143813835269904	0
148	898.5410797595978	0.218314170551443	0.0	1
149	904.6324777603149	0.218314170551443	0.0	2
150	910.8360538482666	0.218314170551443	0.0	3
151	916.8811671733856	0.218314170551443	0.0	4
152	922.9605002403259	0.218314170551443	0.0	5
153	928.974925994873	0.21836550596771925	5.133541627624916e-05	0
154	935.1299562454224	0.21839282995221138	2.7323984492122477e-05	0
155	941.1620190143585	0.21839282995221138	0.0	1
156	947.1763100624084	0.2184795968714861	8.67669192747278e-05	0
157	953.1526913642883	0.21867728855298912	0.00019769168150302052	0
158	959.3073954582214	0.21867728855298912	0.0	1
159	965.2905023097992	0.21867728855298912	0.0	2
160	971.3491687774658	0.21874225850941714	6.496995642801817e-05	0
161	977.4192733764648	0.21874225850941714	0.0	1
162	983.4753301143646	0.21899917350894862	0.00025691499953148234	0
163	989.4877035617828	0.21899917350894862	0.0	1
164	995.491281747818	0.21958741698486692	0.0005882434759182931	0
165	1001.5651440620422	0.21958741698486692	0.0	1
166	1007.5713150501251	0.21958741698486692	0.0	2
167	1013.5613713264465	0.21958741698486692	0.0	3
168	1019.6398918628693	0.21980712524597074	0.00021970826110381814	0
169	1025.7256197929382	0.21980712524597074	0.0	1
170	1031.7385413646698	0.21980712524597074	0.0	2
171	1037.7590515613556	0.21988995736506745	8.283211909670962e-05	0
172	1043.783590555191	0.21988995736506745	0.0	1
173	1049.7928457260132	0.21991453614013304	2.4578775065592362e-05	0
174	1055.8230011463165	0.22018171822291976	0.0002671820827867266	0
175	1061.8720767498016	0.22018171822291976	0.0	1
176	1068.0638802051544	0.22018171822291976	0.0	2
177	1074.1219885349274	0.2203221631371814	0.0001404449142616282	0
178	1080.179857492447	0.22034350256512367	2.133942794227406e-05	0
179	1086.2219789028168	0.22050508559196963	0.00016158302684596282	0
180	1092.2118380069733	0.22096505458208393	0.00045996899011430115	0
181	1098.2096800804138	0.22096505458208393	0.0	1
182	1104.3418760299683	0.22096505458208393	0.0	2
183	1110.3855373859406	0.22110123527103634	0.00013618068895240865	0
184	1116.501356124878	0.22110123527103634	0.0	1
185	1122.5015506744385	0.22110123527103634	0.0	2
186	1128.4830832481384	0.22136201186516116	0.000260776594124823	0
187	1134.5008137226105	0.22136201186516116	0.0	1
188	1140.5267004966736	0.22143946337378184	7.745150862067951e-05	0
189	1146.6254148483276	0.2217667106388212	0.0003272472650393543	0
190	1152.5425724983215	0.2223520258913512	0.0005853152525299998	0
191	1158.6021337509155	0.2223520258913512	0.0	1
192	1164.693025112152	0.22259642273589766	0.00024439684454646837	0
193	1170.732106924057	0.22302147266210642	0.00042504992620875925	0
194	1176.7168409824371	0.22357721285841453	0.0005557401963081077	0
195	1182.7513661384583	0.22357721285841453	0.0	1
196	1188.7055463790894	0.2237271378958958	0.0001499250374812633	0
197	1194.7569546699524	0.2237468668009745	1.9728905078703063e-05	0
198	1200.7534384727478	0.2237468668009745	0.0	1
199	1206.756537437439	0.22379809240887366	5.122560789916353e-05	0
200	1212.6941928863525	0.223874885067232	7.679265835833227e-05	0
201	1218.687239408493	0.22421029475496626	0.00033540968773426716	0
202	1224.7872278690338	0.22424627529985006	3.598054488379576e-05	0
203	1230.8339593410492	0.22424627529985006	0.0	1
204	1236.7989723682404	0.22441276310087144	0.00016648780102138105	0
205	1242.8803198337555	0.2245631456732571	0.0001503825723856711	0
206	1248.9273862838745	0.2246062088584614	4.306318520427843e-05	0
207	1254.9195773601532	0.2246062088584614	0.0	1
208	1260.951765537262	0.22483695286145988	0.0002307440029984953	0
209	1266.9629170894623	0.22506980152501874	0.00023284866355885447	0
210	1272.9495787620544	0.22506980152501874	0.0	1
211	1279.027848482132	0.22519404970366377	0.00012424817864503668	0
212	1285.0627987384796	0.22519404970366377	0.0	1
213	1291.0338077545166	0.22519404970366377	0.0	2
214	1297.1184930801392	0.22535274110991377	0.00015869140624999445	0
215	1303.0777382850647	0.22553643222334144	0.00018369111342766975	0
216	1309.102418422699	0.22553643222334144	0.0	1
217	1315.1285552978516	0.22561139474208206	7.496251874061777e-05	0
218	1321.1498754024506	0.22561516482969451	3.7700876124591165e-06	0
219	1327.1478686332703	0.22588842297601197	0.0002732581463174566	0
220	1333.2258250713348	0.2259930520579554	0.00010462908194341924	0
221	1339.155820608139	0.22605163482711768	5.858276916229088e-05	0
222	1345.1383595466614	0.22659555232149547	0.0005439174943777936	0
223	1351.1334886550903	0.22659555232149547	0.0	1
224	1357.089438676834	0.22673488085059032	0.0001393285290948454	0
225	1363.1170763969421	0.22673488085059032	0.0	1
226	1369.1812121868134	0.22673488085059032	0.0	2
227	1375.1811754703522	0.22673488085059032	0.0	3
228	1381.251366853714	0.2267527247118628	1.7843861272487382e-05	0
229	1387.3909256458282	0.22678482536075711	3.210064889430653e-05	0
230	1393.453179359436	0.22691963344499624	0.0001348080842391297	0
231	1399.529525756836	0.22691963344499624	0.0	1
232	1405.6224632263184	0.2271909150405266	0.00027128159553035935	0
233	1411.6333422660828	0.2271909150405266	0.0	1
234	1417.62402677536	0.2271909150405266	0.0	2
235	1423.6395225524902	0.2272418844288793	5.0969388352695155e-05	0
236	1429.7180807590485	0.2272418844288793	0.0	1
237	1435.7776851654053	0.2272544208852605	1.2536456381190275e-05	0
238	1441.8783469200134	0.22728520383363005	3.078294836955653e-05	0
239	1447.8288979530334	0.22731831105931408	3.310722568403146e-05	0
240	1453.9194853305817	0.22735297390367315	3.466284435907352e-05	0
241	1459.9594337940216	0.22740796959918477	5.4995695511622644e-05	0
242	1466.0478203296661	0.22740796959918477	0.0	1
243	1472.1808354854584	0.22769308705022487	0.00028511745104009556	0
244	1478.2476766109467	0.2277462526061188	5.31655558939359e-05	0
245	1484.253343820572	0.22804127111249062	0.0002950185063718136	0
246	1490.3088715076447	0.22819119614997188	0.0001499250374812633	0
247	1496.3062794208527	0.22819119614997188	0.0	1
248	1502.34832239151	0.22819119614997188	0.0	2
249	1508.350337266922	0.22819119614997188	0.0	3
250	1514.429268836975	0.22819119614997188	0.0	4
251	1520.446918964386	0.22857358552169227	0.00038238937172038745	0
252	1526.536823272705	0.22857358552169227	0.0	1
253	1532.5597448349	0.22857358552169227	0.0	2
254	1538.552529335022	0.22857358552169227	0.0	3
255	1544.7056164741516	0.2287029214884745	0.00012933596678221804	0
256	1550.7829642295837	0.2287029214884745	0.0	1
257	1556.7825620174408	0.2287029214884745	0.0	2
258	1562.912719964981	0.22875925318590704	5.6331697432548955e-05	0
259	1568.880696773529	0.22875925318590704	0.0	1
260	1574.8906688690186	0.22891038611553596	0.00015113292962892766	0
261	1580.849755525589	0.22891038611553596	0.0	1
262	1586.921186208725	0.22891038611553596	0.0	2
263	1592.9177095890045	0.22891038611553596	0.0	3
264	1599.0003683567047	0.22891038611553596	0.0	4
265	1605.1119685173035	0.22895359571190965	4.320959637368893e-05	0
266	1611.2586171627045	0.22913671948205583	0.0001831237701461763	0
267	1617.2494549751282	0.22914685845553784	1.0138973482010094e-05	0
268	1623.3320639133453	0.22914685845553784	0.0	1
269	1629.3853187561035	0.2291479931421008	1.1346865629591196e-06	0
270	1635.4354121685028	0.2293481555120877	0.00020016236998690595	0
271	1641.4089789390564	0.22939663591056034	4.848039847263341e-05	0
272	1647.4886820316315	0.22939663591056034	0.0	1
273	1653.5035648345947	0.22954321179254122	0.0001465758819808871	0
274	1659.6020069122314	0.22954321179254122	0.0	1
275	1665.6802093982697	0.2295983905020146	5.517870947338577e-05	0
276	1671.704585313797	0.2295983905020146	0.0	1
277	1677.767736673355	0.22978255745174286	0.00018416694972825387	0
278	1683.879183292389	0.22978255745174286	0.0	1
279	1689.9625856876373	0.22984963206873124	6.707461698837736e-05	0
280	1696.0466046333313	0.22984963206873124	0.0	1
281	1702.1318817138672	0.23007889365863943	0.00022926158990818624	0
282	1708.2063767910004	0.23007889365863943	0.0	1
283	1714.2551100254059	0.23007889365863943	0.0	2
284	1720.2941045761108	0.23038026274948462	0.00030136909084518826	0
285	1726.3721628189087	0.23038026274948462	0.0	1
286	1732.3984160423279	0.23038026274948462	0.0	2
287	1738.3911764621735	0.23038026274948462	0.0	3
288	1744.5047087669373	0.23038026274948462	0.0	4
289	1750.5473718643188	0.23053018778696588	0.0001499250374812633	0
290	1756.6040003299713	0.23053018778696588	0.0	1
291	1762.65842461586	0.23053018778696588	0.0	2
292	1768.7128729820251	0.23053018778696588	0.0	3
293	1774.7477669715881	0.23063999616402733	0.00010980837706145441	0
294	1780.8383972644806	0.23066525209075148	2.5255926724143674e-05	0
295	1786.9522914886475	0.23072021118347075	5.495909271927002e-05	0
296	1793.075436592102	0.23072021118347075	0.0	1
297	1799.102543592453	0.23072021118347075	0.0	2
298	1805.190732717514	0.23076894780148988	4.873661801912954e-05	0
299	1811.2364280223846	0.23096491915175224	0.0001959713502623639	0
300	1817.3487467765808	0.23096491915175224	0.0	1
301	1823.3253633975983	0.23096491915175224	0.0	2
302	1829.4077746868134	0.23111034204577396	0.00014542289402172393	0
303	1835.481422662735	0.23111034204577396	0.0	1
304	1841.4903416633606	0.23111034204577396	0.0	2
305	1847.5379178524017	0.23119833515859256	8.799311281859623e-05	0
306	1853.6767058372498	0.23139355615161167	0.00019522099301910734	0
307	1859.7317790985107	0.23157177514758245	0.00017821899597078583	0
308	1865.8506391048431	0.23157177514758245	0.0	1
309	1871.9213690757751	0.23167267074470577	0.00010089559712331275	0
310	1877.948165655136	0.23167267074470577	0.0	1
311	1883.963228225708	0.2317923435743066	0.00011967282960081982	0
312	1889.9841890335083	0.2318283973247751	3.605375046850101e-05	0
313	1896.0504961013794	0.2318283973247751	0.0	1
314	1902.1765549182892	0.23186575047437216	3.73531495970747e-05	0
315	1908.1960587501526	0.23194543475332643	7.968427895427288e-05	0
316	1914.2493274211884	0.23213395743534482	0.00018852268201838274	0
317	1920.3191466331482	0.23213395743534482	0.0	1
318	1926.2912454605103	0.23213395743534482	0.0	2
319	1932.3250148296356	0.23220547929160418	7.152185625936003e-05	0
320	1938.4156346321106	0.23220547929160418	0.0	1
321	1944.5162897109985	0.23220547929160418	0.0	2
322	1950.6277441978455	0.23220547929160418	0.0	3
323	1956.6224434375763	0.23220547929160418	0.0	4
324	1962.615338563919	0.23227194996251874	6.647067091455905e-05	0
325	1968.7418365478516	0.23227194996251874	0.0	1
326	1974.893673658371	0.23234713209801347	7.518213549473352e-05	0
327	1980.9856729507446	0.2324780602862631	0.00013092818824964048	0
328	1987.0192003250122	0.2324780602862631	0.0	1
329	1993.131905555725	0.2325530411063999	7.498082013679408e-05	0
330	1999.1759181022644	0.2325800722685532	2.703116215330148e-05	0
331	2005.16650724411	0.2325800722685532	0.0	1
332	2011.27641415596	0.2325800722685532	0.0	2
333	2017.4687790870667	0.2325800722685532	0.0	3
334	2023.5700423717499	0.23266162328991752	8.155102136431225e-05	0
335	2029.640625	0.23285788746251873	0.00019626417260121265	0
336	2035.7141797542572	0.23294827805823648	9.039059571774866e-05	0
337	2041.8012154102325	0.23294827805823648	0.0	1
338	2047.8694987297058	0.23294827805823648	0.0	2
339	2053.9613773822784	0.23295931380013116	1.1035741894677153e-05	0
340	2060.129950761795	0.23295931380013116	0.0	1
341	2066.1937210559845	0.23295931380013116	0.0	2
342	2072.271545648575	0.23309651936726947	0.0001372055671383099	0
343	2078.281000137329	0.23314060743065965	4.408806339017968e-05	0
344	2084.395711183548	0.23329843867128933	0.00015783124062968001	0
345	2090.5145897865295	0.23334671775440402	4.827908311469398e-05	0
346	2096.5285551548004	0.23337975177450335	3.303402009932621e-05	0
347	2102.6095361709595	0.23337975177450335	0.0	1
348	2108.6611392498016	0.23340645351152547	2.6701737022127858e-05	0
349	2114.7550024986267	0.23342168027314467	1.5226761619191453e-05	0
350	2120.862675666809	0.23342168027314467	0.0	1
351	2126.9204919338226	0.233616718252202	0.0001950379790573442	0
352	2133.0060665607452	0.233616718252202	0.0	1
353	2139.1524274349213	0.23369786664285044	8.114839064843338e-05	0
354	2145.2965257167816	0.23369786664285044	0.0	1
355	2151.326719045639	0.23369786664285044	0.0	2
356	2157.386573076248	0.23375617489107006	5.830824821961844e-05	0
357	2163.372731924057	0.23383825665292352	8.208176185345306e-05	0
358	2169.6270112991333	0.23383825665292352	0.0	1
359	2175.838029384613	0.23383825665292352	0.0	2
360	2181.961849451065	0.23394768070066527	0.00010942404774175185	0
361	2188.0567247867584	0.23394768070066527	0.0	1
362	2194.2178571224213	0.23394768070066527	0.0	2
363	2200.359610557556	0.2340172443075337	6.95636068684391e-05	0
364	2206.5569763183594	0.23406819539449022	5.095108695651884e-05	0
365	2212.623932361603	0.23406819539449022	0.0	1
366	2218.817224264145	0.23407665063952396	8.45524503373385e-06	0
367	2224.8971631526947	0.23432452474934407	0.0002478741098201065	0
368	2230.9896790981293	0.2343283680425412	3.84329319713661e-06	0
369	2237.0863177776337	0.2343283680425412	0.0	1
370	2243.272969722748	0.2343283680425412	0.0	2
371	2249.3673799037933	0.2343283680425412	0.0	3
372	2255.465544939041	0.23453004942841077	0.00020168138586956763	0
373	2261.6068711280823	0.23453004942841077	0.0	1
374	2267.832589864731	0.23453004942841077	0.0	2
375	2273.9660305976868	0.23457818210035605	4.813267194528348e-05	0
376	2280.131273984909	0.23457818210035605	0.0	1
377	2286.170331954956	0.23465442571682907	7.624361647301514e-05	0
378	2292.3203744888306	0.23487891064233507	0.00022448492550600219	0
379	2298.3502712249756	0.23489239877131746	1.3488128982386272e-05	0
380	2304.5842809677124	0.23496736129005807	7.496251874061777e-05	0
381	2310.7526943683624	0.23496736129005807	0.0	1
382	2316.871331214905	0.23496736129005807	0.0	2
383	2322.938530445099	0.23519351164261618	0.00022615035255810212	0
384	2329.155606508255	0.23519351164261618	0.0	1
385	2335.3159894943237	0.23519351164261618	0.0	2
386	2341.5290558338165	0.23519351164261618	0.0	3
387	2347.670090675354	0.23534118560836767	0.0001476739657514936	0
388	2353.888739347458	0.23534118560836767	0.0	1
389	2360.008467197418	0.23534118560836767	0.0	2
390	2366.120132923126	0.23534118560836767	0.0	3
391	2372.2869215011597	0.2354777323252436	0.0001365467168759349	0
392	2378.4867992401123	0.23552429107711767	4.655875187406511e-05	0
393	2384.500652074814	0.23552429107711767	0.0	1
394	2390.632437467575	0.23552429107711767	0.0	2
395	2396.715316772461	0.23554945549686093	2.5164419743262112e-05	0
396	2402.8333899974823	0.23555015094991566	6.954530547276239e-07	1
397	2408.913333415985	0.23556237628256183	1.222533264616521e-05	0
398	2415.07900595665	0.2356374669110757	7.509062851387971e-05	0
399	2421.1784677505493	0.2358507696835176	0.00021330277244188678	0
400	2427.352941274643	0.23589288119612067	4.2111512603082435e-05	0
401	2433.378885984421	0.23589288119612067	0.0	1
402	2439.602506160736	0.2360613089451368	0.00016842774901612567	0
403	2445.7014486789703	0.2360613089451368	0.0	1
404	2451.8859264850616	0.23619077302169225	0.00012946407655545222	0
405	2457.9507167339325	0.23619077302169225	0.0	1
406	2464.1435849666595	0.23619077302169225	0.0	2
407	2470.2798643112183	0.23619077302169225	0.0	3
408	2476.3965876102448	0.23629122938530733	0.00010045636361508126	0
409	2482.53497171402	0.23629122938530733	0.0	1
410	2488.8263533115387	0.23629122938530733	0.0	2
411	2494.9492661952972	0.23629122938530733	0.0	3
412	2501.104215860367	0.23644995739434968	0.00015872800904234707	0
413	2507.31343793869	0.23644995739434968	0.0	1
414	2513.510488510132	0.23645370918056596	3.751786216282804e-06	0
415	2519.611099243164	0.23655250011712892	9.879093656295357e-05	0
416	2525.783584833145	0.23656889816810342	1.6398050974503198e-05	0
417	2531.9083144664764	0.23657274146130058	3.843293197164366e-06	0
418	2538.038645505905	0.2366218807100356	4.913924873500841e-05	0
419	2544.186544895172	0.2367601843609445	0.0001383036509089164	0
420	2550.2876675128937	0.23680383319082646	4.364882988194818e-05	0
421	2556.384655714035	0.23680383319082646	0.0	1
422	2562.487993478775	0.23685083117620875	4.69979853822966e-05	0
423	2568.537409067154	0.23685083117620875	0.0	1
424	2574.664632320404	0.23685083117620875	0.0	2
425	2580.799366235733	0.23690745569598012	5.662451977136995e-05	0
426	2586.9387776851654	0.2370354190580491	0.00012796336206896686	0
427	2593.092485666275	0.23712103298936468	8.561393131559236e-05	0
428	2599.2631347179413	0.2371217284424194	6.954530547276239e-07	1
429	2605.4330549240112	0.23729582962425036	0.00017410118183094903	0
430	2611.5694177150726	0.23729582962425036	0.0	1
431	2617.742961168289	0.23729582962425036	0.0	2
432	2623.9269223213196	0.23736480758644113	6.897796219076935e-05	0
433	2630.093122959137	0.23736480758644113	0.0	1
434	2636.213741540909	0.23764626475824585	0.00028145717180472207	0
435	2642.48162817955	0.23764626475824585	0.0	1
436	2648.729118347168	0.23764626475824585	0.0	2
437	2654.8613793849945	0.23764626475824585	0.0	3
438	2661.033038854599	0.23779618979572711	0.0001499250374812633	0
439	2667.172449827194	0.23779618979572711	0.0	1
440	2673.3940200805664	0.23779618979572711	0.0	2
441	2679.48814201355	0.23790909110874248	0.00011290131301536221	0
442	2685.6224846839905	0.2379292226445371	2.013153579460969e-05	0
443	2691.8598248958588	0.2379292226445371	0.0	1
444	2697.979391813278	0.2379292226445371	0.0	2
445	2704.161843776703	0.2379292226445371	0.0	3
446	2710.3080790042877	0.23801825893693776	8.903629240067379e-05	0
447	2716.4247188568115	0.23801825893693776	0.0	1
448	2722.6065549850464	0.2381246815557065	0.00010642261876875336	0
449	2728.6870057582855	0.2381246815557065	0.0	1
450	2734.855395078659	0.23822072728284294	9.604572713642345e-05	0
451	2740.9569413661957	0.23841135462542165	0.00019062734257871417	0
452	2747.06143951416	0.23841135462542165	0.0	1
453	2753.1758801937103	0.23843902633644115	2.7671711019500167e-05	0
454	2759.32963013649	0.23843902633644115	0.0	1
455	2765.486073255539	0.23843902633644115	0.0	2
456	2771.680881023407	0.23850538719897862	6.636086253747342e-05	0
457	2777.7701001167297	0.23860278722943215	9.740003045352608e-05	0
458	2783.9714806079865	0.2386936536614505	9.086643201836053e-05	0
459	2790.03679895401	0.238850844353214	0.00015719069176348133	0
460	2796.1924686431885	0.238850844353214	0.0	1
461	2802.46430516243	0.238850844353214	0.0	2
462	2808.670032262802	0.23886411286544226	1.3268512228270524e-05	0
463	2814.8514275550842	0.23890435763563528	4.024477019301531e-05	0
464	2821.04013133049	0.23892580687195464	2.1449236319359688e-05	0
465	2827.1370887756348	0.23905428267311654	0.0001284758011619036	0
466	2833.324460744858	0.23905428267311654	0.0	1
467	2839.387064218521	0.23905428267311654	0.0	2
468	2845.5281326770782	0.23905428267311654	0.0	3
469	2851.7179021835327	0.23906908850262368	1.480582950713627e-05	0
470	2857.827292442322	0.2391292451918572	6.015668923350925e-05	0
471	2863.971019744873	0.2391292451918572	0.0	1
472	2870.2340953350067	0.23914882768576648	1.9582493909292564e-05	0
473	2876.3477811813354	0.2394814921640742	0.0003326644783077093	0
474	2882.5360152721405	0.2394814921640742	0.0	1
475	2888.674733877182	0.2394814921640742	0.0	2
476	2894.8295855522156	0.2394814921640742	0.0	3
477	2900.949309825897	0.2394814921640742	0.0	4
478	2907.1109721660614	0.2394814921640742	0.0	5
479	2913.344616651535	0.2394814921640742	0.0	6
480	2919.527060985565	0.2394814921640742	0.0	7
481	2925.6418578624725	0.23949856736670724	1.707520263305451e-05	0
482	2931.841115474701	0.2397391758222451	0.0002406084555378607	0
483	2937.9665002822876	0.2397391758222451	0.0	1
484	2944.174194097519	0.2397391758222451	0.0	2
485	2950.285050868988	0.2397391758222451	0.0	3
486	2956.5455162525177	0.2397391758222451	0.0	4
487	2962.765402317047	0.23974699051841264	7.814696167535162e-06	0
488	2968.870284795761	0.23988910085972637	0.00014211034131372813	0
489	2974.967435359955	0.23988910085972637	0.0	1
490	2981.146350622177	0.23989310886548912	4.008005762751177e-06	0
491	2987.2592928409576	0.23998110197830771	8.799311281859623e-05	0
492	2993.427702665329	0.23998110197830771	0.0	1
493	2999.506991624832	0.2399850550798819	3.953101574194484e-06	0
494	3005.764987707138	0.2399850550798819	0.0	1
495	3011.839691400528	0.2400084625655922	2.3407485710280618e-05	0
496	3018.104158639908	0.2400512512298538	4.278866426160599e-05	0
497	3024.175120830536	0.24012046711019489	6.921588034108916e-05	0
498	3030.3823702335358	0.24012046711019489	0.0	1
499	3036.4885218143463	0.2401627067325712	4.223962237631662e-05	0
500	3042.6544551849365	0.24022235098271175	5.964425014054475e-05	0
501	3048.761570215225	0.24028195863005997	5.960764734821988e-05	0
502	3054.9084656238556	0.2403287003958958	4.674176583582823e-05	0
503	3061.018947839737	0.2403287003958958	0.0	1
504	3067.179513692856	0.24041797460644676	8.927421055096585e-05	0
505	3073.355616569519	0.24041797460644676	0.0	1
506	3079.5172097682953	0.24041797460644676	0.0	2
507	3085.696535348892	0.2404802359562406	6.226134979384068e-05	0
508	3091.962607860565	0.24050025768365815	2.0021727417551816e-05	0
509	3098.074980020523	0.24055358795211768	5.333026845952271e-05	0
510	3104.29008102417	0.24058184530781482	2.825735569714216e-05	0
511	3110.471962451935	0.24058184530781482	0.0	1
512	3116.783658504486	0.24058184530781482	0.0	2
513	3122.9044942855835	0.2406285504708583	4.6705163043475606e-05	0
514	3129.07075881958	0.24064286216266864	1.4311691810348082e-05	0
515	3135.243310213089	0.24071912408053783	7.626191786919145e-05	0
516	3141.4827630519867	0.24071912408053783	0.0	1
517	3147.5941183567047	0.24073513780219263	1.601372165480064e-05	0
518	3153.694189786911	0.24073513780219263	0.0	1
519	3159.93039226532	0.24087905998172787	0.00014392217953523856	0
520	3166.1032104492188	0.24087905998172787	0.0	1
521	3172.244076013565	0.24087905998172787	0.0	2
522	3178.451680660248	0.24087905998172787	0.0	3
523	3184.5620255470276	0.2409540225004685	7.496251874061777e-05	0
524	3190.6816141605377	0.2410092561141304	5.5233613661914704e-05	0
525	3196.8618247509003	0.2410092561141304	0.0	1
526	3202.975927591324	0.2410092561141304	0.0	2
527	3209.169801712036	0.24106350145239877	5.4245338268366083e-05	0
528	3215.24271440506	0.24106350145239877	0.0	1
529	3221.305151462555	0.24106350145239877	0.0	2
530	3227.454796552658	0.24110317887931032	3.967742691154963e-05	0
531	3233.638914823532	0.24110317887931032	0.0	1
532	3239.7764925956726	0.24110317887931032	0.0	2
533	3245.9195680618286	0.24110317887931032	0.0	3
534	3251.968411207199	0.24117230325267053	6.91243733602076e-05	0
535	3258.069747686386	0.24117230325267053	0.0	1
536	3264.22696352005	0.24117689690311092	4.593650440393171e-06	0
537	3270.454663515091	0.24121181596701646	3.491906390554189e-05	0
538	3276.6705224514008	0.24121181596701646	0.0	1
539	3282.7852890491486	0.2413178542564655	0.0001060382894490508	0
540	3288.977382183075	0.24143544072690215	0.00011758647043663695	0
541	3295.132421731949	0.24143544072690215	0.0	1
542	3301.2715225219727	0.24143544072690215	0.0	2
543	3307.406673192978	0.24143544072690215	0.0	3
544	3313.655829191208	0.24146507068731257	2.9629960410421097e-05	0
545	3319.853539466858	0.24146507068731257	0.0	1
546	3326.0345602035522	0.2415380566552661	7.298596795352053e-05	0
547	3332.182074546814	0.2415380566552661	0.0	1
548	3338.423898458481	0.24160031800505996	6.226134979386844e-05	0
549	3344.5802495479584	0.24164532113825898	4.500313319902305e-05	0
550	3350.8264632225037	0.24172895851878745	8.363738052846736e-05	0
551	3357.0330562591553	0.24172895851878745	0.0	1
552	3363.301617860794	0.24175300655336393	2.4048034576479305e-05	0
553	3369.4377732276917	0.24175300655336393	0.0	1
554	3375.676284313202	0.24221555604033917	0.00046254948697524445	0
555	3381.8185665607452	0.24221555604033917	0.0	1
556	3387.917951107025	0.24221555604033917	0.0	2
557	3394.0567247867584	0.24221555604033917	0.0	3
558	3400.2802143096924	0.2424015165268928	0.00018596048655361574	0
559	3406.4095256328583	0.2424195067993347	1.799027244189788e-05	0
560	3412.5137140750885	0.2424195067993347	0.0	1
561	3418.6738007068634	0.2424195067993347	0.0	2
562	3424.926864862442	0.24252581960972636	0.00010631281039166773	0
563	3431.1254398822784	0.24258235262251684	5.653301279048839e-05	0
564	3437.2461977005005	0.24258235262251684	0.0	1
565	3443.37268781662	0.24263324880528483	5.0896182767989906e-05	0
566	3449.4641218185425	0.24263654305659668	3.2942513118472405e-06	0
567	3455.6482293605804	0.24284248866777547	0.00020594561117878718	0
568	3461.8024337291718	0.24284248866777547	0.0	1
569	3467.99076461792	0.24284248866777547	0.0	2
570	3474.1399261951447	0.24288549694879122	4.3008281015749494e-05	0
571	3480.295083284378	0.242967304189702	8.180724091078062e-05	0
572	3486.553615093231	0.24309726240395427	0.00012995821425226817	0
573	3492.6748716831207	0.24309726240395427	0.0	1
574	3498.7254540920258	0.24309726240395427	0.0	2
575	3504.8211710453033	0.24310461956521737	7.357161263099599e-06	0
576	3510.9428164958954	0.24317050459145426	6.58850262368893e-05	0
577	3517.0802359580994	0.2432020195956709	3.151500421663678e-05	0
578	3523.249639749527	0.24329248339697337	9.046380130248166e-05	0
579	3529.383593559265	0.24335730694223198	6.482354525860767e-05	0
580	3535.522483587265	0.24335730694223198	0.0	1
581	3541.669494867325	0.24352910214814466	0.00017179520591267816	0
582	3547.7628927230835	0.24352910214814466	0.0	1
583	3553.946105480194	0.2438620777501874	0.00033297560204273435	0
584	3560.1800010204315	0.2438620777501874	0.0	1
585	3566.3004360198975	0.2438620777501874	0.0	2
586	3572.4709243774414	0.2438620777501874	0.0	3
587	3578.5564725399017	0.2438620777501874	0.0	4
588	3584.818589448929	0.2438620777501874	0.0	5
589	3591.050756454468	0.24399174314210081	0.00012966539191341941	0
590	3597.2579135894775	0.2440247405594078	3.2997417306973587e-05	0
591	3603.4230451583862	0.24408260957411917	5.7869014711386946e-05	0
592	3609.593891620636	0.2443653112408639	0.00028270166674473907	0
593	3615.7367351055145	0.2443653112408639	0.0	1
594	3621.8551993370056	0.24449353082247938	0.00012821958161546299	0
595	3627.934001684189	0.24449353082247938	0.0	1
596	3634.107710123062	0.24453954053246812	4.600970998874798e-05	0
597	3640.27227973938	0.24453954053246812	0.0	1
598	3646.4449286460876	0.24453954053246812	0.0	2
599	3652.602884531021	0.24453954053246812	0.0	3
600	3658.8137199878693	0.24454989912270425	1.0358590236125842e-05	0
601	3664.941771030426	0.24465709040011244	0.00010719127740818624	0
602	3671.1714432239532	0.24465709040011244	0.0	1
603	3677.212506055832	0.24469740837589016	4.031797577772056e-05	0
604	3683.437738418579	0.24474195397418477	4.454559829461524e-05	0
605	3689.5832948684692	0.24477932542517802	3.737145099325101e-05	0
606	3695.688486099243	0.24493342318098763	0.00015409775580960128	0
607	3701.899254798889	0.24493342318098763	0.0	1
608	3708.109812259674	0.24493342318098763	0.0	2
609	3714.297274827957	0.24496438914331894	3.096596233131965e-05	0
610	3720.4601776599884	0.24496438914331894	0.0	1
611	3726.570433616638	0.24496438914331894	0.0	2
612	3732.738198041916	0.24496438914331894	0.0	3
613	3738.8091702461243	0.24496438914331894	0.0	4
614	3745.048066139221	0.24497804198486692	1.3652841547973082e-05	0
615	3751.183563709259	0.24497804198486692	0.0	1
616	3757.366387605667	0.2449880528485757	1.0010863708775908e-05	0
617	3763.3703258037567	0.24513898446284668	0.00015093161427098822	0
618	3769.5517280101776	0.24513898446284668	0.0	1
619	3775.717431306839	0.24513898446284668	0.0	2
620	3781.9117846488953	0.24513898446284668	0.0	3
621	3788.073422908783	0.24519789665714017	5.891219429349226e-05	0
622	3794.232111930847	0.24523049144373124	3.259478659106696e-05	0
623	3800.3933839797974	0.2452558205760401	2.5329132308848923e-05	0
624	3806.5685143470764	0.2453906469616754	0.00013482638563530602	0
625	3812.6463577747345	0.2453906469616754	0.0	1
626	3818.741149663925	0.245465609480416	7.496251874061777e-05	0
627	3824.8134236335754	0.245465609480416	0.0	1
628	3831.0478093624115	0.245465609480416	0.0	2
629	3837.180518388748	0.24558352537598388	0.00011791589556786608	0
630	3843.382565021515	0.24558352537598388	0.0	1
631	3849.4859182834625	0.2456236969405922	4.017156460831006e-05	0
632	3855.5624306201935	0.2456236969405922	0.0	1
633	3861.7155680656433	0.2456440663945371	2.036945394490175e-05	0
634	3867.9195728302	0.2456440663945371	0.0	1
635	3874.0699005126953	0.24568405494518364	3.998855064654694e-05	0
636	3880.2389919757843	0.24601373629591453	0.0003296813507308871	0
637	3886.319354534149	0.24601373629591453	0.0	1
638	3892.4562005996704	0.24601373629591453	0.0	2
639	3898.5806035995483	0.24601373629591453	0.0	3
640	3904.8665640354156	0.24601373629591453	0.0	4
641	3911.023963212967	0.2460299330315311	1.6196735616563762e-05	0
642	3917.156171798706	0.2462857316458958	0.00025579861436469953	0
643	3923.3058025836945	0.2462857316458958	0.0	1
644	3929.4042015075684	0.2462857316458958	0.0	2
645	3935.5481264591217	0.2464060450243628	0.0001203133784670185	0
646	3941.678361415863	0.2464060450243628	0.0	1
647	3947.7438535690308	0.2464060450243628	0.0	2
648	3953.901855945587	0.24655439614177285	0.00014835111741004492	0
649	3959.9950540065765	0.24655439614177285	0.0	1
650	3966.19070148468	0.24655448764875373	9.150698088156162e-08	2
651	3972.291281938553	0.24680677239505247	0.00025228474629873654	0
652	3978.4699063301086	0.2468406848821683	3.391248711581696e-05	0
653	3984.6396193504333	0.24690968114575523	6.899626358694566e-05	0
654	3990.8299853801727	0.24690968114575523	0.0	1
655	3996.8951489925385	0.24690968114575523	0.0	2
656	4003.043580055237	0.24708306857313528	0.0001733874273800451	0
657	4009.122457265854	0.24714787381699774	6.480524386245912e-05	0
658	4015.289059638977	0.247154004784717	6.130967719258917e-06	0
659	4021.379386663437	0.24723024840119	7.624361647301514e-05	0
660	4027.5492141246796	0.24734538248453897	0.00011513408334895558	0
661	4033.6656923294067	0.24734538248453897	0.0	1
662	4039.7826278209686	0.24739960952141116	5.422703687218977e-05	0
663	4045.9139289855957	0.24763558772371624	0.00023597820230508715	0
664	4052.0011706352234	0.24783737891796287	0.0002017911942466255	0
665	4058.2076938152313	0.2478928504497751	5.547153181223452e-05	0
666	4064.40851855278	0.2478928504497751	0.0	1
667	4070.57701420784	0.2478928504497751	0.0	2
668	4076.7246816158295	0.2478928504497751	0.0	3
669	4082.8554475307465	0.24802802456193776	0.00013517411216265596	0
670	4089.00910449028	0.24802802456193776	0.0	1
671	4095.0789017677307	0.24802802456193776	0.0	2
672	4101.135881185532	0.24805108432112066	2.3059759182902928e-05	0
673	4107.2135055065155	0.24805108432112066	0.0	1
674	4113.342822313309	0.2482194937687406	0.00016840944761994936	0
675	4119.435960531235	0.24823942398917728	1.9930220436670254e-05	0
676	4125.52831029892	0.24823942398917728	0.0	1
677	4131.690635204315	0.248300532351012	6.110836183470525e-05	0
678	4137.81655049324	0.24835713856938715	5.6606218375165884e-05	0
679	4143.935675859451	0.24835713856938715	0.0	1
680	4150.078065633774	0.24837545826696025	1.831969757309926e-05	0
681	4156.222954750061	0.24863663749180095	0.0002611792248407019	0
682	4162.323830604553	0.24863663749180095	0.0	1
683	4168.441611766815	0.24863663749180095	0.0	2
684	4174.604049921036	0.24863663749180095	0.0	3
685	4180.746026754379	0.24863663749180095	0.0	4
686	4186.903569936752	0.2488064561469265	0.00016981865512555316	0
687	4192.962032794952	0.2488064561469265	0.0	1
688	4199.041186332703	0.2488064561469265	0.0	2
689	4205.116653442383	0.2488064561469265	0.0	3
690	4211.264333724976	0.2488713162949775	6.486014805098805e-05	0
691	4217.460609197617	0.24898692621462704	0.0001156099196495397	0
692	4223.674748659134	0.24898692621462704	0.0	1
693	4229.819214820862	0.24902124133245876	3.4315117831723585e-05	0
694	4235.9615650177	0.24902124133245876	0.0	1
695	4242.084171772003	0.24912594361998686	0.00010470228752809674	0
696	4248.237609386444	0.24913156214861318	5.618528626322172e-06	0
697	4254.3116137981415	0.24921726758690965	8.570543829647392e-05	0
698	4260.439908504486	0.24921726758690965	0.0	1
699	4266.509826660156	0.24921726758690965	0.0	2
700	4272.66410446167	0.24924654982079272	2.9282233883071163e-05	0
701	4278.7557854652405	0.24928417749133244	3.762767053971938e-05	0
702	4284.944133281708	0.24928417749133244	0.0	1
703	4291.055737257004	0.24939647485827396	0.00011229736694151615	0
704	4297.1779227256775	0.24939647485827396	0.0	1
705	4303.266532659531	0.24940167245478823	5.197596514266989e-06	0
706	4309.443272352219	0.24945401444785417	5.2341993065946335e-05	0
707	4315.478631258011	0.24956137043782795	0.00010735598997377305	0
708	4321.55107831955	0.24956137043782795	0.0	1
709	4327.716278553009	0.24956137043782795	0.0	2
710	4333.952273607254	0.24974804467883244	0.00018667424100449193	0
711	4340.03138256073	0.24974804467883244	0.0	1
712	4346.231807470322	0.24985807267264803	0.00011002799381559791	0
713	4352.322778940201	0.24985807267264803	0.0	1
714	4358.463596105576	0.24985807267264803	0.0	2
715	4364.544028043747	0.24993303519138865	7.496251874061777e-05	0
716	4370.661439418793	0.24993303519138865	0.0	1
717	4376.829144477844	0.24993303519138865	0.0	2
718	4383.065108060837	0.24993303519138865	0.0	3
719	4389.204597234726	0.24997545782772673	4.2422636338079744e-05	0
720	4395.365589857101	0.24997545782772673	0.0	1
721	4401.50982260704	0.24997752588549474	2.0680577680065593e-06	0
722	4407.678736209869	0.2500447103108602	6.718442536543523e-05	0
723	4413.881420373917	0.2501196728296008	7.496251874061777e-05	0
724	4420.028655052185	0.2501196728296008	0.0	1
725	4426.170794963837	0.2501196728296008	0.0	2
726	4432.3937356472015	0.2501397311598107	2.005833020990444e-05	0
727	4438.531935930252	0.2501946353483414	5.490418853071333e-05	0
728	4444.648666143417	0.2501946353483414	0.0	1
729	4450.745403289795	0.2502132661696495	1.8630821308096568e-05	0
730	4456.834620714188	0.25023123814069526	1.7971971045749324e-05	0
731	4462.950980901718	0.25023317808869	1.9399479947446174e-06	0
732	4469.149573802948	0.2503445603858227	0.00011138229713270054	0
733	4475.26135468483	0.2503716098493722	2.7049463549477792e-05	0
734	4481.453148365021	0.2503716098493722	0.0	1
735	4487.63328742981	0.2503716098493722	0.0	2
736	4493.751371145248	0.2503716098493722	0.0	3
737	4499.955317974091	0.25051414112279796	0.0001425312734257833	0
738	4506.072069644928	0.2506261090646083	0.00011196794181034253	0
739	4512.265940189362	0.2506261090646083	0.0	1
740	4518.331093072891	0.2506640661602792	3.7957095670893004e-05	0
741	4524.536555528641	0.2506640661602792	0.0	1
742	4530.638259410858	0.2506640661602792	0.0	2
743	4536.8402400016785	0.25077603410208954	0.00011196794181034253	0
744	4543.109232902527	0.25090277127061467	0.00012673716852512618	0
745	4549.298467636108	0.25090277127061467	0.0	1
746	4555.532944917679	0.25090277127061467	0.0	2
747	4561.661221504211	0.25090277127061467	0.0	3
748	4567.756212472916	0.25090277127061467	0.0	4
749	4573.886606216431	0.2509506843258058	4.7913055191139975e-05	0
750	4580.086350917816	0.25100544210316716	5.475777736135834e-05	0
751	4586.2640018463135	0.25100544210316716	0.0	1
752	4592.423633575439	0.2510210348927099	1.55927895427177e-05	0
753	4598.545574426651	0.25125995961979947	0.00023892472708958445	0
754	4604.752958774567	0.25125995961979947	0.0	1
755	4610.872295379639	0.25125995961979947	0.0	2
756	4617.0788588523865	0.25125995961979947	0.0	3
757	4623.1983897686005	0.25125995961979947	0.0	4
758	4629.421342372894	0.25129965534810716	3.9695728307698186e-05	0
759	4635.530641794205	0.25129965534810716	0.0	1
760	4641.637552976608	0.25139387093562593	9.421558751876447e-05	0
761	4647.763076543808	0.25146963871579836	7.576778017243102e-05	0
762	4653.911340236664	0.25146963871579836	0.0	1
763	4660.135298967361	0.25146963871579836	0.0	2
764	4666.326735496521	0.2514934671336207	2.38284178223358e-05	0
765	4672.436620950699	0.2514934671336207	0.0	1
766	4678.580938339233	0.2516771033428598	0.00018363620923911306	0
767	4684.758915424347	0.2516771033428598	0.0	1
768	4691.0265192985535	0.2516771033428598	0.0	2
769	4697.22544503212	0.25173715022371623	6.004688085642362e-05	0
770	4703.303160190582	0.2518798645111038	0.00014271428738754643	0
771	4709.503905296326	0.2518798645111038	0.0	1
772	4715.655002117157	0.2518798645111038	0.0	2
773	4721.8817484378815	0.2518798645111038	0.0	3
774	4727.937107801437	0.2518798645111038	0.0	4
775	4734.030991077423	0.25192794227886056	4.80777677567823e-05	0
776	4740.2311799526215	0.25202885617738	0.00010091389851946131	0
777	4746.364655256271	0.2521204180624531	9.156188507308816e-05	0
778	4752.5990607738495	0.25216701341711956	4.659535466644549e-05	0
779	4758.743926286697	0.25216701341711956	0.0	1
780	4764.848241329193	0.25224047522137366	7.346180425410465e-05	0
781	4770.99849152565	0.25243064502904794	0.0001901698076742786	0
782	4777.186780691147	0.25243767276517987	7.027736131925977e-06	0
783	4783.338401079178	0.25243767276517987	0.0	1
784	4789.46226477623	0.25243767276517987	0.0	2
785	4795.570965766907	0.25243767276517987	0.0	3
786	4801.747722625732	0.25243767276517987	0.0	4
787	4807.83941078186	0.25246203192349137	2.435915831150437e-05	0
788	4813.889533519745	0.2526104379450899	0.0001484060215985461	0
789	4820.131482124329	0.2526104379450899	0.0	1
790	4826.334864139557	0.2527523652724419	0.000141927327351965	0
791	4832.460572481155	0.2527523652724419	0.0	1
792	4838.623357772827	0.2527523652724419	0.0	2
793	4844.775347232819	0.2528167129813999	6.434770895802355e-05	0
794	4851.009824752808	0.25299584704717953	0.0001791340657796292	0
795	4857.21883559227	0.25299584704717953	0.0	1
796	4863.399049043655	0.25303907494494937	4.322789776983749e-05	0
797	4869.597257137299	0.25303907494494937	0.0	1
798	4875.795123338699	0.25303907494494937	0.0	2
799	4881.925424337387	0.25314577208466077	0.00010669713971139805	0
800	4888.04935836792	0.25314577208466077	0.0	1
801	4894.167876958847	0.25314577208466077	0.0	2
802	4900.387229681015	0.2532631938425318	0.00011742175787105014	0
803	4906.5319838523865	0.2532631938425318	0.0	1
804	4912.709410905838	0.2532631938425318	0.0	2
805	4918.875818729401	0.25331463906718515	5.144522465333479e-05	0
806	4925.034390211105	0.25331463906718515	0.0	1
807	4931.1854882240295	0.253525141726012	0.00021050265882682773	0
808	4937.289963006973	0.253525141726012	0.0	1
809	4943.384212017059	0.253525141726012	0.0	2
810	4949.571253538132	0.253525141726012	0.0	3
811	4955.753540754318	0.2536799898390648	0.00015484811305283008	0
812	4961.965189218521	0.2536799898390648	0.0	1
813	4968.172314882278	0.2536799898390648	0.0	2
814	4974.273156881332	0.2537409517897301	6.096195066529475e-05	0
815	4980.451396942139	0.2538879303024269	0.00014697851269679374	0
816	4986.5835547447205	0.2538879303024269	0.0	1
817	4992.73158955574	0.25388917479736695	1.2444949400447491e-06	0
818	4998.865157365799	0.25388917479736695	0.0	1
819	5005.096138954163	0.25393340927192654	4.4234474559590176e-05	0
820	5011.349848270416	0.25393340927192654	0.0	1
821	5017.493573188782	0.25393340927192654	0.0	2
822	5023.6817219257355	0.2539502648578055	1.685558587893876e-05	0
823	5029.839055776596	0.25399731774737627	4.7052889570797785e-05	0
824	5035.975580215454	0.25400837179066715	1.1054043290881221e-05	0
825	5042.024031162262	0.25400837179066715	0.0	1
826	5048.132954359055	0.25400837179066715	0.0	2
827	5054.310112953186	0.25419552186797223	0.00018715007730507605	0
828	5060.429748535156	0.25419552186797223	0.0	1
829	5066.554204463959	0.25419552186797223	0.0	2
830	5072.714261770248	0.2542280434489786	3.252158100636171e-05	0
831	5078.854355096817	0.2542280434489786	0.0	1
832	5084.995748996735	0.2542280434489786	0.0	2
833	5091.128701686859	0.2542553308306784	2.7287381699825364e-05	0
834	5097.277888059616	0.2543137305858789	5.83997552005e-05	0
835	5103.3464324474335	0.2543811346279985	6.740404211957873e-05	0
836	5109.495227575302	0.2543811346279985	0.0	1
837	5115.618205308914	0.2544968543560251	0.00011571972802659758	0
838	5121.682278633118	0.2544968543560251	0.0	1
839	5127.833210706711	0.25450075255341076	3.898197385665547e-06	0
840	5133.905038118362	0.2545513193110476	5.0566757636816284e-05	0
841	5139.95324921608	0.25463742738005996	8.610806901238055e-05	0
842	5146.042687177658	0.25463742738005996	0.0	1
843	5152.264292955399	0.25473041677403485	9.298939397489603e-05	0
844	5158.353157281876	0.2548828308013962	0.00015241402736132503	0
845	5164.5799908638	0.2548828308013962	0.0	1
846	5170.807256937027	0.2550327558388774	0.00014992503748123553	0
847	5176.947933912277	0.255079058371205	4.630253232756898e-05	0
848	5183.077660560608	0.25511405064069526	3.4992269490274897e-05	0
849	5189.246940374374	0.25515273979221326	3.868915151800101e-05	0
850	5195.37197470665	0.2552764206275768	0.000123680835363571	0
851	5201.484535694122	0.2552764206275768	0.0	1
852	5207.6328983306885	0.2552764206275768	0.0	2
853	5213.835610151291	0.2552764206275768	0.0	3
854	5219.93429684639	0.25533480208138115	5.838145380432369e-05	0
855	5226.0569434165955	0.25533480208138115	0.0	1
856	5232.17670750618	0.25533480208138115	0.0	2
857	5238.2894167900085	0.25533480208138115	0.0	3
858	5244.441489458084	0.2553990582833583	6.425620197714199e-05	0
859	5250.600190162659	0.2553990582833583	0.0	1
860	5256.747326135635	0.2553990582833583	0.0	2
861	5262.868965625763	0.25552114689725447	0.0001220886138961763	0
862	5268.941503047943	0.25552114689725447	0.0	1
863	5275.033972024918	0.25556206881910604	4.092192185156662e-05	0
864	5281.1518387794495	0.25556206881910604	0.0	1
865	5287.338481664658	0.2556539418279142	9.187300880814098e-05	0
866	5293.39731836319	0.255680204331428	2.626250351384085e-05	0
867	5299.550105333328	0.2557289043466548	4.8700015226776916e-05	0
868	5305.680058002472	0.2557289043466548	0.0	1
869	5311.768904209137	0.2557289043466548	0.0	2
870	5317.910896778107	0.2558524936750375	0.00012358932838268943	0
871	5324.135893821716	0.2558927018424381	4.020816740063493e-05	0
872	5330.20858836174	0.2558927018424381	0.0	1
873	5336.370258569717	0.255902310075431	9.608232992897037e-06	0
874	5342.432264328003	0.255902310075431	0.0	1
875	5348.581204414368	0.2560159251428973	0.00011361506746626615	0
876	5354.670100212097	0.25603594687031483	2.0021727417551816e-05	0
877	5360.731056928635	0.25603594687031483	0.0	1
878	5366.891026496887	0.25603594687031483	0.0	2
879	5373.018668174744	0.25610172208817467	6.577521785983143e-05	0
880	5379.136933326721	0.25610172208817467	0.0	1
881	5385.236194372177	0.25610172208817467	0.0	2
882	5391.388339519501	0.25610172208817467	0.0	3
883	5397.4858639240265	0.25610172208817467	0.0	4
884	5403.616446733475	0.2561565530711207	5.483098294600808e-05	0
885	5409.783404827118	0.2561565530711207	0.0	1
886	5415.884056329727	0.2562031850285794	4.66319574587426e-05	0
887	5421.95071721077	0.2562031850285794	0.0	1
888	5428.107567310333	0.2562031850285794	0.0	2
889	5434.315770626068	0.2563130849126218	0.00010989988404236373	0
890	5440.368936777115	0.25633557732852325	2.2492415901465e-05	0
891	5446.454780578613	0.25635543434337515	1.9857014851909494e-05	0
892	5452.629500865936	0.25635543434337515	0.0	1
893	5458.796391248703	0.25652323984492126	0.0001678055015461033	0
894	5464.882519483566	0.25652323984492126	0.0	1
895	5471.043860673904	0.25658610514078894	6.286529586768674e-05	0
896	5477.268112897873	0.25658610514078894	0.0	1
897	5483.386180400848	0.2566813456064936	9.524046570463796e-05	0
898	5489.641178846359	0.2566813456064936	0.0	1
899	5495.776102781296	0.2566813456064936	0.0	2
900	5501.820310354233	0.25671558751874063	3.424191224704609e-05	0
901	5508.003164052963	0.25671558751874063	0.0	1
902	5514.093619346619	0.25671558751874063	0.0	2
903	5520.147294282913	0.2568477602019303	0.00013217268318965747	0
904	5526.268314838409	0.2569122726234539	6.451242152361036e-05	0
905	5532.389772891998	0.2569122726234539	0.0	1
906	5538.533146858215	0.2569122726234539	0.0	2
907	5544.601129055023	0.2569872351421945	7.496251874061777e-05	0
908	5550.783310413361	0.2569872351421945	0.0	1
909	5556.907659292221	0.2569872351421945	0.0	2
910	5563.05019402504	0.2569872351421945	0.0	3
911	5569.110031366348	0.2569872351421945	0.0	4
912	5575.275988578796	0.2570276629263493	4.042778415480619e-05	0
913	5581.418432235718	0.2570653088982852	3.7645971935895695e-05	0
914	5587.548684358597	0.2570653088982852	0.0	1
915	5593.7195999622345	0.2571972985675131	0.00013198966922789435	0
916	5599.885954856873	0.2572611887415667	6.389017405361574e-05	0
917	5606.052806138992	0.25727226108625373	1.1072344687002023e-05	0
918	5612.2418785095215	0.25727226108625373	0.0	1
919	5618.295428276062	0.25727226108625373	0.0	2
920	5624.415839910507	0.25727226108625373	0.0	3
921	5630.579570531845	0.25727226108625373	0.0	4
922	5636.797523736954	0.25727226108625373	0.0	5
923	5642.932496786118	0.25734722360499435	7.496251874061777e-05	0
924	5649.112751245499	0.25734722360499435	0.0	1
925	5655.204058647156	0.25747308230650295	0.00012585870150860767	0
926	5661.329213619232	0.25747308230650295	0.0	1
927	5667.423100709915	0.25747308230650295	0.0	2
928	5673.6063821315765	0.25747308230650295	0.0	3
929	5679.753643512726	0.25748166566131	8.583354807023547e-06	0
930	5685.86171579361	0.25748166566131	0.0	1
931	5691.887275218964	0.25748166566131	0.0	2
932	5697.898362159729	0.2574860762977886	4.410636478602292e-06	0
933	5703.984184741974	0.2574860762977886	0.0	1
934	5710.0949029922485	0.2574860762977886	0.0	2
935	5716.130943536758	0.25750917265976386	2.3096361975283308e-05	0
936	5722.304235458374	0.25761641884136055	0.00010724618159668742	0
937	5728.449620485306	0.2576470736799569	3.065483859632234e-05	0
938	5734.524145126343	0.2577861459895052	0.00013907230954834926	0
939	5740.618724107742	0.2577861459895052	0.0	1
940	5746.73902964592	0.2577861459895052	0.0	2
941	5752.837253332138	0.2577861459895052	0.0	3
942	5758.953720569611	0.2577861459895052	0.0	4
943	5765.036481618881	0.2577861459895052	0.0	5
944	5771.141150712967	0.2580624055647957	0.00027625957529048284	0
945	5777.213994979858	0.2580624055647957	0.0	1
946	5783.353687047958	0.2580624055647957	0.0	2
947	5789.526396512985	0.2580624055647957	0.0	3
948	5795.745311021805	0.25809256626569527	3.016070089956191e-05	0
949	5801.890114307404	0.25809256626569527	0.0	1
950	5808.011456012726	0.25809256626569527	0.0	2
951	5814.064657688141	0.2581373680835363	4.480181784105586e-05	0
952	5820.172894716263	0.2582358478963643	9.847981282795626e-05	0
953	5826.159453630447	0.2583469739739505	0.00011112607758623216	0
954	5832.207015991211	0.2585865941540948	0.00023962018014428432	0
955	5838.320432901382	0.2585865941540948	0.0	1
956	5844.451171398163	0.2585865941540948	0.0	2
957	5850.549388885498	0.25859448205584706	7.887901752268167e-06	0
958	5856.667538166046	0.25867165904352507	7.717698767800707e-05	0
959	5862.707164764404	0.25867165904352507	0.0	1
960	5868.806971073151	0.25867165904352507	0.0	2
961	5874.9074676036835	0.25867165904352507	0.0	3
962	5881.0329003334045	0.2587444070933283	7.274804980322847e-05	0
963	5887.096258401871	0.2587672472357571	2.2840142428814936e-05	0
964	5893.1744549274445	0.2587815223247751	1.4275089017967701e-05	0
965	5899.208159446716	0.2587815223247751	0.0	1
966	5905.309261798859	0.25880068388657235	1.9161561797265136e-05	0
967	5911.361135959625	0.25880068388657235	0.0	1
968	5917.467845201492	0.25885575278766865	5.506890109630014e-05	0
969	5923.532476425171	0.25885575278766865	0.0	1
970	5929.716388225555	0.2589433249683752	8.757218070654105e-05	0
971	5935.774966478348	0.2589433249683752	0.0	1
972	5941.858095884323	0.2589433249683752	0.0	2
973	5948.103187561035	0.2589433249683752	0.0	3
974	5954.189332485199	0.25907619310461955	0.00013286813624435734	0
975	5960.275547742844	0.25907619310461955	0.0	1
976	5966.450588226318	0.25907619310461955	0.0	2
977	5972.579450130463	0.2591539008327867	7.770772816717564e-05	0
978	5978.678786039352	0.2591539008327867	0.0	1
979	5984.737199783325	0.2591539008327867	0.0	2
980	5990.85626411438	0.2591539008327867	0.0	3
981	5996.962961912155	0.25919127228377997	3.737145099325101e-05	0
982	6003.028888463974	0.25919127228377997	0.0	1
983	6009.117525339127	0.25922886335152734	3.759106774736676e-05	0
984	6015.241614818573	0.25929494969312217	6.608634159482873e-05	0
985	6021.310515880585	0.2593360546289355	4.1104935813329746e-05	0
986	6027.420732975006	0.2593360546289355	0.0	1
987	6033.46661567688	0.25940688103214016	7.082640320466016e-05	0
988	6039.564998626709	0.25940688103214016	0.0	1
989	6045.630675792694	0.25944081182065215	3.393078851199327e-05	0
990	6051.719584226608	0.25945991847826083	1.9106657608680688e-05	0
991	6057.799259185791	0.2594795558763587	1.9637398097849257e-05	0
992	6063.855498313904	0.2594795558763587	0.0	1
993	6069.976375341415	0.2595198372493441	4.028137298539569e-05	0
994	6075.921284675598	0.2595198372493441	0.0	1
995	6081.971375465393	0.2595198372493441	0.0	2
996	6088.042995214462	0.25958006714416226	6.022989481818675e-05	0
997	6094.108820438385	0.25964404882519676	6.39816810344973e-05	0
998	6100.081433534622	0.25964404882519676	0.0	1
999	6106.29319524765	0.25964404882519676	0.0	2
1000	6112.477779626846	0.25964404882519676	0.0	3
1001	6118.58348608017	0.25966511373219636	2.1064906999601618e-05	0
1002	6124.659519910812	0.25974756152197337	8.244778977700706e-05	0
1003	6130.713776111603	0.25977197558447335	2.4414062499977796e-05	0
1004	6136.845339298248	0.25981503876967765	4.306318520430619e-05	0
1005	6142.917394161224	0.25981503876967765	0.0	1
1006	6148.92547249794	0.25981503876967765	0.0	2
1007	6155.012429714203	0.25981503876967765	0.0	3
1008	6160.997181415558	0.26001532924943777	0.00020029047976011238	0
1009	6167.141796588898	0.26001532924943777	0.0	1
1010	6173.247738361359	0.26001532924943777	0.0	2
1011	6179.315310001373	0.26001532924943777	0.0	3
1012	6185.333371400833	0.26001532924943777	0.0	4
1013	6191.448384523392	0.26001532924943777	0.0	5
1014	6197.56379365921	0.2600271336499719	1.1804400534110027e-05	0
1015	6203.668802022934	0.2601068362303223	7.970258035044919e-05	0
1016	6209.772979021072	0.2601068362303223	0.0	1
1017	6215.818177700043	0.26014424428410793	3.7408053785603634e-05	0
1018	6221.964648008347	0.26014424428410793	0.0	1
1019	6228.130798101425	0.26014424428410793	0.0	2
1020	6234.198878765106	0.26025676126780356	0.0001125169836956319	0
1021	6240.354384183884	0.26025676126780356	0.0	1
1022	6246.414392709732	0.26025676126780356	0.0	2
1023	6252.5129137039185	0.26025676126780356	0.0	3
1024	6258.591348409653	0.26025676126780356	0.0	4
1025	6264.747972249985	0.26025676126780356	0.0	5
1026	6270.7579753398895	0.26025676126780356	0.0	6
1027	6276.882740736008	0.2602900515074494	3.329023964582234e-05	0
1028	6282.994280576706	0.2604720954952211	0.00018204398777171837	0
1029	6289.1095514297485	0.2604720954952211	0.0	1
1030	6295.202103376389	0.2604720954952211	0.0	2
1031	6301.307877540588	0.2604720954952211	0.0	3
1032	6307.387509584427	0.2604720954952211	0.0	4
1033	6313.514483690262	0.2604720954952211	0.0	5
1034	6319.523002386093	0.26055767282374437	8.557732852326749e-05	0
1035	6325.696538686752	0.26055767282374437	0.0	1
1036	6331.809172868729	0.26055767282374437	0.0	2
1037	6337.934281349182	0.2605959776459426	3.830482219824294e-05	0
1038	6344.090956926346	0.2605959776459426	0.0	1
1039	6350.17738699913	0.2606283528157796	3.237516983700672e-05	0
1040	6356.330924034119	0.2606283528157796	0.0	1
1041	6362.429849386215	0.2606283528157796	0.0	2
1042	6368.3570301532745	0.26075541940943586	0.0001270665936562443	0
1043	6374.453352928162	0.26075541940943586	0.0	1
1044	6380.43125295639	0.26075541940943586	0.0	2
1045	6386.538125753403	0.26075541940943586	0.0	3
1046	6392.656453132629	0.26075541940943586	0.0	4
1047	6398.85511136055	0.26083038192817654	7.496251874067328e-05	0
1048	6404.88919878006	0.26083038192817654	0.0	1
1049	6411.0089609622955	0.26083038192817654	0.0	2
1050	6416.983457326889	0.26083038192817654	0.0	3
1051	6423.13592004776	0.26083038192817654	0.0	4
1052	6429.171026706696	0.26083038192817654	0.0	5
1053	6435.278967857361	0.2609310762099419	0.00010069428176534556	0
1054	6441.322026968002	0.2609423132671945	1.1237057252644345e-05	0
1055	6447.412182807922	0.2609423132671945	0.0	1
1056	6453.395478725433	0.2610163973189186	7.408405172409926e-05	0
1057	6459.459581613541	0.2611837818883527	0.00016738456943404811	0
1058	6465.545325040817	0.2613080483683939	0.000124266480041213	0
1059	6471.690458536148	0.2613886111143647	8.056274597079138e-05	0
1060	6477.744225978851	0.2613886111143647	0.0	1
1061	6483.899014949799	0.2613886111143647	0.0	2
1062	6490.001162290573	0.26142808722591826	3.947611155358244e-05	0
1063	6496.210061788559	0.26158053785607194	0.00015245063015367766	0
1064	6502.327105045319	0.26158053785607194	0.0	1
1065	6508.404431343079	0.26158053785607194	0.0	2
1066	6514.563716650009	0.26158053785607194	0.0	3
1067	6520.685341358185	0.2616370708688624	5.6533012790460635e-05	0
1068	6526.821497440338	0.2616370708688624	0.0	1
1069	6532.938780069351	0.26177947403251495	0.00014240316365254913	0
1070	6539.058078289032	0.26177947403251495	0.0	1
1071	6545.1179966926575	0.26177947403251495	0.0	2
1072	6551.211739778519	0.26177947403251495	0.0	3
1073	6557.339585065842	0.26177947403251495	0.0	4
1074	6563.484582901001	0.26177947403251495	0.0	5
1075	6569.523211956024	0.2618619584250843	8.248439256935969e-05	0
1076	6575.730900287628	0.2618684005165386	6.4420914542839824e-06	0
1077	6582.006571531296	0.2618684005165386	0.0	1
1078	6588.145770311356	0.2618684005165386	0.0	2
1079	6594.227316379547	0.2618684005165386	0.0	3
1080	6600.296050310135	0.2618933087167354	2.490820019679374e-05	0
1081	6606.522203922272	0.2618933087167354	0.0	1
1082	6612.640384197235	0.2619503541686188	5.704545188339738e-05	0
1083	6618.839993238449	0.2619898668829648	3.9512714345990574e-05	0
1084	6625.054111003876	0.2620118834625656	2.201657960082537e-05	0
1085	6631.199826478958	0.2620648294017054	5.29459391397924e-05	0
1086	6637.335294961929	0.2621262305858789	6.140118417352625e-05	0
1087	6643.476646661758	0.2622090078007871	8.277721490818069e-05	0
1088	6649.595458984375	0.2622090078007871	0.0	1
1089	6655.729892492294	0.2622090078007871	0.0	2
1090	6661.893821239471	0.2622090078007871	0.0	3
1091	6667.980605602264	0.2622090078007871	0.0	4
1092	6674.076978445053	0.2623821024058283	0.0001730946050412241	0
1093	6680.111531257629	0.2623821024058283	0.0	1
1094	6686.163758993149	0.2623821024058283	0.0	2
1095	6692.3044719696045	0.2623821024058283	0.0	3
1096	6698.422896385193	0.2624179365395427	3.5834133714385263e-05	0
1097	6704.5900502204895	0.2624179365395427	0.0	1
1098	6710.7658660411835	0.2624179365395427	0.0	2
1099	6716.933396577835	0.26252604288675974	0.00010810634721702961	0
1100	6723.033565998077	0.26252604288675974	0.0	1
1101	6729.148128032684	0.26252604288675974	0.0	2
1102	6735.34894490242	0.26258640089135116	6.035800459142093e-05	0
1103	6741.529599905014	0.26258640089135116	0.0	1
1104	6747.648971319199	0.26269027961605135	0.00010387872470019044	0
1105	6753.803708314896	0.26269027961605135	0.0	1
1106	6759.907355308533	0.26269027961605135	0.0	2
1107	6766.003708600998	0.26272926158990817	3.8981973856822005e-05	0
1108	6772.113395690918	0.2629770258913512	0.00024776430144302086	0
1109	6778.167010784149	0.26298925122399736	1.222533264616521e-05	0
1110	6784.310740470886	0.26307067413558843	8.142291159107806e-05	0
1111	6790.347189426422	0.2632410784353917	0.00017040429980325067	0
1112	6796.470755338669	0.2632626008772957	2.1522441904009426e-05	0
1113	6802.484792232513	0.26331798090212705	5.538002483135296e-05	0
1114	6808.55536198616	0.26331798090212705	0.0	1
1115	6814.626099348068	0.26340983560953896	9.185470741190915e-05	0
1116	6820.760442495346	0.2636658904434501	0.0002560548339111679	0
1117	6826.689977407455	0.2636658904434501	0.0	1
1118	6832.882925033569	0.2636658904434501	0.0	2
1119	6838.892719745636	0.2636948249508058	2.8934507355693473e-05	0
1120	6844.983058214188	0.26371797621696963	2.3151266163812245e-05	0
1121	6851.055275917053	0.26393149860616566	0.00021352238919603028	0
1122	6857.186363458633	0.26393149860616566	0.0	1
1123	6863.246558427811	0.26393149860616566	0.0	2
1124	6869.33020067215	0.2639478417529516	1.6343146785946505e-05	0
1125	6875.3459277153015	0.2639478417529516	0.0	1
1126	6881.421680927277	0.2639478417529516	0.0	2
1127	6887.466215610504	0.2640524891362912	0.00010464738333959556	0
1128	6893.66877412796	0.2640524891362912	0.0	1
1129	6899.816692829132	0.2642359789343609	0.00018348979806970256	0
1130	6905.919984340668	0.2642359789343609	0.0	1
1131	6912.023339748383	0.2642359789343609	0.0	2
1132	6918.098197698593	0.2642359789343609	0.0	3
1133	6924.150871515274	0.2642359789343609	0.0	4
1134	6930.219026565552	0.2642359789343609	0.0	5
1135	6936.211230516434	0.2642359789343609	0.0	6
1136	6942.40144276619	0.2642359789343609	0.0	7
1137	6948.456184387207	0.2642463924287856	1.041349442471029e-05	0
1138	6954.56663274765	0.26428008529914726	3.36928703616457e-05	0
1139	6960.586299657822	0.26428008529914726	0.0	1
1140	6966.692584037781	0.26428008529914726	0.0	2
1141	6972.7681312561035	0.26428855884557717	8.473546429910161e-06	0
1142	6978.869923114777	0.2643291330409014	4.057419532421669e-05	0
1143	6984.983155965805	0.26447127998500747	0.00014214694410608075	0
1144	6991.110191345215	0.26447127998500747	0.0	1
1145	6997.169768810272	0.2645329373887275	6.165740372005013e-05	0
1146	7003.305129528046	0.26454254562172036	9.608232992841526e-06	0
1147	7009.392557621002	0.2645540205971233	1.1474975402936405e-05	0
1148	7015.414206504822	0.26470030365676533	0.00014628305964203836	0
1149	7021.518060684204	0.26470030365676533	0.0	1
1150	7027.688297510147	0.26470030365676533	0.0	2
1151	7033.7626485824585	0.26470030365676533	0.0	3
1152	7039.870901823044	0.26477526617550595	7.496251874061777e-05	0
1153	7046.072921514511	0.26477526617550595	0.0	1
1154	7052.323307275772	0.26477526617550595	0.0	2
1155	7058.40421295166	0.26477526617550595	0.0	3
1156	7064.4222240448	0.2647924877893085	1.722161380252052e-05	0
1157	7070.5085253715515	0.2647924877893085	0.0	1
1158	7076.6656765937805	0.2648674503080491	7.496251874061777e-05	0
1159	7082.725678920746	0.2648674503080491	0.0	1
1160	7088.799481630325	0.2648674503080491	0.0	2
1161	7094.939803600311	0.2648674503080491	0.0	3
1162	7101.061651706696	0.2648816338900862	1.418358203708614e-05	0
1163	7107.175477743149	0.2648816338900862	0.0	1
1164	7113.185821056366	0.2649565964088268	7.496251874061777e-05	0
1165	7119.312924146652	0.2649565964088268	0.0	1
1166	7125.356538295746	0.2650520747926818	9.547838385498553e-05	0
1167	7131.417348623276	0.2650520747926818	0.0	1
1168	7137.534680366516	0.2650520747926818	0.0	2
1169	7143.668086051941	0.2650520747926818	0.0	3
1170	7149.659232139587	0.26514449684337515	9.242205069337484e-05	0
1171	7155.800982713699	0.26514449684337515	0.0	1
1172	7161.943332195282	0.26519394721584516	4.945037247000572e-05	0
1173	7168.124677658081	0.26519394721584516	0.0	1
1174	7174.136962890625	0.26519394721584516	0.0	2
1175	7180.214754581451	0.26519394721584516	0.0	3
1176	7186.191730976105	0.265201999830163	8.052614317854978e-06	0
1177	7192.236730337143	0.26530176074072337	9.976091056035363e-05	0
1178	7198.386701345444	0.26530176074072337	0.0	1
1179	7204.615398168564	0.2653476972451274	4.593650440404273e-05	0
1180	7210.805287837982	0.26539046760799284	4.277036286542968e-05	0
1181	7216.997545003891	0.26539046760799284	0.0	1
1182	7223.080456495285	0.26545673696354943	6.626935555659186e-05	0
1183	7229.254046678543	0.26545673696354943	0.0	1
1184	7235.339217185974	0.26545673696354943	0.0	2
1185	7241.4061596393585	0.2655745796535326	0.00011784268998316083	0
1186	7247.422441244125	0.2655745796535326	0.0	1
1187	7253.565061330795	0.2655745796535326	0.0	2
1188	7259.660512924194	0.2655745796535326	0.0	3
1189	7265.723490476608	0.26559784072807346	2.326107454087012e-05	0
1190	7271.828023433685	0.2656130491882965	1.5208460223015141e-05	0
1191	7277.990738868713	0.2656130491882965	0.0	1
1192	7284.096682071686	0.26576621357290103	0.00015316438460455384	0
1193	7290.149796962738	0.2657773591231728	1.1145550271762783e-05	0
1194	7296.239741325378	0.26584313434103257	6.577521785977591e-05	0
1195	7302.388929367065	0.26584313434103257	0.0	1
1196	7308.3945207595825	0.26584313434103257	0.0	2
1197	7314.4624581336975	0.26584313434103257	0.0	3
1198	7320.535015821457	0.2658978189128092	5.468457177665309e-05	0
1199	7326.690968036652	0.265956145462425	5.8326549615794754e-05	0
1200	7332.852979421616	0.265956145462425	0.0	1
1201	7338.986212253571	0.2660357382343984	7.959277197339132e-05	0
1202	7345.043718338013	0.2660910816564374	5.5343422039000334e-05	0
1203	7351.089937925339	0.2660910816564374	0.0	1
1204	7357.1835079193115	0.2661696129474325	7.853129099510969e-05	0
1205	7363.358583688736	0.2661696129474325	0.0	1
1206	7369.43337726593	0.2661696129474325	0.0	2
1207	7375.580063581467	0.26618694436961204	1.7331422179522882e-05	0
1208	7381.729212999344	0.26618694436961204	0.0	1
1209	7387.897081851959	0.26624098839252247	5.404402291042665e-05	0
1210	7394.005195617676	0.26624098839252247	0.0	1
1211	7400.089627027512	0.26628403327633055	4.3044883808074363e-05	0
1212	7406.21190905571	0.26628403327633055	0.0	1
1213	7412.283892631531	0.26628403327633055	0.0	2
1214	7418.358717918396	0.26638853424850073	0.00010450097217018506	0
1215	7424.464328765869	0.26638853424850073	0.0	1
1216	7430.538212776184	0.26638853424850073	0.0	2
1217	7436.62926197052	0.26638853424850073	0.0	3
1218	7442.742600917816	0.26639993601831896	1.1401769818231156e-05	0
1219	7448.890290737152	0.26639993601831896	0.0	1
1220	7455.069567680359	0.2664975373641304	9.760134581143776e-05	0
1221	7461.160434484482	0.2664975373641304	0.0	1
1222	7467.300051450729	0.2664975373641304	0.0	2
1223	7473.406720161438	0.2664975373641304	0.0	3
1224	7479.522315502167	0.2664975373641304	0.0	4
1225	7485.612638235092	0.2664975373641304	0.0	5
1226	7491.706232786179	0.2665462922835457	4.875491941530585e-05	0
1227	7497.827378511429	0.2665462922835457	0.0	1
1228	7503.968778848648	0.2665901241273894	4.3831843843711304e-05	0
1229	7510.093715906143	0.26662147441904044	3.135029165102221e-05	0
1230	7516.296653032303	0.26664175236600446	2.0277946964020188e-05	0
1231	7522.447506904602	0.2667072164601293	6.546409412483412e-05	0
1232	7528.624346494675	0.26672859249086395	2.137603073465444e-05	0
1233	7534.791769742966	0.2667376699833677	9.077492503728468e-06	0
1234	7540.934684514999	0.26676556131114126	2.789132777358816e-05	0
1235	7546.990770578384	0.26676556131114126	0.0	1
1236	7553.082316875458	0.26678108089509933	1.5519583958067962e-05	0
1237	7559.1564354896545	0.26688345890531295	0.0001023780102136218	0
1238	7565.2810299396515	0.26688345890531295	0.0	1
1239	7571.3952293396	0.2669544683224794	7.100941716642328e-05	0
1240	7577.52020907402	0.2671281119694059	0.00017364364692651346	0
1241	7583.5534517765045	0.2671281119694059	0.0	1
1242	7589.676391124725	0.2671998534424194	7.174147301353129e-05	0
1243	7595.760679721832	0.2671998534424194	0.0	1
1244	7601.848479270935	0.2673703675505997	0.00017051410818025303	0
1245	7607.969229459763	0.2673703675505997	0.0	1
1246	7614.061789989471	0.2673703675505997	0.0	2
1247	7620.187299966812	0.2673703675505997	0.0	3
1248	7626.365884304047	0.2673703675505997	0.0	4
1249	7632.42365193367	0.2673703675505997	0.0	5
1250	7638.477525949478	0.2673703675505997	0.0	6
1251	7644.567701816559	0.2674298653895708	5.9497838971134254e-05	0
1252	7650.633331298828	0.2674806700653579	5.0804675787108344e-05	0
1253	7656.765003681183	0.2675363429125281	5.5672847170173956e-05	0
1254	7662.877628803253	0.2676395627869659	0.00010321987443778768	0
1255	7668.996070146561	0.2676945950852698	5.503229830394751e-05	0
1256	7675.1160271167755	0.2677894878244471	9.489273917728802e-05	0
1257	7681.2927215099335	0.2677894878244471	0.0	1
1258	7687.347031831741	0.2677894878244471	0.0	2
1259	7693.529476881027	0.2679253756910607	0.0001358878666135599	0
1260	7699.64631152153	0.2679253756910607	0.0	1
1261	7705.84135222435	0.26795110745408546	2.5731763024783305e-05	0
1262	7711.934832334518	0.26795110745408546	0.0	1
1263	7718.086003780365	0.26808593383972074	0.00013482638563527827	0
1264	7724.178720474243	0.26808593383972074	0.0	1
1265	7730.296436548233	0.26808593383972074	0.0	2
1266	7736.43607211113	0.2680928517674756	6.917927754868103e-06	0
1267	7742.515555143356	0.2681200476421945	2.719587471888829e-05	0
1268	7748.647330760956	0.2681200476421945	0.0	1
1269	7754.788396120071	0.2682987973786544	0.00017874973645992664	0
1270	7760.882120370865	0.2682987973786544	0.0	1
1271	7766.904497623444	0.2683138045235195	1.5007144865075706e-05	0
1272	7773.051161527634	0.2683138045235195	0.0	1
1273	7779.219854593277	0.26847637582575895	0.00016257130223945593	0
1274	7785.372140169144	0.2685543214720764	7.79456463174677e-05	0
1275	7791.491833925247	0.2685543214720764	0.0	1
1276	7797.624884366989	0.2685543214720764	0.0	2
1277	7803.675033330917	0.2686292839908171	7.496251874067328e-05	0
1278	7809.753976583481	0.26887510834426537	0.00024582435344827624	0
1279	7815.852891206741	0.2689180251183002	4.291677403484018e-05	0
1280	7822.007308721542	0.2689180251183002	0.0	1
1281	7828.149343013763	0.2689180251183002	0.0	2
1282	7834.318157672882	0.2689180251183002	0.0	3
1283	7840.5126667022705	0.2690395646903111	0.00012153957201088694	0
1284	7846.632050991058	0.2690395646903111	0.0	1
1285	7852.824730634689	0.2690395646903111	0.0	2
1286	7858.942345619202	0.2690659919063905	2.6427216079427662e-05	0
1287	7864.960711956024	0.2690659919063905	0.0	1
1288	7870.9776430130005	0.26907285492995686	6.863023566339166e-06	0
1289	7877.107495307922	0.2692514399538512	0.00017858502389433983	0
1290	7883.1816074848175	0.2692514399538512	0.0	1
1291	7889.241809844971	0.2692514399538512	0.0	2
1292	7895.366679906845	0.2692514399538512	0.0	3
1293	7901.383819818497	0.2692514399538512	0.0	4
1294	7907.494353532791	0.2692514399538512	0.0	5
1295	7913.590148448944	0.26925359951860006	2.1595647488603653e-06	0
1296	7919.6829788684845	0.26925837618300225	4.77666440218405e-06	0
1297	7925.805272579193	0.2693264024725918	6.802628958957335e-05	0
1298	7931.937356710434	0.2693452895134464	1.888704085456494e-05	0
1299	7938.043214797974	0.2693452895134464	0.0	1
1300	7944.169491529465	0.26940112707318215	5.583755973576077e-05	0
1301	7950.239123344421	0.26941143075922974	1.0303686047596905e-05	0
1302	7956.30228972435	0.269450248020521	3.8817261291235194e-05	0
1303	7962.349355459213	0.2694751196179254	2.4871597404441115e-05	0
1304	7968.448101043701	0.2694751196179254	0.0	1
1305	7974.592566490173	0.2694751196179254	0.0	2
1306	7980.7108154296875	0.2695252105392616	5.009092133617665e-05	0
1307	7986.887298583984	0.2695252105392616	0.0	1
1308	7993.158515930176	0.2695397418478261	1.4531308564491585e-05	0
1309	7999.283431529999	0.2696896668853073	0.00014992503748123553	0
1310	8005.374252080917	0.2696896668853073	0.0	1
1311	8011.469895362854	0.2696896668853073	0.0	2
1312	8017.64497756958	0.2696896668853073	0.0	3
1313	8023.675550222397	0.2696896668853073	0.0	4
1314	8029.797296047211	0.26979142264805095	0.00010175576274362719	0
1315	8035.966817378998	0.26979142264805095	0.0	1
1316	8042.144482374191	0.2698044532421289	1.3030594077978463e-05	0
1317	8048.181715011597	0.2698132013095015	8.748067372554846e-06	0
1318	8054.241958856583	0.2698810262837331	6.782497423163392e-05	0
1319	8060.303253173828	0.26994914408030357	6.811779657045491e-05	0
