1	3.0544815063476562	0.028153713217167028	10000000000.028154	0
2	5.284253835678101	0.04200212162212816	0.01384840840496113	0
3	7.651183605194092	0.042437640519396455	0.0004355188972682972	0
4	10.088295936584473	0.07336694971180684	0.03092930919241038	0
5	12.63863492012024	0.07336694971180684	0.0	1
6	15.213062524795532	0.07648107173544473	0.003114122023637894	0
7	17.90661382675171	0.07648107173544473	0.0	1
8	20.599026441574097	0.09011158834944177	0.013630516613997043	0
9	23.39797019958496	0.09586317474539814	0.005751586395956368	0
10	26.127214431762695	0.10703675318829005	0.011173578442891907	0
11	28.842790126800537	0.11954179683895784	0.012505043650667791	0
12	31.626006841659546	0.14779893417907478	0.028257137340116936	0
13	34.458348751068115	0.14884555364011465	0.0010466194610398716	0
14	37.243074893951416	0.16171420643439172	0.012868652794277069	0
15	40.14175534248352	0.1642903540710348	0.0025761476366430724	0
16	43.07736086845398	0.16543442253961754	0.001144068468582754	0
17	46.04971170425415	0.16863823324183427	0.0032038107022167306	0
18	49.052675008773804	0.17276819246372715	0.0041299592218928816	0
19	52.1456995010376	0.17803757972527218	0.005269387261545022	0
20	55.15566039085388	0.1783183482019284	0.00028076847665622906	0
21	58.33357381820679	0.18137125485848404	0.0030529066565556373	0
22	61.386430501937866	0.1891614087152842	0.007790153856800153	0
23	64.44456815719604	0.19545635329684904	0.006294944581564849	0
24	67.50987482070923	0.20056183880645645	0.005105485509607405	0
25	70.58456230163574	0.2013356866465215	0.0007738478400650395	0
26	73.59241700172424	0.2013356866465215	0.0	1
27	76.69091606140137	0.20145613506153118	0.0001204484150096885	0
28	79.73298954963684	0.2050309773410108	0.0035748422794796286	0
29	82.8769941329956	0.21011019712181675	0.005079219780805944	0
30	85.95345187187195	0.21011019712181675	0.0	1
31	89.07034015655518	0.21011019712181675	0.0	2
32	92.19476413726807	0.21011019712181675	0.0	3
33	95.34459519386292	0.21011019712181675	0.0	4
34	98.45699453353882	0.21401342859037645	0.003903231468559698	0
35	101.54730558395386	0.21439502502768037	0.0003815964373039271	0
36	104.5768723487854	0.21635211466599003	0.0019570896383096503	0
37	107.60162305831909	0.21635211466599003	0.0	1
38	110.54319787025452	0.21641976130714846	6.764664115843644e-05	0
39	113.56458926200867	0.21760579637329305	0.0011860350661445918	0
40	116.53989267349243	0.2189166274407755	0.0013108310674824486	0
41	119.51687669754028	0.22047644229937488	0.0015598148585993787	0
42	122.45604205131531	0.22047644229937488	0.0	1
43	125.37519001960754	0.2215731153190741	0.001096673019699207	0
44	128.3384988307953	0.2215731153190741	0.0	1
45	131.27163982391357	0.22466201908937303	0.0030889037702989397	0
46	134.22437286376953	0.22466201908937303	0.0	1
47	137.16019701957703	0.22523191332003137	0.000569894230658341	0
48	140.10933423042297	0.22523191332003137	0.0	1
49	143.03222680091858	0.22526317989942793	3.126657939656052e-05	0
50	145.93664717674255	0.2283247366759319	0.0030615567765039653	0
51	148.83456420898438	0.2283247366759319	0.0	1
52	151.7729549407959	0.2283247366759319	0.0	2
53	154.752667427063	0.23078544801133744	0.002460711335405541	0
54	157.7009220123291	0.23078544801133744	0.0	1
55	160.6302366256714	0.23148757194016423	0.0007021239288267922	0
56	163.54897022247314	0.23148757194016423	0.0	1
57	166.45054149627686	0.23148757194016423	0.0	2
58	169.33852291107178	0.23277283559582027	0.0012852636556560382	0
59	172.29027152061462	0.23277283559582027	0.0	1
60	175.21762132644653	0.2336590674161515	0.0008862318203312347	0
61	178.129052400589	0.23376685602019515	0.00010778860404364599	0
62	181.0714921951294	0.23376685602019515	0.0	1
63	183.9959213733673	0.23392717608184166	0.0001603200616465128	0
64	186.96641516685486	0.2375840593427062	0.003656883260864552	0
65	189.90641593933105	0.2375840593427062	0.0	1
66	192.8073034286499	0.2375840593427062	0.0	2
67	195.67376399040222	0.2375840593427062	0.0	3
68	198.55722045898438	0.2375840593427062	0.0	4
69	201.4933865070343	0.23866629296947084	0.0010822336267646282	0
70	204.39694118499756	0.23866629296947084	0.0	1
71	207.3208417892456	0.23866629296947084	0.0	2
72	210.27009081840515	0.23928000095872162	0.0006137079892507835	0
73	213.15994310379028	0.2394418978651504	0.00016189690642878785	0
74	216.0432345867157	0.2394418978651504	0.0	1
75	218.9204297065735	0.2401032490931791	0.0006613512280286837	0
76	221.8256766796112	0.24043799071409624	0.00033474162091715054	0
77	224.7745749950409	0.24283986321276987	0.0024018724986736295	0
78	227.67760396003723	0.24283986321276987	0.0	1
79	230.59592080116272	0.24283986321276987	0.0	2
80	233.51078987121582	0.24283986321276987	0.0	3
81	236.48940992355347	0.2429038605845751	6.399737180523557e-05	0
82	239.4307198524475	0.2430599456916636	0.00015608510708847723	0
83	242.38156580924988	0.2430599456916636	0.0	1
84	245.36555337905884	0.2430599456916636	0.0	2
85	248.24152398109436	0.2430599456916636	0.0	3
86	251.14402604103088	0.24349150558221075	0.0004315598905471618	0
87	254.01894998550415	0.24349150558221075	0.0	1
88	256.9251549243927	0.2442056585840907	0.0007141530018799636	0
89	259.85080671310425	0.2442056585840907	0.0	1
90	262.77730417251587	0.2451194401354032	0.000913781551312498	0
91	265.6957051753998	0.2451194401354032	0.0	1
92	268.5870382785797	0.2451194401354032	0.0	2
93	271.4699730873108	0.2451194401354032	0.0	3
94	274.2724928855896	0.2451194401354032	0.0	4
95	277.1521692276001	0.24570379628535016	0.0005843561499469518	0
96	280.0282208919525	0.24590986737203588	0.00020607108668571628	0
97	282.9124402999878	0.24609032599418712	0.00018045862215124164	0
98	285.8153033256531	0.24609032599418712	0.0	1
99	288.69693899154663	0.24642015686992527	0.00032983087573815184	0
100	291.5995032787323	0.24642015686992527	0.0	1
101	294.47480869293213	0.24642015686992527	0.0	2
102	297.3326826095581	0.24680774531740174	0.0003875884474764668	0
103	300.23367142677307	0.24726885978443902	0.00046111446703728243	0
104	303.0931599140167	0.24760085319016423	0.0003319934057252061	0
105	305.9770178794861	0.2479854231062004	0.00038456991603616486	0
106	308.84054732322693	0.24820642916560942	0.00022100605940902907	0
107	311.7848026752472	0.2498347016141124	0.001628272448502971	0
108	314.6741783618927	0.2498347016141124	0.0	1
109	317.6118516921997	0.2498347016141124	0.0	2
110	320.49941182136536	0.2499877907161146	0.00015308910200220738	0
111	323.4369204044342	0.2499877907161146	0.0	1
112	326.19617533683777	0.2499877907161146	0.0	2
113	329.12631464004517	0.2503203923333987	0.00033260161728410065	0
114	332.0647051334381	0.25084239553538473	0.0005220032019860321	0
115	334.97772693634033	0.25129855420453495	0.0004561586691502195	0
116	337.9182107448578	0.25129855420453495	0.0	1
117	340.78666591644287	0.2517706615323399	0.00047210732780494924	0
118	343.67109847068787	0.251843646919404	7.298538706407287e-05	0
119	346.58661365509033	0.251843646919404	0.0	1
120	349.5221073627472	0.251843646919404	0.0	2
121	352.40722131729126	0.251843646919404	0.0	3
122	355.36276841163635	0.2519541386859315	0.00011049176652749848	0
123	358.27088809013367	0.252341096395495	0.00038695770956354014	0
124	361.1935591697693	0.252341096395495	0.0	1
125	364.1303300857544	0.25289891650039215	0.0005578201048971332	0
126	367.0019221305847	0.25289891650039215	0.0	1
127	369.9231147766113	0.25319820164006274	0.0002992851396705909	0
128	372.84232354164124	0.2536074604401181	0.00040925880005537874	0
129	375.75511860847473	0.25400788890939285	0.0004004284692747384	0
130	378.6376082897186	0.25400788890939285	0.0	1
131	381.5613842010498	0.25400788890939285	0.0	2
132	384.49835872650146	0.25486337225647027	0.0008554833470774126	0
133	387.40950632095337	0.25486337225647027	0.0	1
134	390.3499503135681	0.25486337225647027	0.0	2
135	393.273934841156	0.25486337225647027	0.0	3
136	396.1751055717468	0.25515896307407965	0.00029559081760938133	0
137	399.0321705341339	0.25515896307407965	0.0	1
138	401.9419343471527	0.2555625452329189	0.000403582158839233	0
139	404.8194227218628	0.2558779592420765	0.00031541400915763296	0
140	407.729101896286	0.2558779592420765	0.0	1
141	410.64401483535767	0.25624414765322245	0.00036618841114594014	0
142	413.5845811367035	0.25624414765322245	0.0	1
143	416.44823384284973	0.25624414765322245	0.0	2
144	419.2952229976654	0.25624414765322245	0.0	3
145	422.14345121383667	0.2567403807061958	0.0004962330529733605	0
146	425.0300352573395	0.2567403807061958	0.0	1
147	427.9437358379364	0.256825395166313	8.501446011716096e-05	0
148	430.82526183128357	0.25717054396279293	0.0003451487964799549	0
149	433.75281620025635	0.25717054396279293	0.0	1
150	436.6184461116791	0.25748309712498846	0.000312553162195528	0
151	439.5250709056854	0.25828145363824045	0.0007983565132519965	0
152	442.40244793891907	0.25828145363824045	0.0	1
153	445.30067467689514	0.25828145363824045	0.0	2
154	448.14880299568176	0.25828145363824045	0.0	3
155	451.02912616729736	0.2585878571057852	0.0003064034675447358	0
156	453.9087190628052	0.25922012681075846	0.0006322697049732651	0
157	456.78943490982056	0.25922012681075846	0.0	1
158	459.7176995277405	0.25922012681075846	0.0	2
159	462.62669110298157	0.25922012681075846	0.0	3
160	465.46465253829956	0.2592392516853317	1.9124874573228645e-05	0
161	468.3831799030304	0.25993177938734086	0.0006925277020091714	0
162	471.2554612159729	0.26023016347285016	0.00029838408550930673	0
163	474.19422459602356	0.26024165191340654	1.1488440556373103e-05	0
164	477.08604073524475	0.2602857585146014	4.4106601194859874e-05	0
165	480.01823377609253	0.2603865414225411	0.00010078290793968936	0
166	482.88029384613037	0.26072982053163635	0.0003432791090952625	0
167	485.7559003829956	0.26080100381037785	7.118327874150454e-05	0
168	488.63820219039917	0.2609797954823307	0.00017879167195283818	0
169	491.5577745437622	0.2611191209820193	0.00013932549968859176	0
170	494.42732405662537	0.2616819194111575	0.0005627984291382004	0
171	497.3530502319336	0.2616819194111575	0.0	1
172	500.22949051856995	0.2616819194111575	0.0	2
173	503.14082956314087	0.2620626598470082	0.0003807404358507349	0
174	506.0241527557373	0.2620626598470082	0.0	1
175	508.9490325450897	0.2620626598470082	0.0	2
176	511.8617081642151	0.26241087222763654	0.00034821238062832105	0
177	514.7373809814453	0.26241087222763654	0.0	1
178	517.6329491138458	0.26241087222763654	0.0	2
179	520.5143847465515	0.26241087222763654	0.0	3
180	523.3689858913422	0.26252233262738744	0.00011146039975090671	0
181	526.2390048503876	0.2625957460151781	7.34133877906551e-05	0
182	529.1568641662598	0.263063618388425	0.00046787237324691366	0
183	532.0888986587524	0.263063618388425	0.0	1
184	535.0666282176971	0.263063618388425	0.0	2
185	537.9875733852386	0.2633934042114551	0.0003297858230300599	0
186	540.8890986442566	0.26448606754013654	0.0010926633286814647	0
187	543.8449676036835	0.26448606754013654	0.0	1
188	546.7649137973785	0.2645288901391516	4.2822599015057694e-05	0
189	549.6754639148712	0.2645302191940395	1.3290548879218989e-06	0
190	552.5729100704193	0.2648151775725457	0.00028495837850617267	0
191	555.5370743274689	0.2648151775725457	0.0	1
192	558.4260239601135	0.2648151775725457	0.0	2
193	561.3440108299255	0.2650517493425909	0.00023657177004521301	0
194	564.2319269180298	0.2650517493425909	0.0	1
195	567.112199306488	0.2654877018721743	0.00043595252958339437	0
196	570.0305068492889	0.2654877018721743	0.0	1
197	572.9579076766968	0.2654877018721743	0.0	2
198	575.8647019863129	0.26557345970197455	8.575782980024815e-05	0
199	578.778760433197	0.26563941686658055	6.595716460600087e-05	0
200	581.6386592388153	0.2659802631294404	0.00034084626285985076	0
201	584.4899134635925	0.2659802631294404	0.0	1
202	587.4213902950287	0.26686572905373457	0.0008854659242941709	0
203	590.3064630031586	0.26686572905373457	0.0	1
204	593.1963365077972	0.26686572905373457	0.0	2
205	596.0762374401093	0.26767820959096467	0.0008124805372300981	0
206	598.9782800674438	0.26767820959096467	0.0	1
207	601.8309488296509	0.2688188090010265	0.0011405994100618377	0
208	604.7292156219482	0.26904783444247093	0.00022902544144443038	0
209	607.6436069011688	0.26904783444247093	0.0	1
210	610.5336577892303	0.26917841971679507	0.00013058527432413536	0
211	613.4487655162811	0.26917841971679507	0.0	1
212	616.3880105018616	0.26917841971679507	0.0	2
213	619.2977919578552	0.26945299344609247	0.0002745737292974004	0
214	622.173017501831	0.27000398806571785	0.0005509946196253779	0
215	625.0751237869263	0.27000398806571785	0.0	1
216	627.9943597316742	0.27000398806571785	0.0	2
217	630.8807170391083	0.27000398806571785	0.0	3
218	633.8002824783325	0.27000398806571785	0.0	4
219	636.6964545249939	0.27000856091558634	4.5728498684893815e-06	0
220	639.5956852436066	0.27000856091558634	0.0	1
221	642.4804978370667	0.27000977733870407	1.2164231177336227e-06	0
222	645.4157922267914	0.2700536361500046	4.3858811300534484e-05	0
223	648.3054583072662	0.2705679578652657	0.0005143217152611124	0
224	651.237119436264	0.2710828202130236	0.0005148623477578829	0
225	654.1373641490936	0.2710828202130236	0.0	1
226	657.0760152339935	0.2710828202130236	0.0	2
227	659.9793791770935	0.2710828202130236	0.0	3
228	662.8929584026337	0.2710828202130236	0.0	4
229	665.8173954486847	0.27129871279006734	0.00021589257704374143	0
230	668.7059254646301	0.27129871279006734	0.0	1
231	671.644038438797	0.27129871279006734	0.0	2
232	674.5944228172302	0.27162162807511764	0.0003229152850502959	0
233	677.5488111972809	0.27187770766775465	0.0002560795926370152	0
234	680.4846594333649	0.27224677945221676	0.000369071784462105	0
235	683.3831870555878	0.2732837125810228	0.001036933128806039	0
236	686.3117837905884	0.2732837125810228	0.0	1
237	689.2299122810364	0.2732837125810228	0.0	2
238	692.1605343818665	0.2732837125810228	0.0	3
239	695.103277683258	0.2732837125810228	0.0	4
240	698.0277106761932	0.27345504802979104	0.00017133544876823947	0
241	700.8962411880493	0.2737141912065764	0.00025914317678538135	0
242	703.7771928310394	0.27379224502329763	7.805381672121303e-05	0
243	706.6708445549011	0.2743606074618818	0.0005683624385841579	0
244	709.5363399982452	0.2743606074618818	0.0	1
245	712.4799132347107	0.2743606074618818	0.0	2
246	715.3650319576263	0.2743606074618818	0.0	3
247	718.2695508003235	0.2743606074618818	0.0	4
248	721.2465908527374	0.27511129821000185	0.0007506907481200642	0
249	724.157244682312	0.27511129821000185	0.0	1
250	727.0288269519806	0.27517824653418527	6.694832418341345e-05	0
251	729.940584897995	0.27517824653418527	0.0	1
252	732.8682231903076	0.27517824653418527	0.0	2
253	735.7584826946259	0.27539357595237823	0.00021532941819296658	0
254	738.6924014091492	0.27539357595237823	0.0	1
255	741.5663421154022	0.2757551689873016	0.0003615930349233909	0
256	744.4473423957825	0.2758717653957718	0.00011659640847017094	0
257	747.3626165390015	0.2759798243160638	0.00010805892029203124	0
258	750.2791986465454	0.27603341451230623	5.3590196242403465e-05	0
259	753.1224400997162	0.27636374096783306	0.0003303264555268304	0
260	756.0529992580414	0.27636374096783306	0.0	1
261	758.9107396602631	0.27636374096783306	0.0	2
262	761.8176710605621	0.27636374096783306	0.0	3
263	764.7475004196167	0.27636374096783306	0.0	4
264	767.6982097625732	0.27648306306514114	0.0001193220973080833	0
265	770.5718929767609	0.2768822751112982	0.0003992120461570603	0
266	773.4702079296112	0.2768822751112982	0.0	1
267	776.367702960968	0.2768822751112982	0.0	2
268	779.3003671169281	0.2768822751112982	0.0	3
269	782.2212438583374	0.27718399309720426	0.00030171798590605814	0
270	785.1364970207214	0.27747230790246125	0.00028831480525698394	0
271	788.0427544116974	0.27824890395771823	0.0007765960552569839	0
272	790.9783771038055	0.27824890395771823	0.0	1
273	793.8865149021149	0.27824890395771823	0.0	2
274	796.7942221164703	0.27829069034444776	4.178638672952539e-05	0
275	799.7162067890167	0.2784867146772352	0.0001960243327874256	0
276	802.6233110427856	0.27954256994342824	0.001055855266193062	0
277	805.5309300422668	0.27954256994342824	0.0	1
278	808.5075695514679	0.27954256994342824	0.0	2
279	811.4278683662415	0.27954256994342824	0.0	3
280	814.3667678833008	0.27954256994342824	0.0	4
281	817.2969038486481	0.27954256994342824	0.0	5
282	820.2257351875305	0.27962109681358416	7.852687015591497e-05	0
283	823.1691544055939	0.28014291980473793	0.0005218229911537753	0
284	826.1042613983154	0.28014291980473793	0.0	1
285	829.0319094657898	0.2802876516293943	0.00014473182465635226	0
286	831.9661381244659	0.28110292543452436	0.000815273805130079	0
287	834.8790199756622	0.28110292543452436	0.0	1
288	837.7805523872375	0.28110292543452436	0.0	2
289	840.6620466709137	0.28287775434236023	0.001774828907835868	0
290	843.5927305221558	0.28287775434236023	0.0	1
291	846.4830605983734	0.28287775434236023	0.0	2
292	849.4126002788544	0.28287775434236023	0.0	3
293	852.2826845645905	0.28287775434236023	0.0	4
294	855.2008745670319	0.28287775434236023	0.0	5
295	858.0936107635498	0.28287775434236023	0.0	6
296	860.9613738059998	0.28287775434236023	0.0	7
297	863.8429024219513	0.28287775434236023	0.0	8
298	866.8143546581268	0.2829096741860237	3.191984366346379e-05	0
299	869.7432761192322	0.28343136201905333	0.0005216878330296382	0
300	872.6171374320984	0.28343136201905333	0.0	1
301	875.5422213077545	0.2834581233276435	2.67613085901397e-05	0
302	878.4296591281891	0.2835773327931814	0.00011920946553795053	0
303	881.3553221225739	0.2840117310043366	0.0004343982111551514	0
304	884.2594926357269	0.2840117310043366	0.0	1
305	887.2132909297943	0.2840955966203981	8.386561606155141e-05	0
306	890.1227700710297	0.2841286878344713	3.309121407318871e-05	0
307	893.0162541866302	0.28474987457326073	0.0006211867387894143	0
308	895.9254014492035	0.28474987457326073	0.0	1
309	898.8188638687134	0.28474987457326073	0.0	2
310	901.7091228961945	0.28510824633955756	0.00035837176629682777	0
311	904.5735807418823	0.28510824633955756	0.0	1
312	907.4896945953369	0.28510824633955756	0.0	2
313	910.3598873615265	0.28510824633955756	0.0	3
314	913.2910821437836	0.2853034822499539	0.0001952359103963297	0
315	916.2108066082001	0.2854863511919865	0.00018286894203262127	0
316	919.135867357254	0.2854863511919865	0.0	1
317	922.077942609787	0.2854863511919865	0.0	2
318	924.9498043060303	0.28578676264935876	0.0003004114573722516	0
319	927.8470311164856	0.28581649743668114	2.9734787322377443e-05	0
320	930.693440914154	0.28581649743668114	0.0	1
321	933.587423324585	0.28581649743668114	0.0	2
322	936.5166811943054	0.28665337401532803	0.0008368765786468946	0
323	939.4607818126678	0.28668995681427617	3.6582798948137096e-05	0
324	942.3591587543488	0.2868387884353663	0.0001488316210901397	0
325	945.2811069488525	0.2868387884353663	0.0	1
326	948.2335343360901	0.2868387884353663	0.0	2
327	951.090381860733	0.28720786021982836	0.00036907178446204947	0
328	953.9786438941956	0.28720786021982836	0.0	1
329	956.9247200489044	0.2872736146472481	6.575442741973969e-05	0
330	959.8135061264038	0.2872736146472481	0.0	1
331	962.7935698032379	0.28737836219349744	0.00010474754624933968	0
332	965.7787470817566	0.28776430621712956	0.0003859440236321232	0
333	968.732800245285	0.28776430621712956	0.0	1
334	971.6342625617981	0.28818656272346144	0.00042225650633187506	0
335	974.525851726532	0.28818656272346144	0.0	1
336	977.4293041229248	0.28821397729631854	2.7414572857098474e-05	0
337	980.3767924308777	0.2883810102114666	0.00016703291514807983	0
338	983.298280954361	0.2883810102114666	0.0	1
339	986.2289142608643	0.2883810102114666	0.0	2
340	989.1326999664307	0.28853554100012685	0.00015453078866023429	0
341	992.0231482982635	0.28853554100012685	0.0	1
342	994.8882422447205	0.28880072123979283	0.00026518023966598525	0
343	997.7774720191956	0.288900445409093	9.972416930015271e-05	0
344	1000.6919417381287	0.288900445409093	0.0	1
345	1003.6104183197021	0.288900445409093	0.0	2
346	1006.5298728942871	0.28915177194102926	0.00025132653193626897	0
347	1009.4432294368744	0.28915177194102926	0.0	1
348	1012.334682226181	0.28923007354764485	7.830160661559393e-05	0
349	1015.2271523475647	0.2892695171935551	3.9443645910242076e-05	0
350	1018.1504724025726	0.28976626835267116	0.0004967511591160712	0
351	1021.049966096878	0.2898267741396014	6.0505786930231675e-05	0
352	1023.9572312831879	0.2898267741396014	0.0	1
353	1026.841604232788	0.29030392737070954	0.00047715323110814056	0
354	1029.7494208812714	0.29030392737070954	0.0	1
355	1032.6500239372253	0.29066155576732333	0.0003576283966137961	0
356	1035.5292551517487	0.29088884667950726	0.0002272909121839306	0
357	1038.4156742095947	0.29088884667950726	0.0	1
358	1041.290782213211	0.29088884667950726	0.0	2
359	1044.2396502494812	0.2911891905578174	0.00030034387831012754	0
360	1047.1539726257324	0.2911891905578174	0.0	1
361	1050.0607373714447	0.29121014006706725	2.0949509249856835e-05	0
362	1052.9542989730835	0.29121014006706725	0.0	1
363	1055.8455228805542	0.29136075127012595	0.00015061120305870368	0
364	1058.7655594348907	0.2913998344943717	3.908322424572841e-05	0
365	1061.6655294895172	0.2913998344943717	0.0	1
366	1064.577095746994	0.2915843703866027	0.00018453589223099698	0
367	1067.419240474701	0.2915843703866027	0.0	1
368	1070.329107284546	0.2915843703866027	0.0	2
369	1073.2402420043945	0.29222950263972824	0.0006451322531255688	0
370	1076.151786327362	0.29222950263972824	0.0	1
371	1079.0284540653229	0.2922617603787023	3.2257738974028616e-05	0
372	1081.927371263504	0.29241397095289723	0.00015221057419495532	0
373	1084.8244094848633	0.29241397095289723	0.0	1
374	1087.773164987564	0.2926111666560943	0.000197195703197095	0
375	1090.6658959388733	0.2926111666560943	0.0	1
376	1093.5874254703522	0.29263078711045626	1.9620454361934936e-05	0
377	1096.4523947238922	0.29263078711045626	0.0	1
378	1099.2935557365417	0.2927515283680684	0.00012074125761213361	0
379	1102.154587984085	0.2927515283680684	0.0	1
380	1105.0302231311798	0.29286557929853296	0.00011405093046457093	0
381	1108.0058913230896	0.2929164888586455	5.090956011255532e-05	0
382	1110.9209773540497	0.29300841890945056	9.193005080504468e-05	0
383	1113.8205933570862	0.2931124456123708	0.00010402670292025684	0
384	1116.705088376999	0.2933241708139186	0.0002117252015477744	0
385	1119.6202855110168	0.2933241708139186	0.0	1
386	1122.4768376350403	0.29358745883984594	0.000263288025927344	0
387	1125.402620792389	0.29379576003558083	0.00020830119573489458	0
388	1128.3202295303345	0.29379576003558083	0.0	1
389	1131.1958694458008	0.2938764944884319	8.073445285106118e-05	0
390	1134.1018385887146	0.29452414969320906	0.0006476552047771644	0
391	1137.0172638893127	0.29452414969320906	0.0	1
392	1139.93164229393	0.29452414969320906	0.0	2
393	1142.8422677516937	0.29469411103438137	0.00016996134117230888	0
394	1145.7675528526306	0.29503065476362106	0.0003365437292396911	0
395	1148.6964802742004	0.2952065405359038	0.0001758857722827245	0
396	1151.5780205726624	0.2952065405359038	0.0	1
397	1154.5540132522583	0.2952306212083641	2.4080672460291552e-05	0
398	1157.4999017715454	0.2952306212083641	0.0	1
399	1160.3649592399597	0.29537105049940027	0.00014042929103619262	0
400	1163.2587549686432	0.2956653122621217	0.00029426176272145943	0
401	1166.1771612167358	0.2960343840465838	0.00036907178446204947	0
402	1169.1299407482147	0.2960343840465838	0.0	1
403	1172.041610956192	0.29621891993881483	0.0001845358922310525	0
404	1174.9363713264465	0.29621891993881483	0.0	1
405	1177.8538882732391	0.296412669109845	0.00019374917103015532	0
406	1180.7517664432526	0.296412669109845	0.0	1
407	1183.6152987480164	0.2967797360487982	0.00036706693895321996	0
408	1186.5656957626343	0.29730493799305685	0.0005252019442586464	0
409	1189.4484214782715	0.29730493799305685	0.0	1
410	1192.3483307361603	0.2974782782873339	0.00017334029427706898	0
411	1195.2532198429108	0.29766535965757057	0.0001870813702366525	0
412	1198.1454420089722	0.2977513878036192	8.60281460486334e-05	0
413	1201.0481686592102	0.297981336825579	0.0002299490219597744	0
414	1203.9884614944458	0.2982162866981339	0.00023494987255490152	0
415	1206.9147634506226	0.2982162866981339	0.0	1
416	1209.818755865097	0.2982162866981339	0.0	2
417	1212.7212405204773	0.29868301022732513	0.0004667235291912486	0
418	1215.659262418747	0.29868301022732513	0.0	1
419	1218.5778243541718	0.29868301022732513	0.0	2
420	1221.4888088703156	0.29871709260097573	3.4082373650601294e-05	0
421	1224.396720647812	0.2988675461195562	0.0001504535185804512	0
422	1227.2978270053864	0.29908879996885956	0.0002212538493033822	0
423	1230.1846022605896	0.29908879996885956	0.0	1
424	1233.0981049537659	0.29908879996885956	0.0	2
425	1235.9735207557678	0.2992366179040183	0.00014781793515872277	0
426	1238.8563375473022	0.29925905415263426	2.2436248615975707e-05	0
427	1241.7929508686066	0.29952928029560344	0.0002702261429691766	0
428	1244.6833901405334	0.29952928029560344	0.0	1
429	1247.5370118618011	0.29952928029560344	0.0	2
430	1250.4317104816437	0.29967838223294196	0.00014910193733852495	0
431	1253.3995542526245	0.2996875955117411	9.213278799158342e-06	0
432	1256.3759505748749	0.2996875955117411	0.0	1
433	1259.2836065292358	0.2996875955117411	0.0	2
434	1262.1960053443909	0.299862918125173	0.00017532261343189415	0
435	1265.0985176563263	0.29995554649295303	9.262836778001216e-05	0
436	1268.0065746307373	0.300047454017404	9.190752445098482e-05	0
437	1270.9416997432709	0.300047454017404	0.0	1
438	1273.855102777481	0.300047454017404	0.0	2
439	1276.7590639591217	0.300047454017404	0.0	3
440	1279.6490745544434	0.3002753756675009	0.00022792165009688503	0
441	1282.5339436531067	0.3002753756675009	0.0	1
442	1285.3976757526398	0.3003581600185689	8.278435106801041e-05	0
443	1288.2972140312195	0.30045991155973195	0.00010175154116304208	0
444	1291.166228055954	0.30045991155973195	0.0	1
445	1294.0534312725067	0.3005176916578243	5.778009809237483e-05	0
446	1296.968209028244	0.3005743454382151	5.6653780390769626e-05	0
447	1299.8703305721283	0.3009456923844344	0.00037134694621931974	0
448	1302.7139780521393	0.3009456923844344	0.0	1
449	1305.5910904407501	0.3010422628641701	9.657047973565813e-05	0
450	1308.4671921730042	0.3010669968008973	2.4733936727250327e-05	0
451	1311.3615155220032	0.30131476416889647	0.000247767367999141	0
452	1314.2560334205627	0.30131476416889647	0.0	1
453	1317.1481356620789	0.3014718854882704	0.00015712131937395402	0
454	1320.0894331932068	0.3014718854882704	0.0	1
455	1322.989543914795	0.3014718854882704	0.0	2
456	1325.872909784317	0.3014718854882704	0.0	3
457	1328.7364826202393	0.30184645370311636	0.0003745682148459384	0
458	1331.6309661865234	0.30184645370311636	0.0	1
459	1334.5702052116394	0.30184645370311636	0.0	2
460	1337.4134469032288	0.3020243443209079	0.00017789061779155402	0
461	1340.3319072723389	0.3020243443209079	0.0	1
462	1343.1584160327911	0.3020243443209079	0.0	2
463	1346.014188528061	0.30228781255766746	0.00026346823675954534	0
464	1348.8703293800354	0.3024723484498985	0.0001845358922310525	0
465	1351.6971485614777	0.3024723484498985	0.0	1
466	1354.607681274414	0.3024723484498985	0.0	2
467	1357.472514629364	0.3024723484498985	0.0	3
468	1360.3353278636932	0.3024723484498985	0.0	4
469	1363.2340590953827	0.30265688434212956	0.0001845358922310525	0
470	1366.113385438919	0.30265688434212956	0.0	1
471	1368.9269375801086	0.3027863658251061	0.0001294814829765345	0
472	1371.7727949619293	0.3027863658251061	0.0	1
473	1374.7173235416412	0.3027863658251061	0.0	2
474	1377.626165151596	0.3029818044726887	0.00019543864758259089	0
475	1380.519318819046	0.3029818044726887	0.0	1
476	1383.417517900467	0.3031010589909347	0.00011925451824601474	0
477	1386.3139464855194	0.3031183367044773	1.7277713542596107e-05	0
478	1389.1742997169495	0.3031554376095682	3.710090509090325e-05	0
479	1392.0555579662323	0.30386213438826354	0.0007066967786953371	0
480	1395.0147001743317	0.30386213438826354	0.0	1
481	1397.9349541664124	0.30386213438826354	0.0	2
482	1400.814295053482	0.30413950138546086	0.0002773669971973258	0
483	1403.7726101875305	0.30413950138546086	0.0	1
484	1406.684077501297	0.30413950138546086	0.0	2
485	1409.5905451774597	0.30413950138546086	0.0	3
486	1412.4551150798798	0.30419275368639276	5.325230093189415e-05	0
487	1415.3088314533234	0.30419275368639276	0.0	1
488	1418.1681990623474	0.30453806016735097	0.0003453064809582074	0
489	1421.0642850399017	0.30453806016735097	0.0	1
490	1423.9473323822021	0.30453806016735097	0.0	2
491	1426.763709783554	0.30465357531082765	0.00011551514347668546	0
492	1429.677487373352	0.30465357531082765	0.0	1
493	1432.5436491966248	0.30490713195181307	0.0002535566409854195	0
494	1435.4213943481445	0.30490713195181307	0.0	1
495	1438.2926127910614	0.30490713195181307	0.0	2
496	1441.211856842041	0.30490713195181307	0.0	3
497	1444.116106748581	0.30490713195181307	0.0	4
498	1447.029090166092	0.3051168973605601	0.0002097654087470091	0
499	1449.9151513576508	0.3051168973605601	0.0	1
500	1452.8093316555023	0.3051168973605601	0.0	2
501	1455.7400188446045	0.3051168973605601	0.0	3
502	1458.635326385498	0.30515962985415895	4.2732493598873766e-05	0
503	1461.5560805797577	0.3053030100975734	0.000143380243414426	0
504	1464.4585933685303	0.3053030100975734	0.0	1
505	1467.3706922531128	0.30540629343081055	0.00010328333323716965	0
506	1470.266242980957	0.3054875459898044	8.125255899382733e-05	0
507	1473.1579294204712	0.3054875459898044	0.0	1
508	1476.0316517353058	0.3056013716567286	0.00011382566692424989	0
509	1478.9199736118317	0.3056013716567286	0.0	1
510	1481.8298285007477	0.30569390991909257	9.253826236393925e-05	0
511	1484.7033832073212	0.305850670816802	0.00015676089770944035	0
512	1487.5831236839294	0.305850670816802	0.0	1
513	1490.4639389514923	0.305850670816802	0.0	2
514	1493.3595201969147	0.3058566177742665	5.9469574644754886e-06	0
515	1496.261025428772	0.30621974260126406	0.000363124826997574	0
516	1499.1587359905243	0.30621974260126406	0.0	1
517	1502.0563831329346	0.30621974260126406	0.0	2
518	1504.923418045044	0.3062668452075452	4.710260628115748e-05	0
519	1507.7922446727753	0.3062668452075452	0.0	1
520	1510.6693665981293	0.3062796852293435	1.284002179829935e-05	0
521	1513.586196422577	0.3062796852293435	0.0	1
522	1516.454387664795	0.3062796852293435	0.0	2
523	1519.3553593158722	0.30642259241932324	0.00014290718997972407	0
524	1522.244479894638	0.30642259241932324	0.0	1
525	1525.143728017807	0.30667982085601586	0.00025722843669262474	0
526	1528.0286271572113	0.30667982085601586	0.0	1
527	1530.9032933712006	0.30675298645391214	7.316559789627419e-05	0
528	1533.7748334407806	0.30675298645391214	0.0	1
529	1536.671844959259	0.3069375223461432	0.0001845358922310525	0
530	1539.552054643631	0.30715496924161517	0.00021744689547198437	0
531	1542.4978206157684	0.3071700393724626	1.5070130847449903e-05	0
532	1545.436583995819	0.3075391111569247	0.000369071784462105	0
533	1548.370090007782	0.3075391111569247	0.0	1
534	1551.2703216075897	0.3075391111569247	0.0	2
535	1554.1512236595154	0.30809409294121376	0.0005549817842890326	0
536	1557.0469424724579	0.30809409294121376	0.0	1
537	1559.9173758029938	0.30809409294121376	0.0	2
538	1562.7858448028564	0.3082479479392531	0.00015385499803932667	0
539	1565.6637508869171	0.3082479479392531	0.0	1
540	1568.5613737106323	0.3082479479392531	0.0	2
541	1571.402284860611	0.3082479479392531	0.0	3
542	1574.2786257266998	0.3082479479392531	0.0	4
543	1577.1795227527618	0.3082479479392531	0.0	5
544	1580.0031752586365	0.3082479479392531	0.0	6
545	1582.900443315506	0.30833386345353153	8.591551427844513e-05	0
546	1585.7780094146729	0.30857505312615335	0.00024118967262182212	0
547	1588.6597135066986	0.30932747840353386	0.0007524252773805085	0
548	1591.5484795570374	0.30932747840353386	0.0	1
549	1594.413966178894	0.30932747840353386	0.0	2
550	1597.3372151851654	0.30932747840353386	0.0	3
551	1600.193120956421	0.3097810690683244	0.00045359066479055965	0
552	1603.0796988010406	0.3097810690683244	0.0	1
553	1605.9222240447998	0.3097810690683244	0.0	2
554	1608.839867591858	0.3097810690683244	0.0	3
555	1611.6811723709106	0.3097810690683244	0.0	4
556	1614.507003068924	0.3097810690683244	0.0	5
557	1617.3704452514648	0.3097810690683244	0.0	6
558	1620.2632973194122	0.3098033926851702	2.232361684578743e-05	0
559	1623.1302862167358	0.3098033926851702	0.0	1
560	1625.9859738349915	0.3098033926851702	0.0	2
561	1628.8449470996857	0.30992147583300655	0.00011808314783634533	0
562	1631.7460641860962	0.30992147583300655	0.0	1
563	1634.6156022548676	0.3100301204385034	0.00010864460549686594	0
564	1637.4949581623077	0.3100301204385034	0.0	1
565	1640.3785195350647	0.3100301204385034	0.0	2
566	1643.256793498993	0.3101237624922149	9.36420537114846e-05	0
567	1646.145417690277	0.3101237624922149	0.0	1
568	1648.9977052211761	0.31051078778084057	0.0003870252886256642	0
569	1651.8527562618256	0.31051078778084057	0.0	1
570	1654.7296810150146	0.31051078778084057	0.0	2
571	1657.5678398609161	0.31051078778084057	0.0	3
572	1660.4089908599854	0.3107459178642277	0.00023513008338715835	0
573	1663.2588155269623	0.3111149896486898	0.00036907178446204947	0
574	1666.1129431724548	0.3111149896486898	0.0	1
575	1668.9703199863434	0.3111149896486898	0.0	2
576	1671.809292793274	0.31125197240755903	0.00013698275886925293	0
577	1674.6825985908508	0.31125197240755903	0.0	1
578	1677.5752534866333	0.31125197240755903	0.0	2
579	1680.4289486408234	0.31125197240755903	0.0	3
580	1683.2714648246765	0.31133649128788754	8.451888032851018e-05	0
581	1686.15549659729	0.3114840614331519	0.00014757014526434187	0
582	1689.0590906143188	0.31189009896458064	0.0004060375314287601	0
583	1691.9492523670197	0.31189009896458064	0.0	1
584	1694.804031610489	0.31189009896458064	0.0	2
585	1697.6844737529755	0.31189009896458064	0.0	3
586	1700.6053738594055	0.31189009896458064	0.0	4
587	1703.5156607627869	0.3120746348568117	0.0001845358922310525	0
588	1706.3706924915314	0.3120746348568117	0.0	1
589	1709.2378587722778	0.3120746348568117	0.0	2
590	1712.0834250450134	0.3120746348568117	0.0	3
591	1714.9299402236938	0.3120746348568117	0.0	4
592	1717.7876930236816	0.3121818377756505	0.00010720291883881128	0
593	1720.682058095932	0.31225917074904275	7.733297339224121e-05	0
594	1723.5207676887512	0.31244370664127374	0.00018453589223099698	0
595	1726.3690056800842	0.3126282425335048	0.0001845358922310525	0
596	1729.2532935142517	0.3126282425335048	0.0	1
597	1732.1561527252197	0.3128039030422472	0.00017566050874240347	0
598	1734.9908583164215	0.3129973143179669	0.00019341127571970151	0
599	1737.857966184616	0.3129973143179669	0.0	1
600	1740.7053136825562	0.3129973143179669	0.0	2
601	1743.5845801830292	0.3129973143179669	0.0	3
602	1746.456691980362	0.3129973143179669	0.0	4
603	1749.3665459156036	0.3129973143179669	0.0	5
604	1752.2538015842438	0.3129973143179669	0.0	6
605	1755.111290693283	0.31317297482670925	0.00017566050874234795	0
606	1757.9629709720612	0.3133575107189403	0.0001845358922310525	0
607	1760.8284630775452	0.31354204661117135	0.0001845358922310525	0
608	1763.7160184383392	0.31354204661117135	0.0	1
609	1766.6165199279785	0.31354204661117135	0.0	2
610	1769.4767906665802	0.31354204661117135	0.0	3
611	1772.3592269420624	0.3135905909041105	4.854429293915663e-05	0
612	1775.210527896881	0.3139111183956334	0.00032052749152289284	0
613	1778.0533623695374	0.31397130881360724	6.019041797383773e-05	0
614	1780.9474647045135	0.31421245343352094	0.0002411446199137024	0
615	1783.8380703926086	0.31452491649030034	0.00031246305677939956	0
616	1786.7298879623413	0.3147094523825314	0.0001845358922310525	0
617	1789.614890575409	0.3147094523825314	0.0	1
618	1792.4650778770447	0.3147094523825314	0.0	2
619	1795.336805343628	0.3147094523825314	0.0	3
620	1798.2187242507935	0.3147094523825314	0.0	4
621	1801.1223754882812	0.3147094523825314	0.0	5
622	1804.0043861865997	0.3148939882747624	0.00018453589223099698	0
623	1806.8717286586761	0.31507852416699345	0.0001845358922310525	0
624	1809.742108821869	0.31507852416699345	0.0	1
625	1812.6729431152344	0.31507852416699345	0.0	2
626	1815.5659534931183	0.31511093959044567	3.241542345222559e-05	0
627	1818.4435775279999	0.31511093959044567	0.0	1
628	1821.3211588859558	0.3151235994014117	1.2659810966042517e-05	0
629	1824.21772646904	0.3154800113749077	0.00035641197349600695	0
630	1827.1010763645172	0.3154800113749077	0.0	1
631	1830.037481546402	0.3154800113749077	0.0	2
632	1832.9472386837006	0.31549267118587376	1.2659810966042517e-05	0
633	1835.9296560287476	0.31549267118587376	0.0	1
634	1838.805773973465	0.31563213184368655	0.00013946065781278438	0
635	1841.6703624725342	0.3156645472671388	3.241542345222559e-05	0
636	1844.5697493553162	0.3156772070781048	1.2659810966042517e-05	0
637	1847.425975561142	0.3156772070781048	0.0	1
638	1850.2956297397614	0.31571881325400214	4.160617589732407e-05	0
639	1853.1464626789093	0.3158490831593698	0.0001302699053676859	0
640	1856.0159938335419	0.31608955198866256	0.00024046882929273927	0
641	1858.9143872261047	0.31608955198866256	0.0	1
642	1861.8140487670898	0.31608955198866256	0.0	2
643	1864.6762156486511	0.31608955198866256	0.0	3
644	1867.5457699298859	0.31608955198866256	0.0	4
645	1870.435082912445	0.31608955198866256	0.0	5
646	1873.3383541107178	0.31645862377312467	0.000369071784462105	0
647	1876.2351627349854	0.31645862377312467	0.0	1
648	1879.1431629657745	0.31645862377312467	0.0	2
649	1882.0190479755402	0.31645862377312467	0.0	3
650	1884.9252297878265	0.31645862377312467	0.0	4
651	1887.8273499011993	0.31654854897842083	8.992520529615966e-05	0
652	1890.7634267807007	0.316818752595036	0.0002702036166151722	0
653	1893.6964581012726	0.316818752595036	0.0	1
654	1896.5954496860504	0.316818752595036	0.0	2
655	1899.4750339984894	0.316818752595036	0.0	3
656	1902.3902184963226	0.31691762076288293	9.886816784693275e-05	0
657	1905.2688701152802	0.31691762076288293	0.0	1
658	1908.1714441776276	0.31706019005755215	0.00014256929466921475	0
659	1911.0360341072083	0.31706019005755215	0.0	1
660	1913.9123618602753	0.31706019005755215	0.0	2
661	1916.8135437965393	0.31710215665511393	4.1966597561782226e-05	0
662	1919.6790974140167	0.31710215665511393	0.0	1
663	1922.5729775428772	0.31721449558267206	0.00011233892755813102	0
664	1925.4702408313751	0.3173990314749031	0.0001845358922310525	0
665	1928.3522052764893	0.3173990314749031	0.0	1
666	1931.2655699253082	0.3173990314749031	0.0	2
667	1934.1465017795563	0.31756797913014395	0.00016894765524083644	0
668	1937.0599942207336	0.31756797913014395	0.0	1
669	1939.9758071899414	0.317662026658228	9.404752808406247e-05	0
670	1942.8954577445984	0.317662026658228	0.0	1
671	1945.7813930511475	0.31802848538562234	0.0003664587273943254	0
672	1948.656661272049	0.31802848538562234	0.0	1
673	1951.5531930923462	0.31802848538562234	0.0	2
674	1954.4367666244507	0.31802848538562234	0.0	3
675	1957.3174488544464	0.3184128976171803	0.00038441223155794013	0
676	1960.2103836536407	0.3184128976171803	0.0	1
677	1963.1073336601257	0.31854168078318185	0.00012878316600156703	0
678	1965.9736177921295	0.31854168078318185	0.0	1
679	1968.8348805904388	0.3189894596486321	0.0004477788654502768	0
680	1971.737581729889	0.3189894596486321	0.0	1
681	1974.620033979416	0.3189894596486321	0.0	2
682	1977.528145313263	0.3189894596486321	0.0	3
683	1980.482451915741	0.3189894596486321	0.0	4
684	1983.395280122757	0.3189894596486321	0.0	5
685	1986.2644109725952	0.3189894596486321	0.0	6
686	1989.1534366607666	0.3189894596486321	0.0	7
687	1992.0732967853546	0.3189894596486321	0.0	8
688	1995.0075216293335	0.31961533186906027	0.0006258722204281475	0
689	1997.8927257061005	0.31961533186906027	0.0	1
690	2000.752034187317	0.31969077262871376	7.544075965348895e-05	0
691	2003.6506552696228	0.31976749739054716	7.672476183340216e-05	0
692	2006.5149023532867	0.3198739118869948	0.00010641449644765988	0
693	2009.376672744751	0.3198739118869948	0.0	1
694	2012.2741196155548	0.31991617132715905	4.2259440164227335e-05	0
695	2015.1598794460297	0.31999746893886094	8.129761170189154e-05	0
696	2018.035429239273	0.31999746893886094	0.0	1
697	2020.9687716960907	0.32003310563093973	3.563669207878872e-05	0
698	2023.8638060092926	0.3202556209560689	0.00022251532512918004	0
699	2026.7507195472717	0.320347573533228	9.195257715910454e-05	0
700	2029.6198287010193	0.320347573533228	0.0	1
701	2032.5494737625122	0.320347573533228	0.0	2
702	2035.4362156391144	0.320347573533228	0.0	3
703	2038.306993484497	0.320347573533228	0.0	4
704	2041.193956375122	0.320347573533228	0.0	5
705	2044.140925168991	0.320347573533228	0.0	6
706	2047.024869441986	0.32044328801151045	9.571447828243818e-05	0
707	2049.9618372917175	0.32044328801151045	0.0	1
708	2052.8464648723602	0.3205888307849119	0.0001455427734014525	0
709	2055.7405545711517	0.3205888307849119	0.0	1
710	2058.6061398983	0.3205888307849119	0.0	2
711	2061.4914371967316	0.3205888307849119	0.0	3
712	2064.41756439209	0.3205888307849119	0.0	4
713	2067.328770637512	0.3205888307849119	0.0	5
714	2070.21390914917	0.3208107378984822	0.00022190711357028547	0
715	2073.0575115680695	0.3208107378984822	0.0	1
716	2075.9623301029205	0.3208107378984822	0.0	2
717	2078.8262026309967	0.3208107378984822	0.0	3
718	2081.7613410949707	0.3208341653066756	2.3427408193388288e-05	0
719	2084.683262825012	0.321142438461605	0.0003082731549294282	0
720	2087.620676755905	0.321142438461605	0.0	1
721	2090.5027117729187	0.321142438461605	0.0	2
722	2093.40118765831	0.3212766504789283	0.00013421201732327637	0
723	2096.2606148719788	0.3212766504789283	0.0	1
724	2099.1834874153137	0.3212766504789283	0.0	2
725	2102.076873064041	0.32132697435383606	5.032387490777612e-05	0
726	2105.023580789566	0.32132697435383606	0.0	1
727	2107.8966059684753	0.32132697435383606	0.0	2
728	2110.824245452881	0.32132697435383606	0.0	3
729	2113.753274202347	0.32132697435383606	0.0	4
730	2116.683449268341	0.32135281208191085	2.5837728074795674e-05	0
731	2119.6253130435944	0.32146118637115934	0.00010837428924848069	0
732	2122.590205192566	0.32154419598576767	8.300961460833145e-05	0
733	2125.5110552310944	0.3216457222633904	0.00010152627762272104	0
734	2128.4581682682037	0.3216573008093629	1.157854597250152e-05	0
735	2131.336427927017	0.32183025815562144	0.00017295734625855097	0
736	2134.238732099533	0.32183025815562144	0.0	1
737	2137.1510713100433	0.32183025815562144	0.0	2
738	2140.0638246536255	0.32183025815562144	0.0	3
739	2142.9374890327454	0.32184183670159394	1.157854597250152e-05	0
740	2145.8473234176636	0.32184183670159394	0.0	1
741	2148.7575163841248	0.32184183670159394	0.0	2
742	2151.6513323783875	0.32184183670159394	0.0	3
743	2154.4852709770203	0.32184183670159394	0.0	4
744	2157.375700712204	0.32184183670159394	0.0	5
745	2160.246937274933	0.32184183670159394	0.0	6
746	2163.204535961151	0.3221993299400835	0.00035749323848954795	0
747	2166.1229197978973	0.32221241775177617	1.3087811692680251e-05	0
748	2169.0395078659058	0.3223969536440072	0.0001845358922310525	0
749	2171.894557952881	0.3223969536440072	0.0	1
750	2174.7446188926697	0.3223969536440072	0.0	2
751	2177.646454334259	0.3223969536440072	0.0	3
752	2180.5273203849792	0.3223969536440072	0.0	4
753	2183.4044778347015	0.3223969536440072	0.0	5
754	2186.262802839279	0.3228213952066802	0.0004244415626729614	0
755	2189.140159845352	0.3228213952066802	0.0	1
756	2192.0528767108917	0.3229367751920327	0.00011537998535249283	0
757	2194.8883719444275	0.3229367751920327	0.0	1
758	2197.7860736846924	0.3229367751920327	0.0	2
759	2200.6335167884827	0.3229367751920327	0.0	3
760	2203.4806010723114	0.3229367751920327	0.0	4
761	2206.3678879737854	0.3229367751920327	0.0	5
762	2209.2513887882233	0.3229367751920327	0.0	6
763	2212.121792793274	0.3229367751920327	0.0	7
764	2215.0024240016937	0.32312131108426373	0.0001845358922310525	0
765	2217.9356541633606	0.32312131108426373	0.0	1
766	2220.7990000247955	0.32312131108426373	0.0	2
767	2223.7291824817657	0.3233058469764947	0.00018453589223099698	0
768	2226.627046108246	0.3233058469764947	0.0	1
769	2229.5923845767975	0.3233058469764947	0.0	2
770	2232.469823360443	0.3233058469764947	0.0	3
771	2235.321503639221	0.3233058469764947	0.0	4
772	2238.2109336853027	0.3233058469764947	0.0	5
773	2241.111911058426	0.3233058469764947	0.0	6
774	2244.0365719795227	0.3233643929706242	5.854599412946637e-05	0
775	2246.9187088012695	0.3234903828687258	0.00012598989810158612	0
776	2249.775477409363	0.3234903828687258	0.0	1
777	2252.6911437511444	0.3234903828687258	0.0	2
778	2255.6055188179016	0.3234903828687258	0.0	3
779	2258.454167842865	0.3234903828687258	0.0	4
780	2261.3659567832947	0.32367491876095683	0.0001845358922310525	0
781	2264.295192718506	0.32367491876095683	0.0	1
782	2267.187043428421	0.32367491876095683	0.0	2
783	2270.1017229557037	0.32367491876095683	0.0	3
784	2272.9951608181	0.32367491876095683	0.0	4
785	2275.861597061157	0.32367491876095683	0.0	5
786	2278.733011484146	0.32367491876095683	0.0	6
787	2281.627661705017	0.323690461945239	1.5543184282151845e-05	0
788	2284.4525039196014	0.3238594546531879	0.00016899270794890064	0
789	2287.3535165786743	0.3238594546531879	0.0	1
790	2290.2417747974396	0.3238594546531879	0.0	2
791	2293.11564040184	0.3238594546531879	0.0	3
792	2295.989347934723	0.3240439905454189	0.00018453589223099698	0
793	2298.8387501239777	0.3240439905454189	0.0	1
794	2301.7333858013153	0.3240439905454189	0.0	2
795	2304.5896365642548	0.3241831133079212	0.00013912276250233058	0
796	2307.4313604831696	0.3241831133079212	0.0	1
797	2310.3173236846924	0.3241831133079212	0.0	2
798	2313.245354652405	0.3241831133079212	0.0	3
799	2316.109400033951	0.32436764920015226	0.0001845358922310525	0
800	2318.9642622470856	0.32436764920015226	0.0	1
801	2321.856622695923	0.32436764920015226	0.0	2
802	2324.783921480179	0.32450123047956264	0.00013358127941037745	0
803	2327.6707441806793	0.32458667294040644	8.54424608437987e-05	0
804	2330.525501012802	0.32458667294040644	0.0	1
805	2333.439615249634	0.32459759822211204	1.0925281705598255e-05	0
806	2336.32457113266	0.32459759822211204	0.0	1
807	2339.1645245552063	0.32459759822211204	0.0	2
808	2342.0605664253235	0.32459759822211204	0.0	3
809	2344.9819135665894	0.3246608747505882	6.327652847615273e-05	0
810	2347.808244228363	0.32467639540851634	1.5520657928147497e-05	0
811	2350.6964643001556	0.3249592363097435	0.0002828409012271549	0
812	2353.5929248332977	0.3249592363097435	0.0	1
813	2356.49227809906	0.3249592363097435	0.0	2
814	2359.3863894939423	0.3249592363097435	0.0	3
815	2362.2754878997803	0.3249592363097435	0.0	4
816	2365.146917104721	0.3249592363097435	0.0	5
817	2368.01278758049	0.3249592363097435	0.0	6
818	2370.9149742126465	0.32528913476454374	0.00032989845480024815	0
819	2373.768408060074	0.32528913476454374	0.0	1
820	2376.632340192795	0.32528913476454374	0.0	2
821	2379.492245912552	0.32542715373569847	0.00013801897115472972	0
822	2382.3561272621155	0.32542715373569847	0.0	1
823	2385.179048061371	0.32542715373569847	0.0	2
824	2388.065609931946	0.32586058331363027	0.0004334295779317987	0
825	2390.954431295395	0.32586058331363027	0.0	1
826	2393.8079340457916	0.32586058331363027	0.0	2
827	2396.7048223018646	0.32586058331363027	0.0	3
828	2399.5870299339294	0.32586058331363027	0.0	4
829	2402.403238296509	0.32586058331363027	0.0	5
830	2405.3112800121307	0.32586058331363027	0.0	6
831	2408.2512900829315	0.32586058331363027	0.0	7
832	2411.1922948360443	0.3259799729900005	0.00011938967637020736	0
833	2414.09632396698	0.3259799729900005	0.0	1
834	2417.001997947693	0.3259799729900005	0.0	2
835	2419.889346599579	0.3259799729900005	0.0	3
836	2422.788877725601	0.3260160827355139	3.6109745513435154e-05	0
837	2425.662126302719	0.3260160827355139	0.0	1
838	2428.5433197021484	0.3262296550980924	0.00021357236257846246	0
839	2431.453474998474	0.3262296550980924	0.0	1
840	2434.351678133011	0.3262296550980924	0.0	2
841	2437.24227976799	0.3263593393182552	0.0001296842201628512	0
842	2440.098624229431	0.32641892152467017	5.958220641494316e-05	0
843	2442.968287706375	0.32641892152467017	0.0	1
844	2445.8493432998657	0.32641892152467017	0.0	2
845	2448.767283678055	0.32671345360363996	0.00029453207896978917	0
846	2451.69424700737	0.32671345360363996	0.0	1
847	2454.5968091487885	0.3267823391942702	6.888559063022992e-05	0
848	2457.463397026062	0.3267823391942702	0.0	1
849	2460.3102283477783	0.3267915299467153	9.190752445098482e-06	0
850	2463.1998937129974	0.32689382212037504	0.00010229217365975707	0
851	2466.085004091263	0.32689382212037504	0.0	1
852	2468.919153213501	0.3269974658752768	0.00010364375490173883	0
853	2471.7784600257874	0.3269974658752768	0.0	1
854	2474.6910820007324	0.3269974658752768	0.0	2
855	2477.530820608139	0.32704164005553377	4.417418025698394e-05	0
856	2480.3916556835175	0.3272470804043066	0.00020544034877284512	0
857	2483.2730395793915	0.3272470804043066	0.0	1
858	2486.1136701107025	0.327316799470036	6.971906572939002e-05	0
859	2488.98858499527	0.327316799470036	0.0	1
860	2491.846517562866	0.327316799470036	0.0	2
861	2494.7096235752106	0.3275337733120733	0.00021697384203728243	0
862	2497.5972237586975	0.3275337733120733	0.0	1
863	2500.4594180583954	0.32773596986586545	0.0002021965537921666	0
864	2503.3671209812164	0.32773596986586545	0.0	1
865	2506.2886288166046	0.32773596986586545	0.0	2
866	2509.170310020447	0.32773596986586545	0.0	3
867	2512.009378194809	0.32773596986586545	0.0	4
868	2514.8770093917847	0.32773596986586545	0.0	5
869	2517.7074477672577	0.3277586539043758	2.2684038510356608e-05	0
870	2520.5785245895386	0.3279338864123916	0.00017523250801576573	0
871	2523.430118083954	0.3280503701890916	0.00011648377670003818	0
872	2526.2842078208923	0.32823490608132266	0.0001845358922310525	0
873	2529.075216293335	0.32823490608132266	0.0	1
874	2531.9563314914703	0.32823490608132266	0.0	2
875	2534.852243423462	0.32823490608132266	0.0	3
876	2537.765414237976	0.32823490608132266	0.0	4
877	2540.6250603199005	0.32827040761527726	3.55015339545961e-05	0
878	2543.506546020508	0.32827761604856753	7.2084332902733195e-06	0
879	2546.390230178833	0.32827761604856753	0.0	1
880	2549.241851091385	0.32828484700821187	7.230959644333179e-06	0
881	2552.1710875034332	0.3284194419735537	0.0001345949653418499	0
882	2555.052890062332	0.3284194419735537	0.0	1
883	2557.9770340919495	0.3284194419735537	0.0	2
884	2560.882577896118	0.3284549435075083	3.55015339545961e-05	0
885	2563.748778820038	0.3284549435075083	0.0	1
886	2566.598916530609	0.3286355147614297	0.00018057125392140216	0
887	2569.4708812236786	0.3286390964517208	3.5816902910768e-06	0
888	2572.3467495441437	0.3287284810245202	8.938457279938916e-05	0
889	2575.198272228241	0.3287534402247878	2.495920026762688e-05	0
890	2578.0646092891693	0.32878851375801577	3.5073533227958364e-05	0
891	2580.9256503582	0.3288200506536607	3.153689564494577e-05	0
892	2583.7554593086243	0.3289379761170188	0.00011792546335809284	0
893	2586.592164039612	0.3289379761170188	0.0	1
894	2589.414820432663	0.3289379761170188	0.0	2
895	2592.218547821045	0.32900458654589176	6.661042887295965e-05	0
896	2595.0754492282867	0.32912251200924986	0.00011792546335809284	0
897	2597.9766545295715	0.32912251200924986	0.0	1
898	2600.866030931473	0.32912251200924986	0.0	2
899	2603.7372975349426	0.3291291347573353	6.622748085438612e-06	0
900	2606.569215774536	0.3291291347573353	0.0	1
901	2609.41508436203	0.3291291347573353	0.0	2
902	2612.2487993240356	0.3291291347573353	0.0	3
903	2615.137887954712	0.3291291347573353	0.0	4
904	2617.996937274933	0.32942670789409945	0.000297573136764151	0
905	2620.8054616451263	0.32942670789409945	0.0	1
906	2623.637912273407	0.32942670789409945	0.0	2
907	2626.470687389374	0.32942670789409945	0.0	3
908	2629.3039684295654	0.32942670789409945	0.0	4
909	2632.182596921921	0.3296112437863305	0.0001845358922310525	0
910	2635.0038599967957	0.3297291692496886	0.00011792546335809284	0
911	2637.9009182453156	0.3297291692496886	0.0	1
912	2640.8216650485992	0.3297291692496886	0.0	2
913	2643.7294890880585	0.3297291692496886	0.0	3
914	2646.56520152092	0.3297291692496886	0.0	4
915	2649.465409517288	0.3297291692496886	0.0	5
916	2652.349854707718	0.3297291692496886	0.0	6
917	2655.2392971515656	0.3297291692496886	0.0	7
918	2658.099617958069	0.3297291692496886	0.0	8
919	2660.9611065387726	0.32979577967856155	6.661042887295965e-05	0
920	2663.8438699245453	0.32979577967856155	0.0	1
921	2666.7080438137054	0.32979577967856155	0.0	2
922	2669.517879962921	0.32979577967856155	0.0	3
923	2672.393898010254	0.32991370514191964	0.00011792546335809284	0
924	2675.2390010356903	0.32991370514191964	0.0	1
925	2678.113970518112	0.32991370514191964	0.0	2
926	2680.9610130786896	0.32991370514191964	0.0	3
927	2683.8259410858154	0.32991370514191964	0.0	4
928	2686.706010580063	0.32991370514191964	0.0	5
929	2689.6130697727203	0.32991370514191964	0.0	6
930	2692.4747755527496	0.32991370514191964	0.0	7
931	2695.327563524246	0.3300982410341507	0.0001845358922310525	0
932	2698.23694396019	0.3300982410341507	0.0	1
933	2701.1192574501038	0.3300982410341507	0.0	2
934	2703.9189026355743	0.3300982410341507	0.0	3
935	2706.7661905288696	0.3300982410341507	0.0	4
936	2709.656130552292	0.3300982410341507	0.0	5
937	2712.5379450321198	0.3300982410341507	0.0	6
938	2715.389445066452	0.3301329991984222	3.475816427150891e-05	0
939	2718.2736101150513	0.3301329991984222	0.0	1
940	2721.1719641685486	0.3301681177843583	3.5118585936078084e-05	0
941	2724.016314983368	0.3301681177843583	0.0	1
942	2726.8929240703583	0.3301681177843583	0.0	2
943	2729.7646737098694	0.3302827769263817	0.00011465914202340999	0
944	2732.590248823166	0.3302827769263817	0.0	1
945	2735.4274849891663	0.3302827769263817	0.0	2
946	2738.320882797241	0.33047053408723936	0.00018775716085767113	0
947	2741.182114839554	0.33047053408723936	0.0	1
948	2744.0391845703125	0.3305020709828843	3.153689564494577e-05	0
949	2746.93017745018	0.3305020709828843	0.0	1
950	2749.8093585968018	0.3305020709828843	0.0	2
951	2752.6078011989594	0.3305020709828843	0.0	3
952	2755.4808695316315	0.3305020709828843	0.0	4
953	2758.341126203537	0.3306518487108438	0.00014977772795948807	0
954	2761.248311281204	0.3306518487108438	0.0	1
955	2764.098690509796	0.33070624985583136	5.4401144987559213e-05	0
956	2766.971117734909	0.33070624985583136	0.0	1
957	2769.8188269138336	0.3307217254610514	1.5475605220027777e-05	0
958	2772.7066521644592	0.33090626135328244	0.0001845358922310525	0
959	2775.595712184906	0.33090626135328244	0.0	1
960	2778.4946105480194	0.33090626135328244	0.0	2
961	2781.345839738846	0.3311067909568763	0.00020052960359384642	0
962	2784.2108528614044	0.3311067909568763	0.0	1
963	2787.092886686325	0.3311067909568763	0.0	2
964	2789.964157104492	0.3311067909568763	0.0	3
965	2792.8070878982544	0.3311067909568763	0.0	4
966	2795.7138187885284	0.33132685090941594	0.00022005995253965294	0
967	2798.524571418762	0.33132685090941594	0.0	1
968	2801.424382209778	0.33132685090941594	0.0	2
969	2804.254004240036	0.33132685090941594	0.0	3
970	2807.1944320201874	0.33147586274133833	0.00014901183192239653	0
971	2810.0238630771637	0.33147586274133833	0.0	1
972	2812.889990091324	0.33147586274133833	0.0	2
973	2815.721118211746	0.33147586274133833	0.0	3
974	2818.555682659149	0.331511386801647	3.552406030865596e-05	0
975	2821.37513756752	0.331511386801647	0.0	1
976	2824.2501397132874	0.331511386801647	0.0	2
977	2827.1260409355164	0.331511386801647	0.0	3
978	2829.9648129940033	0.331511386801647	0.0	4
979	2832.873024225235	0.33169592269387804	0.0001845358922310525	0
980	2835.7330605983734	0.33169592269387804	0.0	1
981	2838.560863494873	0.33169592269387804	0.0	2
982	2841.464873313904	0.33169592269387804	0.0	3
983	2844.411613702774	0.33169592269387804	0.0	4
984	2847.329553127289	0.33169592269387804	0.0	5
985	2850.181628227234	0.33169592269387804	0.0	6
986	2853.052523136139	0.33169592269387804	0.0	7
987	2855.8762605190277	0.33188045858610904	0.00018453589223099698	0
988	2858.7411947250366	0.33188045858610904	0.0	1
989	2861.631359577179	0.33188045858610904	0.0	2
990	2864.532262802124	0.33188045858610904	0.0	3
991	2867.396074771881	0.33188045858610904	0.0	4
992	2870.2905220985413	0.33188045858610904	0.0	5
993	2873.06765294075	0.33188045858610904	0.0	6
994	2875.8865671157837	0.3319955232025051	0.00011506461639604337	0
995	2878.7749121189117	0.3319955232025051	0.0	1
996	2881.603143453598	0.3319955232025051	0.0	2
997	2884.468902349472	0.3319955232025051	0.0	3
998	2887.2908008098602	0.33205983594326677	6.431274076168503e-05	0
999	2890.158437728882	0.33218005909473614	0.00012022315146936746	0
1000	2892.9758133888245	0.33218005909473614	0.0	1
1001	2895.859468460083	0.33218005909473614	0.0	2
1002	2898.712022304535	0.33218005909473614	0.0	3
1003	2901.565893650055	0.33218005909473614	0.0	4
1004	2904.400119304657	0.33218005909473614	0.0	5
1005	2907.2757556438446	0.33218005909473614	0.0	6
1006	2910.1263778209686	0.33224437183549776	6.431274076162952e-05	0
1007	2912.981462240219	0.33224437183549776	0.0	1
1008	2915.8351078033447	0.33224437183549776	0.0	2
1009	2918.7194967269897	0.33224437183549776	0.0	3
1010	2921.568553686142	0.33239854220249354	0.00015417036699577613	0
1011	2924.4498405456543	0.33242260034859983	2.4058146106287204e-05	0
1012	2927.270709991455	0.33242260034859983	0.0	1
1013	2930.0905368328094	0.33242260034859983	0.0	2
1014	2932.9622526168823	0.33242260034859983	0.0	3
1015	2935.7996044158936	0.33242260034859983	0.0	4
1016	2938.6245951652527	0.33242260034859983	0.0	5
1017	2941.4775400161743	0.33242260034859983	0.0	6
1018	2944.279423236847	0.33242260034859983	0.0	7
1019	2947.1234953403473	0.33242260034859983	0.0	8
1020	2949.96760058403	0.33242985383459817	7.253485998337528e-06	0
1021	2952.8103880882263	0.33242985383459817	0.0	1
1022	2955.6769807338715	0.332548297404099	0.00011844356950085899	0
1023	2958.4878623485565	0.332548297404099	0.0	1
1024	2961.3275117874146	0.33288508892323304	0.0003367915191340165	0
1025	2964.207347869873	0.33288508892323304	0.0	1
1026	2967.040416240692	0.33288508892323304	0.0	2
1027	2969.883318901062	0.33288508892323304	0.0	3
1028	2972.735364675522	0.33288508892323304	0.0	4
1029	2975.6602437496185	0.3329202525618772	3.516363864414229e-05	0
1030	2978.4697036743164	0.3329202525618772	0.0	1
1031	2981.3168795108795	0.33295214987918664	3.189731730945944e-05	0
1032	2984.1742470264435	0.33295214987918664	0.0	1
1033	2987.094206094742	0.3330696248154641	0.00011747493627745076	0
1034	2989.9613466262817	0.3330696248154641	0.0	1
1035	2992.824672937393	0.3331366857714177	6.706095595360173e-05	0
1036	2995.677474498749	0.3331366857714177	0.0	1
1037	2998.5383582115173	0.3331366857714177	0.0	2
1038	3001.3758165836334	0.33317220983172635	3.552406030865596e-05	0
1039	3004.237324476242	0.33323381941000413	6.160957827777702e-05	0
1040	3007.1026198863983	0.33323381941000413	0.0	1
1041	3009.9201266765594	0.33323381941000413	0.0	2
1042	3012.7552497386932	0.33323381941000413	0.0	3
1043	3015.5797049999237	0.33323381941000413	0.0	4
1044	3018.3842165470123	0.33335674572395735	0.00012292631395321996	0
1045	3021.2066543102264	0.33335674572395735	0.0	1
1046	3024.0352261066437	0.3334501399877745	9.33942638171592e-05	0
1047	3026.8444678783417	0.3334501399877745	0.0	1
1048	3029.756287574768	0.3334537892571277	3.649269353200868e-06	0
1049	3032.6202557086945	0.3334537892571277	0.0	1
1050	3035.453818321228	0.3334537892571277	0.0	2
1051	3038.301470041275	0.33363467588000556	0.00018088662287785162	0
1052	3041.193307876587	0.33363467588000556	0.0	1
1053	3044.0513048171997	0.33363467588000556	0.0	2
1054	3046.912552833557	0.33363467588000556	0.0	3
1055	3049.744127511978	0.33363467588000556	0.0	4
1056	3052.5943665504456	0.33363467588000556	0.0	5
1057	3055.463851451874	0.3339171788859222	0.00028250300591664557	0
1058	3058.286180973053	0.3339171788859222	0.0	1
1059	3061.14141869545	0.3339171788859222	0.0	2
1060	3063.981866121292	0.3339171788859222	0.0	3
1061	3066.7629487514496	0.33391823762456174	1.0587386395366494e-06	0
1062	3069.6146504879	0.3340037476644676	8.551003990586725e-05	0
1063	3072.4328196048737	0.3340037476644676	0.0	1
1064	3075.2701828479767	0.3340073969338208	3.649269353200868e-06	0
1065	3078.1030073165894	0.3340458043674456	3.8407433624765286e-05	0
1066	3080.925388813019	0.3340458043674456	0.0	1
1067	3083.759886741638	0.3342573268318071	0.00021152246436151323	0
1068	3086.5820021629333	0.3342573268318071	0.0	1
1069	3089.440423965454	0.3342573268318071	0.0	2
1070	3092.258066177368	0.3342573268318071	0.0	3
1071	3095.114181995392	0.3342573268318071	0.0	4
1072	3098.0042464733124	0.3343282848470082	7.095801520112799e-05	0
1073	3100.874897003174	0.3343282848470082	0.0	1
1074	3103.7300431728363	0.33444994968513564	0.00012166483812742213	0
1075	3106.573017835617	0.33447445835832257	2.4508673186929286e-05	0
1076	3109.442811012268	0.33447445835832257	0.0	1
1077	3112.246741771698	0.3345414742615681	6.701590324553752e-05	0
1078	3115.096521615982	0.33462639861626914	8.492435470103255e-05	0
1079	3117.9729554653168	0.33462639861626914	0.0	1
1080	3120.826203107834	0.3346863412443486	5.994262807945683e-05	0
1081	3123.6736266613007	0.3346863412443486	0.0	1
1082	3126.521336555481	0.3346863412443486	0.0	2
1083	3129.4112017154694	0.3348354431816871	0.00014910193733852495	0
1084	3132.319007396698	0.33487087713657965	3.543395489252754e-05	0
1085	3135.1687517166138	0.33487087713657965	0.0	1
1086	3138.04807639122	0.33487087713657965	0.0	2
1087	3140.8864278793335	0.33487087713657965	0.0	3
1088	3143.7263879776	0.33491683089880514	4.595376222549241e-05	0
1089	3146.613542318344	0.33507327642755813	0.0001564455287529909	0
1090	3149.455159664154	0.33507327642755813	0.0	1
1091	3152.2786359786987	0.3352425845044635	0.0001693080769053501	0
1092	3155.131756067276	0.3352425845044635	0.0	1
1093	3157.9904878139496	0.3352605830613351	1.799855687162344e-05	0
1094	3160.813585996628	0.3352605830613351	0.0	1
1095	3163.65469121933	0.3355695545332395	0.00030897147190439567	0
1096	3166.5178928375244	0.3355695545332395	0.0	1
1097	3169.36350774765	0.3355695545332395	0.0	2
1098	3172.2154841423035	0.3355695545332395	0.0	3
1099	3175.030009031296	0.33561165628892553	4.210175568603036e-05	0
1100	3177.8532931804657	0.33561165628892553	0.0	1
1101	3180.6946125030518	0.33561165628892553	0.0	2
1102	3183.551397562027	0.3356296548457972	1.799855687167895e-05	0
1103	3186.4528653621674	0.3356296548457972	0.0	1
1104	3189.2984170913696	0.3356296548457972	0.0	2
1105	3192.161276817322	0.3356296548457972	0.0	3
1106	3194.963003873825	0.3357961921811566	0.00016653733535937354	0
1107	3197.8622174263	0.3357961921811566	0.0	1
1108	3200.7177078723907	0.3357961921811566	0.0	2
1109	3203.5622913837433	0.33598072807338764	0.0001845358922310525	0
1110	3206.4052500724792	0.33598072807338764	0.0	1
1111	3209.237212896347	0.33598072807338764	0.0	2
1112	3212.1249475479126	0.33598072807338764	0.0	3
1113	3215.011814594269	0.3359927571464408	1.2029073053143602e-05	0
1114	3217.8486547470093	0.3359927571464408	0.0	1
1115	3220.654055595398	0.3359927571464408	0.0	2
1116	3223.5005843639374	0.3359927571464408	0.0	3
1117	3226.3317365646362	0.335996428942148	3.6717957072052165e-06	0
1118	3229.1822407245636	0.33600185779346975	5.428851321764849e-06	0
1119	3232.0185766220093	0.33600185779346975	0.0	1
1120	3234.8540902137756	0.33600185779346975	0.0	2
1121	3237.7025249004364	0.33600185779346975	0.0	3
1122	3240.544314146042	0.3361489098325913	0.00014705203912157572	0
1123	3243.3881285190582	0.3361772930386718	2.8383206080451195e-05	0
1124	3246.199591398239	0.3361772930386718	0.0	1
1125	3249.004861831665	0.3361891419008927	1.184886222094228e-05	0
1126	3251.859931230545	0.33620601414006274	1.6872239170018233e-05	0
1127	3254.6938891410828	0.33620601414006274	0.0	1
1128	3257.5454998016357	0.33620601414006274	0.0	2
1129	3260.3535656929016	0.33620601414006274	0.0	3
1130	3263.1680698394775	0.3363334457248224	0.00012743158475964078	0
1131	3266.006651878357	0.3363334457248224	0.0	1
1132	3268.8484637737274	0.3363334457248224	0.0	2
1133	3271.729699611664	0.3363334457248224	0.0	3
1134	3274.6133382320404	0.3363334457248224	0.0	4
1135	3277.5068123340607	0.3363962266735099	6.278094868750195e-05	0
1136	3280.3901398181915	0.3363962266735099	0.0	1
1137	3283.21022939682	0.3363962266735099	0.0	2
1138	3286.1062257289886	0.33651798161705343	0.00012175494354355054	0
1139	3288.931044816971	0.33658076256574093	6.278094868750195e-05	0
1140	3291.7754480838776	0.3367631809806929	0.0001824184149519792	0
1141	3294.644497156143	0.3367631809806929	0.0	1
1142	3297.538329601288	0.3367631809806929	0.0	2
1143	3300.3732125759125	0.3367631809806929	0.0	3
1144	3303.2592148780823	0.3367687675164929	5.586535799961823e-06	0
1145	3306.1402955055237	0.3367687675164929	0.0	1
1146	3308.981925010681	0.3367687675164929	0.0	2
1147	3311.8120057582855	0.33677239425949207	3.6267429991965194e-06	0
1148	3314.664082288742	0.33680113788723703	2.874362774496486e-05	0
1149	3317.54216837883	0.33694771687292396	0.00014657898568692929	0
1150	3320.432685852051	0.3370750583522675	0.00012734147934351236	0
1151	3323.3284225463867	0.3370750583522675	0.0	1
1152	3326.1501648426056	0.3370750583522675	0.0	2
1153	3329.0445098876953	0.3370750583522675	0.0	3
1154	3331.8892829418182	0.3370750583522675	0.0	4
1155	3334.7488255500793	0.33718579790868936	0.00011073955642187938	0
1156	3337.5907986164093	0.33718579790868936	0.0	1
1157	3340.4387941360474	0.33718579790868936	0.0	2
1158	3343.327291250229	0.33718579790868936	0.0	3
1159	3346.184548854828	0.33718579790868936	0.0	4
1160	3349.0315117836	0.33730338547673694	0.00011758756804758352	0
1161	3351.89085149765	0.33732007750507476	1.669202833781691e-05	0
1162	3354.7535700798035	0.33736465715970426	4.4579654629506305e-05	0
1163	3357.628646373749	0.33736465715970426	0.0	1
1164	3360.4655764102936	0.33736465715970426	0.0	2
1165	3363.310405731201	0.33738655277582347	2.1895616119205208e-05	0
1166	3366.1088013648987	0.3373926799441202	6.1271682967323216e-06	0
1167	3368.936069250107	0.33739900984960325	6.329905483049014e-06	0
1168	3371.756696462631	0.337539146298037	0.0001401364484337475	0
1169	3374.5832879543304	0.3375425027247878	3.35642675081127e-06	0
1170	3377.4052124023438	0.33761911485485097	7.661213006315837e-05	0
1171	3380.2124104499817	0.33761911485485097	0.0	1
1172	3383.0294060707092	0.3377169918631205	9.787700826952017e-05	0
1173	3385.8364419937134	0.3377169918631205	0.0	1
1174	3388.6768805980682	0.33776272036180566	4.572849868517137e-05	0
1175	3391.5104134082794	0.33776272036180566	0.0	1
1176	3394.355255126953	0.33776272036180566	0.0	2
1177	3397.2117602825165	0.33776272036180566	0.0	3
1178	3400.1148030757904	0.3377844132407386	2.1692878932944026e-05	0
1179	3402.937333583832	0.33780401116874653	1.9597928007930587e-05	0
1180	3405.762642621994	0.33780401116874653	0.0	1
1181	3408.5713653564453	0.3379539465811843	0.00014993541243774056	0
1182	3411.3793873786926	0.3379539465811843	0.0	1
1183	3414.2446858882904	0.33795541079419633	1.4642130120590124e-06	0
1184	3417.1151506900787	0.33795541079419633	0.0	1
1185	3419.984487056732	0.33795541079419633	0.0	2
1186	3422.8851704597473	0.3379773514630236	2.1940668827269416e-05	0
1187	3425.7461502552032	0.3379773514630236	0.0	1
1188	3428.5813825130463	0.3381399466864274	0.00016259522340378307	0
1189	3431.4570434093475	0.3381443167991096	4.3701126822282e-06	0
1190	3434.3160734176636	0.3381443167991096	0.0	1
1191	3437.16814661026	0.3381443167991096	0.0	2
1192	3440.045102596283	0.3381443167991096	0.0	3
1193	3442.891368865967	0.3381443167991096	0.0	4
1194	3445.7384557724	0.3381443167991096	0.0	5
1195	3448.555834054947	0.3381443167991096	0.0	6
1196	3451.3921806812286	0.3381443167991096	0.0	7
1197	3454.194747686386	0.3381443167991096	0.0	8
1198	3457.0481374263763	0.3381460963810782	1.7795819685639813e-06	0
1199	3459.8816826343536	0.3381460963810782	0.0	1
1200	3462.771874666214	0.3381787595944247	3.266321334655098e-05	0
1201	3465.6003522872925	0.3381787595944247	0.0	1
1202	3468.478669643402	0.3381787595944247	0.0	2
1203	3471.3325097560883	0.3381787595944247	0.0	3
1204	3474.2129673957825	0.3381787595944247	0.0	4
1205	3477.032691717148	0.3381787595944247	0.0	5
1206	3479.9336602687836	0.3381797057012941	9.461068693483732e-07	6
1207	3482.7696661949158	0.33835987148084284	0.00018016577954876878	0
1208	3485.649844646454	0.33835987148084284	0.0	1
1209	3488.5193972587585	0.3384563068024543	9.643532161146551e-05	0
1210	3491.3595485687256	0.33846254660252123	6.239800066920598e-06	0
1211	3494.204438686371	0.33846254660252123	0.0	1
1212	3497.054828643799	0.33846254660252123	0.0	2
1213	3499.8903408050537	0.33846254660252123	0.0	3
1214	3502.7765617370605	0.3385628789833802	0.00010033238085899177	0
1215	3505.604689359665	0.3385628789833802	0.0	1
1216	3508.4723072052	0.338607593796134	4.471481275375444e-05	0
1217	3511.2924978733063	0.3388001265440464	0.0001925327479124217	0
1218	3514.1262946128845	0.3388001265440464	0.0	1
1219	3516.958485364914	0.3388001265440464	0.0	2
1220	3519.820692062378	0.3388001265440464	0.0	3
1221	3522.6646139621735	0.3388005995974811	4.7305343470194217e-07	4
1222	3525.513067960739	0.338845449568359	4.4849970877891554e-05	0
1223	3528.3836216926575	0.338845449568359	0.0	1
1224	3531.2467017173767	0.338845449568359	0.0	2
1225	3534.061089515686	0.338845449568359	0.0	3
1226	3536.875340938568	0.338845449568359	0.0	4
1227	3539.7386786937714	0.338845449568359	0.0	5
1228	3542.5869019031525	0.33884547209471305	2.25263540598597e-08	6
1229	3545.4317395687103	0.3389807203243218	0.00013524822960875316	0
1230	3548.253504037857	0.3389807203243218	0.0	1
1231	3551.1330025196075	0.3389807203243218	0.0	2
1232	3553.954591035843	0.3389807203243218	0.0	3
1233	3556.8169841766357	0.3389807203243218	0.0	4
1234	3559.6906452178955	0.3391986627995825	0.00021794247526069066	0
1235	3562.5719361305237	0.3391986627995825	0.0	1
1236	3565.419272661209	0.3391986627995825	0.0	2
1237	3568.239837169647	0.3391986627995825	0.0	3
1238	3571.0981092453003	0.33919873037864456	6.75790620685568e-08	4
1239	3573.9466423988342	0.3393338434501292	0.00013511307148461604	0
1240	3576.7959122657776	0.33936821866638217	3.437521625299089e-05	0
1241	3579.635642051697	0.33936821866638217	0.0	1
1242	3582.5077378749847	0.33936821866638217	0.0	2
1243	3585.3058733940125	0.33936821866638217	0.0	3
1244	3588.12256360054	0.3393832662708756	1.5047604493445554e-05	0
1245	3590.950510263443	0.3393832662708756	0.0	1
1246	3593.776401758194	0.3393832662708756	0.0	2
1247	3596.6258776187897	0.3393832662708756	0.0	3
1248	3599.502878665924	0.3393832662708756	0.0	4
1249	3602.353938102722	0.33952705198866256	0.00014378571778694837	0
1250	3605.1684205532074	0.33952705198866256	0.0	1
1251	3607.9949254989624	0.33952705198866256	0.0	2
1252	3610.793261528015	0.33974738225745066	0.0002203302687880937	0
1253	3613.6138191223145	0.33974738225745066	0.0	1
1254	3616.465441942215	0.33974738225745066	0.0	2
1255	3619.2430860996246	0.3397474498365127	6.75790620685568e-08	3
1256	3622.0908784866333	0.3397474498365127	0.0	4
1257	3624.923945903778	0.3397474498365127	0.0	5
1258	3627.7310767173767	0.3397474498365127	0.0	6
1259	3630.525654554367	0.3397474498365127	0.0	7
1260	3633.3851339817047	0.3398954479825037	0.0001479981459909796	0
1261	3636.1994857788086	0.3398954479825037	0.0	1
1262	3638.9951038360596	0.33993191814968166	3.647016717794882e-05	0
1263	3641.809784889221	0.33993191814968166	0.0	1
1264	3644.60484623909	0.33993191814968166	0.0	2
1265	3647.410645008087	0.33993191814968166	0.0	3
1266	3650.205122232437	0.33993191814968166	0.0	4
1267	3653.004644870758	0.33993191814968166	0.0	5
1268	3655.8768157958984	0.3399319857287438	6.757906212406795e-08	6
1269	3658.715944290161	0.34005790804778324	0.00012592231903946205	0
1270	3661.587747812271	0.34005790804778324	0.0	1
1271	3664.449613571167	0.34011600351483207	5.809546704882429e-05	0
1272	3667.285127401352	0.3402424439400143	0.0001264404251822282	0
1273	3670.152210712433	0.3402424439400143	0.0	1
1274	3672.9902803897858	0.3402424439400143	0.0	2
1275	3675.8344140052795	0.3402424439400143	0.0	3
1276	3678.6954448223114	0.34030098993414376	5.854599412946637e-05	0
1277	3681.562003135681	0.34030098993414376	0.0	1
1278	3684.447984933853	0.34030098993414376	0.0	2
1279	3687.248706817627	0.34030098993414376	0.0	3
1280	3690.0991582870483	0.34030995542304854	8.965488904777441e-06	0
1281	3692.9153361320496	0.34030995542304854	0.0	1
1282	3695.7950763702393	0.340444280072142	0.00013432464909346464	0
1283	3698.5920424461365	0.340444280072142	0.0	1
1284	3701.4621534347534	0.3404855258263748	4.1245754232810405e-05	0
1285	3704.3443415164948	0.3404855258263748	0.0	1
1286	3707.1969306468964	0.3404855258263748	0.0	2
1287	3710.016095161438	0.3404855258263748	0.0	3
1288	3712.8594558238983	0.3404855258263748	0.0	4
1289	3715.7440683841705	0.3404855258263748	0.0	5
1290	3718.588358640671	0.3406700617186058	0.00018453589223099698	0
1291	3721.444488763809	0.3406700617186058	0.0	1
1292	3724.317601442337	0.3406700617186058	0.0	2
1293	3727.196902513504	0.3406700617186058	0.0	3
1294	3730.0328879356384	0.34069098870150166	2.0926982895852486e-05	0
1295	3732.7987775802612	0.34069619228928305	5.203587781388297e-06	0
1296	3735.5967977046967	0.3407620368221189	6.584453283586811e-05	0
1297	3738.4085898399353	0.3407620368221189	0.0	1
1298	3741.2263634204865	0.3407620368221189	0.0	2
1299	3744.0703296661377	0.3408019309951098	3.989417299088416e-05	0
1300	3746.9050431251526	0.340814703437846	1.2772442736175282e-05	0
1301	3749.7139093875885	0.340814703437846	0.0	1
1302	3752.5351214408875	0.340814703437846	0.0	2
1303	3755.38023519516	0.3408595534087239	4.4849970877947065e-05	0
1304	3758.2472190856934	0.3408595534087239	0.0	1
1305	3761.0757126808167	0.3408595534087239	0.0	2
1306	3763.915389060974	0.3408595534087239	0.0	3
1307	3766.758401632309	0.3408595534087239	0.0	4
1308	3769.602940797806	0.3408595534087239	0.0	5
1309	3772.414192676544	0.3408595534087239	0.0	6
1310	3775.228674888611	0.3408661311041013	6.577695377374404e-06	0
1311	3778.0698506832123	0.3408661311041013	0.0	1
1312	3780.9277534484863	0.3408661311041013	0.0	2
1313	3783.723388671875	0.3408661311041013	0.0	3
1314	3786.5418610572815	0.3408661311041013	0.0	4
1315	3789.3194632530212	0.3408661311041013	0.0	5
1316	3792.1429743766785	0.3408661311041013	0.0	6
1317	3794.992829799652	0.34087901617860766	1.2885074506363559e-05	0
1318	3797.8271939754486	0.3409014749535777	2.2458774970035567e-05	0
1319	3800.613038301468	0.3409014749535777	0.0	1
1320	3803.4277822971344	0.3409014749535777	0.0	2
1321	3806.2803857326508	0.3409014749535777	0.0	3
1322	3809.10825920105	0.3409014749535777	0.0	4
1323	3811.948013305664	0.3409014749535777	0.0	5
1324	3814.7829773426056	0.3409014749535777	0.0	6
1325	3817.6337938308716	0.3409014749535777	0.0	7
1326	3820.455846309662	0.3409014749535777	0.0	8
1327	3823.265552997589	0.3409207800389832	1.9305085405485478e-05	0
1328	3826.064006090164	0.3409207800389832	0.0	1
1329	3828.882143974304	0.3409207800389832	0.0	2
1330	3831.700947523117	0.3409207800389832	0.0	3
1331	3834.4924898147583	0.3411025902423764	0.00018181020339319565	0
1332	3837.266483783722	0.3411025902423764	0.0	1
1333	3840.0851788520813	0.3411025902423764	0.0	2
1334	3842.8944306373596	0.34110531593121424	2.7256888378568433e-06	0
1335	3845.733917951584	0.34110531593121424	0.0	1
1336	3848.5739109516144	0.34110531593121424	0.0	2
1337	3851.3896219730377	0.34110538351027636	6.757906212406795e-08	3
1338	3854.173903942108	0.3411648530849211	5.9469574644754886e-05	0
1339	3856.9727523326874	0.3412871261346074	0.00012227304968626118	0
1340	3859.7871644496918	0.3412871261346074	0.0	1
1341	3862.5780489444733	0.3412871261346074	0.0	2
1342	3865.4391334056854	0.3412871261346074	0.0	3
1343	3868.311648607254	0.3412871261346074	0.0	4
1344	3871.1561665534973	0.3412871261346074	0.0	5
1345	3873.993452310562	0.3412871261346074	0.0	6
1346	3876.7662749290466	0.3412871261346074	0.0	7
1347	3879.582456588745	0.3412871261346074	0.0	8
1348	3882.3881051540375	0.3412871261346074	0.0	9
1349	3885.250321626663	0.34128991940250736	2.7932678999809113e-06	0
1350	3888.0764532089233	0.3413659683737198	7.604897121243903e-05	0
1351	3890.870890855789	0.3413848679847527	1.8899611032907604e-05	0
1352	3893.6775619983673	0.3413848679847527	0.0	1
1353	3896.5361433029175	0.34139500484406715	1.0136859314446856e-05	0
1354	3899.367888212204	0.34139500484406715	0.0	1
1355	3902.2234601974487	0.3414042631755744	9.25833150722255e-06	0
1356	3905.067727088928	0.3414042631755744	0.0	1
1357	3907.934269428253	0.3414534607327805	4.9197557206115405e-05	0
1358	3910.743317604065	0.3414700401293481	1.6579396567628635e-05	0
1359	3913.5621116161346	0.34157787378609983	0.0001078336567517102	0
1360	3916.3826689720154	0.34157787378609983	0.0	1
1361	3919.1890358924866	0.341584316323353	6.442537253181779e-06	0
1362	3921.9626655578613	0.341584316323353	0.0	1
1363	3924.792503118515	0.341584316323353	0.0	2
1364	3927.608021736145	0.341584316323353	0.0	3
1365	3930.4359652996063	0.3415843613760611	4.505270806420825e-08	4
1366	3933.27409696579	0.3415871996966691	2.8383206080451195e-06	0
1367	3936.1071231365204	0.3415871996966691	0.0	1
1368	3938.902572154999	0.3415871996966691	0.0	2
1369	3941.676569700241	0.3415871996966691	0.0	3
1370	3944.4833512306213	0.3415871996966691	0.0	4
1371	3947.2795791625977	0.3415871996966691	0.0	5
1372	3950.11904501915	0.3415871996966691	0.0	6
1373	3952.954793214798	0.3415871996966691	0.0	7
1374	3955.8044753074646	0.3415871996966691	0.0	8
1375	3958.6209156513214	0.3415871996966691	0.0	9
1376	3961.455667257309	0.3415871996966691	0.0	10
1377	3964.240526199341	0.3415871996966691	0.0	11
1378	3967.024641275406	0.3415871996966691	0.0	12
1379	3969.805512905121	0.3415871996966691	0.0	13
1380	3972.6474919319153	0.3415871996966691	0.0	14
1381	3975.444109916687	0.3415871996966691	0.0	15
1382	3978.2519693374634	0.3417670726336155	0.00017987293694637918	0
1383	3981.093254804611	0.3417670726336155	0.0	1
1384	3983.91965174675	0.3417670726336155	0.0	2
1385	3986.8366091251373	0.3417670726336155	0.0	3
1386	3989.6674287319183	0.34176709515996956	2.25263540598597e-08	4
1387	3992.512596130371	0.34176709515996956	0.0	5
1388	3995.288836479187	0.34176709515996956	0.0	6
1389	3998.07093501091	0.3418024164830919	3.5321323122339265e-05	0
1390	4000.8451721668243	0.3418024164830919	0.0	1
1391	4003.6611335277557	0.3418024164830919	0.0	2
1392	4006.4956710338593	0.3418024164830919	0.0	3
1393	4009.2674837112427	0.3418024164830919	0.0	4
1394	4012.063654899597	0.3418024164830919	0.0	5
1395	4014.8782114982605	0.3418024164830919	0.0	6
1396	4017.64724445343	0.3418024164830919	0.0	7
1397	4020.4410684108734	0.34180243900944596	2.25263540598597e-08	8
1398	4023.2702815532684	0.3418068992275443	4.460218098356616e-06	0
1399	4026.0743227005005	0.341902838969367	9.59397418227037e-05	0
1400	4028.951493024826	0.341902838969367	0.0	1
1401	4031.7650878429413	0.341902838969367	0.0	2
1402	4034.5801968574524	0.341902838969367	0.0	3
1403	4037.4130403995514	0.341902838969367	0.0	4
1404	4040.216915369034	0.34194275566871196	3.991669934494402e-05	0
1405	4043.0055396556854	0.34194275566871196	0.0	1
1406	4045.8386092185974	0.342140649688884	0.00019789402017206248	0
1407	4048.6807820796967	0.342140649688884	0.0	1
1408	4051.50639295578	0.342140649688884	0.0	2
1409	4054.3502266407013	0.342311827453174	0.000171177764289987	0
1410	4057.1620631217957	0.342311827453174	0.0	1
1411	4059.9865217208862	0.342311827453174	0.0	2
1412	4062.813629388809	0.342311827453174	0.0	3
1413	4065.6075217723846	0.342311827453174	0.0	4
1414	4068.4324893951416	0.342311827453174	0.0	5
1415	4071.2681288719177	0.342311827453174	0.0	6
1416	4074.0833230018616	0.34231453061565786	2.703162483852495e-06	0
1417	4076.9098510742188	0.34231453061565786	0.0	1
1418	4079.7928009033203	0.34231453061565786	0.0	2
1419	4082.613142967224	0.34249636334540506	0.0001818327297472	0
1420	4085.460978746414	0.34249636334540506	0.0	1
1421	4088.2987780570984	0.3425052387288937	8.875383488649025e-06	0
1422	4091.097779750824	0.3425052387288937	0.0	1
1423	4093.9274916648865	0.3425052387288937	0.0	2
1424	4096.742958068848	0.3425052387288937	0.0	3
1425	4099.520812988281	0.3425052387288937	0.0	4
1426	4102.3451137542725	0.3425052387288937	0.0	5
1427	4105.157304286957	0.3428654351298671	0.00036019640097340044	0
1428	4107.95699930191	0.3428654351298671	0.0	1
1429	4110.764488458633	0.3428654351298671	0.0	2
1430	4113.574680089951	0.3428654351298671	0.0	3
1431	4116.368796110153	0.3428654351298671	0.0	4
1432	4119.212841510773	0.34287431051335576	8.875383488649025e-06	0
1433	4122.0023283958435	0.34287431051335576	0.0	1
1434	4124.780260801315	0.34287431051335576	0.0	2
1435	4127.567539215088	0.34287431051335576	0.0	3
1436	4130.451619386673	0.3429001932941387	2.5882780782915393e-05	0
1437	4133.287803411484	0.3429001932941387	0.0	1
1438	4136.15843129158	0.3429001932941387	0.0	2
1439	4138.95626616478	0.34304997102209817	0.00014977772795948807	0
1440	4141.760702371597	0.34304997102209817	0.0	1
1441	4144.618729352951	0.34304997102209817	0.0	2
1442	4147.492343902588	0.34304997102209817	0.0	3
1443	4150.3052277565	0.34304997102209817	0.0	4
1444	4153.12686920166	0.34304997102209817	0.0	5
1445	4155.969278097153	0.34304997102209817	0.0	6
1446	4158.781037092209	0.34304997102209817	0.0	7
1447	4161.61198592186	0.34308472918636973	3.475816427156442e-05	0
1448	4164.365050792694	0.3432345069143292	0.00014977772795948807	0
1449	4167.192358970642	0.3432345069143292	0.0	1
1450	4169.982571363449	0.3432345069143292	0.0	2
1451	4172.809410810471	0.3432345069143292	0.0	3
1452	4175.647084236145	0.34341904280656027	0.0001845358922310525	0
1453	4178.489104270935	0.34341904280656027	0.0	1
1454	4181.307901620865	0.34341904280656027	0.0	2
1455	4184.123263835907	0.34341904280656027	0.0	3
1456	4186.93593621254	0.34341904280656027	0.0	4
1457	4189.717658281326	0.34341904280656027	0.0	5
1458	4192.499790430069	0.3434538009708318	3.475816427150891e-05	0
1459	4195.319020032883	0.3434538009708318	0.0	1
1460	4198.095933914185	0.3434538009708318	0.0	2
1461	4200.890085697174	0.34345886940048903	5.068429657251183e-06	0
1462	4203.748677253723	0.34345886940048903	0.0	1
1463	4206.591641426086	0.34345886940048903	0.0	2
1464	4209.43418097496	0.34345886940048903	0.0	3
1465	4212.197062730789	0.34345886940048903	0.0	4
1466	4215.010537624359	0.34345886940048903	0.0	5
1467	4217.797969341278	0.34345886940048903	0.0	6
1468	4220.617703437805	0.34345886940048903	0.0	7
1469	4223.406428813934	0.34345886940048903	0.0	8
1470	4226.209644794464	0.34345886940048903	0.0	9
1471	4229.024593830109	0.34345886940048903	0.0	10
1472	4231.833108663559	0.34345886940048903	0.0	11
1473	4234.652503252029	0.34345886940048903	0.0	12
1474	4237.464862823486	0.34345886940048903	0.0	13
1475	4240.312773704529	0.34345886940048903	0.0	14
1476	4243.098337173462	0.34345886940048903	0.0	15
1477	4245.8848288059235	0.34345886940048903	0.0	16
1478	4248.685472488403	0.34345886940048903	0.0	17
1479	4251.493538618088	0.34347524605987034	1.6376659381311942e-05	0
1480	4254.3255887031555	0.3434790755400558	3.829480185457701e-06	0
1481	4257.118392467499	0.3434879734498985	8.897909842708884e-06	0
1482	4259.9546546936035	0.3434879734498985	0.0	1
1483	4262.701437711716	0.34349423577631943	6.262326420924946e-06	0
1484	4265.496891736984	0.34349423577631943	0.0	1
1485	4268.296737909317	0.34349423577631943	0.0	2
1486	4271.107941627502	0.34349423577631943	0.0	3
1487	4273.92344045639	0.34349423577631943	0.0	4
1488	4276.786442518234	0.34349423577631943	0.0	5
1489	4279.625873565674	0.34349423577631943	0.0	6
1490	4282.456941127777	0.343507976852279	1.3741075959583515e-05	0
1491	4285.271236419678	0.343507976852279	0.0	1
1492	4288.113997220993	0.343507976852279	0.0	2
1493	4290.915975570679	0.343507976852279	0.0	3
1494	4293.718199968338	0.343507976852279	0.0	4
1495	4296.5407338142395	0.343507976852279	0.0	5
1496	4299.35733628273	0.343507976852279	0.0	6
1497	4302.198107481003	0.343507976852279	0.0	7
1498	4305.0024218559265	0.343507976852279	0.0	8
1499	4307.818805217743	0.343507976852279	0.0	9
1500	4310.607129335403	0.343507976852279	0.0	10
1501	4313.413708925247	0.343507976852279	0.0	11
1502	4316.211108207703	0.343507976852279	0.0	12
1503	4319.019734382629	0.343507976852279	0.0	13
1504	4321.858129262924	0.343507976852279	0.0	14
1505	4324.696506261826	0.343507976852279	0.0	15
1506	4327.512571334839	0.343507976852279	0.0	16
1507	4330.276245832443	0.34351318044006046	5.203587781443808e-06	0
1508	4333.085618972778	0.34351318044006046	0.0	1
1509	4335.901603221893	0.34351318044006046	0.0	2
1510	4338.684432983398	0.34351318044006046	0.0	3
1511	4341.501199960709	0.34351318044006046	0.0	4
1512	4344.330157995224	0.34351318044006046	0.0	5
1513	4347.201286315918	0.34351318044006046	0.0	6
1514	4349.992316961288	0.34351318044006046	0.0	7
1515	4352.850654840469	0.34351318044006046	0.0	8
1516	4355.683052301407	0.34351318044006046	0.0	9
1517	4358.556976556778	0.34351318044006046	0.0	10
1518	4361.3866810798645	0.34351318044006046	0.0	11
1519	4364.250181913376	0.34351318044006046	0.0	12
1520	4367.088579177856	0.34351318044006046	0.0	13
1521	4369.919095039368	0.34351318044006046	0.0	14
1522	4372.757180452347	0.34351318044006046	0.0	15
1523	4375.544508695602	0.34351318044006046	0.0	16
1524	4378.366581916809	0.34351318044006046	0.0	17
1525	4381.17352104187	0.34351318044006046	0.0	18
1526	4383.935878753662	0.34351318044006046	0.0	19
1527	4386.720942497253	0.34351318044006046	0.0	20
1528	4389.602392196655	0.34351318044006046	0.0	21
1529	4392.433525085449	0.34351318044006046	0.0	22
1530	4395.280715227127	0.34351318044006046	0.0	23
1531	4398.111948251724	0.34351318044006046	0.0	24
1532	4400.967195749283	0.34351318044006046	0.0	25
1533	4403.810544967651	0.34351318044006046	0.0	26
1534	4406.644953966141	0.3435728527518915	5.967231183101607e-05	0
1535	4409.478748321533	0.3435728527518915	0.0	1
1536	4412.275058507919	0.3435728527518915	0.0	2
1537	4415.059682846069	0.3435728527518915	0.0	3
1538	4417.895280599594	0.3435728527518915	0.0	4
1539	4420.754515886307	0.3435728527518915	0.0	5
1540	4423.561279773712	0.3435728527518915	0.0	6
1541	4426.350911617279	0.3435728527518915	0.0	7
1542	4429.111649513245	0.3435728527518915	0.0	8
1543	4431.934045791626	0.3435728527518915	0.0	9
1544	4434.736173629761	0.34366318343156027	9.033067966879305e-05	0
1545	4437.575316905975	0.34366318343156027	0.0	1
1546	4440.4215342998505	0.34366318343156027	0.0	2
1547	4443.255894422531	0.34366318343156027	0.0	3
1548	4446.079794406891	0.34366318343156027	0.0	4
1549	4448.863343477249	0.34366318343156027	0.0	5
1550	4451.658315658569	0.34366318343156027	0.0	6
1551	4454.475118160248	0.3438023287204166	0.00013914528885633493	0
1552	4457.262395858765	0.3438023287204166	0.0	1
1553	4460.0404369831085	0.3438023287204166	0.0	2
1554	4462.849329471588	0.34389727730266195	9.494858224534664e-05	0
1555	4465.670968055725	0.3439855130314057	8.82357287437241e-05	0
1556	4468.479973316193	0.3439855130314057	0.0	1
1557	4471.270403623581	0.3439855130314057	0.0	2
1558	4474.087122917175	0.3439855130314057	0.0	3
1559	4476.879054069519	0.3439855130314057	0.0	4
1560	4479.70024728775	0.3439855130314057	0.0	5
1561	4482.499620437622	0.3439855130314057	0.0	6
1562	4485.3236446380615	0.3439855130314057	0.0	7
1563	4488.0984308719635	0.3439855130314057	0.0	8
1564	4490.9434466362	0.34398567071588393	1.5768447825248444e-07	9
1565	4493.747119903564	0.34398567071588393	0.0	10
1566	4496.557956695557	0.34398567071588393	0.0	11
1567	4499.348585605621	0.34398567071588393	0.0	12
1568	4502.181023836136	0.34398567071588393	0.0	13
1569	4504.9802005290985	0.34398567071588393	0.0	14
1570	4507.787625312805	0.34398567071588393	0.0	15
1571	4510.616239309311	0.34398567071588393	0.0	16
1572	4513.4107394218445	0.34398567071588393	0.0	17
1573	4516.2118599414825	0.34398567071588393	0.0	18
1574	4519.024906396866	0.34398567071588393	0.0	19
1575	4521.860491991043	0.34398567071588393	0.0	20
1576	4524.716769933701	0.34398567071588393	0.0	21
1577	4527.582795381546	0.34398567071588393	0.0	22
1578	4530.364228487015	0.34398567071588393	0.0	23
1579	4533.183562278748	0.34398569324223793	2.2526354004348548e-08	24
1580	4536.0331518650055	0.34398569324223793	0.0	25
1581	4538.825935840607	0.3440208568808821	3.516363864414229e-05	0
1582	4541.626110315323	0.3440208568808821	0.0	1
1583	4544.423223972321	0.3440208568808821	0.0	2
1584	4547.201295614243	0.3440208568808821	0.0	3
1585	4550.006905555725	0.3440208568808821	0.0	4
1586	4552.774773597717	0.3440208568808821	0.0	5
1587	4555.610270500183	0.3440208568808821	0.0	6
1588	4558.479201555252	0.3440208568808821	0.0	7
1589	4561.327294826508	0.34402214088306193	1.2840021798576906e-06	0
1590	4564.153766870499	0.34402214088306193	0.0	1
1591	4566.983756065369	0.34402214088306193	0.0	2
1592	4569.794331789017	0.34402214088306193	0.0	3
1593	4572.587068557739	0.34402214088306193	0.0	4
1594	4575.378762960434	0.34402214088306193	0.0	5
1595	4578.245304822922	0.34402214088306193	0.0	6
1596	4581.0456075668335	0.34402214088306193	0.0	7
1597	4583.787652254105	0.34402214088306193	0.0	8
1598	4586.57684135437	0.34402502425637804	2.883373316109328e-06	0
1599	4589.376829147339	0.34402502425637804	0.0	1
1600	4592.174833774567	0.34402502425637804	0.0	2
1601	4594.94877743721	0.34402527204627237	2.477898943253898e-07	3
1602	4597.772342920303	0.34412896085388217	0.00010368880760980304	0
1603	4600.59624671936	0.34412896085388217	0.0	1
1604	4603.384136199951	0.34412896085388217	0.0	2
1605	4606.202539682388	0.34412896085388217	0.0	3
1606	4609.027433156967	0.34412896085388217	0.0	4
1607	4611.838724851608	0.34412896085388217	0.0	5
1608	4614.670230388641	0.34412896085388217	0.0	6
1609	4617.52339053154	0.34412896085388217	0.0	7
1610	4620.317640066147	0.34412896085388217	0.0	8
1611	4623.1572053432465	0.3442098079385034	8.084708462124945e-05	0
1612	4625.983568906784	0.3442098079385034	0.0	1
1613	4628.791025161743	0.3442098079385034	0.0	2
1614	4631.598387002945	0.3442098079385034	0.0	3
1615	4634.453654527664	0.3442098079385034	0.0	4
1616	4637.310288667679	0.34431640264578334	0.00010659470727991671	0
1617	4640.116451025009	0.34431640264578334	0.0	1
1618	4642.9792103767395	0.34431640264578334	0.0	2
1619	4645.789597272873	0.34431640264578334	0.0	3
1620	4648.598964929581	0.34431640264578334	0.0	4
1621	4651.442496776581	0.34431640264578334	0.0	5
1622	4654.223645687103	0.34431640264578334	0.0	6
1623	4657.011493206024	0.34449947432500233	0.00018307167921899348	0
1624	4659.817009925842	0.34449947432500233	0.0	1
1625	4662.601099491119	0.34449947432500233	0.0	2
1626	4665.4221358299255	0.34449947432500233	0.0	3
1627	4668.26473236084	0.34449947432500233	0.0	4
1628	4671.030917406082	0.34449947432500233	0.0	5
1629	4673.82420539856	0.34449947432500233	0.0	6
1630	4676.677858829498	0.34449947432500233	0.0	7
1631	4679.539664030075	0.34449947432500233	0.0	8
1632	4682.338918209076	0.3445009385380144	1.4642130120590124e-06	0
1633	4685.131996631622	0.3445009385380144	0.0	1
1634	4687.918495416641	0.34450524107163455	4.302533620159643e-06	0
1635	4690.78075838089	0.34450524107163455	0.0	1
1636	4693.600365638733	0.3445052861243426	4.505270806420825e-08	2
1637	4696.431257724762	0.3445052861243426	0.0	3
1638	4699.221572637558	0.3445058042304853	5.181061427106393e-07	4
1639	4702.023549556732	0.3445058042304853	0.0	5
1640	4704.88374042511	0.3445058042304853	0.0	6
1641	4707.721374034882	0.3445058042304853	0.0	7
1642	4710.592504262924	0.34462893328162486	0.00012312905113953665	0
1643	4713.381115198135	0.34462893328162486	0.0	1
1644	4716.20482468605	0.34462893328162486	0.0	2
1645	4719.018118858337	0.34462893328162486	0.0	3
1646	4721.827885389328	0.3446855194829535	5.658620132864556e-05	0
1647	4724.586936473846	0.3446903401227164	4.820639762870282e-06	0
1648	4727.378435134888	0.3446903401227164	0.0	1
1649	4730.152694225311	0.3446903401227164	0.0	2
1650	4732.949382305145	0.3446903401227164	0.0	3
1651	4735.72740149498	0.34481837991903486	0.00012803979631847984	0
1652	4738.497380495071	0.34481837991903486	0.0	1
1653	4741.262899398804	0.3448625991519999	4.421923296504815e-05	0
1654	4744.048939704895	0.3448694696899797	6.870537979819513e-06	0
1655	4746.880014419556	0.3448694696899797	0.0	1
1656	4749.693966150284	0.3449739243936266	0.00010445470364689458	0
1657	4752.486716747284	0.3449739243936266	0.0	1
1658	4755.3320026397705	0.3450039069708433	2.9982577216702833e-05	0
1659	4758.160805463791	0.3450039069708433	0.0	1
1660	4760.947853803635	0.3450039069708433	0.0	2
1661	4763.717601060867	0.3450343626014947	3.0455630651404775e-05	0
1662	4766.506600618362	0.3450428325106108	8.46990911607115e-06	0
1663	4769.306124687195	0.3450428325106108	0.0	1
1664	4772.092257976532	0.3450428325106108	0.0	2
1665	4774.944567203522	0.3451865506493357	0.00014371813872487982	0
1666	4777.730491399765	0.3451865506493357	0.0	1
1667	4780.519673585892	0.3451884428630744	1.8922137386967464e-06	0
1668	4783.340222120285	0.3451884428630744	0.0	1
1669	4786.109578609467	0.3451884428630744	0.0	2
1670	4788.937903642654	0.34537108654156673	0.00018264367849235574	0
1671	4791.714107036591	0.34537108654156673	0.0	1
1672	4794.495632410049	0.34537108654156673	0.0	2
1673	4797.330128908157	0.34537108654156673	0.0	3
1674	4800.13884305954	0.34537108654156673	0.0	4
1675	4802.922412395477	0.34537108654156673	0.0	5
1676	4805.693230867386	0.34537108654156673	0.0	6
1677	4808.516914844513	0.3453729787553054	1.8922137386967464e-06	0
1678	4811.330192804337	0.3453729787553054	0.0	1
1679	4814.170154333115	0.3453729787553054	0.0	2
1680	4816.998844385147	0.3453729787553054	0.0	3
1681	4819.809039592743	0.3453729787553054	0.0	4
1682	4822.589238166809	0.3453729787553054	0.0	5
1683	4825.4099242687225	0.3455556224337977	0.00018264367849230023	0
1684	4828.221682548523	0.3455556224337977	0.0	1
1685	4830.98059797287	0.3455556224337977	0.0	2
1686	4833.7706780433655	0.3455556224337977	0.0	3
1687	4836.55748796463	0.3455559378027542	3.1536895644945773e-07	4
1688	4839.36325097084	0.3455559378027542	0.0	5
1689	4842.145699501038	0.3455559378027542	0.0	6
1690	4845.00911283493	0.3455575146475364	1.5768447822472886e-06	0
1691	4847.889862775803	0.3455575146475364	0.0	1
1692	4850.735879182816	0.3455575146475364	0.0	2
1693	4853.5309336185455	0.3455575146475364	0.0	3
1694	4856.313326835632	0.3455575146475364	0.0	4
1695	4859.12764954567	0.3455575146475364	0.0	5
1696	4861.971839427948	0.3455763917322153	1.8877084678903255e-05	0
1697	4864.755848407745	0.3455763917322153	0.0	1
1698	4867.563540697098	0.3455763917322153	0.0	2
1699	4870.389762163162	0.3457420505397675	0.00016565880755214923	0
1700	4873.135977745056	0.3457420505397675	0.0	1
1701	4875.9138469696045	0.3457420505397675	0.0	2
1702	4878.720659732819	0.3457420505397675	0.0	3
1703	4881.513130187988	0.3457420505397675	0.0	4
1704	4884.279717922211	0.3457420505397675	0.0	5
1705	4887.054793596268	0.3457420505397675	0.0	6
