1	5.638183832168579	0.11211369710675838	10000000000.112114	0
2	10.439854621887207	0.11399819406025717	0.0018844969534987932	0
3	15.373424768447876	0.12904596404785934	0.01504776998760217	0
4	20.436615467071533	0.1475033433053292	0.018457379257469847	0
5	25.702980518341064	0.15475922604306844	0.00725588273773925	0
6	31.236416339874268	0.15475922604306844	0.0	1
7	36.60784864425659	0.15475922604306844	0.0	2
8	42.141270875930786	0.17051102974388208	0.015751803700813638	0
9	47.744812965393066	0.17051102974388208	0.0	1
10	53.26635813713074	0.17051102974388208	0.0	2
11	58.712576150894165	0.17051102974388208	0.0	3
12	64.31350493431091	0.17051102974388208	0.0	4
13	69.91886329650879	0.17055174418423544	4.0714440353362136e-05	0
14	75.49983596801758	0.17055174418423544	0.0	1
15	81.05261993408203	0.17379320257208183	0.0032414583878463965	0
16	86.55308485031128	0.17379320257208183	0.0	1
17	92.13280963897705	0.17590653268914475	0.0021133301170629115	0
18	97.66270780563354	0.17590653268914475	0.0	1
19	103.13996362686157	0.17590653268914475	0.0	2
20	108.66363573074341	0.17639952299127168	0.0004929903021269333	0
21	114.19660258293152	0.1780898536791642	0.0016903306878925106	0
22	119.72920441627502	0.1781484552167439	5.8601537579722196e-05	0
23	125.27521395683289	0.17889226642712072	0.0007438112103768102	0
24	130.86935877799988	0.17889226642712072	0.0	1
25	136.45216345787048	0.17889226642712072	0.0	2
26	142.02712035179138	0.17889226642712072	0.0	3
27	147.61416125297546	0.17889226642712072	0.0	4
28	153.20493698120117	0.1789741090230014	8.184259588067677e-05	0
29	158.79515504837036	0.1789741090230014	0.0	1
30	164.39654970169067	0.17900069630697393	2.6587283972534514e-05	0
31	170.05473804473877	0.17900069630697393	0.0	1
32	175.7307243347168	0.17904270056522253	4.200425824860132e-05	0
33	181.51345920562744	0.17904270056522253	0.0	1
34	187.2928590774536	0.17916833612907446	0.00012563556385192243	0
35	192.98615145683289	0.17916833612907446	0.0	1
36	198.75215101242065	0.17954346627900095	0.0003751301499264892	0
37	204.45623874664307	0.17954346627900095	0.0	1
38	210.14179468154907	0.17954346627900095	0.0	2
39	215.81265997886658	0.1797161436917489	0.0001726774127479569	0
40	221.51624250411987	0.1797161436917489	0.0	1
41	227.18064665794373	0.1797161436917489	0.0	2
42	232.86462330818176	0.1797161436917489	0.0	3
43	238.52230882644653	0.17975078625351998	3.46425617710755e-05	0
44	244.2041311264038	0.17978691332267993	3.612706915995245e-05	0
45	249.819349527359	0.17978691332267993	0.0	1
46	255.4517879486084	0.17978691332267993	0.0	2
47	261.0300817489624	0.17981093313895535	2.401981627542238e-05	0
48	266.66829347610474	0.17981093313895535	0.0	1
49	272.3076808452606	0.17996236506071198	0.0001514319217566229	0
50	277.87293815612793	0.1803001513321434	0.0003377862714314117	0
51	283.5100038051605	0.18074142723752742	0.0004412759053840365	0
52	289.1304862499237	0.18074142723752742	0.0	1
53	294.71316838264465	0.18094345409143864	0.00020202685391121356	0
54	300.3125057220459	0.18139821224425587	0.00045475815281723064	0
55	305.95273303985596	0.18148845082454895	9.023858029308385e-05	0
56	311.531569480896	0.18148845082454895	0.0	1
57	317.09340262413025	0.18174484471955368	0.00025639389500473064	0
58	322.6699755191803	0.18174484471955368	0.0	1
59	328.2226233482361	0.18174484471955368	0.0	2
60	333.86080384254456	0.18202362790632476	0.0002787831867710755	0
61	339.42834186553955	0.18202362790632476	0.0	1
62	345.0209062099457	0.18214951900013707	0.00012589109381230812	0
63	350.58597350120544	0.1824393021432977	0.0002897831431606379	0
64	356.1566047668457	0.1824393021432977	0.0	1
65	361.7035160064697	0.1824393021432977	0.0	2
66	367.2025902271271	0.18299368047638184	0.0005543783330841379	0
67	372.7782154083252	0.18299368047638184	0.0	1
68	378.2704277038574	0.18299368047638184	0.0	2
69	383.77230620384216	0.18299368047638184	0.0	3
70	389.2790229320526	0.18363753079987788	0.0006438503234960369	0
71	394.69134497642517	0.18363753079987788	0.0	1
72	400.1693766117096	0.18418188262404056	0.000544351824162681	0
73	405.632919549942	0.18418188262404056	0.0	1
74	411.06360936164856	0.18418188262404056	0.0	2
75	416.47571992874146	0.1849423397861219	0.0007604571620813405	0
76	421.91209530830383	0.1849423397861219	0.0	1
77	427.33205103874207	0.1849423397861219	0.0	2
78	432.84674191474915	0.18509676505884295	0.00015442527272105377	0
79	438.30830931663513	0.18587986704265103	0.0007831019838080711	0
80	443.70695209503174	0.1861978071538265	0.00031794011117547427	0
81	449.1581699848175	0.1869902177290483	0.000792410575221808	0
82	454.58887004852295	0.1869902177290483	0.0	1
83	460.03701734542847	0.1869902177290483	0.0	2
84	465.44724917411804	0.1869902177290483	0.0	3
85	470.9017059803009	0.18811328407299766	0.0011230663439493471	0
86	476.3192903995514	0.18846316542922026	0.0003498813562226033	0
87	481.70837664604187	0.18898849852347488	0.0005253330942546208	0
88	487.15161395072937	0.18986525832180773	0.000876759798332849	0
89	492.5883364677429	0.18986525832180773	0.0	1
90	498.0519309043884	0.19145701528546152	0.0015917569636537954	0
91	503.51213550567627	0.19159509880881181	0.00013808352335029084	0
92	508.9417850971222	0.19323656243380558	0.0016414636249937609	0
93	514.3242294788361	0.19337768798049368	0.0001411255466881034	0
94	519.7012376785278	0.19603139095519337	0.00265370297469969	0
95	525.1246190071106	0.19609146483206863	6.007387687526067e-05	0
96	530.5961716175079	0.19609146483206863	0.0	1
97	536.0257115364075	0.19653558807129684	0.0004441232392282113	0
98	541.4252328872681	0.19653558807129684	0.0	1
99	546.8918995857239	0.19653558807129684	0.0	2
100	552.2956426143646	0.19735503614994518	0.0008194480786483382	0
101	557.7102766036987	0.19849706038333584	0.0011420242333906594	0
102	563.1040141582489	0.20110345381108577	0.002606393427749931	0
103	568.4384326934814	0.20110345381108577	0.0	1
104	573.7682173252106	0.20110345381108577	0.0	2
105	579.1327130794525	0.20400110272129188	0.0028976489102061076	0
106	584.5518486499786	0.2040109345407197	9.831819427819077e-06	0
107	589.8838019371033	0.2040109345407197	0.0	1
108	595.232507944107	0.2040109345407197	0.0	2
109	600.5270113945007	0.2064875309166916	0.00247659637597189	0
110	605.840146780014	0.2064875309166916	0.0	1
111	611.2185258865356	0.2064875309166916	0.0	2
112	616.5572211742401	0.20793293005351626	0.0014453991368246766	0
113	621.924304485321	0.20793293005351626	0.0	1
114	627.2595765590668	0.20801126823851177	7.833818499550227e-05	0
115	632.6355986595154	0.20842206307005084	0.0004107948315390797	0
116	637.9325342178345	0.21156172318892047	0.003139660118869625	0
117	643.2893652915955	0.21156172318892047	0.0	1
118	648.6523649692535	0.21156172318892047	0.0	2
119	653.9968836307526	0.21231731311366128	0.0007555899247408127	0
120	659.3200159072876	0.21519840124881628	0.002881088135155002	0
121	664.5880506038666	0.21519840124881628	0.0	1
122	669.8869342803955	0.21826142671575957	0.0030630254669432866	0
123	675.2322423458099	0.21826142671575957	0.0	1
124	680.5213663578033	0.21847699665757078	0.00021556994181121114	0
125	685.7731049060822	0.21847699665757078	0.0	1
126	691.0919342041016	0.22058752811316287	0.0021105314555920907	0
127	696.4161028862	0.22222386897085578	0.0016363408576929028	0
128	701.7378304004669	0.22358808258884072	0.001364213617984944	0
129	707.0863032341003	0.22511727121648226	0.0015291886276415367	0
130	712.4280693531036	0.2313728393359998	0.006255568119517552	0
131	717.7408511638641	0.2313728393359998	0.0	1
132	723.0050146579742	0.2313728393359998	0.0	2
133	728.3497972488403	0.2313728393359998	0.0	3
134	733.6234128475189	0.24051467919844	0.009141839862440188	0
135	738.8986759185791	0.24051467919844	0.0	1
136	744.2347600460052	0.24051467919844	0.0	2
137	749.5282173156738	0.24051467919844	0.0	3
138	754.7929213047028	0.24051467919844	0.0	4
139	760.064085483551	0.24179505465323464	0.0012803754547946467	0
140	765.3560869693756	0.24179505465323464	0.0	1
141	770.6088712215424	0.24290388432796303	0.0011088296747283899	0
142	775.7924981117249	0.24407720489745316	0.0011733205694901272	0
143	781.0201599597931	0.24407720489745316	0.0	1
144	786.2757031917572	0.2509818191163278	0.006904614218874616	0
145	791.4841356277466	0.2509818191163278	0.0	1
146	796.7165081501007	0.25309962709174394	0.002117807975416164	0
147	801.9130449295044	0.25383221932005084	0.0007325922283069053	0
148	807.2082133293152	0.25383221932005084	0.0	1
149	812.3575718402863	0.2544535465027537	0.0006213271827028577	0
150	817.5717446804047	0.2569299968616054	0.0024764503588516895	0
151	822.7659502029419	0.25765407142456637	0.0007240745629609746	0
152	827.9624629020691	0.25765407142456637	0.0	1
153	833.1552667617798	0.2599365867115854	0.00228251528701906	0
154	838.3652119636536	0.26116962828324364	0.001233041571658211	0
155	843.5600004196167	0.26116962828324364	0.0	1
156	848.7452275753021	0.26116962828324364	0.0	2
157	853.9447090625763	0.26263094328617176	0.0014613150029281208	0
158	859.1419622898102	0.264059112402811	0.001428169116639233	0
159	864.353166103363	0.264059112402811	0.0	1
160	869.5405097007751	0.2659963458728942	0.0019372334700832328	0
161	874.745943069458	0.2659963458728942	0.0	1
162	879.9365479946136	0.2659963458728942	0.0	2
163	885.0957882404327	0.2659963458728942	0.0	3
164	890.1784093379974	0.26671426338061954	0.0007179175077253186	0
165	895.2999014854431	0.26847038694926234	0.0017561235686427978	0
166	900.4451212882996	0.26847038694926234	0.0	1
167	905.5724182128906	0.26967493084629185	0.0012045438970295086	0
168	910.7342958450317	0.2734125310724432	0.0037376002261513275	0
169	915.8796858787537	0.2775402647076231	0.004127733635179931	0
170	921.0321896076202	0.2775402647076231	0.0	1
171	926.1758754253387	0.2775402647076231	0.0	2
172	931.2799437046051	0.2775402647076231	0.0	3
173	936.4137759208679	0.27830089222301135	0.0007606275153882458	0
174	941.5722281932831	0.27929568252685155	0.0009947903038401984	0
175	946.6572372913361	0.28007358873479865	0.0007779062079470989	0
176	951.7698783874512	0.28052186129385964	0.0004482725590609915	0
177	956.8922708034515	0.28052186129385964	0.0	1
178	961.9675059318542	0.282960785252816	0.0024389239589563405	0
179	966.9762635231018	0.28297168786445875	1.0902611642771287e-05	0
180	972.0332243442535	0.28297168786445875	0.0	1
181	977.1049053668976	0.28495087692041715	0.001979189055958397	0
182	982.1956827640533	0.28495087692041715	0.0	1
183	987.239176273346	0.28495087692041715	0.0	2
184	992.3395833969116	0.28495087692041715	0.0	3
185	997.4848396778107	0.28495087692041715	0.0	4
186	1002.6073989868164	0.28495087692041715	0.0	5
187	1007.6264357566833	0.287817825731098	0.002866948810680836	0
188	1012.6917688846588	0.287817825731098	0.0	1
189	1017.7943136692047	0.287817825731098	0.0	2
190	1022.8763723373413	0.287817825731098	0.0	3
191	1027.9643993377686	0.28894213322056916	0.0011243074894711769	0
192	1033.0701441764832	0.28894213322056916	0.0	1
193	1038.1597650051117	0.28894213322056916	0.0	2
194	1043.2894990444183	0.28894213322056916	0.0	3
195	1048.3649570941925	0.2893999455648176	0.00045781234424840944	0
196	1053.4237101078033	0.2893999455648176	0.0	1
197	1058.5526459217072	0.28979930238860646	0.0003993568237888878	0
198	1063.640830039978	0.28979930238860646	0.0	1
199	1068.723254442215	0.29012857099469197	0.0003292686060855088	0
200	1073.7735710144043	0.2908661521412729	0.0007375811465809567	0
201	1078.9077806472778	0.2913615882301635	0.0004954360888905773	0
202	1083.9819796085358	0.2913615882301635	0.0	1
203	1089.0577001571655	0.29152941057366427	0.00016782234350076752	0
204	1094.145955324173	0.29205368504379736	0.0005242744701330904	0
205	1099.213793516159	0.29205368504379736	0.0	1
206	1104.4025073051453	0.29205368504379736	0.0	2
207	1109.4911065101624	0.29205368504379736	0.0	3
208	1114.5457289218903	0.2932915938527961	0.0012379088089987111	0
209	1119.6942541599274	0.2932915938527961	0.0	1
210	1124.775494813919	0.2932915938527961	0.0	2
211	1129.8374395370483	0.29366520299105364	0.00037360913825756903	0
212	1134.9094281196594	0.2941691080729167	0.0005039050818630431	0
213	1139.9357414245605	0.2941691080729167	0.0	1
214	1145.0262954235077	0.2943623860677083	0.00019327799479162966	0
215	1150.1324253082275	0.2943623860677083	0.0	1
216	1155.2213861942291	0.2945890046382825	0.00022661857057421075	0
217	1160.3576395511627	0.2950842460376794	0.000495241399396884	0
218	1165.3933074474335	0.2950842460376794	0.0	1
219	1170.4999990463257	0.29563923277543114	0.0005549867377517281	0
