1	97.3807647228241	0.0059451075696643025	10000000000.005945	0
2	165.29487776756287	0.008023358603766616	0.0020782510341023136	0
3	234.38656401634216	0.008023358603766616	0.0	1
4	304.3424537181854	0.011756778359248926	0.0037334197554823104	0
5	374.76970863342285	0.011756778359248926	0.0	1
6	445.9755709171295	0.013235113408398768	0.0014783350491498412	0
7	516.7176189422607	0.015496235687307507	0.002261122278908739	0
8	590.2388150691986	0.020454162004288925	0.004957926316981418	0
9	666.5004549026489	0.022219585941651167	0.001765423937362242	0
10	742.4574224948883	0.029612628094312095	0.007393042152660928	0
11	820.96346616745	0.02985214670015891	0.00023951860584681475	0
12	903.6924545764923	0.04524285549227329	0.01539070879211438	0
13	989.644941329956	0.05162813651565021	0.006385281023376918	0
14	1078.3159630298615	0.05162813651565021	0.0	1
15	1173.5211639404297	0.05880814058072086	0.007180004065070654	0
16	1273.9939653873444	0.07264510142074526	0.0138369608400244	0
17	1380.857366323471	0.07264510142074526	0.0	1
18	1495.2026896476746	0.07264510142074526	0.0	2
19	1620.1837449073792	0.07754778572034773	0.004902684299602472	0
20	1747.0519635677338	0.08742814441824595	0.009880358697898217	0
21	1872.159828901291	0.08746835886763489	4.021444938893948e-05	0
22	1998.820582151413	0.08780313334846203	0.000334774480827138	0
23	2129.980461359024	0.08780313334846203	0.0	1
24	2265.9380309581757	0.09349095552529814	0.00568782217683611	0
25	2412.8229291439056	0.09349095552529814	0.0	1
26	2555.360594034195	0.09408820496073916	0.0005972494354410246	0
27	2699.666588306427	0.09440972837210217	0.00032152341136300333	0
28	2847.1418166160583	0.0977760093029234	0.003366280930821239	0
29	2992.6086411476135	0.0977760093029234	0.0	1
30	3140.0404715538025	0.09778425398573719	8.244682813782211e-06	0
31	3295.078877210617	0.09879638008841067	0.001012126102673483	0
32	3448.383024930954	0.09977809311287243	0.0009817130244617611	0
33	3603.5228033065796	0.09977809311287243	0.0	1
34	3762.862762928009	0.10076135321651021	0.0009832601036377786	0
35	3917.019564151764	0.10076135321651021	0.0	1
36	4073.6160356998444	0.10318636619275691	0.0024250129762466988	0
37	4231.078389644623	0.10322318859898354	3.682240622662758e-05	0
38	4390.692243814468	0.1052384273865224	0.00201523878753887	0
39	4548.583553314209	0.1052384273865224	0.0	1
40	4706.581652641296	0.1052384273865224	0.0	2
41	4866.207218408585	0.1052384273865224	0.0	3
42	5028.754880666733	0.1054561811828433	0.0002177537963208992	0
43	5190.187222003937	0.10725085068214467	0.0017946694993013629	0
44	5353.776610374451	0.10849581700540205	0.0012449663232573793	0
45	5518.033691883087	0.10930941729579938	0.0008136002903973288	0
46	5683.504394292831	0.11051837799376155	0.0012089606979621692	0
47	5850.881274938583	0.1111639808603436	0.0006456028665820512	0
48	6019.320748329163	0.11143840003493131	0.00027441917458771725	0
49	6189.620105981827	0.11173602539715924	0.000297625362227924	0
50	6361.711681604385	0.11231569962879323	0.000579674231633992	0
51	6537.919416189194	0.11397480271185105	0.0016591030830578196	0
52	6713.080476760864	0.11397614799809107	1.345286240017618e-06	0
53	6888.636812448502	0.11397614799809107	0.0	1
54	7063.5401475429535	0.11499260784429487	0.0010164598462037988	0
55	7237.100863695145	0.11499260784429487	0.0	1
56	7410.021993637085	0.11499260784429487	0.0	2
57	7583.315670251846	0.11500448479995669	1.1876955661821453e-05	0
58	7755.674546718597	0.11508473112417344	8.02463242167567e-05	0
59	7928.355504751205	0.11579907811762014	0.0007143469934466906	0
60	8100.991245031357	0.11579907811762014	0.0	1
61	8274.828075885773	0.11727928695831856	0.0014802088406984243	0
62	8451.51706790924	0.11727928695831856	0.0	1
63	8627.065955877304	0.11727928695831856	0.0	2
64	8802.455070257187	0.11734347633034202	6.418937202345987e-05	0
65	8977.367777585983	0.11734347633034202	0.0	1
66	9151.595392942429	0.11766200167522729	0.0003185253448852732	0
67	9325.988617897034	0.11766200167522729	0.0	1
68	9499.423705339432	0.1177962131960434	0.00013421152081610765	0
69	9672.68663406372	0.11819278436122425	0.00039657116518085345	0
70	9846.107273340225	0.11819278436122425	0.0	1
71	10019.529566287994	0.11841006730736114	0.00021728294613689025	0
72	10192.54713845253	0.11841006730736114	0.0	1
73	10364.397346258163	0.11841006730736114	0.0	2
74	10541.055781364441	0.11844848483870093	3.8417531339790534e-05	0
75	10713.517140388489	0.1184578922331936	9.407394492663701e-06	0
76	10887.512308597565	0.11907872261458455	0.0006208303813909494	0
77	11062.110561847687	0.11907872261458455	0.0	1
78	11235.495127439499	0.11907872261458455	0.0	2
79	11407.806456804276	0.11907872261458455	0.0	3
80	11580.161847114563	0.11907872261458455	0.0	4
81	11752.398830652237	0.11993881215376175	0.0008600895391771973	0
82	11925.664224386215	0.11993881215376175	0.0	1
83	12097.603685379028	0.11998808806689593	4.927591313418078e-05	0
84	12269.49145746231	0.12000420267421379	1.6114607317860297e-05	0
85	12442.105769395828	0.12029944495795941	0.00029524228374562533	0
86	12615.568909406662	0.12034953765202502	5.009269406561212e-05	0
87	12788.458181858063	0.1205007670437773	0.00015122939175227224	0
88	12961.891825199127	0.12069765929419057	0.00019689225041327751	0
89	13134.492250919342	0.12069765929419057	0.0	1
90	13307.244538545609	0.12069765929419057	0.0	2
91	13479.3761510849	0.12069765929419057	0.0	3
92	13651.853105783463	0.12070777776855295	1.0118474362372232e-05	0
93	13824.92930817604	0.12070777776855295	0.0	1
94	13997.452140808105	0.12071591675030502	8.138981752073282e-06	0
95	14170.028008699417	0.12071591675030502	0.0	1
96	14344.184290885925	0.12073547144672235	1.955469641733154e-05	0
97	14517.304298639297	0.1210587533393848	0.00032328189266245255	0
98	14689.326512098312	0.1210587533393848	0.0	1
99	14862.15484380722	0.1210587533393848	0.0	2
100	15034.982605457306	0.1210587533393848	0.0	3
101	15207.332156658173	0.1210587533393848	0.0	4
102	15379.721249103546	0.12108712926986165	2.83759304768455e-05	0
103	15552.548512458801	0.12115714180946686	7.001253960521592e-05	0
104	15725.15840435028	0.12116709692764296	9.955118176099842e-06	0
105	15897.571293830872	0.12122128313555318	5.418620791021456e-05	0
106	16070.284009695053	0.12138185265748612	0.0001605695219329406	0
107	16243.069684028625	0.12160309458884362	0.00022124193135750203	0
108	16415.795304775238	0.12160309458884362	0.0	1
109	16588.926638126373	0.1216269638104164	2.3869221572783705e-05	0
110	16762.532731056213	0.12169416085810504	6.719704768863577e-05	0
111	16983.74481844902	0.12176564360338685	7.14827452818062e-05	0
112	17156.909953832626	0.12176564360338685	0.0	1
113	17330.714396476746	0.12182387527920455	5.823167581769928e-05	0
114	17504.047679662704	0.12183010203265832	6.226753453769662e-06	0
115	17676.806313753128	0.12183451264968807	4.41061702975698e-06	0
116	17850.24557542801	0.1220661613310308	0.0002316486813427332	0
117	18023.45850086212	0.1220661613310308	0.0	1
118	18197.04325246811	0.1220661613310308	0.0	2
119	18370.31061387062	0.1220661613310308	0.0	3
120	18543.24725961685	0.12212476776515821	5.8606434127403406e-05	0
121	18716.51082086563	0.12222042722601054	9.565946085232646e-05	0
122	18889.41776061058	0.12222042722601054	0.0	1
123	19062.85119509697	0.12229703166819182	7.660444218128559e-05	0
124	19237.10157608986	0.122544583554729	0.00024755188653717564	0
125	19411.11942410469	0.122544583554729	0.0	1
126	19584.497276306152	0.122544583554729	0.0	2
127	19758.050715208054	0.122544583554729	0.0	3
128	19932.02471590042	0.12256258156278288	1.7998008053882186e-05	0
129	20105.508358955383	0.12278055637041464	0.0002179748076317628	0
130	20279.032066345215	0.12281141147124808	3.085510083343512e-05	0
131	20452.556609869003	0.12281994442968472	8.532958436641147e-06	0
132	20626.26155090332	0.12281994442968472	0.0	1
133	20847.177007198334	0.12281994442968472	0.0	2
134	21021.284004688263	0.12281994442968472	0.0	3
135	21194.32734823227	0.12297495023209645	0.000155005802411734	0
136	21368.526478290558	0.12297495023209645	0.0	1
137	21542.235763549805	0.12305726253161037	8.231229951391472e-05	0
138	21715.501371622086	0.12311024759109201	5.298505948164722e-05	0
139	21889.23776125908	0.1232491772229356	0.0001389296318435873	0
140	22063.288254976273	0.12326631040412091	1.713318118530538e-05	0
141	22237.677949905396	0.12326631040412091	0.0	1
142	22411.8091609478	0.12326631040412091	0.0	2
143	22585.921853780746	0.12330068246755323	3.437206343231969e-05	0
144	22760.173465251923	0.12330068246755323	0.0	1
145	22934.45885372162	0.12330068246755323	0.0	2
146	23108.893836975098	0.12338122667658026	8.054420902703363e-05	0
147	23282.54909515381	0.12338122667658026	0.0	1
148	23455.915538072586	0.12338575260385916	4.525927278897779e-06	0
149	23629.664911985397	0.12353681863942514	0.00015106603556598597	0
150	23803.60493850708	0.12367698785644703	0.00014016921702188212	0
151	23977.717204093933	0.12367698785644703	0.0	1
152	24150.820922851562	0.12368322421908823	6.236362641201532e-06	0
153	24324.737179756165	0.12368322421908823	0.0	1
154	24498.41204881668	0.1238146394663626	0.00013141524727437737	0
155	24672.767238616943	0.12385038564359722	3.5746177234619037e-05	0
156	24847.00851869583	0.12394842818293186	9.804253933463902e-05	0
157	25020.88291668892	0.12396429295137658	1.586476844471496e-05	0
158	25194.851343393326	0.12410968956635965	0.00014539661498307044	0
159	25369.070798635483	0.12424558269497578	0.00013589312861612968	0
160	25542.54771232605	0.1246320834317314	0.0003865007367556267	0
161	25716.666061878204	0.1246320834317314	0.0	1
162	25890.98789525032	0.1246320834317314	0.0	2
163	26065.19466328621	0.1246320834317314	0.0	3
164	26239.733025550842	0.12471033104496299	7.824761323158014e-05	0
165	26414.48223400116	0.12471033104496299	0.0	1
166	26588.13220667839	0.12471033104496299	0.0	2
167	26762.13335251808	0.12482708267222123	0.00011675162725824362	0
168	26936.353365659714	0.12482708267222123	0.0	1
169	27110.90550851822	0.12490731938725055	8.023671502932483e-05	0
170	27285.13886165619	0.12491707271249064	9.753325240086097e-06	0
171	27459.38590335846	0.12515743692683118	0.00024036421434053823	0
172	27634.049475431442	0.12517626132500392	1.8824398172745394e-05	0
173	27808.642667770386	0.125272833658662	9.657233365806261e-05	0
174	27983.270792484283	0.12527460174914884	1.7680904868533354e-06	0
175	28157.986654996872	0.1255069519011739	0.0002323501520250515	0
176	28332.664406061172	0.1255069519011739	0.0	1
177	28507.703650951385	0.12563404301410536	0.00012709111293146558	0
178	28683.046360969543	0.12563804043607568	3.997421970325377e-06	0
179	28858.474187135696	0.1256602376590359	2.219722296020743e-05	0
180	29033.614765644073	0.12591748521568857	0.0002572475566526844	0
181	29208.51039505005	0.12594898413207972	3.1498916391148324e-05	0
182	29383.101534366608	0.1259706048037942	2.162067171448956e-05	0
183	29557.83487224579	0.1259706048037942	0.0	1
184	29732.649473190308	0.1259706048037942	0.0	2
185	29907.95929646492	0.1259706048037942	0.0	3
186	30083.01905488968	0.1261334036572106	0.0001627988534163849	0
187	30257.905799150467	0.12615136322851478	1.7959571304182465e-05	0
188	30433.231907844543	0.12623245516122525	8.109193271046977e-05	0
189	30609.002487897873	0.12631196157800997	7.950641678472481e-05	0
190	30784.118292570114	0.12631196157800997	0.0	1
191	30958.911952972412	0.12631196157800997	0.0	2
192	31134.31756877899	0.12648313003367673	0.00017116845566675365	0
193	31309.58888912201	0.12648313003367673	0.0	1
194	31484.67527127266	0.12648313003367673	0.0	2
195	31659.8779129982	0.12657630071498505	9.317068130831885e-05	0
196	31835.07833147049	0.12657630071498505	0.0	1
197	32011.044820070267	0.12661906159904257	4.276088405752443e-05	0
198	32186.840958356857	0.12661906159904257	0.0	1
199	32363.310908555984	0.1266758903334957	5.68287344531182e-05	0
200	32539.406660318375	0.1266758903334957	0.0	1
201	32714.749532699585	0.12682806142561595	0.00015217109212026236	0
202	32890.04976081848	0.12705763452247412	0.00022957309685817107	0
203	33066.717420101166	0.12705763452247412	0.0	1
204	33242.66517949104	0.12705763452247412	0.0	2
205	33418.03714299202	0.12705763452247412	0.0	3
206	33593.63421154022	0.12741946847510036	0.00036183395262623375	0
207	33769.21056842804	0.12741946847510036	0.0	1
208	33945.51523041725	0.12751038099736292	9.091252226256508e-05	0
209	34121.3067343235	0.12751038099736292	0.0	1
210	34297.63857460022	0.12751038099736292	0.0	2
211	34473.120799303055	0.12751038099736292	0.0	3
212	34649.71842813492	0.1275664986519463	5.6117654583381915e-05	0
213	34825.87641406059	0.12757067864847776	4.179996531461505e-06	0
214	35001.97926926613	0.1277134423461054	0.0001427636976276403	0
215	35177.52536344528	0.1277820327259712	6.859037986578498e-05	0
