1	2.37945294380188	0.02172641038737765	10000000000.021727	0
2	4.079189777374268	0.04311642455385296	0.021390014166475308	0
3	5.781420707702637	0.04311642455385296	0.0	1
4	7.508172273635864	0.04881899449406394	0.005702569940210983	0
5	9.27563190460205	0.06357120113117598	0.01475220663711204	0
6	11.0585298538208	0.06357120113117598	0.0	1
7	12.875685930252075	0.06539124432141438	0.0018200431902384018	0
8	14.726568698883057	0.06874240775672091	0.003351163435306531	0
9	16.581673860549927	0.07745897511061568	0.008716567353894769	0
10	18.44130253791809	0.07745897511061568	0.0	1
11	20.292582273483276	0.08284500299459174	0.005386027883976061	0
12	22.165205001831055	0.08672629806341166	0.003881295068819915	0
13	24.030598402023315	0.08672629806341166	0.0	1
14	25.90544891357422	0.08672629806341166	0.0	2
15	27.865965843200684	0.08939897253158245	0.0026726744681707937	0
16	29.888498783111572	0.08939897253158245	0.0	1
17	31.91440439224243	0.08939897253158245	0.0	2
18	33.944626331329346	0.09202652328969826	0.0026275507581158125	0
19	36.02998208999634	0.09230514429305359	0.0002786210033553227	0
20	38.16565942764282	0.11176270762931154	0.01945756333625795	0
21	40.31234788894653	0.11176270762931154	0.0	1
22	42.447749376297	0.11459675241023937	0.00283404478092783	0
23	44.5998797416687	0.11661221118683511	0.002015458776595744	0
24	46.784464597702026	0.1237033744422091	0.007091163255373983	0
25	48.92446708679199	0.12939490610948126	0.005691531667272168	0
26	51.10085964202881	0.13210030714914867	0.0027054010396674044	0
27	53.29519844055176	0.1328521012266259	0.0007517940774772469	0
28	55.44366455078125	0.1328521012266259	0.0	1
29	57.61826753616333	0.1369367441761831	0.004084642949557182	0
30	59.78572154045105	0.13716044157161658	0.00022369739543348643	0
31	61.94562101364136	0.13795156911894743	0.0007911275473308499	0
32	64.12407875061035	0.13873194623186966	0.0007803771129222259	0
33	66.29438090324402	0.13873194623186966	0.0	1
34	68.36970448493958	0.1424336032821411	0.0037016570502714508	0
35	70.51171517372131	0.1424336032821411	0.0	1
36	72.68430685997009	0.1424336032821411	0.0	2
37	74.83257961273193	0.14421853686560923	0.0017849335834681235	0
38	76.9514811038971	0.148711549056468	0.004493012190858764	0
39	79.12278890609741	0.14894315866452348	0.00023160960805548858	0
40	81.26305413246155	0.15288836727489583	0.003945208610372342	0
41	83.44181871414185	0.15288836727489583	0.0	1
42	85.61434650421143	0.15288836727489583	0.0	2
43	87.76623773574829	0.1563584548806276	0.003470087605731781	0
44	89.93888878822327	0.1563584548806276	0.0	1
45	92.10787582397461	0.1563584548806276	0.0	2
46	94.2885377407074	0.1563584548806276	0.0	3
47	96.45768594741821	0.15997432266104822	0.003615867780420612	0
48	98.62708473205566	0.15997432266104822	0.0	1
49	100.81514763832092	0.15997432266104822	0.0	2
50	102.9817852973938	0.1610399812270372	0.001065658565988975	0
51	105.1543197631836	0.1610399812270372	0.0	1
52	107.34253334999084	0.16529289592015795	0.004252914693120752	0
53	109.41327476501465	0.16529289592015795	0.0	1
54	111.60580492019653	0.16652270277541678	0.001229806855258836	0
55	113.78141641616821	0.1665463590862511	2.365631083431352e-05	0
56	115.97018671035767	0.1665463590862511	0.0	1
57	118.13626551628113	0.16675911861753537	0.00021275953128427338	0
58	120.30039238929749	0.16881669553441683	0.002057576916881465	0
59	122.48575472831726	0.16881669553441683	0.0	1
60	124.67023348808289	0.17137785600083627	0.0025611604664194376	0
61	126.85248231887817	0.17450711601108385	0.0031292600102475754	0
62	129.02861952781677	0.17500748647935405	0.0005003704682702004	0
63	131.23385500907898	0.17500748647935405	0.0	1
64	133.41543531417847	0.17500748647935405	0.0	2
65	135.5972762107849	0.17611559788159412	0.0011081114022400695	0
66	137.78907418251038	0.17673573595412234	0.0006201380725282257	0
67	139.95796990394592	0.17673573595412234	0.0	1
68	142.13240909576416	0.17674656671556263	1.083076144028916e-05	0
69	144.28796982765198	0.1784575458785164	0.001710979162953763	0
70	146.4729826450348	0.17905699974038305	0.0005994538618666612	0
71	148.6164882183075	0.18147480323090318	0.0024178034905201207	0
72	150.795654296875	0.18147480323090318	0.0	1
73	152.97283935546875	0.18147480323090318	0.0	2
74	155.12630105018616	0.18556004863319808	0.004085245402294907	0
75	157.3303349018097	0.18556004863319808	0.0	1
76	159.4926347732544	0.18556004863319808	0.0	2
77	161.6894233226776	0.18556004863319808	0.0	3
78	163.8401129245758	0.18784421471865403	0.002284166085455952	0
79	166.00890183448792	0.18815902974370752	0.00031481502505348313	0
80	168.15368485450745	0.19221602680652283	0.004056997062815315	0
81	170.3429319858551	0.19221602680652283	0.0	1
82	172.51386904716492	0.1928472901729409	0.0006312633664180556	0
83	174.69604063034058	0.1928472901729409	0.0	1
84	176.9301793575287	0.1928472901729409	0.0	2
85	179.138765335083	0.1928472901729409	0.0	3
86	181.3805239200592	0.1928472901729409	0.0	4
87	183.5691738128662	0.19579999136752166	0.00295270119458077	0
88	185.76450777053833	0.1958125491601434	1.2557792621742392e-05	0
89	187.95925331115723	0.1958125491601434	0.0	1
90	190.11368870735168	0.19590891482250083	9.636566235743382e-05	0
91	192.2908787727356	0.19668559689196508	0.0007766820694642407	0
92	194.47208046913147	0.1973211845302561	0.0006355876382910242	0
93	196.66707682609558	0.19791903185148882	0.0005978473212327196	0
94	198.8591184616089	0.19817386935954295	0.0002548375080541343	0
95	201.0483160018921	0.19817386935954295	0.0	1
96	203.23164796829224	0.19976405005466524	0.0015901806951222897	0
97	205.41292905807495	0.20026155552547162	0.0004975054708063753	0
98	207.5619513988495	0.20187701245990075	0.0016154569344291325	0
99	209.74490356445312	0.20187701245990075	0.0	1
100	211.92596054077148	0.20187701245990075	0.0	2
101	214.0920913219452	0.20187701245990075	0.0	3
102	216.27096486091614	0.20187701245990075	0.0	4
103	218.4579918384552	0.20187701245990075	0.0	5
104	220.66703176498413	0.20245955748159547	0.0005825450216947192	0
105	222.84442806243896	0.20296276617165224	0.0005032086900567667	0
106	225.02308630943298	0.20349379479035287	0.0005310286187006352	0
107	227.2132444381714	0.2039703081302095	0.0004765133398566268	0
108	229.38458442687988	0.2039703081302095	0.0	1
109	231.56215023994446	0.20462940481311007	0.0006590966829005673	0
110	233.72131991386414	0.2051574747194766	0.0005280699063665295	0
111	235.9094111919403	0.2058257688475063	0.0006682941280297117	0
112	238.09725761413574	0.2058257688475063	0.0	1
113	240.31424713134766	0.2063813775379058	0.0005556086903995006	0
114	242.5002908706665	0.20926505103658288	0.002883673498677075	0
115	244.65077376365662	0.20926505103658288	0.0	1
116	246.87176132202148	0.20926505103658288	0.0	2
117	249.0668821334839	0.20926505103658288	0.0	3
118	251.2795491218567	0.20926505103658288	0.0	4
119	253.45873284339905	0.20954491041501017	0.0002798593784272829	0
120	255.6253364086151	0.20977326677828198	0.0002283563632718144	0
121	257.8047151565552	0.20977326677828198	0.0	1
122	260.0185697078705	0.21101216397596104	0.0012388971976790564	0
123	262.2237386703491	0.21101216397596104	0.0	1
124	264.39664459228516	0.21101216397596104	0.0	2
125	266.5902166366577	0.21101216397596104	0.0	3
126	268.78386187553406	0.2113051300483933	0.00029296607243226025	0
127	270.95735573768616	0.21239018759253675	0.001085057544143453	0
128	273.1323142051697	0.21260953394042006	0.00021934634788331464	0
129	275.3188738822937	0.21260953394042006	0.0	1
130	277.5215599536896	0.21260953394042006	0.0	2
131	279.71234679222107	0.21279043041579843	0.0001808964753783615	0
132	281.9304873943329	0.21285508028847475	6.464987267632005e-05	0
133	284.1301894187927	0.21285508028847475	0.0	1
134	286.3045337200165	0.21317869112349885	0.00032361083502410737	0
135	288.53561997413635	0.21334159434377742	0.00016290322027856519	0
136	290.7336301803589	0.21421409317421586	0.0008724988304384396	0
137	292.89846563339233	0.21482757749095197	0.000613484316736107	0
138	295.1008472442627	0.21489893467077487	7.135717982290068e-05	0
139	297.30872344970703	0.21524159640014945	0.0003426617293745826	0
140	299.55478072166443	0.21620926937530846	0.0009676729751590119	0
141	301.76049065589905	0.21620926937530846	0.0	1
142	303.9463577270508	0.21620926937530846	0.0	2
143	306.19550108909607	0.21625197658049328	4.270720518481652e-05	0
144	308.4107234477997	0.21681982175538772	0.0005678451748944435	0
145	310.61446475982666	0.21726981378694615	0.0004499920315584327	0
146	312.79563546180725	0.21726981378694615	0.0	1
147	315.0337905883789	0.21726981378694615	0.0	2
148	317.25849509239197	0.21767895952288743	0.0004091457359412798	0
149	319.47996282577515	0.2177441716847856	6.521216189817047e-05	0
150	321.7041962146759	0.21794478844644524	0.00020061676165963882	0
151	323.90731549263	0.21803392467595006	8.913622950482147e-05	0
152	326.14104318618774	0.21866568339239692	0.0006317587164468563	0
153	328.3205909729004	0.21886943290829267	0.00020374951589574586	0
154	330.5668785572052	0.2193081256040593	0.0004386926957666293	0
155	332.7718062400818	0.2193081256040593	0.0	1
156	335.0015118122101	0.21943650158854738	0.0001283759844880883	0
157	337.17548632621765	0.2196177595355684	0.0001812579470210074	0
158	339.36926078796387	0.22005645223133502	0.0004386926957666293	0
159	341.5646939277649	0.22005645223133502	0.0	1
160	343.75820994377136	0.22031754186002278	0.00026108962868776064	0
161	345.94714164733887	0.22031754186002278	0.0	1
162	348.16382455825806	0.22154902219510858	0.0012314803350857995	0
163	350.3736410140991	0.22187207074091084	0.00032304854580225695	0
164	352.57220697402954	0.22187207074091084	0.0	1
165	354.7654082775116	0.22187207074091084	0.0	2
166	356.9705126285553	0.22209141708879415	0.00021934634788331464	0
167	359.17979431152344	0.22243794790352875	0.0003465308147345969	0
168	361.41907143592834	0.22300919358943164	0.000571245685902888	0
169	363.6393811702728	0.22300919358943164	0.0	1
170	365.85171937942505	0.22300919358943164	0.0	2
171	368.02807664871216	0.22300919358943164	0.0	3
172	370.24157214164734	0.2232463189869969	0.00023712539756526319	0
173	372.46529269218445	0.22331028607990377	6.396709290687475e-05	0
174	374.6961233615875	0.22350331193706818	0.00019302585716440834	0
175	376.92318081855774	0.22376063958310485	0.00025732764603667024	0
176	379.1462254524231	0.22376063958310485	0.0	1
177	381.37726616859436	0.22436870182520155	0.0006080622420966963	0
178	383.6040925979614	0.22476660177670543	0.0003978999515038828	0
179	385.83014464378357	0.22476660177670543	0.0	1
180	388.0157961845398	0.22510697418567668	0.0003403724089712512	0
181	390.1933159828186	0.2254629300387969	0.0003559558531202045	0
182	392.3938183784485	0.2254629300387969	0.0	1
183	394.5747854709625	0.22566875466967812	0.0002058246308812295	0
184	396.757896900177	0.22566875466967812	0.0	1
185	398.9714586734772	0.22574731450667637	7.85598369982543e-05	0
186	401.1909987926483	0.22662370919815203	0.0008763946914756571	0
187	403.42077827453613	0.22662370919815203	0.0	1
188	405.6382575035095	0.22737310685251702	0.0007493976543649916	0
189	407.8444564342499	0.22737310685251702	0.0	1
190	410.08193373680115	0.22737310685251702	0.0	2
191	412.298011302948	0.22737310685251702	0.0	3
192	414.5568950176239	0.2275492372573481	0.0001761304048310819	0
193	416.6864845752716	0.2275492372573481	0.0	1
194	418.9094228744507	0.22755523500904806	5.9977516999598635e-06	0
195	421.1222279071808	0.22755523500904806	0.0	1
196	423.34372758865356	0.22837960455966222	0.0008243695506141568	0
197	425.58936977386475	0.22837960455966222	0.0	1
198	427.82207894325256	0.22837960455966222	0.0	2
199	430.01608443260193	0.22837960455966222	0.0	3
200	432.2280025482178	0.22845631687493148	7.67123152692617e-05	0
201	434.4436960220337	0.22845631687493148	0.0	1
202	436.6883804798126	0.22903831299524294	0.0005819961203114565	0
203	438.88021183013916	0.22903831299524294	0.0	1
204	441.1304452419281	0.22910059322048423	6.228022524129573e-05	0
205	443.355753660202	0.22910059322048423	0.0	1
206	445.5867054462433	0.22930194631326772	0.00020135309278349056	0
207	447.809237241745	0.22948798371867463	0.0001860374054069025	0
208	450.0716652870178	0.22972339547289702	0.00023541175422239768	0
209	452.3221158981323	0.22983432710366858	0.00011093163077155466	0
210	454.5542528629303	0.22983432710366858	0.0	1
211	456.80763936042786	0.22983432710366858	0.0	2
212	459.04244017601013	0.2302420938922324	0.0004077667885638292	0
213	461.3016927242279	0.23048460120092126	0.00024250730868885517	0
214	463.5022370815277	0.23052133743008338	3.6736229162115386e-05	0
215	465.7458305358887	0.23052133743008338	0.0	1
216	467.9753315448761	0.23089721438706406	0.00037587695698068635	0
217	470.2252507209778	0.23089721438706406	0.0	1
218	472.4250113964081	0.23124821673989637	0.0003510023528323081	0
219	474.6534638404846	0.23124821673989637	0.0	1
220	476.8693952560425	0.2317013147500137	0.0004530980101173365	0
221	479.0823657512665	0.23173537341145264	3.405866143893488e-05	0
222	481.27394223213196	0.23181645016211067	8.107675065802122e-05	0
223	483.4629476070404	0.23184485915565367	2.8408993543005412e-05	0
224	485.66079568862915	0.232785890331967	0.0009410311763133339	0
225	487.8597309589386	0.232785890331967	0.0	1
226	490.05353236198425	0.232785890331967	0.0	2
227	492.28914284706116	0.232785890331967	0.0	3
228	494.4984641075134	0.2327902547673558	4.36443538878728e-06	0
229	496.70527172088623	0.23312741409505924	0.00033715932770345125	0
230	498.9221453666687	0.23312741409505924	0.0	1
231	501.1129698753357	0.23329331619118776	0.00016590209612851736	0
232	503.3204343318939	0.23329331619118776	0.0	1
233	505.537312746048	0.23335720295706297	6.388676587520958e-05	0
234	507.74322867393494	0.2337583293776733	0.000401126420610326	0
235	509.96122121810913	0.2337583293776733	0.0	1
236	512.1651842594147	0.2337583293776733	0.0	2
237	514.43412566185	0.23378207940337795	2.375002570464968e-05	0
238	516.6544234752655	0.2340119753680906	0.00022989596471265084	0
239	518.8788912296295	0.2340119753680906	0.0	1
240	521.0936074256897	0.2340119753680906	0.0	2
241	523.3252003192902	0.23445685324529777	0.0004448778772071782	0
242	525.5382425785065	0.23445685324529777	0.0	1
243	527.7714464664459	0.23450652212656287	4.966888126509139e-05	0
244	530.0162675380707	0.2345790306605067	7.25085339438325e-05	0
245	532.2444829940796	0.2345790306605067	0.0	1
246	534.4353330135345	0.23474249617000714	0.00016346550950044336	0
247	536.6470403671265	0.23478019632354957	3.770015354243039e-05	0
248	538.8947694301605	0.23509863945286796	0.0003184431293183909	0
249	541.1255242824554	0.23509863945286796	0.0	1
250	543.335423707962	0.23509863945286796	0.0	2
251	545.5662307739258	0.23509863945286796	0.0	3
252	547.7555394172668	0.23548728840788827	0.0003886489550203043	0
253	549.9937636852264	0.23591990302492324	0.0004326146170349765	0
254	552.2444458007812	0.2361482192246792	0.00022831619975596795	0
255	554.4904828071594	0.2361482192246792	0.0	1
256	556.733076095581	0.2361482192246792	0.0	2
257	558.9566969871521	0.2363999909176903	0.00025177169301107694	0
258	561.2198345661163	0.23656270670822824	0.00016271579053794838	0
259	563.4400036334991	0.2368620587796803	0.0002993520714520692	0
260	565.6664159297943	0.23723365162830393	0.00037159284862361974	0
261	567.8524508476257	0.23723365162830393	0.0	1
262	570.1006891727448	0.23723365162830393	0.0	2
263	572.3021667003632	0.23731952122518646	8.586959688253182e-05	0
264	574.5041494369507	0.23731952122518646	0.0	1
265	576.7446110248566	0.23745364059244078	0.00013411936725432616	0
266	578.9649348258972	0.2376005855090892	0.00014694491664840603	0
267	581.1563541889191	0.23789886655345197	0.0002982810443627748	0
268	583.396479845047	0.23789886655345197	0.0	1
269	585.6052441596985	0.2379159494355259	1.7082882073943262e-05	0
270	587.8305022716522	0.2379159494355259	0.0	1
271	590.0356333255768	0.237983290263764	6.734082823808829e-05	0
272	592.3019151687622	0.237983290263764	0.0	1
273	594.5813472270966	0.237983290263764	0.0	2
274	596.8512206077576	0.23821631898271278	0.00023302871894878563	0
275	599.0657377243042	0.23821631898271278	0.0	1
276	601.3079082965851	0.23835699839088892	0.00014067940817613644	0
277	603.5450387001038	0.23835699839088892	0.0	1
278	605.7552921772003	0.23843595986304564	7.896147215671889e-05	0
279	608.0008523464203	0.23843595986304564	0.0	1
280	610.2589976787567	0.23863337693127606	0.0001974170682304266	0
281	612.4996154308319	0.23865576139744188	2.2384466165814576e-05	0
282	614.7401828765869	0.23881272041737497	0.00015695901993309502	0
283	616.9470038414001	0.23881272041737497	0.0	1
284	619.1670207977295	0.23886153247696865	4.881205959367252e-05	0
285	621.3839564323425	0.23886153247696865	0.0	1
286	623.5807876586914	0.23918184990369326	0.0003203174267246145	0
287	625.7964556217194	0.23933045491233002	0.00014860500863675408	0
288	627.9750094413757	0.2395202676882266	0.00018981277589658063	0
289	630.1881067752838	0.23979600361236017	0.0002757359241335744	0
290	632.421502828598	0.23979600361236017	0.0	1
291	634.6189529895782	0.23998279073672957	0.00018678712436939748	0
292	636.7971119880676	0.24007939738018208	9.660664345251258e-05	0
293	639.0319015979767	0.24051142293231795	0.00043202555213586735	0
294	641.1917722225189	0.24051142293231795	0.0	1
295	643.3765344619751	0.24051142293231795	0.0	2
296	645.5927214622498	0.24058676968804837	7.53467557304266e-05	0
297	647.8283460140228	0.2410045238042197	0.00041775411617131497	0
298	650.0032758712769	0.2410045238042197	0.0	1
299	652.232180595398	0.24135852503290198	0.000354001228682288	0
300	654.4427251815796	0.24135852503290198	0.0	1
301	656.6741490364075	0.24135852503290198	0.0	2
302	658.8874640464783	0.24135852503290198	0.0	3
303	661.097635269165	0.24135852503290198	0.0	4
304	663.3118183612823	0.2415384575839	0.00017993255099801875	0
305	665.5515992641449	0.24159690888729712	5.8451303397127896e-05	0
306	667.7593626976013	0.24195631880278023	0.00035940991548311096	0
307	669.9689433574677	0.24203619064796283	7.987184518259971e-05	0
308	672.2036502361298	0.24203619064796283	0.0	1
309	674.3889806270599	0.24225553699584615	0.00021934634788331464	0
310	676.594269990921	0.24225553699584615	0.0	1
311	678.8050260543823	0.24225553699584615	0.0	2
312	681.0461730957031	0.2422887120599364	3.317506409025728e-05	0
313	683.2713444232941	0.24244291318511463	0.0001542011251782216	0
314	685.4726181030273	0.24265047823501593	0.0002075650499012982	0
315	687.698098897934	0.24265047823501593	0.0	1
316	689.9351196289062	0.24265047823501593	0.0	2
317	692.1635868549347	0.24265047823501593	0.0	3
318	694.3820540904999	0.24304662437966112	0.0003961461446451986	0
319	696.5721261501312	0.24368506362757733	0.000638439247916206	0
320	698.8057236671448	0.24368506362757733	0.0	1
321	701.0010437965393	0.24368506362757733	0.0	2
322	703.2224640846252	0.24368506362757733	0.0	3
323	705.4273307323456	0.24368506362757733	0.0	4
324	707.6356456279755	0.24379412096094266	0.00010905733336533108	0
325	709.8615369796753	0.24417489786685678	0.00038077690591412083	0
326	712.0738558769226	0.24417489786685678	0.0	1
327	714.2803192138672	0.24417489786685678	0.0	2
328	716.4846577644348	0.24417489786685678	0.0	3
329	718.6806926727295	0.24440117911514314	0.00022628124828635854	0
330	720.8887758255005	0.24460373711340208	0.00020255799825893983	0
331	723.0657308101654	0.24460373711340208	0.0	1
332	725.245851278305	0.2446056114108083	1.8742974062235795e-06	0
333	727.4511971473694	0.24488405167834232	0.00027844026753401363	0
334	729.680810213089	0.24488405167834232	0.0	1
335	731.9144787788391	0.24488405167834232	0.0	2
336	734.1612529754639	0.24488405167834232	0.0	3
337	736.3631474971771	0.24510495101550506	0.0002208993371627388	0
338	738.5622305870056	0.24550856757409795	0.0004036165585928897	0
339	740.7920684814453	0.24550856757409795	0.0	1
340	742.9971990585327	0.24550856757409795	0.0	2
341	745.1867060661316	0.24558835909224885	7.979151815090679e-05	0
342	747.4072647094727	0.24558835909224885	0.0	1
343	749.5943529605865	0.24559912291449607	1.076382224721173e-05	0
344	751.7923693656921	0.2456666511724748	6.752825797873285e-05	0
345	753.9982845783234	0.24584802961004334	0.00018137843756854677	0
346	756.1924138069153	0.24602418679055166	0.00017615718050831286	0
347	758.3500938415527	0.24606737595792663	4.3189167374974025e-05	0
348	760.5453402996063	0.24606737595792663	0.0	1
349	762.7051954269409	0.24606737595792663	0.0	2
350	764.881121635437	0.24624642491157603	0.00017904895364939666	0
351	767.0768623352051	0.24629882491191873	5.240000034270609e-05	0
352	769.2349739074707	0.24644887580712602	0.0001500508952072821	0
353	771.4473035335541	0.24677995705609784	0.0003310812489718262	0
354	773.6615459918976	0.24682132547742106	4.136842132321239e-05	0
355	775.8283095359802	0.24726775634390766	0.00044643086648660235	0
356	778.0035231113434	0.24726775634390766	0.0	1
357	780.1728932857513	0.24726775634390766	0.0	2
358	782.3349785804749	0.24726775634390766	0.0	3
359	784.5237338542938	0.24732778741226147	6.003106835381078e-05	0
360	786.7085139751434	0.24732778741226147	0.0	1
361	788.893143415451	0.24758384321362964	0.0002560558013681713	0
362	791.0978157520294	0.24759275951414786	8.916300518219122e-06	0
363	793.2954597473145	0.24780209175874646	0.0002093322445985979	0
364	795.5099732875824	0.24780209175874646	0.0	1
365	797.7032449245453	0.24780209175874646	0.0	2
366	799.8799819946289	0.24795540928657603	0.00015331752782957175	0
367	802.048828125	0.24807707796391754	0.00012166867734150766	0
368	804.2275738716125	0.24824188225727958	0.0001648042933620475	0
369	806.4119262695312	0.24831398915606495	7.210689878536791e-05	0
370	808.5857486724854	0.24831398915606495	0.0	1
371	810.7574083805084	0.24874735349206242	0.0004333643359974715	0
372	812.962619304657	0.24874735349206242	0.0	1
373	815.1227078437805	0.24874735349206242	0.0	2
374	817.3089008331299	0.24874735349206242	0.0	3
375	819.470360994339	0.2488995999928027	0.00015224650074027735	0
376	821.678542137146	0.2488998409738978	2.409810951065072e-07	1
377	823.8433244228363	0.2491845735255813	0.00028473255168348643	0
378	826.021671295166	0.2491845735255813	0.0	1
379	828.1649112701416	0.2491845735255813	0.0	2
380	830.3263816833496	0.24972814654906506	0.0005435730234837621	0
381	832.4795770645142	0.24989206724507843	0.0001639206960133699	0
382	834.6872301101685	0.24989206724507843	0.0	1
383	836.8478562831879	0.24989206724507843	0.0	2
384	839.0134971141815	0.24989206724507843	0.0	3
385	841.1746916770935	0.2505088181944368	0.0006167509493583967	0
386	843.3665976524353	0.2506548527380594	0.00014603454362255297	0
387	845.5282590389252	0.2506548527380594	0.0	1
388	847.7102518081665	0.2508885508489389	0.00023369811087953218	0
389	849.8747668266296	0.2508885508489389	0.0	1
390	852.0563406944275	0.25111611732973244	0.00022756648079352848	0
391	854.2408876419067	0.25111611732973244	0.0	1
392	856.4254977703094	0.25111611732973244	0.0	2
393	858.5865361690521	0.2512661682249397	0.00015005089520725434	0
394	860.750773191452	0.2515861375678603	0.00031996934292061185	0
395	862.9177191257477	0.2515861375678603	0.0	1
396	865.0750660896301	0.25180039653706954	0.0002142589692092356	0
397	867.2596471309662	0.25180039653706954	0.0	1
398	869.4746646881104	0.25180039653706954	0.0	2
399	871.671190738678	0.25180039653706954	0.0	3
400	873.8635113239288	0.25180039653706954	0.0	4
401	876.0838115215302	0.25180039653706954	0.0	5
402	878.2498250007629	0.25188305305268427	8.265651561473186e-05	0
403	880.4364929199219	0.25188305305268427	0.0	1
404	882.6198308467865	0.2522441766115102	0.0003611235588259487	0
405	884.8021061420441	0.2522441766115102	0.0	1
406	886.9937739372253	0.2522441766115102	0.0	2
407	889.1938147544861	0.2522441766115102	0.0	3
408	891.334775686264	0.2524284468222198	0.0001842702107096028	0
409	893.4998617172241	0.2524635229593935	3.5076137173684074e-05	0
410	895.6654226779938	0.252680004309813	0.00021648135041951733	0
411	897.8301832675934	0.252680004309813	0.0	1
412	899.9831912517548	0.252680004309813	0.0	2
413	902.1174786090851	0.252680004309813	0.0	3
414	904.2785680294037	0.25285827676882267	0.00017827245900964295	0
415	906.4566962718964	0.25285827676882267	0.0	1
416	908.6059346199036	0.25285827676882267	0.0	2
417	910.809314250946	0.25285827676882267	0.0	3
418	912.9713938236237	0.25285827676882267	0.0	4
419	915.1533303260803	0.2532549584270125	0.0003966816581898458	0
420	917.3403198719025	0.2532549584270125	0.0	1
421	919.5447492599487	0.2534514918978943	0.00019653347088177675	0
422	921.7445154190063	0.2535513651739691	9.987327607480223e-05	0
423	923.9494781494141	0.2535513651739691	0.0	1
424	926.1427116394043	0.2535513651739691	0.0	2
425	928.3567309379578	0.2536345304274512	8.316525348212034e-05	0
426	930.5409636497498	0.2538852846447275	0.00025075421727627223	0
427	932.6759781837463	0.2538852846447275	0.0	1
428	934.8328938484192	0.2538852846447275	0.0	2
429	937.0167896747589	0.2538852846447275	0.0	3
430	939.234766960144	0.2539267601687596	4.1475524032108524e-05	0
431	941.3968250751495	0.2540539446356109	0.00012718446685128226	0
432	943.5431180000305	0.2540539446356109	0.0	1
433	945.6788511276245	0.2540539446356109	0.0	2
434	947.8071584701538	0.2540539446356109	0.0	3
435	949.9737679958344	0.2542990759606685	0.0002451313250576015	0
436	952.1626446247101	0.2542990759606685	0.0	1
437	954.367130279541	0.2542990759606685	0.0	2
438	956.5384485721588	0.2542990759606685	0.0	3
439	958.6939632892609	0.2542990759606685	0.0	4
440	960.8373880386353	0.254361731045391	6.265508472252934e-05	0
441	963.0007495880127	0.254361731045391	0.0	1
442	965.1792755126953	0.2543654528645262	3.7218191352161867e-06	0
443	967.368705034256	0.25440315301806865	3.770015354243039e-05	0
444	969.538694858551	0.254500429053452	9.72760353833424e-05	0
445	971.7216491699219	0.254654603402953	0.00015417434950099063	0
446	973.8721852302551	0.25480042374115763	0.00014582033820464968	0
447	976.0750436782837	0.25480042374115763	0.0	1
448	978.2247631549835	0.25480042374115763	0.0	2
449	980.4074478149414	0.25493914852489585	0.00013872478373821995	0
450	982.5948655605316	0.25493914852489585	0.0	1
451	984.737936258316	0.2550471616068491	0.00010801308195323989	0
452	986.9095118045807	0.2550471616068491	0.0	1
453	989.1027677059174	0.2550645122456953	1.735063884622523e-05	0
454	991.2911105155945	0.2550645122456953	0.0	1
455	993.4343934059143	0.2556296932407052	0.0005651809950099063	0
456	995.5870714187622	0.2556296932407052	0.0	1
457	997.7540712356567	0.2556296932407052	0.0	2
458	999.9201149940491	0.2556296932407052	0.0	3
459	1002.1117186546326	0.25566075302629415	3.105978558892719e-05	0
460	1004.2960040569305	0.25566075302629415	0.0	1
461	1006.5171020030975	0.25566075302629415	0.0	2
462	1008.7164833545685	0.25584175660438147	0.00018100357808731316	0
463	1010.9258935451508	0.25584175660438147	0.0	1
464	1013.1242458820343	0.25584175660438147	0.0	2
465	1015.3043344020844	0.25596018542477794	0.00011842882039647673	0
466	1017.4456868171692	0.2561342808781394	0.00017409545336144472	0
467	1019.633908033371	0.2561342808781394	0.0	1
468	1021.778603553772	0.25628615251939846	0.0001518716412590715	0
469	1023.9737071990967	0.2564329367819835	0.0001467842625850202	0
470	1026.1827914714813	0.2564329367819835	0.0	1
471	1028.3460183143616	0.25655307924572274	0.00012014246373925896	0
472	1030.55695271492	0.25666245788721487	0.0001093786414921305	0
473	1032.7419996261597	0.2567724255936061	0.0001099677063912119	0
474	1034.8994538784027	0.2567724255936061	0.0	1
475	1037.024180173874	0.2567724255936061	0.0	2
476	1039.1931159496307	0.2568423904382129	6.996484460680685e-05	0
477	1041.3735857009888	0.2568423904382129	0.0	1
478	1043.534185409546	0.2568423904382129	0.0	2
479	1045.7248713970184	0.256938488343798	9.60979055851241e-05	0
480	1047.9124505519867	0.25719451736948895	0.0002560290256909403	0
481	1050.0884459018707	0.25719451736948895	0.0	1
482	1052.2674462795258	0.2572810831339795	8.656576449056486e-05	0
483	1054.4815256595612	0.25739131859714304	0.00011023546316352162	0
484	1056.6542384624481	0.25739131859714304	0.0	1
485	1058.8635892868042	0.25739131859714304	0.0	2
486	1061.0486216545105	0.25804935764079295	0.0006580390436499162	0
487	1063.231377363205	0.25804935764079295	0.0	1
488	1065.3969068527222	0.25804935764079295	0.0	2
489	1067.5993390083313	0.25804935764079295	0.0	3
490	1069.779846906662	0.25804935764079295	0.0	4
491	1071.949459552765	0.25812815845888626	7.88008180933053e-05	0
492	1074.1111454963684	0.25826870398867624	0.00014054552978998158	0
493	1076.2553946971893	0.25826870398867624	0.0	1
494	1078.4392321109772	0.2585971879969566	0.00032848400828033864	0
495	1080.6026570796967	0.2585971879969566	0.0	1
496	1082.762741804123	0.2585971879969566	0.0	2
497	1084.9835016727448	0.25870739668444287	0.00011020868748629065	0
498	1087.1482603549957	0.25870739668444287	0.0	1
499	1089.3261332511902	0.25870739668444287	0.0	2
500	1091.5193085670471	0.25881653434483987	0.00010913766039699624	0
501	1093.7369956970215	0.25892674303232616	0.00011020868748629065	0
502	1095.8979051113129	0.25892674303232616	0.0	1
503	1098.0214383602142	0.2590083552965289	8.161226420272394e-05	0
504	1100.2109441757202	0.25910418544534164	9.583014881275886e-05	0
505	1102.396891593933	0.25910418544534164	0.0	1
506	1104.5401952266693	0.259323531793225	0.0002193463478833424	0
507	1106.7248079776764	0.259323531793225	0.0	1
508	1108.8873302936554	0.259323531793225	0.0	2
509	1111.0594754219055	0.259323531793225	0.0	3
510	1113.202404499054	0.259323531793225	0.0	4
511	1115.3697621822357	0.259323531793225	0.0	5
512	1117.5595180988312	0.25954287814110827	0.00021934634788328689	0
513	1119.7069461345673	0.25976222448899156	0.00021934634788328689	0
514	1121.8675651550293	0.25976222448899156	0.0	1
515	1124.0330395698547	0.25976222448899156	0.0	2
516	1126.1719942092896	0.25976222448899156	0.0	3
517	1128.3396489620209	0.25976222448899156	0.0	4
518	1130.5181050300598	0.25976222448899156	0.0	5
519	1132.7064516544342	0.25976222448899156	0.0	6
520	1134.8450465202332	0.25980415519953665	4.1930710545090566e-05	0
521	1137.015472650528	0.25980415519953665	0.0	1
522	1139.1429767608643	0.2598816975608001	7.75423612634496e-05	0
523	1141.2768201828003	0.2599966187674792	0.00011492120667910832	0
524	1143.5004620552063	0.26011411043917254	0.00011749167169333719	0
525	1145.6911463737488	0.26011411043917254	0.0	1
526	1147.9272775650024	0.2602101012420487	9.59908028761447e-05	0
527	1150.0885133743286	0.2602101012420487	0.0	1
528	1152.2849299907684	0.26028839332227466	7.829208022597234e-05	0
529	1154.4604423046112	0.2603590811101667	7.068778789204311e-05	0
530	1156.6006469726562	0.2603590811101667	0.0	1
531	1158.7675857543945	0.26062930124479056	0.0002702201346238553	0
532	1160.9865481853485	0.26062930124479056	0.0	1
533	1163.1817989349365	0.26062930124479056	0.0	2
534	1165.3388578891754	0.26079777380593333	0.00016847256114277398	0
535	1167.5028328895569	0.26079777380593333	0.0	1
536	1169.674128293991	0.26079777380593333	0.0	2
537	1171.824869632721	0.26084864759267384	5.0873786740512905e-05	0
538	1174.016394853592	0.26084864759267384	0.0	1
539	1176.1842579841614	0.26106799394055713	0.00021934634788328689	0
540	1178.346845626831	0.26106799394055713	0.0	1
541	1180.4817535877228	0.26106799394055713	0.0	2
542	1182.6814894676208	0.26106799394055713	0.0	3
543	1184.861060142517	0.261088878968798	2.088502824088012e-05	0
544	1187.0367257595062	0.261088878968798	0.0	1
545	1189.2105507850647	0.261088878968798	0.0	2
546	1191.4351515769958	0.261088878968798	0.0	3
547	1193.6085526943207	0.26120495152959805	0.00011607256080004014	0
548	1195.751763343811	0.26144044361085217	0.00023549208125411836	0
549	1197.9424493312836	0.26144044361085217	0.0	1
550	1200.0955312252045	0.26152757166456464	8.712805371247079e-05	0
551	1202.2895748615265	0.26153418525684086	6.613592276216718e-06	0
552	1204.4469475746155	0.2616705537809827	0.00013636852414183886	0
553	1206.617523431778	0.2616705537809827	0.0	1
554	1208.774735212326	0.26172921928979764	5.866550881494792e-05	0
555	1210.922569990158	0.26172921928979764	0.0	1
556	1213.108533859253	0.26172921928979764	0.0	2
557	1215.2513194084167	0.2621092464767493	0.00038002718695168136	0
558	1217.4309186935425	0.2621092464767493	0.0	1
559	1219.5456855297089	0.2621092464767493	0.0	2
560	1221.719829082489	0.2623178290023854	0.0002085825256361029	0
561	1223.8635499477386	0.2623285928246326	1.0763822247183974e-05	0
562	1226.0052046775818	0.2623285928246326	0.0	1
563	1228.1724016666412	0.26239877187465727	7.017905002465463e-05	0
564	1230.3310768604279	0.26239877187465727	0.0	1
565	1232.510092496872	0.2625479391725159	0.00014916729785863225	0
566	1234.670737028122	0.26276728552039924	0.0002193463478833424	0
567	1236.834478378296	0.26276728552039924	0.0	1
568	1239.026175737381	0.2629866318682825	0.00021934634788328689	0
569	1241.1730017662048	0.2632059782161658	0.00021934634788328689	0
570	1243.3660719394684	0.26325114878365596	4.517056749014925e-05	0
571	1245.5091712474823	0.26325114878365596	0.0	1
572	1247.6721255779266	0.26325114878365596	0.0	2
573	1249.8231928348541	0.26325114878365596	0.0	3
574	1251.9923782348633	0.2633145268116638	6.337802800782111e-05	0
575	1254.1358273029327	0.2634949948762064	0.0001804680645426382	0
576	1256.2682943344116	0.2634949948762064	0.0	1
577	1258.3985962867737	0.2635082488364362	1.325396022977543e-05	0
578	1260.5729403495789	0.2635779459242707	6.969708783449713e-05	0
579	1262.7460310459137	0.2635779459242707	0.0	1
580	1264.8727011680603	0.2636386463845553	6.0700460284612845e-05	0
581	1267.0209393501282	0.26372818424921857	8.95378646632583e-05	0
582	1269.1289858818054	0.26372818424921857	0.0	1
583	1271.3160514831543	0.26372818424921857	0.0	2
584	1273.4420840740204	0.2639475305971019	0.0002193463478833424	0
585	1275.593531370163	0.2639475305971019	0.0	1
586	1277.7355456352234	0.2639475305971019	0.0	2
587	1279.8994009494781	0.2639475305971019	0.0	3
588	1282.0942177772522	0.2639475305971019	0.0	4
589	1284.265303850174	0.2639475305971019	0.0	5
590	1286.4482381343842	0.2639806521098377	3.312151273576758e-05	0
591	1288.6072206497192	0.2639806521098377	0.0	1
592	1290.7355642318726	0.2641668769449852	0.0001862248351475193	0
593	1292.9045596122742	0.26445696463211504	0.00029008768712984745	0
594	1295.041660785675	0.26445696463211504	0.0	1
595	1297.1949844360352	0.26445696463211504	0.0	2
596	1299.34037899971	0.26445696463211504	0.0	3
597	1301.5394093990326	0.26445696463211504	0.0	4
598	1303.6649975776672	0.26445696463211504	0.0	5
599	1305.8166785240173	0.26445696463211504	0.0	6
600	1307.9660086631775	0.26446475635418953	7.791722074490526e-06	0
601	1310.1501801013947	0.2647109854820136	0.00024622912782407136	0
602	1312.3160812854767	0.26514967817778023	0.0004386926957666293	0
603	1314.423369884491	0.26514967817778023	0.0	1
604	1316.5685422420502	0.26514967817778023	0.0	2
605	1318.7189552783966	0.26515717536740513	7.497189624894318e-06	0
606	1320.8291852474213	0.2652311297879195	7.395442051438827e-05	0
607	1322.9885907173157	0.2652311297879195	0.0	1
608	1325.1595151424408	0.2652311297879195	0.0	2
609	1327.3226613998413	0.2652311297879195	0.0	3
610	1329.4373264312744	0.26562858794074906	0.000397458152829544	0
611	1331.6122574806213	0.26562858794074906	0.0	1
612	1333.7309129238129	0.26562858794074906	0.0	2
613	1335.8630590438843	0.26562858794074906	0.0	3
614	1338.0156021118164	0.26562858794074906	0.0	4
615	1340.178328037262	0.26562858794074906	0.0	5
616	1342.3326349258423	0.26562858794074906	0.0	6
617	1344.4970653057098	0.2656649225347527	3.63345940036508e-05	0
618	1346.6616878509521	0.2656649225347527	0.0	1
619	1348.8195972442627	0.265771784262585	0.00010686172783230807	0
620	1351.0131061077118	0.26583990158546283	6.811732287781425e-05	0
621	1353.140630722046	0.26583990158546283	0.0	1
622	1355.316531419754	0.26583990158546283	0.0	2
623	1357.4905989170074	0.26583990158546283	0.0	3
624	1359.6378734111786	0.26596791609830833	0.00012801451284549792	0
625	1361.7865862846375	0.26596791609830833	0.0	1
626	1363.9614033699036	0.2660048129815338	3.689688322544571e-05	0
627	1366.1014981269836	0.26604939448412485	4.4581502591067856e-05	0
628	1368.2506685256958	0.26606899427985853	1.9599795733682424e-05	0
629	1370.3831765651703	0.26606899427985853	0.0	1
630	1372.5354249477386	0.26624849842002085	0.0001795041401623232	0
631	1374.6355137825012	0.26632296157840263	7.446315838177675e-05	0
632	1376.7781660556793	0.26632296157840263	0.0	1
633	1378.907423734665	0.26632296157840263	0.0	2
634	1381.064880847931	0.26632296157840263	0.0	3
635	1383.240654706955	0.26632296157840263	0.0	4
636	1385.3637461662292	0.26639038273367244	6.742115526980896e-05	0
637	1387.49205160141	0.26644902146681015	5.863873313771695e-05	0
638	1389.6195764541626	0.26646784476790414	1.8823301093984224e-05	0
639	1391.7750136852264	0.26646784476790414	0.0	1
640	1393.9045209884644	0.2664799741496902	1.2129381786074589e-05	0
641	1396.0442609786987	0.26668582555624865	0.0002058514065584327	0
642	1398.1994149684906	0.26690517190413193	0.00021934634788328689	0
643	1400.3215355873108	0.26690517190413193	0.0	1
644	1402.4788856506348	0.26690517190413193	0.0	2
645	1404.6379430294037	0.26690517190413193	0.0	3
646	1406.799782037735	0.2671245182520153	0.0002193463478833424	0
647	1408.9272236824036	0.2671245182520153	0.0	1
648	1411.0794606208801	0.2671245182520153	0.0	2
649	1413.2577512264252	0.2671245182520153	0.0	3
650	1415.3797116279602	0.26719595575886984	7.143750685456585e-05	0
651	1417.491248846054	0.26733722423194506	0.00014126847307521784	0
652	1419.654800415039	0.2675565705798284	0.0002193463478833424	0
653	1421.8496503829956	0.2675565705798284	0.0	1
654	1424.014586687088	0.2675565705798284	0.0	2
655	1426.1860501766205	0.2675565705798284	0.0	3
656	1428.3108110427856	0.2677759169277117	0.00021934634788328689	0
657	1430.454377412796	0.2677759169277117	0.0	1
658	1432.6480116844177	0.2677759169277117	0.0	2
659	1434.7375049591064	0.26792106787398556	0.00014515094627387537	0
660	1436.8719608783722	0.26792106787398556	0.0	1
661	1439.0179286003113	0.26792106787398556	0.0	2
662	1441.1642422676086	0.26792106787398556	0.0	3
663	1443.271127462387	0.26792106787398556	0.0	4
664	1445.4075706005096	0.26792106787398556	0.0	5
665	1447.5332174301147	0.2680496179003756	0.00012855002639006186	0
666	1449.636280298233	0.2680496179003756	0.0	1
667	1451.8025789260864	0.2680515725248136	1.954624437972008e-06	0
668	1453.9011867046356	0.2680515725248136	0.0	1
669	1456.003148317337	0.2682965164201305	0.00024494389531692917	0
670	1458.1728162765503	0.2682965164201305	0.0	1
671	1460.324340581894	0.2682965164201305	0.0	2
672	1462.4614419937134	0.2682965164201305	0.0	3
673	1464.630107164383	0.2684919520882458	0.00019543566811525137	0
674	1466.7671039104462	0.2688527275632677	0.00036077547502194607	0
675	1468.9066455364227	0.26913368474446153	0.0002809571811938083	0
676	1471.0605354309082	0.26913368474446153	0.0	1
677	1473.1736407279968	0.26913368474446153	0.0	2
678	1475.3327128887177	0.26913368474446153	0.0	3
679	1477.4817988872528	0.26913368474446153	0.0	4
680	1479.6422793865204	0.269212619440941	7.893469647946016e-05	0
681	1481.7573008537292	0.269212619440941	0.0	1
682	1483.9311306476593	0.2693530310923448	0.00014041165140382672	0
683	1486.0591661930084	0.2693530310923448	0.0	1
684	1488.2274730205536	0.2693530310923448	0.0	2
685	1490.349042892456	0.2693530310923448	0.0	3
686	1492.48149228096	0.2693530310923448	0.0	4
687	1494.6599066257477	0.2693530310923448	0.0	5
688	1496.7680509090424	0.2693530310923448	0.0	6
689	1498.9049355983734	0.26946939818559446	0.00011636709324963634	0
690	1501.0907011032104	0.26946939818559446	0.0	1
691	1503.2411513328552	0.2696740179110002	0.00020461972540575246	0
692	1505.3840668201447	0.2696740179110002	0.0	1
693	1507.5426914691925	0.2696740179110002	0.0	2
694	1509.6664140224457	0.2696740179110002	0.0	3
695	1511.821246623993	0.2696740179110002	0.0	4
696	1513.9870216846466	0.26989336425888355	0.0002193463478833424	0
697	1516.1104807853699	0.26989336425888355	0.0	1
698	1518.2145159244537	0.26989336425888355	0.0	2
699	1520.4056615829468	0.26989336425888355	0.0	3
700	1522.5779201984406	0.26989336425888355	0.0	4
701	1524.697633266449	0.26989336425888355	0.0	5
702	1526.8145017623901	0.26989336425888355	0.0	6
703	1528.965235710144	0.27011271060676684	0.00021934634788328689	0
704	1531.0840919017792	0.27011271060676684	0.0	1
705	1533.239069223404	0.27011271060676684	0.0	2
706	1535.3947098255157	0.27011271060676684	0.0	3
707	1537.5024545192719	0.27011271060676684	0.0	4
708	1539.6108469963074	0.27011271060676684	0.0	5
709	1541.7502162456512	0.27011271060676684	0.0	6
710	1543.8606703281403	0.27011271060676684	0.0	7
711	1545.9939494132996	0.2701410660489554	2.8355442188543467e-05	0
712	1548.1224489212036	0.2702828968112525	0.00014183076229712377	0
713	1550.264705657959	0.2702828968112525	0.0	1
714	1552.4039449691772	0.2702828968112525	0.0	2
715	1554.560979604721	0.2702914650279667	8.568216714188726e-06	0
716	1556.6972806453705	0.2702914650279667	0.0	1
717	1558.8017785549164	0.27046363263256745	0.0001721676046007592	0
718	1560.9857385158539	0.27046363263256745	0.0	1
719	1563.149965763092	0.2706829789804508	0.0002193463478833424	0
720	1565.281106710434	0.2706829789804508	0.0	1
721	1567.4403703212738	0.2706829789804508	0.0	2
722	1569.550526380539	0.2706829789804508	0.0	3
723	1571.6916773319244	0.2706829789804508	0.0	4
724	1573.7953355312347	0.2709023253283341	0.00021934634788328689	0
725	1575.9350261688232	0.2709023253283341	0.0	1
726	1578.071694612503	0.2709023253283341	0.0	2
727	1580.1873965263367	0.2709023253283341	0.0	3
728	1582.3483350276947	0.2710040461261379	0.00010172079780379484	0
729	1584.5011880397797	0.2710040461261379	0.0	1
730	1586.6136093139648	0.2710040461261379	0.0	2
731	1588.7643263339996	0.27104707463944944	4.3028513311560435e-05	0
732	1590.8811111450195	0.2711123537405407	6.527910109127566e-05	0
733	1592.9934027194977	0.2711123537405407	0.0	1
734	1595.1152658462524	0.27128869835078967	0.00017634461024895742	0
735	1597.2810807228088	0.27128869835078967	0.0	1
736	1599.425280570984	0.27128869835078967	0.0	2
737	1601.5393505096436	0.27128869835078967	0.0	3
738	1603.6649644374847	0.27128869835078967	0.0	4
739	1605.8193147182465	0.27128869835078967	0.0	5
740	1607.9378702640533	0.27128869835078967	0.0	6
741	1610.09041929245	0.271348327783985	5.962943319531844e-05	0
742	1612.243196964264	0.271348327783985	0.0	1
743	1614.3425312042236	0.271348327783985	0.0	2
744	1616.4899978637695	0.2714259236966029	7.759591261791154e-05	0
745	1618.6034853458405	0.27198184030729056	0.0005559166106876567	0
746	1620.719241142273	0.27198184030729056	0.0	1
747	1622.7998173236847	0.2724080555374671	0.00042621523017655205	0
748	1624.9328093528748	0.2724080555374671	0.0	1
749	1627.0397748947144	0.2724080555374671	0.0	2
750	1629.164845943451	0.2724080555374671	0.0	3
751	1631.3146896362305	0.2726274018853504	0.00021934634788328689	0
752	1633.4335780143738	0.2726274018853504	0.0	1
753	1635.5406713485718	0.2732979183945904	0.0006705165092399934	0
754	1637.6795809268951	0.2732979183945904	0.0	1
755	1639.8066489696503	0.2732979183945904	0.0	2
756	1641.9257361888885	0.2732979183945904	0.0	3
757	1644.0168595314026	0.2732979183945904	0.0	4
758	1646.14506649971	0.2732979183945904	0.0	5
759	1648.258086681366	0.2732979183945904	0.0	6
760	1650.3807833194733	0.2732979183945904	0.0	7
761	1652.4824130535126	0.2732979183945904	0.0	8
762	1654.6316578388214	0.2732979183945904	0.0	9
763	1656.7237966060638	0.2732979183945904	0.0	10
764	1658.8430540561676	0.2732979183945904	0.0	11
765	1661.0079097747803	0.2732979183945904	0.0	12
766	1663.1327440738678	0.2733170897794884	1.9171384897986865e-05	0
767	1665.226948261261	0.273358270771071	4.118099158262334e-05	0
768	1667.3502593040466	0.273358270771071	0.0	1
769	1669.4803233146667	0.273358270771071	0.0	2
770	1671.607803106308	0.273538551405873	0.0001802806348020214	0
771	1673.707858324051	0.273538551405873	0.0	1
772	1675.83491396904	0.273538551405873	0.0	2
773	1677.9670560359955	0.2735631047018946	2.4553296021578852e-05	0
774	1680.1006889343262	0.2735631047018946	0.0	1
775	1682.2146697044373	0.2735631047018946	0.0	2
776	1684.3274505138397	0.2737578977537563	0.00019479305186170803	0
777	1686.4608483314514	0.27378245104977794	2.4553296021634363e-05	0
778	1688.5982553958893	0.2737969634668376	1.4512417059631133e-05	0
779	1690.7123293876648	0.2740724851855533	0.00027552171871575437	0
780	1692.8513641357422	0.2740724851855533	0.0	1
781	1694.9924211502075	0.274386804860578	0.00031431967502465463	0
782	1697.1524698734283	0.274386804860578	0.0	1
783	1699.2826776504517	0.274386804860578	0.0	2
784	1701.3745629787445	0.274386804860578	0.0	3
785	1703.503336429596	0.274386804860578	0.0	4
786	1705.616932630539	0.274386804860578	0.0	5
787	1707.733544588089	0.274386804860578	0.0	6
788	1709.8994855880737	0.274386804860578	0.0	7
789	1712.0051131248474	0.27466478994159904	0.00027798508102105934	0
790	1714.1595075130463	0.27466478994159904	0.0	1
791	1716.322767496109	0.27466478994159904	0.0	2
792	1718.4177029132843	0.27466478994159904	0.0	3
793	1720.5412673950195	0.27466478994159904	0.0	4
794	1722.6554181575775	0.27466478994159904	0.0	5
795	1724.749454498291	0.27466478994159904	0.0	6
796	1726.8417313098907	0.27466478994159904	0.0	7
797	1728.9137074947357	0.27466478994159904	0.0	8
798	1730.9811897277832	0.2748841362894824	0.0002193463478833424	0
799	1733.081792831421	0.2748841362894824	0.0	1
800	1735.202386379242	0.2748841362894824	0.0	2
801	1737.3504281044006	0.2748841362894824	0.0	3
802	1739.4563529491425	0.2748841362894824	0.0	4
803	1741.5725991725922	0.2748841362894824	0.0	5
804	1743.626011133194	0.2748841362894824	0.0	6
805	1745.7451276779175	0.2748841362894824	0.0	7
806	1747.8550293445587	0.2749326805923037	4.8544302821307284e-05	0
807	1749.9465126991272	0.2749326805923037	0.0	1
808	1752.0560898780823	0.2749326805923037	0.0	2
809	1754.13876080513	0.27498730297385665	5.4622381552960064e-05	0
810	1756.2370429039001	0.27498730297385665	0.0	1
811	1758.345191001892	0.2751828725203581	0.00019556954650146174	0
812	1760.440063238144	0.2751828725203581	0.0	1
813	1762.5300242900848	0.2752527570379332	6.988451757511394e-05	0
814	1764.627072095871	0.27527578412035264	2.3027082419413425e-05	0
815	1766.7118275165558	0.2753675443662262	9.176024587354004e-05	0
816	1768.8495576381683	0.2753675443662262	0.0	1
817	1770.9796810150146	0.27542369296138136	5.6148595155181e-05	0
818	1773.102150440216	0.27542369296138136	0.0	1
819	1775.177901506424	0.2754721033858165	4.841042443515242e-05	0
820	1777.2867276668549	0.2754721033858165	0.0	1
821	1779.3888869285583	0.27564303930926465	0.00017093592344813446	0
822	1781.5159842967987	0.27573043511974943	8.739581048478051e-05	0
823	1783.6551792621613	0.27573043511974943	0.0	1
824	1785.7597892284393	0.2757707592896606	4.032416991117671e-05	0
825	1787.8579070568085	0.2759032453406038	0.00013248605094318133	0
826	1789.9671113491058	0.2759032453406038	0.0	1
827	1792.0674314498901	0.2759032453406038	0.0	2
828	1794.1808385849	0.27603632045644605	0.00013307511584226273	0
829	1796.2525017261505	0.27603632045644605	0.0	1
830	1798.3796701431274	0.27603632045644605	0.0	2
831	1800.5024058818817	0.27603632045644605	0.0	3
832	1802.6145589351654	0.27603632045644605	0.0	4
833	1804.7327313423157	0.27604767334359237	1.1352887146320878e-05	0
834	1806.8350174427032	0.2760728960315448	2.5222687952408673e-05	0
835	1808.931248664856	0.2761553383417416	8.244231019682857e-05	0
836	1810.9774811267853	0.2761553383417416	0.0	1
837	1813.0730667114258	0.2762074438096348	5.210546789319315e-05	0
838	1815.151151895523	0.2762232682348788	1.5824425244004292e-05	0
839	1817.2208020687103	0.2762232682348788	0.0	1
840	1819.3133749961853	0.2762232682348788	0.0	2
841	1821.414553642273	0.2762232682348788	0.0	3
842	1823.5090198516846	0.2768113156582447	0.0005880474233658783	0
843	1825.6079947948456	0.2768113156582447	0.0	1
844	1827.7427191734314	0.2768113156582447	0.0	2
845	1829.860357761383	0.2768113156582447	0.0	3
846	1831.983024597168	0.2768113156582447	0.0	4
847	1834.121711730957	0.2768113156582447	0.0	5
848	1836.2413358688354	0.2768113156582447	0.0	6
849	1838.3277113437653	0.2768113156582447	0.0	7
850	1840.4310510158539	0.2768113156582447	0.0	8
851	1842.5404822826385	0.27694460497950485	0.00013328932126016602	0
852	1844.6867442131042	0.27694460497950485	0.0	1
853	1846.7946350574493	0.27694460497950485	0.0	2
854	1848.9040832519531	0.27694460497950485	0.0	3
855	1850.977021932602	0.27694460497950485	0.0	4
856	1853.1031439304352	0.277030662006128	8.605702662317638e-05	0
857	1855.1938438415527	0.277030662006128	0.0	1
858	1857.307831287384	0.277030662006128	0.0	2
859	1859.3887932300568	0.27705119895056485	2.053694443682197e-05	0
860	1861.4860339164734	0.2771985187266945	0.00014731977612963965	0
861	1863.5609676837921	0.2771985187266945	0.0	1
862	1865.6663196086884	0.2772730889877852	7.457026109070064e-05	0
863	1867.7528727054596	0.2772730889877852	0.0	1
864	1869.7893376350403	0.2772730889877852	0.0	2
865	1871.8609457015991	0.2772730889877852	0.0	3
866	1873.931699514389	0.2772754720230588	2.3830352736120552e-06	0
867	1876.0333552360535	0.27733831453752195	6.284251446314615e-05	0
868	1878.1039190292358	0.27739379374074635	5.547920322440669e-05	0
869	1880.2038249969482	0.27753594581117025	0.00014215207042389544	0
870	1882.2961218357086	0.2775575270070191	2.1581195848829893e-05	0
871	1884.3879306316376	0.2775575270070191	0.0	1
872	1886.4784832000732	0.27773352353346403	0.00017599652644495478	0
873	1888.5484325885773	0.2777770072332886	4.348369982454248e-05	0
874	1890.6685078144073	0.2777770072332886	0.0	1
875	1892.7606871128082	0.2777770072332886	0.0	2
876	1894.8551592826843	0.2780518595600735	0.00027485232678492455	0
877	1896.9596061706543	0.2780518595600735	0.0	1
878	1899.0318467617035	0.2780518595600735	0.0	2
879	1901.1221730709076	0.2780518595600735	0.0	3
880	1903.2308037281036	0.2782156999290552	0.00016384036898170473	0
881	1905.3093066215515	0.2782156999290552	0.0	1
882	1907.3862817287445	0.2782156999290552	0.0	2
883	1909.503190279007	0.2782156999290552	0.0	3
884	1911.6143743991852	0.2784350462769385	0.00021934634788328689	0
885	1913.7282531261444	0.2784350462769385	0.0	1
886	1915.8510465621948	0.2784350462769385	0.0	2
887	1917.9567680358887	0.2784350462769385	0.0	3
888	1920.0332851409912	0.2784350462769385	0.0	4
889	1922.149661540985	0.2784714611979738	3.6414921035288206e-05	0
890	1924.224981546402	0.27863265077490956	0.00016118957693578295	0
891	1926.3024327754974	0.27863265077490956	0.0	1
892	1928.4040145874023	0.27863265077490956	0.0	2
893	1930.4910793304443	0.2788789602297653	0.0002463094548557643	0
894	1932.576399564743	0.2788789602297653	0.0	1
895	1934.6632483005524	0.2788789602297653	0.0	2
896	1936.7598762512207	0.2788789602297653	0.0	3
897	1938.8307826519012	0.2792196003955089	0.0003406401657435887	0
898	1940.9446172714233	0.2792196003955089	0.0	1
899	1943.0375318527222	0.27936911577717155	0.0001495153816626349	0
900	1945.1433765888214	0.2794389467433922	6.983096622065199e-05	0
901	1947.219084739685	0.27955504607986953	0.00011609933647732662	0
902	1949.3154926300049	0.27955504607986953	0.0	1
903	1951.430658340454	0.27958846212505484	3.3416045185308274e-05	0
904	1953.5322797298431	0.2796582930912755	6.983096622065199e-05	0
905	1955.611139535904	0.2798078084729382	0.0001495153816626904	0
906	1957.693130016327	0.28002715482082147	0.00021934634788328689	0
907	1959.7639336585999	0.28002715482082147	0.0	1
908	1961.8742249011993	0.28002715482082147	0.0	2
909	1963.9735827445984	0.2802211446023662	0.00019398978154472335	0
910	1966.1300292015076	0.28024650116870475	2.5356566338563535e-05	0
911	1968.2385523319244	0.28024650116870475	0.0	1
912	1970.3787713050842	0.28035820929411603	0.00011170812541128061	0
913	1972.4930443763733	0.28044051772592676	8.230843181072922e-05	0
914	1974.5761907100677	0.28065986407381005	0.00021934634788328689	0
915	1976.6386914253235	0.28065986407381005	0.0	1
916	1978.7316908836365	0.28065986407381005	0.0	2
917	1980.8126728534698	0.28065986407381005	0.0	3
918	1982.8862948417664	0.28065986407381005	0.0	4
919	1984.950543642044	0.28065986407381005	0.0	5
920	1987.0515053272247	0.28075922861201746	9.936453820741376e-05	0
921	1989.1404008865356	0.28075922861201746	0.0	1
922	1991.2448403835297	0.28077893551046007	1.9706898442606313e-05	0
923	1993.359052658081	0.28107863566571617	0.0002997001552560996	0
924	1995.4189982414246	0.28107863566571617	0.0	1
925	1997.5026392936707	0.28107863566571617	0.0	2
926	1999.5819699764252	0.28111427409211176	3.5638426395590006e-05	0
927	2001.6789841651917	0.28111427409211176	0.0	1
928	2003.7272045612335	0.2812979820135995	0.0001837079214877524	0
929	2005.8036530017853	0.2812979820135995	0.0	1
930	2007.9040484428406	0.2812979820135995	0.0	2
931	2009.997863292694	0.2812979820135995	0.0	3
932	2012.076005935669	0.2812979820135995	0.0	4
933	2014.1924500465393	0.2814840729703608	0.00018609095676130893	0
934	2016.2372093200684	0.2814840729703608	0.0	1
935	2018.3386087417603	0.2814840729703608	0.0	2
936	2020.4342677593231	0.2814840729703608	0.0	3
937	2022.5338401794434	0.2814840729703608	0.0	4
938	2024.636061668396	0.2814840729703608	0.0	5
939	2026.7089393138885	0.28170341931824416	0.0002193463478833424	0
940	2028.7967309951782	0.28170341931824416	0.0	1
941	2030.8922626972198	0.28170341931824416	0.0	2
942	2032.9625747203827	0.2817827020985277	7.928278028351832e-05	0
943	2035.0194599628448	0.2817827020985277	0.0	1
944	2037.1041157245636	0.2817827020985277	0.0	2
945	2039.163123369217	0.2818853064936801	0.00010260439515241693	0
946	2041.2387483119965	0.2821046528415634	0.00021934634788328689	0
947	2043.34388422966	0.28247209546021607	0.00036744261865268024	0
948	2045.4312822818756	0.28247209546021607	0.0	1
949	2047.5067105293274	0.28247209546021607	0.0	2
950	2049.5548939704895	0.283130134503866	0.0006580390436499162	0
951	2051.611658811569	0.283130134503866	0.0	1
952	2053.6854276657104	0.283130134503866	0.0	2
953	2055.806143283844	0.283130134503866	0.0	3
954	2057.8677718639374	0.283130134503866	0.0	4
955	2059.9838218688965	0.283130134503866	0.0	5
956	2062.0627658367157	0.28315195668080995	2.1822176943964156e-05	0
957	2064.1715676784515	0.28315195668080995	0.0	1
958	2066.2742512226105	0.28321204130051825	6.008461970830048e-05	0
959	2068.3025212287903	0.28321204130051825	0.0	1
960	2070.3836059570312	0.28321204130051825	0.0	2
961	2072.4601957798004	0.28321204130051825	0.0	3
962	2074.563408613205	0.2833494808517493	0.00013743955123107776	0
963	2076.6673514842987	0.2833494808517493	0.0	1
964	2078.777619600296	0.2833494808517493	0.0	2
965	2080.8286592960358	0.2833713030286933	2.1822176943964156e-05	0
966	2082.929137945175	0.2833713030286933	0.0	1
967	2085.0070040225983	0.2833713030286933	0.0	2
968	2087.0915966033936	0.2833713030286933	0.0	3
969	2089.1671209335327	0.2834579758958928	8.667286719948875e-05	0
970	2091.2668879032135	0.2834579758958928	0.0	1
971	2093.350552558899	0.2835688271996326	0.00011085130373983398	0
972	2095.4367246627808	0.2835688271996326	0.0	1
973	2097.5024003982544	0.2835906493765766	2.1822176943964156e-05	0
974	2099.594014406204	0.2835906493765766	0.0	1
975	2101.7176802158356	0.2835906493765766	0.0	2
976	2103.847350358963	0.2835906493765766	0.0	3
977	2105.9617505073547	0.2836158185131745	2.516913659794673e-05	0
978	2108.099502325058	0.2839880272023744	0.00037220868919990435	0
979	2110.1828026771545	0.2839880272023744	0.0	1
980	2112.2659273147583	0.28424678734714304	0.00025876014476861053	0
981	2114.351347923279	0.28424678734714304	0.0	1
982	2116.4527490139008	0.28424678734714304	0.0	2
983	2118.5424087047577	0.28424678734714304	0.0	3
984	2120.6548755168915	0.28424678734714304	0.0	4
985	2122.731625556946	0.28424678734714304	0.0	5
986	2124.8546481132507	0.28442671989814106	0.00017993255099801875	0
987	2126.937436103821	0.28442671989814106	0.0	1
988	2129.0283868312836	0.28442671989814106	0.0	2
989	2131.125241994858	0.28442671989814106	0.0	3
990	2133.197849035263	0.28442671989814106	0.0	4
991	2135.2874252796173	0.28442671989814106	0.0	5
992	2137.36838388443	0.2844661336950263	3.941379688526814e-05	0
993	2139.4902260303497	0.28464606624602434	0.00017993255099801875	0
994	2141.6066343784332	0.28464606624602434	0.0	1
995	2143.6961693763733	0.28464606624602434	0.0	2
996	2145.817587852478	0.28464606624602434	0.0	3
997	2147.992755651474	0.28464606624602434	0.0	4
998	2150.12712597847	0.28464606624602434	0.0	5
999	2152.2267487049103	0.2850440866880758	0.00039802044205144993	0
1000	2154.279063940048	0.2850440866880758	0.0	1
1001	2156.384377717972	0.2850440866880758	0.0	2
1002	2158.47856092453	0.28637221383013	0.001328127142054214	0
1003	2160.575982570648	0.28637221383013	0.0	1
1004	2162.6750440597534	0.28637221383013	0.0	2
1005	2164.7731688022614	0.28637221383013	0.0	3
1006	2166.8153557777405	0.28637221383013	0.0	4
1007	2168.8805441856384	0.28637221383013	0.0	5
1008	2170.937015771866	0.28650121904303305	0.0001290052129030439	0
1009	2173.0152564048767	0.28650121904303305	0.0	1
1010	2175.1100816726685	0.28650121904303305	0.0	2
1011	2177.1453948020935	0.2865972098459092	9.59908028761447e-05	0
1012	2179.2131657600403	0.28672056539091634	0.0001233555450071422	0
1013	2181.276467561722	0.28672056539091634	0.0	1
1014	2183.3472435474396	0.28672056539091634	0.0	2
1015	2185.4121000766754	0.28672056539091634	0.0	3
1016	2187.4741632938385	0.28672056539091634	0.0	4
1017	2189.564474105835	0.28672056539091634	0.0	5
1018	2191.62535905838	0.28672056539091634	0.0	6
1019	2193.6978640556335	0.28672056539091634	0.0	7
1020	2195.759801864624	0.2867221183801958	1.5529892794519107e-06	0
1021	2197.848098039627	0.28681655619379254	9.44378135967483e-05	0
1022	2199.89715385437	0.28681655619379254	0.0	1
1023	2201.959347963333	0.2870302528737799	0.00021369667998738517	0
1024	2204.0402846336365	0.2870359025416758	5.649667895901711e-06	0
1025	2206.075489282608	0.2870359025416758	0.0	1
1026	2208.1341364383698	0.2870359025416758	0.0	2
1027	2210.1900272369385	0.2872240284499068	0.00018812590823097386	0
1028	2212.2472343444824	0.2872240284499068	0.0	1
1029	2214.299650669098	0.2872240284499068	0.0	2
1030	2216.3798327445984	0.2873467949300148	0.00012276648010800528	0
1031	2218.4459340572357	0.2873467949300148	0.0	1
1032	2220.527553796768	0.28738559288632376	3.879795630895577e-05	0
1033	2222.601308822632	0.28747459523744245	8.900235111869437e-05	0
1034	2224.687562942505	0.287737505612182	0.0002629103747395223	0
1035	2226.7788348197937	0.2878189036709668	8.139805878482065e-05	0
1036	2228.877669095993	0.2878189036709668	0.0	1
1037	2230.9600887298584	0.2878189036709668	0.0	2
1038	2233.0220375061035	0.2878189036709668	0.0	3
1039	2235.0985944271088	0.28782559759027476	6.693919307965146e-06	0
1040	2237.1342232227325	0.28782559759027476	0.0	1
1041	2239.2076785564423	0.28782559759027476	0.0	2
1042	2241.3168952465057	0.28782559759027476	0.0	3
1043	2243.4126393795013	0.28782559759027476	0.0	4
1044	2245.4972944259644	0.28782559759027476	0.0	5
1045	2247.545161008835	0.28782559759027476	0.0	6
1046	2249.626928329468	0.28789192094277805	6.632335250328358e-05	0
1047	2251.6942417621613	0.28789192094277805	0.0	1
1048	2253.709268093109	0.28789192094277805	0.0	2
1049	2255.7696764469147	0.28789192094277805	0.0	3
1050	2257.836077451706	0.2889223293296913	0.0010304083869132619	0
1051	2259.8815021514893	0.2889223293296913	0.0	1
1052	2261.9447169303894	0.2889223293296913	0.0	2
1053	2264.008428812027	0.2889223293296913	0.0	3
1054	2266.052766084671	0.2891416756775746	0.00021934634788328689	0
1055	2268.101724624634	0.2891416756775746	0.0	1
1056	2270.148535490036	0.2891416756775746	0.0	2
1057	2272.2051074504852	0.2891416756775746	0.0	3
1058	2274.234506368637	0.2891416756775746	0.0	4
1059	2276.317668199539	0.2891416756775746	0.0	5
1060	2278.369827747345	0.2891416756775746	0.0	6
1061	2280.3973565101624	0.2891416756775746	0.0	7
1062	2282.4519052505493	0.2891416756775746	0.0	8
1063	2284.514776468277	0.2891416756775746	0.0	9
1064	2286.5572085380554	0.2893543281061499	0.00021265242857532174	0
1065	2288.596137523651	0.2893610220254579	6.693919307965146e-06	0
1066	2290.675260782242	0.2893610220254579	0.0	1
1067	2292.7354052066803	0.2893610220254579	0.0	2
1068	2294.762181043625	0.2893610220254579	0.0	3
1069	2296.785706281662	0.28943403929726913	7.301727181124873e-05	0
1070	2298.846567630768	0.2897997147212245	0.00036567542395538055	0
1071	2300.902973651886	0.2897997147212245	0.0	1
1072	2302.9782798290253	0.2897997147212245	0.0	2
1073	2305.0360190868378	0.2897997147212245	0.0	3
1074	2307.090190887451	0.2897997147212245	0.0	4
1075	2309.147876262665	0.2897997147212245	0.0	5
1076	2311.167411327362	0.2897997147212245	0.0	6
1077	2313.18483543396	0.28987273199303576	7.301727181124873e-05	0
1078	2315.239828824997	0.28987273199303576	0.0	1
1079	2317.262544155121	0.28987273199303576	0.0	2
1080	2319.3243300914764	0.28987273199303576	0.0	3
1081	2321.396867752075	0.28987273199303576	0.0	4
1082	2323.4765672683716	0.28987273199303576	0.0	5
1083	2325.529537677765	0.28987273199303576	0.0	6
1084	2327.590784549713	0.28987273199303576	0.0	7
1085	2329.6428983211517	0.28987273199303576	0.0	8
1086	2331.7331454753876	0.28987273199303576	0.0	9
1087	2333.7879214286804	0.28987273199303576	0.0	10
1088	2335.8563327789307	0.2899239806392575	5.124864622174652e-05	0
1089	2337.9172279834747	0.2899239806392575	0.0	1
1090	2339.9935190677643	0.2899239806392575	0.0	2
1091	2342.0602786540985	0.2899239806392575	0.0	3
1092	2344.0933406352997	0.29001906106910785	9.508042985034715e-05	0
1093	2346.141568660736	0.29001906106910785	0.0	1
1094	2348.1973061561584	0.2900920783409191	7.301727181124873e-05	0
1095	2350.252353668213	0.2900920783409191	0.0	1
1096	2352.299880504608	0.2900920783409191	0.0	2
1097	2354.3693425655365	0.2900920783409191	0.0	3
1098	2356.3957431316376	0.29014332698714085	5.124864622174652e-05	0
1099	2358.4469995498657	0.29014332698714085	0.0	1
1100	2360.5087761878967	0.29014332698714085	0.0	2
1101	2362.5897855758667	0.29014332698714085	0.0	3
1102	2364.6544296741486	0.29014332698714085	0.0	4
1103	2366.7328457832336	0.2903114246888024	0.00016809770166154037	0
1104	2368.785927295685	0.2903114246888024	0.0	1
1105	2370.829468727112	0.2903114246888024	0.0	2
1106	2372.908093690872	0.2903114246888024	0.0	3
1107	2374.997586965561	0.29036267333502414	5.124864622174652e-05	0
1108	2377.0542697906494	0.29036267333502414	0.0	1
1109	2379.1399188041687	0.29036267333502414	0.0	2
1110	2381.1802961826324	0.29036267333502414	0.0	3
1111	2383.265392065048	0.29036267333502414	0.0	4
1112	2385.3519201278687	0.29036267333502414	0.0	5
1113	2387.3973026275635	0.29036267333502414	0.0	6
1114	2389.4255414009094	0.29036267333502414	0.0	7
1115	2391.4504787921906	0.29036267333502414	0.0	8
1116	2393.492476940155	0.29036267333502414	0.0	9
1117	2395.530472278595	0.290515214368214	0.0001525410331898458	0
1118	2397.5742428302765	0.290515214368214	0.0	1
1119	2399.62477350235	0.2915316994029667	0.0010164850347527121	0
1120	2401.656972169876	0.2915316994029667	0.0	1
1121	2403.7074172496796	0.2915316994029667	0.0	2
1122	2405.7246680259705	0.2915316994029667	0.0	3
1123	2407.738888978958	0.2915316994029667	0.0	4
1124	2409.7808425426483	0.2915316994029667	0.0	5
1125	2411.810618162155	0.2915316994029667	0.0	6
1126	2413.8644692897797	0.2915316994029667	0.0	7
1127	2415.9431326389313	0.2915316994029667	0.0	8
1128	2418.027915239334	0.2915316994029667	0.0	9
1129	2420.0598917007446	0.2915316994029667	0.0	10
1130	2422.0902523994446	0.2915316994029667	0.0	11
1131	2424.153097629547	0.2915316994029667	0.0	12
1132	2426.1607110500336	0.2915316994029667	0.0	13
1133	2428.258714199066	0.2915316994029667	0.0	14
1134	2430.3540501594543	0.2916686302163303	0.00013693081336363377	0
1135	2432.3857233524323	0.2916686302163303	0.0	1
1136	2434.464217185974	0.29175104575085	8.241553451965311e-05	0
1137	2436.5336198806763	0.29175104575085	0.0	1
1138	2438.573662042618	0.29175104575085	0.0	2
1139	2440.6503126621246	0.29175104575085	0.0	3
1140	2442.7076959609985	0.29175104575085	0.0	4
1141	2444.7426755428314	0.29175104575085	0.0	5
1142	2446.7748680114746	0.29175104575085	0.0	6
1143	2448.8186354637146	0.29178355142300944	3.250567215945521e-05	0
1144	2450.8495795726776	0.29178355142300944	0.0	1
1145	2452.881111383438	0.29188797656421367	0.00010442514120423407	0
1146	2454.9110877513885	0.29188797656421367	0.0	1
1147	2456.936824321747	0.29188797656421367	0.0	2
1148	2458.9965443611145	0.29188797656421367	0.0	3
1149	2461.0394983291626	0.2920028977708928	0.00011492120667910832	0
1150	2463.0576963424683	0.2920028977708928	0.0	1
1151	2465.0770177841187	0.2920446678273744	4.177005648164922e-05	0
1152	2467.1282262802124	0.2920446678273744	0.0	1
1153	2469.1677379608154	0.2920446678273744	0.0	2
1154	2471.1894068717957	0.2920446678273744	0.0	3
1155	2473.241976737976	0.29210732291209696	6.265508472252934e-05	0
1156	2475.276750087738	0.29210732291209696	0.0	1
1157	2477.2962782382965	0.29216296276938475	5.563985728779253e-05	0
1158	2479.3439559936523	0.29222224411877606	5.9281349391315796e-05	0
1159	2481.390062570572	0.29222224411877606	0.0	1
1160	2483.4394640922546	0.29244159046665935	0.00021934634788328689	0
1161	2485.462077856064	0.29244159046665935	0.0	1
1162	2487.4994699954987	0.29244159046665935	0.0	2
1163	2489.575719833374	0.29244159046665935	0.0	3
1164	2491.5827419757843	0.2926016554651514	0.0001600649984920266	0
1165	2493.6162815093994	0.2926016554651514	0.0	1
1166	2495.668643474579	0.2926016554651514	0.0	2
1167	2497.7016367912292	0.2926016554651514	0.0	3
1168	2499.734557390213	0.2926016554651514	0.0	4
1169	2501.747717142105	0.2926016554651514	0.0	5
1170	2503.780068874359	0.2926016554651514	0.0	6
1171	2505.833389520645	0.2926016554651514	0.0	7
1172	2507.899257659912	0.29282100181303466	0.00021934634788328689	0
1173	2509.9552612304688	0.29282100181303466	0.0	1
1174	2512.0436906814575	0.29282100181303466	0.0	2
1175	2514.085372209549	0.29282100181303466	0.0	3
1176	2516.1097435951233	0.29282100181303466	0.0	4
1177	2518.153347969055	0.29282100181303466	0.0	5
1178	2520.2111558914185	0.29282100181303466	0.0	6
1179	2522.2266461849213	0.29282100181303466	0.0	7
1180	2524.259859085083	0.29282100181303466	0.0	8
1181	2526.285540819168	0.29282100181303466	0.0	9
1182	2528.2694289684296	0.29282100181303466	0.0	10
1183	2530.300969362259	0.29282100181303466	0.0	11
1184	2532.369996547699	0.29282100181303466	0.0	12
1185	2534.4021565914154	0.29282100181303466	0.0	13
1186	2536.4360303878784	0.29282100181303466	0.0	14
1187	2538.4530775547028	0.29282100181303466	0.0	15
1188	2540.456429004669	0.293040348160918	0.0002193463478833424	0
1189	2542.475908756256	0.293040348160918	0.0	1
1190	2544.4908459186554	0.293040348160918	0.0	2
1191	2546.510260820389	0.293040348160918	0.0	3
1192	2548.5412833690643	0.293040348160918	0.0	4
1193	2550.5714271068573	0.293040348160918	0.0	5
1194	2552.625668525696	0.293040348160918	0.0	6
1195	2554.592392683029	0.293040348160918	0.0	7
1196	2556.5888130664825	0.293040348160918	0.0	8
1197	2558.624561548233	0.293040348160918	0.0	9
1198	2560.6079246997833	0.2930417940474885	1.44588657047251e-06	0
1199	2562.617145061493	0.2931417744262722	9.998037878372612e-05	0
1200	2564.649791955948	0.2931417744262722	0.0	1
1201	2566.6557047367096	0.2931417744262722	0.0	2
1202	2568.6673998832703	0.2932596945088013	0.00011792008252908825	0
1203	2570.6944513320923	0.2932596945088013	0.0	1
1204	2572.7082965373993	0.2932596945088013	0.0	2
1205	2574.710885286331	0.2932596945088013	0.0	3
1206	2576.7644548416138	0.2932596945088013	0.0	4
1207	2578.748354911804	0.2932596945088013	0.0	5
1208	2580.7349026203156	0.2932596945088013	0.0	6
1209	2582.767290830612	0.2932596945088013	0.0	7
1210	2584.7921710014343	0.2932596945088013	0.0	8
1211	2586.8021144866943	0.2932596945088013	0.0	9
1212	2588.7779762744904	0.2932596945088013	0.0	10
1213	2590.806693792343	0.2932596945088013	0.0	11
1214	2592.8088257312775	0.2932596945088013	0.0	12
1215	2594.828732252121	0.2932596945088013	0.0	13
1216	2596.802660226822	0.2932596945088013	0.0	14
1217	2598.8280193805695	0.29349301776019965	0.00023332325139835408	0
1218	2600.8736221790314	0.29349301776019965	0.0	1
1219	2602.8794713020325	0.29349301776019965	0.0	2
1220	2604.908056974411	0.29349301776019965	0.0	3
1221	2606.8988506793976	0.29349301776019965	0.0	4
1222	2608.901469230652	0.29349301776019965	0.0	5
1223	2610.8929295539856	0.29357693273264424	8.391497244458757e-05	0
1224	2612.9041299819946	0.29357693273264424	0.0	1
1225	2614.8954417705536	0.29357693273264424	0.0	2
1226	2616.908557653427	0.29357693273264424	0.0	3
1227	2618.8879578113556	0.29357693273264424	0.0	4
1228	2620.870639562607	0.29357693273264424	0.0	5
1229	2622.8732166290283	0.29357693273264424	0.0	6
1230	2624.88823056221	0.29357693273264424	0.0	7
1231	2626.900765657425	0.29357693273264424	0.0	8
1232	2628.898493528366	0.29357693273264424	0.0	9
1233	2630.8741223812103	0.29357693273264424	0.0	10
1234	2632.860183954239	0.29363806160376454	6.11288711203084e-05	0
1235	2634.872526884079	0.29363806160376454	0.0	1
1236	2636.8091480731964	0.2937962790805275	0.00015821747676297848	0
1237	2638.8363103866577	0.2937962790805275	0.0	1
1238	2640.855654001236	0.2937962790805275	0.0	2
1239	2642.9153969287872	0.29385740795164783	6.11288711203084e-05	0
1240	2644.9435284137726	0.29401562542841087	0.000158217476763034	0
1241	2646.970277786255	0.29401562542841087	0.0	1
1242	2648.96444439888	0.29401562542841087	0.0	2
1243	2650.9770493507385	0.29401562542841087	0.0	3
1244	2652.993278503418	0.29401562542841087	0.0	4
1245	2655.0018100738525	0.29401562542841087	0.0	5
1246	2657.027930498123	0.2940767542995312	6.11288711203084e-05	0
1247	2659.0446286201477	0.2940767542995312	0.0	1
1248	2661.0576519966125	0.29423497177629415	0.00015821747676297848	0
1249	2663.0296444892883	0.29423497177629415	0.0	1
1250	2665.047093629837	0.29423497177629415	0.0	2
1251	2667.0609905719757	0.29429610064741446	6.11288711203084e-05	0
1252	2669.058247566223	0.29429610064741446	0.0	1
1253	2671.0709278583527	0.29429610064741446	0.0	2
1254	2673.0893049240112	0.29429610064741446	0.0	3
1255	2675.0994050502777	0.29429610064741446	0.0	4
1256	2677.0538840293884	0.29429610064741446	0.0	5
1257	2679.0613071918488	0.29434121766355015	4.5117016135687305e-05	0
1258	2681.033646583557	0.29434121766355015	0.0	1
1259	2683.0538964271545	0.29434121766355015	0.0	2
1260	2685.066910505295	0.2943894674339219	4.824977037176659e-05	0
1261	2687.0651931762695	0.2943894674339219	0.0	1
1262	2689.053044319153	0.2943894674339219	0.0	2
1263	2691.0474655628204	0.2943894674339219	0.0	3
1264	2693.0548918247223	0.2943894674339219	0.0	4
1265	2695.0563139915466	0.2943894674339219	0.0	5
1266	2697.0747859477997	0.2943894674339219	0.0	6
1267	2699.058961391449	0.2953519727033752	0.0009625052694532954	0
1268	2701.039482355118	0.2953519727033752	0.0	1
1269	2703.0233583450317	0.29553112875973353	0.00017915605635832055	0
1270	2704.9925248622894	0.29553112875973353	0.0	1
1271	2706.9940354824066	0.2957055455212218	0.0001744167614882719	0
1272	2708.968400001526	0.2957055455212218	0.0	1
1273	2710.949869632721	0.2957055455212218	0.0	2
1274	2712.956247329712	0.2957425762828334	3.703076161160057e-05	0
1275	2714.942614555359	0.2957425762828334	0.0	1
1276	2716.9481332302094	0.2957425762828334	0.0	2
1277	2718.9454278945923	0.2957425762828334	0.0	3
1278	2720.9425246715546	0.2957425762828334	0.0	4
1279	2722.957614183426	0.2957425762828334	0.0	5
1280	2724.950234413147	0.2957425762828334	0.0	6
1281	2726.919933795929	0.2958447522671502	0.00010217598431677688	0
1282	2728.9288971424103	0.2958447522671502	0.0	1
1283	2730.9294679164886	0.29585010740259654	5.3551354463610146e-06	0
1284	2732.9298102855682	0.2959523369382677	0.00010222953567118331	0
1285	2734.925973176956	0.2959523369382677	0.0	1
1286	2736.9513471126556	0.2959523369382677	0.0	2
1287	2738.9432475566864	0.2959523369382677	0.0	3
1288	2740.946156024933	0.2959523369382677	0.0	4
1289	2742.940368413925	0.2959523369382677	0.0	5
1290	2744.97767496109	0.2960258093965919	7.347245832417526e-05	0
1291	2746.9592316150665	0.2960258093965919	0.0	1
1292	2748.975518465042	0.29602712140477627	1.312008184373159e-06	0
1293	2750.992086172104	0.29602712140477627	0.0	1
1294	2752.9903728961945	0.2963563819076963	0.00032926050292003683	0
1295	2755.004302740097	0.2963563819076963	0.0	1
1296	2757.0074515342712	0.2963563819076963	0.0	2
1297	2758.969420671463	0.29653500245051	0.0001786205428137011	0
1298	2760.9618113040924	0.29653500245051	0.0	1
1299	2762.9525740146637	0.29653500245051	0.0	2
1300	2764.9669394493103	0.29653500245051	0.0	3
1301	2766.977113723755	0.29653500245051	0.0	4
1302	2768.9902448654175	0.29653500245051	0.0	5
1303	2770.9732451438904	0.29653500245051	0.0	6
1304	2773.005499601364	0.29653500245051	0.0	7
1305	2775.0398585796356	0.2968033482877276	0.0002683458372175762	0
1306	2777.0803022384644	0.2968033482877276	0.0	1
1307	2779.09792137146	0.2968033482877276	0.0	2
1308	2781.1489515304565	0.2968033482877276	0.0	3
1309	2783.1680912971497	0.2968033482877276	0.0	4
1310	2785.2060520648956	0.2968033482877276	0.0	5
1311	2787.228484392166	0.2968033482877276	0.0	6
1312	2789.2574598789215	0.2968033482877276	0.0	7
1313	2791.273838043213	0.2968033482877276	0.0	8
1314	2793.29673910141	0.2968033482877276	0.0	9
1315	2795.319436073303	0.2970226946356109	0.00021934634788328689	0
1316	2797.345469713211	0.2970226946356109	0.0	1
1317	2799.3354773521423	0.2970226946356109	0.0	2
1318	2801.3537442684174	0.2970226946356109	0.0	3
1319	2803.3219680786133	0.2970226946356109	0.0	4
1320	2805.3056659698486	0.2970617335730149	3.9038937404034524e-05	0
1321	2807.3048627376556	0.2970617335730149	0.0	1
1322	2809.288031578064	0.2971156865626371	5.3952989622185754e-05	0
1323	2811.2967324256897	0.29714679989958054	3.111333694344465e-05	0
1324	2813.3329796791077	0.2972420409834942	9.524108391367747e-05	0
1325	2815.3473510742188	0.2972420409834942	0.0	1
1326	2817.3395686149597	0.2972420409834942	0.0	2
1327	2819.3636157512665	0.2972420409834942	0.0	3
1328	2821.3953909873962	0.29733503291052044	9.299192702622028e-05	0
1329	2823.3835067749023	0.29733503291052044	0.0	1
1330	2825.37327003479	0.29749284875212495	0.0001578158416045139	0
1331	2827.389648914337	0.2975543792584037	6.153050627877299e-05	0
1332	2829.398599386215	0.297773725606287	0.00021934634788328689	0
1333	2831.3904333114624	0.297773725606287	0.0	1
1334	2833.3887214660645	0.297773725606287	0.0	2
1335	2835.369657754898	0.2978127109923366	3.898538604957258e-05	0
1336	2837.3922924995422	0.2978127109923366	0.0	1
1337	2839.3917746543884	0.2978127109923366	0.0	2
1338	2841.385511159897	0.2978127109923366	0.0	3
1339	2843.3961911201477	0.2978127109923366	0.0	4
1340	2845.396628141403	0.2978127109923366	0.0	5
1341	2847.3653886318207	0.2978127109923366	0.0	6
1342	2849.3748762607574	0.2978127109923366	0.0	7
1343	2851.41153216362	0.29782872284732126	1.601185498467661e-05	0
1344	2853.402340888977	0.29782872284732126	0.0	1
1345	2855.3953630924225	0.29782872284732126	0.0	2
1346	2857.384301662445	0.29782872284732126	0.0	3
1347	2859.347956418991	0.29782872284732126	0.0	4
1348	2861.358798265457	0.29782872284732126	0.0	5
1349	2863.3437116146088	0.29782872284732126	0.0	6
1350	2865.3127431869507	0.29792575790160947	9.703505428820813e-05	0
1351	2867.2846114635468	0.29792575790160947	0.0	1
1352	2869.2602655887604	0.29792575790160947	0.0	2
1353	2871.2219824790955	0.29792575790160947	0.0	3
1354	2873.264867782593	0.29792575790160947	0.0	4
1355	2875.230875492096	0.29792575790160947	0.0	5
1356	2877.2614827156067	0.29792575790160947	0.0	6
1357	2879.2547540664673	0.2979547024086971	2.894450708762486e-05	0
1358	2881.2366638183594	0.2979547024086971	0.0	1
1359	2883.227569103241	0.2979547024086971	0.0	2
1360	2885.229026556015	0.2979547024086971	0.0	3
1361	2887.2310559749603	0.298109787131224	0.0001550847225268992	0
1362	2889.210850715637	0.2984997213187514	0.0003899341875274187	0
1363	2891.197768688202	0.2984997213187514	0.0	1
1364	2893.2092373371124	0.2986225681258911	0.0001228468071396982	0
1365	2895.2139031887054	0.2986225681258911	0.0	1
1366	2897.1812658309937	0.2986225681258911	0.0	2
1367	2899.1766896247864	0.2986225681258911	0.0	3
1368	2901.1852757930756	0.2987869172327402	0.0001643491068490932	0
1369	2903.1880598068237	0.2987869172327402	0.0	1
1370	2905.2038061618805	0.2987869172327402	0.0	2
1371	2907.193004131317	0.2987869172327402	0.0	3
1372	2909.2394416332245	0.2993616303688446	0.00057471313610441	0
1373	2911.3004837036133	0.2993616303688446	0.0	1
1374	2913.311624765396	0.2993616303688446	0.0	2
1375	2915.308086156845	0.2994777832566764	0.00011615288783178856	0
1376	2917.3297247886658	0.2996971296045597	0.00021934634788328689	0
1377	2919.3103041648865	0.2996971296045597	0.0	1
1378	2921.3056769371033	0.2996971296045597	0.0	2
1379	2923.289809703827	0.2996971296045597	0.0	3
1380	2925.250789165497	0.2996971296045597	0.0	4
1381	2927.2614665031433	0.29970109240479	3.962800230294938e-06	0
1382	2929.2143726348877	0.2998019831565996	0.0001008907518096347	0
1383	2931.2302601337433	0.2998019831565996	0.0	1
1384	2933.2424578666687	0.2998019831565996	0.0	2
1385	2935.227147579193	0.299916475952443	0.00011449279584335725	0
1386	2937.191474199295	0.299916475952443	0.0	1
1387	2939.175692796707	0.299916475952443	0.0	2
1388	2941.118281841278	0.3001358223003263	0.0002193463478833424	0
1389	2943.0870323181152	0.3001358223003263	0.0	1
1390	2945.091434240341	0.3001358223003263	0.0	2
1391	2947.067198038101	0.3001358223003263	0.0	3
1392	2949.048617362976	0.3001358223003263	0.0	4
1393	2950.9999585151672	0.3001358223003263	0.0	5
1394	2952.9819338321686	0.3001358223003263	0.0	6
1395	2954.9757006168365	0.3001358223003263	0.0	7
1396	2956.985128879547	0.3001655165263764	2.9694226050092087e-05	0
1397	2959.0000619888306	0.3001655165263764	0.0	1
1398	2961.0019829273224	0.30023901576037787	7.349923400146174e-05	0
1399	2963.008895635605	0.30023901576037787	0.0	1
1400	2964.9928839206696	0.3003551686482096	0.00011615288783173305	0
1401	2966.9748029708862	0.3003551686482096	0.0	1
1402	2968.9746763706207	0.3003551686482096	0.0	2
1403	2970.958345413208	0.3003560522455583	8.835973486776005e-07	3
1404	2972.9480373859406	0.30036379041627825	7.73817071997307e-06	0
1405	2974.908866405487	0.30036462046227247	8.300459942156557e-07	1
1406	2976.8888745307922	0.30036462046227247	0.0	2
1407	2978.888739347458	0.30036462046227247	0.0	3
1408	2980.8708851337433	0.30036462046227247	0.0	4
1409	2982.8554179668427	0.30048928801546393	0.00012466755319145983	0
1410	2984.8324875831604	0.30048928801546393	0.0	1
1411	2986.774144887924	0.30048928801546393	0.0	2
1412	2988.725902557373	0.30048928801546393	0.0	3
1413	2990.703127384186	0.30049796333488704	8.675319423112615e-06	0
1414	2992.6976952552795	0.30049796333488704	0.0	1
1415	2994.70401930809	0.3005458917971321	4.792846224505043e-05	0
1416	2996.6782813072205	0.3005458917971321	0.0	1
1417	2998.660611629486	0.3006373307348788	9.143893774671286e-05	0
1418	3000.628669977188	0.3006373307348788	0.0	1
1419	3002.6616129875183	0.3006373307348788	0.0	2
1420	3004.652859687805	0.3007652381450154	0.00012790741013657403	0
1421	3006.660252571106	0.3009243124434498	0.0001590742984344251	0
1422	3008.651439189911	0.3009243124434498	0.0	1
1423	3010.6525299549103	0.3009243124434498	0.0	2
1424	3012.671804666519	0.3009243124434498	0.0	3
1425	3014.654143333435	0.3009243124434498	0.0	4
1426	3016.6605327129364	0.3009243124434498	0.0	5
1427	3018.642408847809	0.3009243124434498	0.0	6
1428	3020.6090223789215	0.3011349299205555	0.00021061747710571233	0
1429	3022.583473920822	0.3011349299205555	0.0	1
1430	3024.58714056015	0.3011349299205555	0.0	2
1431	3026.5790548324585	0.3011349299205555	0.0	3
1432	3028.559732437134	0.3011436587913331	8.72887077757456e-06	0
1433	3030.5439953804016	0.3012330895532875	8.943076195438993e-05	0
1434	3032.546098470688	0.30124171132135613	8.62176806865067e-06	0
1435	3034.5910274982452	0.30124171132135613	0.0	1
1436	3036.563889980316	0.30124171132135613	0.0	2
1437	3038.549105167389	0.30124171132135613	0.0	3
1438	3040.4831392765045	0.30124171132135613	0.0	4
1439	3042.5197265148163	0.30124171132135613	0.0	5
1440	3044.531575202942	0.30124171132135613	0.0	6
1441	3046.555569410324	0.30124171132135613	0.0	7
1442	3048.5756571292877	0.3013630051392164	0.00012129381786024629	0
1443	3050.552927017212	0.3013734744290141	1.0469289797698789e-05	0
1444	3052.5817728042603	0.3013773836778899	3.9092488758329935e-06	0
1445	3054.570356607437	0.3013773836778899	0.0	1
1446	3056.52796459198	0.3013773836778899	0.0	2
1447	3058.5420858860016	0.3013773836778899	0.0	3
1448	3060.5551614761353	0.3016959874612717	0.00031860378338177675	0
1449	3062.546395301819	0.3016959874612717	0.0	1
1450	3064.532504796982	0.3016959874612717	0.0	2
1451	3066.512192964554	0.3016959874612717	0.0	3
1452	3068.491501569748	0.3016959874612717	0.0	4
1453	3070.470941066742	0.3016959874612717	0.0	5
1454	3072.443420648575	0.3016959874612717	0.0	6
1455	3074.4165580272675	0.3016959874612717	0.0	7
1456	3076.4097695350647	0.301915333809155	0.00021934634788328689	0
1457	3078.3704283237457	0.301915333809155	0.0	1
1458	3080.349365711212	0.301915333809155	0.0	2
1459	3082.3457787036896	0.301915333809155	0.0	3
1460	3084.3358187675476	0.301915333809155	0.0	4
1461	3086.312694787979	0.301915333809155	0.0	5
1462	3088.320173025131	0.301915333809155	0.0	6
1463	3090.3143820762634	0.301915333809155	0.0	7
1464	3092.3214371204376	0.301915333809155	0.0	8
1465	3094.2956194877625	0.301915333809155	0.0	9
1466	3096.299967288971	0.301915333809155	0.0	10
1467	3098.299834728241	0.301915333809155	0.0	11
1468	3100.2763092517853	0.301915333809155	0.0	12
1469	3102.2554321289062	0.301915333809155	0.0	13
1470	3104.211302757263	0.3020040416278241	8.870781866915367e-05	0
1471	3106.1921730041504	0.3020040416278241	0.0	1
1472	3108.1811079978943	0.3021346801570383	0.00013063852921418873	0
1473	3110.178214788437	0.3021346801570383	0.0	1
1474	3112.1801578998566	0.3021346801570383	0.0	2
1475	3114.1615855693817	0.3021346801570383	0.0	3
1476	3116.167788743973	0.3021346801570383	0.0	4
1477	3118.1749308109283	0.3021346801570383	0.0	5
1478	3120.134882926941	0.3021346801570383	0.0	6
1479	3122.1015651226044	0.3021346801570383	0.0	7
1480	3124.0927834510803	0.3022233879757074	8.870781866909816e-05	0
1481	3126.0921053886414	0.3022233879757074	0.0	1
1482	3128.1265301704407	0.3022233879757074	0.0	2
1483	3130.133069753647	0.3022233879757074	0.0	3
1484	3132.139664173126	0.3022233879757074	0.0	4
1485	3134.0863120555878	0.3022233879757074	0.0	5
1486	3136.0679500102997	0.3022233879757074	0.0	6
1487	3138.033976793289	0.3022233879757074	0.0	7
1488	3140.0312945842743	0.3022233879757074	0.0	8
1489	3142.02246594429	0.3022233879757074	0.0	9
1490	3144.027231693268	0.3022233879757074	0.0	10
1491	3145.989026784897	0.302360077807976	0.00013668983226861053	0
1492	3147.998736858368	0.302360077807976	0.0	1
1493	3149.9952561855316	0.302360077807976	0.0	2
1494	3151.981703042984	0.302360077807976	0.0	3
1495	3153.962452173233	0.302360077807976	0.0	4
1496	3155.9214379787445	0.302360077807976	0.0	5
1497	3157.8968839645386	0.302360077807976	0.0	6
1498	3159.8909120559692	0.302360077807976	0.0	7
1499	3161.8820469379425	0.3024427343235907	8.265651561467635e-05	0
1500	3163.8867366313934	0.3024427343235907	0.0	1
1501	3165.912878513336	0.3024427343235907	0.0	2
1502	3167.909265756607	0.3024427343235907	0.0	3
1503	3169.8716173171997	0.3024427343235907	0.0	4
1504	3171.8573570251465	0.3024427343235907	0.0	5
1505	3173.8259332180023	0.3025794241558593	0.00013668983226861053	0
1506	3175.815754175186	0.3025794241558593	0.0	1
1507	3177.822714805603	0.3025794241558593	0.0	2
1508	3179.8579466342926	0.3025794241558593	0.0	3
1509	3181.862749814987	0.3025794241558593	0.0	4
1510	3183.857518196106	0.30261819533649104	3.87711806317248e-05	0
1511	3185.8279106616974	0.30266208067147404	4.388533498300706e-05	0
1512	3187.8279983997345	0.30266208067147404	0.0	1
1513	3189.807326078415	0.3027257800076086	6.369933613453727e-05	0
1514	3191.785031080246	0.30302430203306646	0.0002985220254578813	0
1515	3193.772636413574	0.30302430203306646	0.0	1
1516	3195.763190507889	0.30302430203306646	0.0	2
1517	3197.7495532035828	0.30302430203306646	0.0	3
1518	3199.7356417179108	0.30302430203306646	0.0	4
1519	3201.6915822029114	0.30302430203306646	0.0	5
1520	3203.6735751628876	0.3030846008581926	6.029882512614826e-05	0
1521	3205.5989418029785	0.3030846008581926	0.0	1
1522	3207.553652524948	0.3030846008581926	0.0	2
1523	3209.507828235626	0.30330389365472143	0.00021929279652882494	0
1524	3211.4739820957184	0.30330389365472143	0.0	1
1525	3213.471181869507	0.30330389365472143	0.0	2
1526	3215.441117286682	0.30344251133575073	0.00013861768102929606	0
1527	3217.4443151950836	0.30344251133575073	0.0	1
1528	3219.413827896118	0.30344251133575073	0.0	2
1529	3221.362801551819	0.30344251133575073	0.0	3
1530	3223.34739112854	0.30344251133575073	0.0	4
1531	3225.328348875046	0.30344251133575073	0.0	5
1532	3227.309266805649	0.30344457306289757	2.0617271468403864e-06	0
1533	3229.2655053138733	0.30344457306289757	0.0	1
1534	3231.2826986312866	0.30344457306289757	0.0	2
1535	3233.2711856365204	0.30344457306289757	0.0	3
1536	3235.2721588611603	0.30344457306289757	0.0	4
1537	3237.255457639694	0.30344457306289757	0.0	5
1538	3239.2503407001495	0.30344457306289757	0.0	6
1539	3241.206993341446	0.30344457306289757	0.0	7
1540	3243.2213654518127	0.30344457306289757	0.0	8
1541	3245.216412305832	0.303661857683634	0.0002172846207364465	0
1542	3247.222233772278	0.303661857683634	0.0	1
1543	3249.2132279872894	0.303661857683634	0.0	2
1544	3251.2086310386658	0.303661857683634	0.0	3
1545	3253.1621057987213	0.303661857683634	0.0	4
1546	3255.161867618561	0.303661857683634	0.0	5
1547	3257.1137595176697	0.303661857683634	0.0	6
1548	3259.090793609619	0.303661857683634	0.0	7
1549	3261.0562751293182	0.303661857683634	0.0	8
1550	3263.0407943725586	0.303661857683634	0.0	9
1551	3265.036919593811	0.303661857683634	0.0	10
1552	3267.0440340042114	0.303661857683634	0.0	11
1553	3269.004388809204	0.303661857683634	0.0	12
1554	3270.971779346466	0.303661857683634	0.0	13
1555	3272.9733657836914	0.303661857683634	0.0	14
1556	3274.9196360111237	0.303661857683634	0.0	15
1557	3276.9012429714203	0.303661857683634	0.0	16
1558	3278.893046617508	0.303661857683634	0.0	17
1559	3280.8455917835236	0.303661857683634	0.0	18
1560	3282.821227312088	0.30375964245688475	9.778477325073087e-05	0
1561	3284.7969031333923	0.30375964245688475	0.0	1
1562	3286.8065650463104	0.30375964245688475	0.0	2
1563	3288.7793822288513	0.30375964245688475	0.0	3
1564	3290.727205991745	0.30375964245688475	0.0	4
1565	3292.7060210704803	0.30375964245688475	0.0	5
1566	3294.6839966773987	0.30375964245688475	0.0	6
1567	3296.7010595798492	0.30375964245688475	0.0	7
1568	3298.6485571861267	0.30375964245688475	0.0	8
1569	3300.6328513622284	0.30375964245688475	0.0	9
1570	3302.6405498981476	0.30375964245688475	0.0	10
1571	3304.633104324341	0.30375964245688475	0.0	11
1572	3306.6360301971436	0.30375964245688475	0.0	12
1573	3308.6203396320343	0.30375964245688475	0.0	13
1574	3310.6210894584656	0.30375964245688475	0.0	14
1575	3312.640312433243	0.30375964245688475	0.0	15
1576	3314.665516138077	0.3038169156304837	5.7273173598937355e-05	0
1577	3316.65589928627	0.3038169156304837	0.0	1
1578	3318.617617368698	0.3038169156304837	0.0	2
1579	3320.6486990451813	0.3038383093965919	2.1393766108213086e-05	0
1580	3322.638133764267	0.3038383093965919	0.0	1
1581	3324.6276285648346	0.3038383093965919	0.0	2
1582	3326.618616580963	0.3038383093965919	0.0	3
1583	3328.592399120331	0.30388144501261244	4.3135616020539835e-05	0
1584	3330.5745706558228	0.30388144501261244	0.0	1
1585	3332.5660014152527	0.30388144501261244	0.0	2
1586	3334.586748600006	0.30388144501261244	0.0	3
1587	3336.575441598892	0.3041007913604957	0.00021934634788328689	0
1588	3338.559339761734	0.3041007913604957	0.0	1
1589	3340.549340248108	0.3041007913604957	0.0	2
1590	3342.5033509731293	0.3041007913604957	0.0	3
1591	3344.4944412708282	0.3041007913604957	0.0	4
1592	3346.446929216385	0.3041007913604957	0.0	5
1593	3348.4273381233215	0.3041007913604957	0.0	6
1594	3350.416244506836	0.3041007913604957	0.0	7
1595	3352.4300985336304	0.3041007913604957	0.0	8
1596	3354.4300107955933	0.3041007913604957	0.0	9
1597	3356.4103825092316	0.3041493624389943	4.857107849859377e-05	0
1598	3358.373992204666	0.30432013770837907	0.00017077526938474863	0
1599	3360.337431907654	0.30432013770837907	0.0	1
1600	3362.3294677734375	0.30432013770837907	0.0	2
1601	3364.3120641708374	0.30432013770837907	0.0	3
1602	3366.3009231090546	0.30432013770837907	0.0	4
1603	3368.25661110878	0.30440351716727904	8.337945889996812e-05	0
1604	3370.2339823246	0.30453948405626236	0.00013596688898331877	0
1605	3372.221971511841	0.30453948405626236	0.0	1
1606	3374.1808564662933	0.30453948405626236	0.0	2
1607	3376.1327204704285	0.30453948405626236	0.0	3
1608	3378.1198530197144	0.30453948405626236	0.0	4
1609	3380.0773499011993	0.30453948405626236	0.0	5
1610	3382.025551557541	0.3046228635151623	8.337945889996812e-05	0
1611	3384.0081992149353	0.3046228635151623	0.0	1
1612	3385.9675476551056	0.3046228635151623	0.0	2
1613	3387.9527835845947	0.3046228635151623	0.0	3
1614	3389.9202942848206	0.3046228635151623	0.0	4
1615	3391.870279073715	0.30475883040414564	0.00013596688898331877	0
1616	3393.8355705738068	0.30475883040414564	0.0	1
1617	3395.8438217639923	0.30475883040414564	0.0	2
1618	3397.8313553333282	0.30475883040414564	0.0	3
1619	3399.83891248703	0.30475883040414564	0.0	4
1620	3401.834146499634	0.30475883040414564	0.0	5
1621	3403.8307180404663	0.30475883040414564	0.0	6
1622	3405.8032019138336	0.30475883040414564	0.0	7
1623	3407.7720901966095	0.30484220986304567	8.337945890002363e-05	0
1624	3409.7404766082764	0.30484220986304567	0.0	1
1625	3411.7329342365265	0.30484220986304567	0.0	2
1626	3413.6862614154816	0.30484220986304567	0.0	3
1627	3415.6899440288544	0.30484220986304567	0.0	4
1628	3417.6584374904633	0.30484220986304567	0.0	5
1629	3419.638837337494	0.30484220986304567	0.0	6
1630	3421.6260917186737	0.304978176752029	0.00013596688898331877	0
1631	3423.574742794037	0.304978176752029	0.0	1
1632	3425.5635578632355	0.304978176752029	0.0	2
1633	3427.5506954193115	0.304978176752029	0.0	3
1634	3429.518359184265	0.304978176752029	0.0	4
1635	3431.5164918899536	0.304978176752029	0.0	5
1636	3433.4743456840515	0.30506155621092895	8.337945889996812e-05	0
1637	3435.4772250652313	0.30506155621092895	0.0	1
1638	3437.4517483711243	0.30506155621092895	0.0	2
1639	3439.389059305191	0.30506155621092895	0.0	3
1640	3441.3853356838226	0.3051400357208955	7.847950996653363e-05	0
1641	3443.3394935131073	0.3051400357208955	0.0	1
1642	3445.342897415161	0.3051400357208955	0.0	2
1643	3447.3444476127625	0.3051400357208955	0.0	3
1644	3449.336450815201	0.3051400357208955	0.0	4
1645	3451.3938343524933	0.3051400357208955	0.0	5
1646	3453.35352230072	0.3051400357208955	0.0	6
1647	3455.36092543602	0.30521018799524297	7.015227434747917e-05	0
1648	3457.357795238495	0.3052935406784657	8.335268322273715e-05	0
1649	3459.3227455615997	0.3052935406784657	0.0	1
1650	3461.2730374336243	0.3052935406784657	0.0	2
1651	3463.2638075351715	0.3052935406784657	0.0	3
1652	3465.2157440185547	0.3052935406784657	0.0	4
1653	3467.204511165619	0.3052935406784657	0.0	5
1654	3469.2281107902527	0.3052935406784657	0.0	6
1655	3471.2035183906555	0.30538768395961285	9.414328114715209e-05	0
1656	3473.2007806301117	0.30538768395961285	0.0	1
1657	3475.177084207535	0.30538768395961285	0.0	2
1658	3477.1524879932404	0.30538768395961285	0.0	3
1659	3479.128329515457	0.30538768395961285	0.0	4
1660	3481.0814645290375	0.30538768395961285	0.0	5
1661	3483.0235064029694	0.30538768395961285	0.0	6
1662	3485.019932985306	0.30538768395961285	0.0	7
1663	3487.011416196823	0.30538768395961285	0.0	8
1664	3488.9990837574005	0.30538768395961285	0.0	9
1665	3490.9618096351624	0.30538768395961285	0.0	10
1666	3492.9337100982666	0.30538768395961285	0.0	11
1667	3494.8988966941833	0.30538768395961285	0.0	12
1668	3496.8693420886993	0.30538768395961285	0.0	13
1669	3498.8446629047394	0.30538768395961285	0.0	14
1670	3500.81537938118	0.30538768395961285	0.0	15
1671	3502.7865183353424	0.30538768395961285	0.0	16
1672	3504.7177333831787	0.30538768395961285	0.0	17
1673	3506.6878609657288	0.30538768395961285	0.0	18
1674	3508.6748061180115	0.30538768395961285	0.0	19
1675	3510.632978916168	0.30538768395961285	0.0	20
1676	3512.5983271598816	0.30538768395961285	0.0	21
1677	3514.584956884384	0.3058263766553795	0.0004386926957666293	0
1678	3516.5384023189545	0.3058263766553795	0.0	1
1679	3518.5232524871826	0.3058263766553795	0.0	2
1680	3520.4764132499695	0.3058263766553795	0.0	3
1681	3522.4515993595123	0.3058263766553795	0.0	4
1682	3524.396639585495	0.3058263766553795	0.0	5
1683	3526.3768146038055	0.3058263766553795	0.0	6
1684	3528.3571858406067	0.3058263766553795	0.0	7
1685	3530.331006526947	0.3058263766553795	0.0	8
1686	3532.3040239810944	0.3058263766553795	0.0	9
1687	3534.288288116455	0.3058263766553795	0.0	10
1688	3536.2685430049896	0.3058263766553795	0.0	11
1689	3538.2579216957092	0.3062650693511461	0.0004386926957666293	0
1690	3540.212120294571	0.3062650693511461	0.0	1
1691	3542.208498239517	0.3062650693511461	0.0	2
1692	3544.161322593689	0.3062650693511461	0.0	3
1693	3546.1338016986847	0.3062650693511461	0.0	4
1694	3548.0876710414886	0.3062650693511461	0.0	5
1695	3550.0371882915497	0.3062650693511461	0.0	6
1696	3552.0284357070923	0.3062650693511461	0.0	7
1697	3553.983902692795	0.3062650693511461	0.0	8
1698	3555.9688997268677	0.3062650693511461	0.0	9
1699	3557.9320828914642	0.3062650693511461	0.0	10
1700	3559.8812971115112	0.3062650693511461	0.0	11
1701	3561.866814851761	0.3062650693511461	0.0	12
1702	3563.830204963684	0.3062650693511461	0.0	13
1703	3565.77610206604	0.3062650693511461	0.0	14
1704	3567.7409014701843	0.3062650693511461	0.0	15
1705	3569.6951971054077	0.3062650693511461	0.0	16
1706	3571.6896121501923	0.3062650693511461	0.0	17
1707	3573.6297624111176	0.3062650693511461	0.0	18
1708	3575.5913379192352	0.3062650693511461	0.0	19
1709	3577.5443019866943	0.3062650693511461	0.0	20
1710	3579.5455873012543	0.3062650693511461	0.0	21
1711	3581.5464935302734	0.3063866309257787	0.00012156157463261152	0
1712	3583.527759075165	0.3063866309257787	0.0	1
1713	3585.56036734581	0.3063866309257787	0.0	2
1714	3587.5460863113403	0.3063866309257787	0.0	3
1715	3589.519870042801	0.3063866309257787	0.0	4
1716	3591.465390443802	0.3063866309257787	0.0	5
1717	3593.4291083812714	0.3064844156990294	9.778477325067536e-05	0
1718	3595.363282442093	0.3064844156990294	0.0	1
1719	3597.347118139267	0.3064844156990294	0.0	2
1720	3599.2790780067444	0.3064844156990294	0.0	3
1721	3601.241243839264	0.3064844156990294	0.0	4
1722	3603.2459437847137	0.3064844156990294	0.0	5
1723	3605.2164866924286	0.3064844156990294	0.0	6
1724	3607.162065267563	0.3064844156990294	0.0	7
1725	3609.096817970276	0.3064844156990294	0.0	8
1726	3611.0662727355957	0.3064844156990294	0.0	9
1727	3613.073044538498	0.3064844156990294	0.0	10
1728	3615.033420562744	0.3064844156990294	0.0	11
1729	3617.028589248657	0.3065458658782765	6.145017924708007e-05	0
1730	3618.9848425388336	0.3065458658782765	0.0	1
1731	3620.976217031479	0.3065458658782765	0.0	2
1732	3622.925407886505	0.3065458658782765	0.0	3
1733	3624.9135596752167	0.3065458658782765	0.0	4
1734	3626.8771030902863	0.30670376204691274	0.00015789616863626232	0
1735	3628.8641963005066	0.30670376204691274	0.0	1
1736	3630.837596178055	0.30670376204691274	0.0	2
1737	3632.8116612434387	0.30670376204691274	0.0	3
1738	3634.805166721344	0.30670376204691274	0.0	4
1739	3636.749146461487	0.30670376204691274	0.0	5
1740	3638.714006662369	0.30670376204691274	0.0	6
1741	3640.6528770923615	0.30670376204691274	0.0	7
1742	3642.6229951381683	0.3067652122261598	6.145017924708007e-05	0
1743	3644.583458662033	0.3067652122261598	0.0	1
1744	3646.546387195587	0.3067652122261598	0.0	2
1745	3648.5046079158783	0.3067652122261598	0.0	3
1746	3650.474841117859	0.3067652122261598	0.0	4
1747	3652.4626750946045	0.3067652122261598	0.0	5
1748	3654.417939186096	0.3069845585740431	0.00021934634788328689	0
1749	3656.3450932502747	0.3069845585740431	0.0	1
1750	3658.2773098945618	0.3069845585740431	0.0	2
1751	3660.2632048130035	0.3069845585740431	0.0	3
1752	3662.232569217682	0.3069845585740431	0.0	4
1753	3664.1704370975494	0.3069845585740431	0.0	5
1754	3666.143960237503	0.3069845585740431	0.0	6
1755	3668.1493763923645	0.3069845585740431	0.0	7
1756	3670.1078011989594	0.3069845585740431	0.0	8
1757	3672.0590653419495	0.3069845585740431	0.0	9
1758	3674.021555185318	0.3069845585740431	0.0	10
1759	3675.9905903339386	0.3069845585740431	0.0	11
1760	3677.961807489395	0.3069845585740431	0.0	12
1761	3679.8700091838837	0.3069845585740431	0.0	13
1762	3681.8211200237274	0.3069845585740431	0.0	14
1763	3683.791570186615	0.3069845585740431	0.0	15
1764	3685.7338552474976	0.3069845585740431	0.0	16
1765	3687.732063770294	0.3069845585740431	0.0	17
1766	3689.7025558948517	0.3069845585740431	0.0	18
1767	3691.67964887619	0.3069845585740431	0.0	19
