1	37.43861222267151	0.03046535573184156	10000000000.030466	0
2	64.71624088287354	0.03046535573184156	0.0	1
3	91.5105288028717	0.03457517323374306	0.004109817501901501	0
4	119.1199517250061	0.03457517323374306	0.0	1
5	146.84870862960815	0.05611013516342423	0.02153496192968117	0
6	176.54238629341125	0.06319783863688698	0.007087703473462749	0
7	206.48431134223938	0.07094949258110154	0.007751653944214565	0
8	238.30198764801025	0.07094949258110154	0.0	1
9	274.6153025627136	0.08889552871917479	0.017946036138073246	0
10	309.4128382205963	0.0891886651041812	0.00029313638500641503	0
11	345.87052845954895	0.0891886651041812	0.0	1
12	383.8494031429291	0.13273014078505735	0.04354147568087614	0
13	422.77202320098877	0.13273014078505735	0.0	1
14	464.04621028900146	0.13273014078505735	0.0	2
15	505.42732882499695	0.13273014078505735	0.0	3
16	547.5923929214478	0.13273014078505735	0.0	4
17	596.1885366439819	0.14819163532391771	0.015461494538860365	0
18	646.8789422512054	0.14819163532391771	0.0	1
19	703.5844111442566	0.14819163532391771	0.0	2
20	762.6516270637512	0.1485699452839339	0.00037830996001619877	0
21	830.1127953529358	0.15150384410238787	0.0029338988184539616	0
22	897.9809327125549	0.15384559611117313	0.002341752008785253	0
23	962.7533297538757	0.15759967986347587	0.0037540837523027393	0
24	1027.43261384964	0.16557234625334943	0.007972666389873567	0
25	1094.0636265277863	0.17102214668319285	0.0054498004298434155	0
26	1159.2518401145935	0.17680577246647083	0.005783625783277985	0
27	1223.3437118530273	0.17680577246647083	0.0	1
28	1287.4139575958252	0.17942393143177632	0.0026181589653054838	0
29	1350.1405217647552	0.17942393143177632	0.0	1
30	1412.5757796764374	0.18249321936842325	0.0030692879366469306	0
31	1476.3106741905212	0.1827546890918511	0.00026146972342785957	0
32	1540.1725754737854	0.1827546890918511	0.0	1
33	1603.7805969715118	0.18406023869916543	0.001305549607314327	0
34	1669.9497754573822	0.18890493127128283	0.004844692572117393	0
35	1735.5389459133148	0.19256289065770926	0.003657959386426435	0
36	1800.3448181152344	0.19601326884228376	0.0034503781845744985	0
37	1865.02441239357	0.19969652339715857	0.0036832545548748097	0
38	1928.496042251587	0.19969652339715857	0.0	1
39	1991.932552099228	0.19969815886063583	1.6354634772564047e-06	0
40	2056.357326030731	0.19969815886063583	0.0	1
41	2120.746263027191	0.19969815886063583	0.0	2
42	2184.1786715984344	0.20100448531310186	0.0013063264524660334	0
43	2248.544585466385	0.20364202452061295	0.002637539207511086	0
44	2313.7462441921234	0.20364202452061295	0.0	1
45	2378.9048821926117	0.204541393144486	0.0008993686238730481	0
46	2444.21444439888	0.204541393144486	0.0	1
47	2509.563103199005	0.2054888989100399	0.0009475057655539132	0
48	2574.7730011940002	0.2055180783042468	2.917939420687965e-05	0
49	2639.5632796287537	0.2055180783042468	0.0	1
50	2704.48028755188	0.20670144516094704	0.0011833668567002575	0
51	2769.112760782242	0.20670144516094704	0.0	1
52	2833.8581438064575	0.20670144516094704	0.0	2
53	2899.0373117923737	0.20726249090682308	0.0005610457458760376	0
54	2964.404949426651	0.20726249090682308	0.0	1
55	3030.228784799576	0.2077601215563681	0.0004976306495450278	0
56	3091.741272211075	0.20817676950606387	0.0004166479496957587	0
57	3150.8771193027496	0.20817676950606387	0.0	1
58	3210.0625364780426	0.20833257465999805	0.00015580515393417982	0
59	3269.1840550899506	0.20866890772409774	0.000336333064099692	0
60	3329.4657225608826	0.20934119224415246	0.0006722845200547167	0
61	3391.7267441749573	0.20934119224415246	0.0	1
62	3455.8539414405823	0.20988347104662686	0.0005422788024743996	0
63	3519.6176013946533	0.2128733027160033	0.0029898316693764415	0
64	3582.5294799804688	0.21291443462245652	4.113190645321785e-05	0
65	3645.625569343567	0.21291443462245652	0.0	1
66	3707.9790484905243	0.21507744410203897	0.0021630094795824506	0
67	3771.0355422496796	0.2154796045710986	0.000402160469059637	0
68	3833.438516139984	0.21785116290175705	0.002371558330658441	0
69	3895.8573775291443	0.21818680089387893	0.0003356379921218844	0
70	3958.293888092041	0.21860459366800877	0.0004177927741298437	0
71	4021.516214132309	0.21860459366800877	0.0	1
72	4084.396689414978	0.2187056925686284	0.00010109890061962834	0
73	4147.202200651169	0.21887722542966898	0.0001715328610405742	0
74	4211.572416782379	0.21906117418427443	0.0001839487546054508	0
75	4274.672527074814	0.21913215329918775	7.097911491332765e-05	0
76	4337.920449972153	0.2200771240963519	0.0009449707971641574	0
77	4401.304459095001	0.2200771240963519	0.0	1
78	4464.195104598999	0.22019070703484803	0.00011358293849611512	0
79	4526.910915136337	0.22019070703484803	0.0	1
80	4590.348398923874	0.2202373313728124	4.662433796437382e-05	0
81	4653.94681763649	0.22132361984327462	0.0010862884704622155	0
82	4717.664965629578	0.22152596756199933	0.00020234771872471025	0
83	4781.54211640358	0.22159705570781116	7.108814581183176e-05	0
84	4844.9921708106995	0.2230583559536104	0.0014613002457992408	0
85	4908.760535955429	0.22318975181514641	0.00013139586153601557	0
86	4972.707603931427	0.2233769714967064	0.00018721968155999136	0
87	5036.333636760712	0.22497393343794486	0.0015969619412384561	0
88	5100.596075534821	0.22497393343794486	0.0	1
89	5164.597759485245	0.22595538869951434	0.0009814552615694805	0
90	5229.199928998947	0.22595538869951434	0.0	1
91	5293.49840760231	0.22618891925520557	0.00023353055569122483	0
92	5357.29233789444	0.22618891925520557	0.0	1
93	5421.61999630928	0.22618891925520557	0.0	2
94	5485.846937894821	0.22618891925520557	0.0	3
95	5549.93425989151	0.22618891925520557	0.0	4
96	5613.996642589569	0.22618891925520557	0.0	5
97	5678.095430850983	0.22618891925520557	0.0	6
98	5742.192964792252	0.22618891925520557	0.0	7
99	5805.6257565021515	0.22619610166564325	7.1824104376783104e-06	0
100	5869.618588447571	0.22619610166564325	0.0	1
101	5933.890767097473	0.22631827078739497	0.00012216912175172512	0
102	5997.868009328842	0.22631827078739497	0.0	1
103	6062.0921676158905	0.22698015648550673	0.0006618856981117638	0
104	6125.917717695236	0.22698015648550673	0.0	1
105	6189.84214091301	0.22768870740816982	0.0007085509226630871	0
106	6253.746088504791	0.22770466680593546	1.595939776563582e-05	0
107	6317.851843595505	0.22802196034938735	0.00031729354345189087	0
108	6382.197392702103	0.22802196034938735	0.0	1
109	6446.306588411331	0.22802196034938735	0.0	2
110	6510.602382183075	0.22802196034938735	0.0	3
111	6574.806143522263	0.22810926684134872	8.730649196136975e-05	0
112	6638.80024933815	0.2286941903539928	0.000584923512644081	0
113	6702.754456281662	0.2287559836157088	6.17932617160144e-05	0
114	6767.294223546982	0.2287559836157088	0.0	1
115	6831.802505016327	0.22876426996399363	8.286348284813894e-06	0
116	6896.012069940567	0.22876426996399363	0.0	1
117	6959.969954967499	0.22882799852415775	6.372856016412243e-05	0
118	7024.459297657013	0.22884623394192927	1.823541777151716e-05	0
119	7088.428509473801	0.2288897917858738	4.3557843944525e-05	0
120	7152.5049550533295	0.2288897917858738	0.0	1
121	7216.468448400497	0.2288897917858738	0.0	2
122	7280.614388465881	0.2290274160374857	0.00013762425161190084	0
123	7344.69553232193	0.2290274160374857	0.0	1
124	7408.8200533390045	0.22903016906767243	2.7530301867362272e-06	0
125	7472.827828645706	0.22912941444301785	9.924537534541922e-05	0
126	7536.6627497673035	0.2291372646677087	7.850224690852947e-06	0
127	7600.964471340179	0.22926564855067408	0.00012838388296537717	0
128	7665.147863149643	0.22926564855067408	0.0	1
129	7729.567915678024	0.22938370175600803	0.00011805320533395114	0
130	7793.934815645218	0.2295048623419488	0.00012116058594077717	0
131	7858.428630828857	0.2295048623419488	0.0	1
132	7922.71319270134	0.2295048623419488	0.0	2
133	7986.792028427124	0.2295048623419488	0.0	3
134	8051.188925504684	0.22963272832814638	0.00012786598619757283	0
135	8115.412125587463	0.22981123916668994	0.00017851083854356076	0
136	8179.702978610992	0.22981123916668994	0.0	1
137	8244.117558717728	0.22981955277269936	8.313606009419106e-06	0
138	8308.521267652512	0.22981955277269936	0.0	1
139	8372.503238916397	0.2299767480705892	0.00015719529788985054	0
140	8436.194942951202	0.2299767480705892	0.0	1
141	8500.051271915436	0.22999980810561868	2.3060035029470738e-05	0
142	8564.289167404175	0.22999980810561868	0.0	1
143	8628.811036348343	0.2300360336216401	3.622551602142088e-05	0
144	8692.950662612915	0.2302961540876992	0.00026012046605911054	0
145	8756.930072069168	0.2302961540876992	0.0	1
146	8820.721511125565	0.2302961540876992	0.0	2
147	8884.794736385345	0.230306457507606	1.0303419906793065e-05	0
148	8949.021143198013	0.23035132372233233	4.486621472632457e-05	0
149	9013.181054353714	0.23038692231068747	3.559858835514018e-05	0
150	9077.342056035995	0.23055668341962765	0.0001697611089401807	0
151	9141.39516878128	0.23055668341962765	0.0	1
152	9205.416499853134	0.23062629964830994	6.96162286822899e-05	0
153	9269.532567977905	0.23067089328579005	4.459363748010592e-05	0
154	9333.67708826065	0.23067089328579005	0.0	1
155	9397.604014396667	0.2307374021338655	6.650884807546387e-05	0
156	9461.632847070694	0.2307374021338655	0.0	1
157	9525.944026470184	0.2307374021338655	0.0	2
158	9589.948871612549	0.23082699827469508	8.959614082956757e-05	0
159	9653.775931119919	0.23082699827469508	0.0	1
160	9717.833369970322	0.23083171386105453	4.715586359449464e-06	0
161	9781.931804180145	0.23097454433806905	0.00014283047701452167	0
162	9846.479860067368	0.23097454433806905	0.0	1
163	9910.765694141388	0.2310482492254445	7.370488737545866e-05	0
164	9974.83452296257	0.23111816528909762	6.991606365311376e-05	0
165	10038.917205095291	0.23111816528909762	0.0	1
166	10103.477261304855	0.23111816528909762	0.0	2
167	10167.505482912064	0.23119279693911018	7.463165001256322e-05	0
168	10231.573757648468	0.23119279693911018	0.0	1
169	10295.477580547333	0.2314478747261144	0.00025507778700420425	0
170	10359.55360007286	0.2314478747261144	0.0	1
171	10423.362269639969	0.2314984105475619	5.0535821447511564e-05	0
172	10487.373691797256	0.2314984105475619	0.0	1
173	10551.35871887207	0.23157519555781952	7.678501025762396e-05	0
174	10615.361192703247	0.23176905249532476	0.00019385693750523236	0
175	10679.182832241058	0.23176905249532476	0.0	1
176	10743.012561321259	0.23176905249532476	0.0	2
177	10807.103126764297	0.23176905249532476	0.0	3
178	10871.097350120544	0.23176905249532476	0.0	4
179	10935.091304302216	0.23218230685830518	0.0004132543629804253	0
180	10999.19657921791	0.23218230685830518	0.0	1
181	11062.883462190628	0.23218230685830518	0.0	2
182	11127.073082447052	0.23222537406320654	4.306720490135363e-05	0
183	11191.056530952454	0.23224281900696403	1.744494375749417e-05	0
184	11254.958004713058	0.23224281900696403	0.0	1
185	11318.976848602295	0.23224281900696403	0.0	2
186	11382.949677944183	0.23235174087454993	0.00010892186758590383	0
187	11447.033531188965	0.23243433178015185	8.259090560192028e-05	0
188	11510.832325696945	0.23265978042049293	0.00022544864034107492	0
189	11575.094133615494	0.2328986398613476	0.00023885944085466626	0
190	11639.04193854332	0.2328986398613476	0.0	1
191	11702.703963756561	0.2328986398613476	0.0	2
192	11767.016719579697	0.2328986398613476	0.0	3
193	11830.59190273285	0.2328986398613476	0.0	4
194	11894.286522626877	0.2328986398613476	0.0	5
195	11957.890372514725	0.23292788739986603	2.9247538518434313e-05	0
196	12021.907582759857	0.2330168566130293	8.896921316325912e-05	0
197	12085.760259151459	0.2330168566130293	0.0	1
198	12149.980552434921	0.23315077381409272	0.00013391720106342708	0
199	12213.905361413956	0.23315077381409272	0.0	1
200	12278.203610658646	0.23315077381409272	0.0	2
201	12342.306993961334	0.23318680852604182	3.603471194910113e-05	0
202	12406.225116491318	0.23348056502428335	0.0002937564982415375	0
203	12470.625406742096	0.23356620879504283	8.564377075948038e-05	0
204	12535.081199169159	0.23356620879504283	0.0	1
205	12599.199036359787	0.23362982832430848	6.361952926564607e-05	0
206	12663.337990999222	0.23398278860042707	0.0003529602761185857	0
207	12727.818431138992	0.23398278860042707	0.0	1
208	12792.089066505432	0.23398278860042707	0.0	2
209	12856.639834880829	0.23398278860042707	0.0	3
210	12921.178124904633	0.23398278860042707	0.0	4
211	12985.478176116943	0.23398278860042707	0.0	5
212	13050.003573417664	0.23398278860042707	0.0	6
213	13114.434528112411	0.23398278860042707	0.0	7
214	13178.773184537888	0.23406189051727747	7.910191685039925e-05	0
215	13243.42576622963	0.23406189051727747	0.0	1
216	13308.00521183014	0.23406189051727747	0.0	2
217	13372.890740156174	0.23415173197762862	8.984146035115326e-05	0
218	13437.432988166809	0.2341774087542217	2.5676776593069883e-05	0
219	13501.905867099762	0.2343119256252268	0.00013451687100510257	0
220	13566.47141456604	0.2343119256252268	0.0	1
221	13631.224380254745	0.23438421311092195	7.228748569515497e-05	0
222	13696.026807308197	0.23464373390703938	0.00025952079611743506	0
223	13760.341853141785	0.23464373390703938	0.0	1
224	13824.581346273422	0.23464373390703938	0.0	2
225	13889.043877601624	0.23464675951447234	3.02560743295488e-06	0
226	13952.901642084122	0.23490952397981968	0.00026276446534734266	0
227	14017.121029138565	0.2350158563635666	0.0001063323837469099	0
228	14081.575767993927	0.2350158563635666	0.0	1
229	14145.807406663895	0.2350158563635666	0.0	2
230	14210.40103006363	0.2350158563635666	0.0	3
231	14274.943424463272	0.2350665284736372	5.067211007062089e-05	0
232	14339.00832438469	0.23510035530989198	3.382683625477445e-05	0
233	14403.566942453384	0.2351827826691462	8.242735925420575e-05	0
234	14468.001385211945	0.23546890700449383	0.00028612433534763726	0
235	14532.50970005989	0.23546890700449383	0.0	1
236	14597.074876785278	0.23546890700449383	0.0	2
237	14661.664252519608	0.23546890700449383	0.0	3
238	14725.719529151917	0.2354907404419153	2.18334374214868e-05	0
239	14789.826896429062	0.23579302860796328	0.0003022881660479648	0
240	14853.796460866928	0.23579302860796328	0.0	1
241	14918.287279367447	0.23579302860796328	0.0	2
242	14982.154745817184	0.23579302860796328	0.0	3
243	15046.378558397293	0.23589521781756775	0.0001021892096044752	0
244	15110.510447025299	0.23589521781756775	0.0	1
245	15174.50538444519	0.23589521781756775	0.0	2
246	15238.690525531769	0.23599536269782567	0.00010014488025791857	0
247	15303.076923131943	0.23608155162307756	8.618892525188993e-05	0
248	15367.135424613953	0.23611914002533005	3.7588402252486386e-05	0
249	15431.18624997139	0.23611914002533005	0.0	1
250	15495.282214164734	0.23611914002533005	0.0	2
251	15559.330365896225	0.2363226734550758	0.00020353342974574473	0
252	15623.512387514114	0.23634537913968515	2.2705684609353183e-05	0
