1	1.2957127094268799	0.03259872013647066	10000000000.032598	0
2	2.360013246536255	0.04685738015119804	0.014258660014727378	0
3	3.4627115726470947	0.05503204733339798	0.008174667182199946	0
4	4.586973190307617	0.05722415915262341	0.002192111819225427	0
5	5.728710889816284	0.06161658042572938	0.004392421273105969	0
6	6.8823401927948	0.06430931179407838	0.002692731368349001	0
7	8.048303365707397	0.06485603367759228	0.0005467218835139009	0
8	9.23702883720398	0.06892824943842017	0.004072215760827891	0
9	10.410277605056763	0.0743920235931185	0.005463774154698328	0
10	11.573095560073853	0.0743920235931185	0.0	1
11	12.760278701782227	0.07920599534384923	0.004813971750730728	0
12	13.922356367111206	0.07920599534384923	0.0	1
13	15.103465557098389	0.08069932157943761	0.0014933262355883853	0
14	16.28244662284851	0.08710768701848477	0.006408365439047159	0
15	17.447273015975952	0.09125342600340106	0.0041457389849162835	0
16	18.61847496032715	0.09794312756826916	0.006689701564868103	0
17	19.81484603881836	0.09794312756826916	0.0	1
18	21.01739239692688	0.10045703068616484	0.0025139031178956772	0
19	22.238362550735474	0.10106357636132361	0.0006065456751587761	0
20	23.426728010177612	0.10503649105926584	0.003972914697942226	0
21	24.660994052886963	0.10503649105926584	0.0	1
22	25.891359329223633	0.1091407176804047	0.004104226621138865	0
23	27.12311053276062	0.11506913605793519	0.005928418377530484	0
24	28.350132703781128	0.11571669193118053	0.0006475558732453451	0
25	29.58031988143921	0.11571669193118053	0.0	1
26	30.799413204193115	0.1312462187804471	0.015529526849266562	0
27	32.05713677406311	0.13149693160905024	0.0002507128286031446	0
28	33.29597568511963	0.13149693160905024	0.0	1
29	34.56845998764038	0.13149693160905024	0.0	2
30	35.810258865356445	0.13149693160905024	0.0	3
31	37.06456518173218	0.1338331385517781	0.0023362069427278753	0
32	38.32774496078491	0.14651023212811687	0.012677093576338755	0
33	39.59188652038574	0.14651023212811687	0.0	1
34	40.829914808273315	0.14651023212811687	0.0	2
35	42.09758949279785	0.14651023212811687	0.0	3
36	43.338117599487305	0.14651023212811687	0.0	4
37	44.61021685600281	0.14651023212811687	0.0	5
38	45.85572934150696	0.14822333073781213	0.0017130986096952627	0
39	47.12578344345093	0.16124112171058566	0.01301779097277353	0
40	48.36817383766174	0.16124112171058566	0.0	1
41	49.67395234107971	0.16124112171058566	0.0	2
42	50.92879343032837	0.16124112171058566	0.0	3
43	52.202439069747925	0.16135045287240185	0.00010933116181618963	0
44	53.46754217147827	0.16135045287240185	0.0	1
45	54.77141499519348	0.16135045287240185	0.0	2
46	56.03841829299927	0.16441214827962616	0.003061695407224313	0
47	57.34874224662781	0.16745669957396614	0.0030445512943399755	0
48	58.61160731315613	0.16745669957396614	0.0	1
49	59.90528845787048	0.16999332348689195	0.002536623912925806	0
50	61.167296171188354	0.1708130693325545	0.0008197458456625506	0
51	62.45294713973999	0.17097353329559398	0.00016046396303948107	0
52	63.73469305038452	0.17097353329559398	0.0	1
53	65.03907561302185	0.1718345800668483	0.0008610467712543146	0
54	66.31756281852722	0.1718345800668483	0.0	1
55	67.65304493904114	0.17342040169872258	0.0015858216318742901	0
56	68.96235680580139	0.17405112180643764	0.0006307201077150604	0
57	70.28706693649292	0.1741836935488236	0.00013257174238595626	0
58	71.59419584274292	0.1741836935488236	0.0	1
59	72.90654158592224	0.175614425271543	0.0014307317227194027	0
60	74.18641257286072	0.17826804498051385	0.00265361970897085	0
61	75.48769807815552	0.17943921871053153	0.0011711737300176828	0
62	76.79123163223267	0.18460068911933458	0.005161470408803048	0
63	78.11795568466187	0.1865753631944194	0.001974674075084809	0
64	79.40689134597778	0.18776812123921946	0.0011927580448000685	0
65	80.72615885734558	0.18776812123921946	0.0	1
66	82.01751780509949	0.18776812123921946	0.0	2
67	83.32839488983154	0.18776812123921946	0.0	3
68	84.6366355419159	0.18807209887075094	0.00030397763153147683	0
69	85.95218467712402	0.18807209887075094	0.0	1
70	87.2135763168335	0.18832092637553224	0.0002488275047813071	0
71	88.5314028263092	0.18832092637553224	0.0	1
72	89.83325433731079	0.19173813747203378	0.0034172110965015323	0
73	91.13161993026733	0.192242858040966	0.000504720568932221	0
74	92.42219424247742	0.192242858040966	0.0	1
75	93.73680973052979	0.19430853863511294	0.0020656805941469403	0
76	95.03488349914551	0.19981234508628934	0.005503806451176402	0
77	96.34515929222107	0.19981234508628934	0.0	1
78	97.66046142578125	0.1999109281403363	9.858305404697454e-05	0
79	98.96628427505493	0.1999109281403363	0.0	1
80	100.24960255622864	0.1999109281403363	0.0	2
81	101.54786729812622	0.1999109281403363	0.0	3
82	102.85446858406067	0.2018333593637233	0.0019224312233869778	0
83	104.17868995666504	0.20409328117106307	0.0022599218073397764	0
84	105.4953978061676	0.20409328117106307	0.0	1
85	106.80152988433838	0.20409328117106307	0.0	2
86	108.09083366394043	0.20529594157088987	0.0012026603998268048	0
87	109.41721820831299	0.20529594157088987	0.0	1
88	110.73795628547668	0.20529594157088987	0.0	2
89	112.02998852729797	0.20545818513865835	0.00016224356776847748	0
90	113.34841966629028	0.20806856573866916	0.0026103806000108143	0
91	114.6636872291565	0.20806856573866916	0.0	1
92	115.97537040710449	0.2120252437459404	0.00395667800727123	0
93	117.28870725631714	0.2120252437459404	0.0	1
94	118.61330771446228	0.2122795510236991	0.0002543072777587141	0
95	119.93721342086792	0.21491801766270027	0.0026384666390011635	0
96	121.24006462097168	0.21491801766270027	0.0	1
97	122.57709789276123	0.21491801766270027	0.0	2
98	123.9005217552185	0.21491801766270027	0.0	3
99	125.22084617614746	0.21576583192750431	0.0008478142648040421	0
100	126.54589867591858	0.2165726095644486	0.0008067776369442836	0
101	127.88273763656616	0.2191125460089492	0.0025399364445005956	0
102	129.18464517593384	0.21998275510158055	0.0008702090926313577	0
103	130.49932289123535	0.22165234149465934	0.0016695863930787924	0
104	131.8067307472229	0.2220524177815567	0.0004000762868973662	0
105	133.12707924842834	0.2232883444559216	0.0012359266743648956	0
106	134.4131932258606	0.2232883444559216	0.0	1
107	135.71242308616638	0.2232883444559216	0.0	2
108	137.01677322387695	0.22832515443445078	0.0050368099785291776	0
109	138.32230305671692	0.22832515443445078	0.0	1
110	139.6455535888672	0.22832515443445078	0.0	2
111	140.94541215896606	0.22832515443445078	0.0	3
112	142.27379369735718	0.2284440179344688	0.00011886350001802382	0
113	143.58351516723633	0.2301116837640282	0.001667665829559406	0
114	144.89373874664307	0.2314938551834494	0.0013821714194211798	0
115	146.22835159301758	0.23382256488051203	0.002328709697062642	0
116	147.51917934417725	0.23495874559080904	0.0011361807102970023	0
117	148.84331917762756	0.23515351539946594	0.00019476980865690274	0
118	150.1352984905243	0.23515351539946594	0.0	1
119	151.4495975971222	0.23794035878522843	0.0027868433857624886	0
120	152.76274156570435	0.23887105681879692	0.0009306980335684889	0
121	154.06551337242126	0.24118593493455	0.002314878115753094	0
122	155.36376667022705	0.24234140937928514	0.0011554744447351273	0
123	156.67872214317322	0.24234140937928514	0.0	1
124	158.00541949272156	0.24718894694198362	0.004847537562698484	0
125	159.32684206962585	0.24718894694198362	0.0	1
126	160.64200377464294	0.2501968489508155	0.0030079020088318864	0
127	161.93169474601746	0.2501968489508155	0.0	1
128	163.23399114608765	0.2501968489508155	0.0	2
129	164.53853178024292	0.2501968489508155	0.0	3
130	165.86915183067322	0.25272735877620706	0.002530509825391547	0
131	167.16327166557312	0.2540618332649213	0.0013344744887142657	0
132	168.4889373779297	0.2556813616675538	0.0016195284026324641	0
133	169.79053735733032	0.2567481377934198	0.0010667761258660313	0
134	171.11028957366943	0.25712467396231775	0.00037653616889793406	0
135	172.40331315994263	0.25723879772300806	0.00011412376069031005	0
136	173.76595163345337	0.25814695996995884	0.0009081622469507833	0
137	175.06900572776794	0.2583304883150801	0.00018352834512125327	0
138	176.37799286842346	0.25954890085973586	0.001218412544655767	0
139	177.6736352443695	0.2604927256806618	0.0009438248209259203	0
140	178.98569869995117	0.2610029612622691	0.0005102355816072879	0
141	180.28396677970886	0.2636456742848315	0.002642713022562415	0
142	181.6265480518341	0.26567405365906466	0.002028379374233169	0
143	182.93387246131897	0.2658249676640535	0.00015091400498884466	0
144	184.26505708694458	0.2658249676640535	0.0	1
145	185.55709886550903	0.2683315321149231	0.0025065644508696083	0
146	186.8869924545288	0.2683315321149231	0.0	1
147	188.15371298789978	0.2683315321149231	0.0	2
148	189.48192811012268	0.27035846666155455	0.0020269345466314426	0
149	190.80039715766907	0.27277199831074983	0.0024135316491952774	0
150	192.13149237632751	0.27282043527510647	4.843696435663514e-05	0
151	193.44826555252075	0.27397990942551964	0.0011594741504131756	0
152	194.81748628616333	0.27397990942551964	0.0	1
153	196.15770411491394	0.27651360844354433	0.0025336990180246932	0
154	197.51033997535706	0.27651360844354433	0.0	1
155	198.83747100830078	0.27651360844354433	0.0	2
156	200.15422940254211	0.27866345905541823	0.0021498506118738936	0
157	201.4489905834198	0.2800894510388099	0.0014259919833916612	0
158	202.77927327156067	0.2800894510388099	0.0	1
159	204.09639382362366	0.2800894510388099	0.0	2
160	205.41949081420898	0.2810695903681167	0.000980139329306795	0
161	206.7031888961792	0.2816926634614517	0.0006230730933350359	0
162	208.01674604415894	0.28375943648622437	0.00206677302477265	0
163	209.34859919548035	0.2838084196658938	4.898317966944843e-05	0
164	210.67487597465515	0.28538625950626084	0.0015778398403670235	0
165	211.98452019691467	0.28538625950626084	0.0	1
166	213.30579161643982	0.28569273915632215	0.00030647965006130873	0
167	214.5885419845581	0.2866145215463969	0.0009217823900747324	0
168	215.89507174491882	0.28726069426151124	0.000646172715114357	0
169	217.2071189880371	0.28726069426151124	0.0	1
170	218.51552152633667	0.28726069426151124	0.0	2
171	219.8552656173706	0.2885060299351364	0.0012453356736251697	0
172	221.1624641418457	0.2894090648060858	0.0009030348709493929	0
173	222.43153357505798	0.2912960272738344	0.0018869624677486097	0
174	223.76737117767334	0.2912960272738344	0.0	1
175	225.06461811065674	0.2912960272738344	0.0	2
176	226.3820767402649	0.2931024846524069	0.0018064573785724902	0
177	227.68596935272217	0.2931024846524069	0.0	1
178	228.9898431301117	0.2931024846524069	0.0	2
179	230.29963326454163	0.295401346325599	0.0022988616731920986	0
180	231.64204812049866	0.295401346325599	0.0	1
181	232.96550369262695	0.295401346325599	0.0	2
182	234.3044559955597	0.295401346325599	0.0	3
183	235.6116898059845	0.29654254869280455	0.0011412023672055516	0
184	236.9474892616272	0.29741747990491485	0.000874931212110297	0
185	238.27110719680786	0.2983187351711352	0.0009012552662203688	0
186	239.59564638137817	0.2983187351711352	0.0	1
187	240.901433467865	0.2983187351711352	0.0	2
188	242.21577620506287	0.2992444820271904	0.0009257468560551763	0
189	243.5516233444214	0.29930583434071883	6.135231352843995e-05	0
190	244.87709641456604	0.29930583434071883	0.0	1
191	246.20795249938965	0.30043625336045754	0.0011304190197387043	0
192	247.53367638587952	0.3038715248019811	0.0034352714415235575	0
193	248.82947206497192	0.3038715248019811	0.0	1
194	250.16303515434265	0.3042146537375505	0.0003431289355694256	0
195	251.46249198913574	0.3042146537375505	0.0	1
196	252.79862117767334	0.3042146537375505	0.0	2
197	254.10050463676453	0.3057565314665127	0.0015418777289621932	0
198	255.41308450698853	0.3057565314665127	0.0	1
199	256.71694111824036	0.3057565314665127	0.0	2
200	258.039678812027	0.3060260094340899	0.000269477967577203	0
201	259.35646080970764	0.30936356119415775	0.003337551760067836	0
202	260.6816930770874	0.30936356119415775	0.0	1
203	262.0162401199341	0.3106464271457311	0.001282865951573342	0
204	263.3343667984009	0.3106464271457311	0.0	1
205	264.646764755249	0.3111732606249098	0.000526833479178701	0
206	265.9632396697998	0.31123408434297417	6.0823718064373367e-05	0
207	267.27656650543213	0.31123408434297417	0.0	1
208	268.58471727371216	0.31123408434297417	0.0	2
209	269.9068777561188	0.3113752898112731	0.00014120546829893277	0
210	271.23164653778076	0.3113752898112731	0.0	1
211	272.5853650569916	0.3127591879758769	0.0013838981646037696	0
212	273.87496757507324	0.31338398781439447	0.0006247998385175979	0
213	275.19759726524353	0.3134765272603024	9.253944590792429e-05	0
214	276.4987428188324	0.3134765272603024	0.0	1
215	277.79406905174255	0.3138129606533271	0.0003364333930246932	0
216	279.12204909324646	0.3141871710021832	0.0003742103488560966	0
217	280.4404253959656	0.3151469594061237	0.0009597884039405091	0
218	281.7843642234802	0.31568524578702367	0.0005382863808999772	0
219	283.0918867588043	0.31568524578702367	0.0	1
220	284.4131169319153	0.31670110054985207	0.0010158547628283943	0
221	285.7274823188782	0.31670110054985207	0.0	1
222	287.0550310611725	0.3178541786951501	0.0011530781452980254	0
223	288.3582262992859	0.31901074557051096	0.0011565668753608649	0
224	289.7055768966675	0.31960227913449046	0.0005915335639795072	0
225	291.01393032073975	0.32139745980982964	0.0017951806753391808	0
226	292.35512256622314	0.3214721327290524	7.467291922275132e-05	0
227	293.6692638397217	0.3214721327290524	0.0	1
228	295.0031599998474	0.3216427633448506	0.00017063061579819516	0
229	296.30653619766235	0.3216427633448506	0.0	1
230	297.64871883392334	0.32397866194022445	0.0023358985953738642	0
231	298.9607927799225	0.32397866194022445	0.0	1
232	300.3023569583893	0.3249574797808711	0.0009788178406466286	0
233	301.6251757144928	0.3249574797808711	0.0	1
234	302.96047163009644	0.3249574797808711	0.0	2
235	304.2498633861542	0.3270270367417545	0.002069556960883401	0
236	305.57734990119934	0.3270270367417545	0.0	1
237	306.8912847042084	0.32801924566749063	0.0009922089257361488	0
238	308.21081256866455	0.3292640879853493	0.001244842317858652	0
239	309.5421316623688	0.3292640879853493	0.0	1
240	310.87890434265137	0.3305466367796442	0.001282548794294902	0
241	312.2007830142975	0.3305466367796442	0.0	1
242	313.5076084136963	0.3325761262043519	0.002029489424707709	0
243	314.80126118659973	0.3327574344485241	0.00018130824417222913	0
244	316.131441116333	0.3327574344485241	0.0	1
245	317.4287357330322	0.3331365078756495	0.00037907342712539815	0
246	318.75852704048157	0.3341202945136583	0.000983786638008799	0
247	320.1001007556915	0.3344747353921586	0.00035444087850028394	0
248	321.4602298736572	0.3345176573438402	4.292195168159596e-05	0
249	322.8211123943329	0.3367336000085703	0.002215942664730075	0
250	324.15795826911926	0.3367336000085703	0.0	1
251	325.48303747177124	0.3367336000085703	0.0	2
252	326.821311712265	0.3367336000085703	0.0	3
253	328.1348922252655	0.3367336000085703	0.0	4
254	329.44436168670654	0.33768838437545107	0.0009547843668807898	0
255	330.76642656326294	0.3380272140679128	0.00033882969246173955	0
256	332.0699813365936	0.3380430014524394	1.5787384526566584e-05	0
257	333.3888187408447	0.3380430014524394	0.0	1
258	334.7050402164459	0.33837922340727844	0.0003362219548390666	0
259	336.03004813194275	0.33938189852320294	0.0010026751159245006	0
260	337.3468427658081	0.33938189852320294	0.0	1
261	338.660035610199	0.33964644293311563	0.00026454440991269257	0
262	340.0006365776062	0.33964644293311563	0.0	1
263	341.30319380760193	0.33964644293311563	0.0	2
264	342.61867785453796	0.34113736405934253	0.0014909211262268962	0
265	343.92811942100525	0.34113736405934253	0.0	1
266	345.2637984752655	0.34113736405934253	0.0	2
267	346.5694229602814	0.34113736405934253	0.0	3
268	347.89341139793396	0.34239594985926675	0.0012585857999242167	0
269	349.2154383659363	0.34356139713842376	0.001165447279157017	0
270	350.54442381858826	0.34356139713842376	0.0	1
271	351.873330116272	0.34356139713842376	0.0	2
272	353.1977274417877	0.34356139713842376	0.0	3
273	354.5000534057617	0.34356139713842376	0.0	4
274	355.8387837409973	0.34356139713842376	0.0	5
275	357.1670870780945	0.3438334476039261	0.00027205046550232703	0
276	358.5084114074707	0.34497464997113164	0.0011412023672055516	0
277	359.83624172210693	0.34622513064060695	0.0012504806694753068	0
278	361.1674928665161	0.34622513064060695	0.0	1
279	362.5024070739746	0.34622513064060695	0.0	2
280	363.86784839630127	0.3471215933079532	0.0008964626673462761	0
281	365.1916253566742	0.3471215933079532	0.0	1
282	366.50468468666077	0.3471215933079532	0.0	2
283	367.8371407985687	0.3481001997104143	0.0009786064024610575	0
284	369.1447389125824	0.3488974978687031	0.0007972981582888283	0
285	370.4548544883728	0.3488974978687031	0.0	1
286	371.8007004261017	0.34911926128572457	0.00022176341702145885	0
287	373.1029555797577	0.34911926128572457	0.0	1
288	374.4479899406433	0.3501971026766383	0.0010778413909137141	0
289	375.7527844905853	0.3501971026766383	0.0	1
290	377.0670967102051	0.3501971026766383	0.0	2
291	378.3829131126404	0.35184751867422054	0.0016504159975822552	0
292	379.7160885334015	0.35184751867422054	0.0	1
293	381.0384633541107	0.3524368673769486	0.0005893487027280875	0
294	382.3651399612427	0.3524368673769486	0.0	1
295	383.6846055984497	0.3524368673769486	0.0	2
296	385.02863812446594	0.3524368673769486	0.0	3
297	386.3451008796692	0.3524368673769486	0.0	4
298	387.6774709224701	0.3524368673769486	0.0	5
299	388.99020171165466	0.35368509270577725	0.0012482253288286227	0
300	390.3302128314972	0.35389889195114027	0.0002137992453630222	0
301	391.6708776950836	0.3542160492295756	0.0003171572784353427	0
302	393.0185821056366	0.3554751636249639	0.0012591143953882833	0
303	394.32368636131287	0.3554751636249639	0.0	1
304	395.66369128227234	0.3554751636249639	0.0	2
305	396.9940986633301	0.3561042274668916	0.0006290638419276795	0
306	398.33433532714844	0.3561042274668916	0.0	1
307	399.65824699401855	0.35733448054994227	0.001230253083050692	0
308	400.9637699127197	0.35733448054994227	0.0	1
309	402.28915643692017	0.35733448054994227	0.0	2
310	403.6218297481537	0.3584566534804417	0.0011221729304994321	0
311	404.92517924308777	0.3584566534804417	0.0	1
312	406.23804783821106	0.3589496568499206	0.0004930033694788838	0
313	407.5511875152588	0.35908814886150403	0.00013849201158344648	0
314	408.8711097240448	0.3600615750284173	0.0009734261669132604	0
315	410.18519115448	0.3602375620782513	0.00017598704983401436	0
316	411.53575325012207	0.3602375620782513	0.0	1
317	412.8468143939972	0.3602375620782513	0.0	2
318	414.1799364089966	0.3604998159078197	0.00026225382956840404	0
319	415.52048659324646	0.36196582256784066	0.0014660066600209465	0
320	416.8425545692444	0.3623065199642754	0.0003406973964347193	0
321	418.17124700546265	0.3624825070141094	0.00017598704983401436	0
322	419.5028350353241	0.3633155382257686	0.0008330312116592298	0
323	420.8346116542816	0.3633155382257686	0.0	1
324	422.1570212841034	0.3633155382257686	0.0	2
325	423.4801959991455	0.3633155382257686	0.0	3
326	424.8111960887909	0.363446207024484	0.00013066879871537207	0
327	426.1616129875183	0.3641878969399538	0.0007416899154698009	0
328	427.47479152679443	0.36485967129537744	0.0006717743554236488	0
329	428.80273151397705	0.36485967129537744	0.0	1
330	430.11609721183777	0.36512633008714634	0.0002666587917689034	0
331	431.44670152664185	0.36512633008714634	0.0	1
332	432.73511695861816	0.3660144057064629	0.0008880756193165307	0
333	434.04711985588074	0.3672944877219255	0.0012800820154626469	0
334	435.35213708877563	0.3672944877219255	0.0	1
335	436.680095911026	0.3677071093411699	0.0004126216192443799	0
336	438.03778529167175	0.3677071093411699	0.0	1
337	439.36108207702637	0.3677071093411699	0.0	2
338	440.68450713157654	0.3677071093411699	0.0	3
339	442.00022435188293	0.3691616278597719	0.0014545185186020104	0
340	443.3017747402191	0.3691616278597719	0.0	1
341	444.6255829334259	0.36986029010446736	0.0006986622446954471	0
342	445.95771527290344	0.37034998094237154	0.0004896908379041776	0
343	447.31539607048035	0.37034998094237154	0.0	1
344	448.6678922176361	0.3709506063483328	0.0006006254059612859	0
345	450.00321769714355	0.37216345102076714	0.0012128446724343211	0
346	451.3226115703583	0.37216345102076714	0.0	1
347	452.65775895118713	0.3722165220053587	5.307098459156334e-05	0
348	453.9749548435211	0.3742273696300339	0.0020108476246751827	0
349	455.3041031360626	0.3742273696300339	0.0	1
350	456.6088342666626	0.3742273696300339	0.0	2
351	457.91736578941345	0.37558751623845266	0.0013601466084187663	0
352	459.2335946559906	0.37558751623845266	0.0	1
353	460.5720257759094	0.3760195549310768	0.0004320386926241482	0
354	461.9125905036926	0.37616100707725897	0.00014145214618216384	0
355	463.24587845802307	0.37661704400395135	0.0004560369266923825	0
356	464.57976508140564	0.37661704400395135	0.0	1
357	465.92180132865906	0.37661704400395135	0.0	2
358	467.22723388671875	0.37661704400395135	0.0	3
359	468.5400068759918	0.3781531776622041	0.0015361336582527252	0
360	469.841260433197	0.379403869769865	0.0012506921076609334	0
361	471.15836477279663	0.379403869769865	0.0	1
362	472.4655776023865	0.379403869769865	0.0	2
363	473.7882442474365	0.379403869769865	0.0	3
364	475.0903494358063	0.38014527776775403	0.0007414079978890209	0
365	476.3756103515625	0.3802732331097539	0.00012795534199988579	0
366	477.69990134239197	0.3802732331097539	0.0	1
367	479.02265429496765	0.3802732331097539	0.0	2
368	480.35523080825806	0.3802732331097539	0.0	3
369	481.6778311729431	0.3802732331097539	0.0	4
370	482.9893319606781	0.3803666183084043	9.338519865037531e-05	0
371	484.2957046031952	0.3803666183084043	0.0	1
372	485.6033878326416	0.3805586041809505	0.00019198587254620758	0
373	486.91454815864563	0.38142796752083935	0.0008693633398888512	0
374	488.2590506076813	0.38235078948199336	0.0009228219611540078	0
375	489.587197303772	0.3826043743459512	0.0002535848639578231	0
376	490.89673614501953	0.3826043743459512	0.0	1
377	492.2286298274994	0.3826043743459512	0.0	2
378	493.53730511665344	0.3826043743459512	0.0	3
379	494.8722674846649	0.3826043743459512	0.0	4
380	496.1770164966583	0.38324150807863017	0.000637133732678985	0
381	497.4976577758789	0.38324150807863017	0.0	1
382	498.8403089046478	0.38324150807863017	0.0	2
383	500.1538255214691	0.38331924685154445	7.7738772914282e-05	0
384	501.4721074104309	0.3839561339063402	0.0006368870547957539	0
385	502.7878918647766	0.3839561339063402	0.0	1
386	504.127911567688	0.38430588790505915	0.0003497539987189491	0
387	505.4199151992798	0.38511086831742564	0.000804980412366485	0
388	506.7406311035156	0.38511086831742564	0.0	1
389	508.0709698200226	0.38511086831742564	0.0	2
390	509.3898983001709	0.38547154662240185	0.0003606783049762141	0
391	510.7408845424652	0.385812208779139	0.0003406621567371704	0
392	512.082439661026	0.3863298799369407	0.000517671157801658	0
393	513.3914959430695	0.386788947477627	0.00045906754068630873	0
394	514.7131149768829	0.386788947477627	0.0	1
395	516.0030179023743	0.3872949895352194	0.0005060420575924152	0
396	517.3343093395233	0.3872949895352194	0.0	1
397	518.6660358905792	0.3872949895352194	0.0	2
398	519.9889054298401	0.3872949895352194	0.0	3
399	521.3138949871063	0.38807107339555064	0.0007760838603312337	0
400	522.6460287570953	0.38807107339555064	0.0	1
401	523.9714703559875	0.3895991371630521	0.0015280637675014752	0
402	525.3004007339478	0.3895991371630521	0.0	1
403	526.6311230659485	0.3895991371630521	0.0	2
404	527.9674646854401	0.3895991371630521	0.0	3
405	529.3257348537445	0.3896584808138171	5.934365076498693e-05	0
406	530.6794526576996	0.3897695915803623	0.00011111076654518603	0
407	531.9914786815643	0.38990378434883805	0.00013419276847576045	0
408	533.3121511936188	0.39113343835702946	0.0012296540081914165	0
409	534.6225092411041	0.39255733357841366	0.001423895221384197	0
410	535.9511668682098	0.39255733357841366	0.0	1
411	537.2843501567841	0.39255733357841366	0.0	2
412	538.6106612682343	0.39255733357841366	0.0	3
413	539.9263081550598	0.39255733357841366	0.0	4
414	541.2686858177185	0.39255733357841366	0.0	5
415	542.6085593700409	0.39255733357841366	0.0	6
416	543.9109835624695	0.39255733357841366	0.0	7
417	545.2287118434906	0.3933789823677468	0.0008216487893331625	0
418	546.5613148212433	0.3933789823677468	0.0	1
419	547.8880641460419	0.3935243813600606	0.00014539899231380549	0
420	549.2210245132446	0.3935495425041498	2.5161144089180798e-05	0
421	550.5392098426819	0.3935495425041498	0.0	1
422	551.8927009105682	0.39456300096754116	0.001013458463391348	0
423	553.2151770591736	0.39456300096754116	0.0	1
424	554.531745672226	0.39456300096754116	0.0	2
425	555.8710558414459	0.39471227632659134	0.00014927535905018274	0
426	557.190505027771	0.3953457803704171	0.0006335040438257833	0
427	558.5170216560364	0.3953457803704171	0.0	1
428	559.8582434654236	0.3961713407661843	0.0008255603957671998	0
429	561.1787950992584	0.3961713407661843	0.0	1
430	562.4982669353485	0.3961713407661843	0.0	2
431	563.81241106987	0.3968351509499495	0.0006638101837651567	0
432	565.1471102237701	0.3971434630642862	0.00030831211433673955	0
433	566.4644284248352	0.39874873700923785	0.0016052739449516351	0
434	567.8072021007538	0.3992983705727663	0.00054963356352844	0
435	569.1391351222992	0.3992983705727663	0.0	1
436	570.4589447975159	0.3992983705727663	0.0	2
437	571.778621673584	0.40005299345725676	0.0007546228844904634	0
438	573.138792514801	0.40030379438510394	0.00025080092784718344	0
439	574.500054359436	0.40030379438510394	0.0	1
440	575.8651640415192	0.40030379438510394	0.0	2
441	577.2155635356903	0.40043978437815747	0.00013598999305353132	0
442	578.5766341686249	0.40148517000757794	0.00104538562942047	0
443	579.8959240913391	0.4015144894359844	2.9319428406449077e-05	0
444	581.2171268463135	0.4015144894359844	0.0	1
445	582.5249059200287	0.4017224741312428	0.0002079846952584008	0
446	583.8806529045105	0.40258380282007794	0.0008613286888351501	0
447	585.1827454566956	0.40258380282007794	0.0	1
448	586.5351474285126	0.40258380282007794	0.0	2
449	587.8548457622528	0.40258380282007794	0.0	3
450	589.1837384700775	0.40258380282007794	0.0	4
451	590.4811248779297	0.4029918080389362	0.0004080052188582539	0
452	591.8402841091156	0.4030825150205687	9.070698163249347e-05	0
453	593.1458892822266	0.4043149529648708	0.0012324379443021116	0
454	594.4784870147705	0.4045039434631207	0.00018899049824988579	0
455	595.7999579906464	0.4045039434631207	0.0	1
456	597.1328058242798	0.4045039434631207	0.0	2
457	598.4397068023682	0.4045039434631207	0.0	3
458	599.7521607875824	0.4045039434631207	0.0	4
459	601.0319528579712	0.4045706169709873	6.66735078665992e-05	0
460	602.3334460258484	0.4045706169709873	0.0	1
461	603.650050163269	0.4056003561746716	0.0010297392036843211	0
462	604.9841198921204	0.4056003561746716	0.0	1
463	606.2964005470276	0.4056003561746716	0.0	2
464	607.6231276988983	0.4059789714857282	0.00037861531105659596	0
465	608.9249491691589	0.40621190588689016	0.00023293440116195496	0
466	610.2280471324921	0.40621190588689016	0.0	1
467	611.5312235355377	0.40621190588689016	0.0	2
468	612.8565201759338	0.4069152550113669	0.0007033491244767265	0
469	614.1906237602234	0.4069152550113669	0.0	1
470	615.5320649147034	0.4069576131278868	4.235811651992494e-05	0
471	616.855982542038	0.4071096724230478	0.00015205929516098893	0
472	618.196053981781	0.40752849622907045	0.0004188238060226501	0
473	619.4893968105316	0.40752849622907045	0.0	1
474	620.8233253955841	0.408669874794764	0.0011413785656935738	0
475	622.1123235225677	0.408669874794764	0.0	1
476	623.4717371463776	0.4087497631892321	7.988839446809726e-05	0
477	624.8116073608398	0.4087497631892321	0.0	1
478	626.1679368019104	0.4090379181965394	0.00028815500730727805	0
479	627.459362745285	0.4090379181965394	0.0	1
480	628.7937145233154	0.4098250673219183	0.0007871491253789165	0
481	630.1026327610016	0.4098250673219183	0.0	1
482	631.4652338027954	0.4098250673219183	0.0	2
483	632.7937920093536	0.4098250673219183	0.0	3
484	634.1517539024353	0.4112301797844796	0.0014051124625613087	0
485	635.4631507396698	0.4112301797844796	0.0	1
486	636.782078742981	0.4112301797844796	0.0	2
487	638.0867438316345	0.41124346515047633	1.3285365996706933e-05	0
488	639.4345898628235	0.41124346515047633	0.0	1
489	640.7652003765106	0.4118835237780564	0.0006400586275800979	0
490	642.0790464878082	0.4123849141955651	0.0005013904175086847	0
491	643.3978023529053	0.4123849141955651	0.0	1
492	644.725745677948	0.41263289594760394	0.00024798175203882833	0
493	646.0437982082367	0.41263289594760394	0.0	1
494	647.405330657959	0.41302490234375	0.0003920063961460607	0
495	648.7226550579071	0.41302490234375	0.0	1
496	650.0430047512054	0.41353964860665055	0.000514746262900545	0
497	651.3723719120026	0.41353964860665055	0.0	1
498	652.7192552089691	0.4141212445759057	0.0005815959692551664	0
499	654.0157659053802	0.4141212445759057	0.0	1
500	655.3511717319489	0.4141212445759057	0.0	2
501	656.6807579994202	0.4141212445759057	0.0	3
502	657.9941177368164	0.4141212445759057	0.0	4
503	659.3125956058502	0.4141212445759057	0.0	5
504	660.6338622570038	0.4142302762002923	0.00010903162438657965	0
505	661.9599182605743	0.41529440934883805	0.001064133148545754	0
506	663.2899806499481	0.41529440934883805	0.0	1
507	664.600667476654	0.41529440934883805	0.0	2
508	665.9238693714142	0.41529440934883805	0.0	3
509	667.2432754039764	0.4152970170864607	2.6077376226729676e-06	0
510	668.5808503627777	0.4152970170864607	0.0	1
511	669.8837511539459	0.4152970170864607	0.0	2
512	671.229526758194	0.4153850106113777	8.799352491700718e-05	0
513	672.5431742668152	0.41618505746607964	0.000800046854701919	0
514	673.878748178482	0.41627305099099665	8.799352491700718e-05	0
515	675.187992811203	0.4164517514975462	0.00017870050654955616	0
516	676.5253684520721	0.4164517514975462	0.0	1
517	677.8351581096649	0.41652402811733186	7.227661978564948e-05	0
518	679.1989107131958	0.41660655948912023	8.253137178837466e-05	0
519	680.5229482650757	0.41742778540208214	0.0008212259129619093	0
520	681.8274223804474	0.4178067178704171	0.0003789324683349804	0
521	683.1450574398041	0.4178067178704171	0.0	1
522	684.4777908325195	0.4178067178704171	0.0	2
523	685.7882215976715	0.41851848928262125	0.0007117714122041319	0
524	687.1072268486023	0.41851848928262125	0.0	1
525	688.3896586894989	0.41964665296171333	0.0011281636790920757	0
526	689.718980550766	0.41964665296171333	0.0	1
527	691.0089185237885	0.41964665296171333	0.0	2
528	692.3656327724457	0.41964665296171333	0.0	3
529	693.6634452342987	0.41964665296171333	0.0	4
530	694.9896202087402	0.42028124943616485	0.0006345964744515209	0
531	696.2948575019836	0.42028124943616485	0.0	1
532	697.6307692527771	0.4204297847615654	0.00014853532540054504	0
533	698.9237492084503	0.4204297847615654	0.0	1
534	700.2758977413177	0.42051798972466803	8.820496310263382e-05	0
535	701.6038329601288	0.4212465352329316	0.0007285455082635672	0
536	702.9302010536194	0.4212465352329316	0.0	1
537	704.2616422176361	0.4212465352329316	0.0	2
538	705.6341104507446	0.4212465352329316	0.0	3
539	706.9439609050751	0.4213770983125541	0.00013056307962250324	0
540	708.2666862010956	0.4213770983125541	0.0	1
541	709.5818276405334	0.42148324028173717	0.00010614196918307117	0
542	710.9120719432831	0.42148324028173717	0.0	1
543	712.2258794307709	0.4216811464234808	0.0001979061417436423	0
544	713.5600538253784	0.4216811464234808	0.0	1
545	714.8566002845764	0.4216811464234808	0.0	2
546	716.173668384552	0.4222519238055716	0.0005707773820907702	0
547	717.4933915138245	0.4225238685519811	0.0002719447464095137	0
548	718.8373565673828	0.4228966340732354	0.0003727655212543146	0
549	720.1172053813934	0.4228966340732354	0.0	1
550	721.419379234314	0.4230812196092848	0.00018458553604938643	0
551	722.7360305786133	0.4230812196092848	0.0	1
552	724.0757653713226	0.42332328109212614	0.0002420614828413381	0
553	725.4190752506256	0.42332328109212614	0.0	1
554	726.7374889850616	0.42332328109212614	0.0	2
555	728.0408837795258	0.42359526107823325	0.00027197998610711815	0
556	729.3511385917664	0.42359526107823325	0.0	1
557	730.6498875617981	0.42381980843136546	0.00022454735313220953	0
558	731.9681990146637	0.42425699211983975	0.00043718368847428524	0
559	733.2586846351624	0.42456590330903576	0.000308911189196015	0
560	734.5766820907593	0.42456590330903576	0.0	1
561	735.8646516799927	0.42456590330903576	0.0	2
562	737.1893818378448	0.42456590330903576	0.0	3
563	738.509521484375	0.42462471836433674	5.881505530097586e-05	0
564	739.8147437572479	0.42470756689340355	8.284852906681461e-05	0
565	741.1261301040649	0.42572063772012125	0.001013070826717699	0
566	742.4555201530457	0.42572063772012125	0.0	1
567	743.7621355056763	0.42572063772012125	0.0	2
568	745.088130235672	0.42572063772012125	0.0	3
569	746.4004940986633	0.42572063772012125	0.0	4
570	747.7191050052643	0.42572063772012125	0.0	5
571	749.034074306488	0.42700593521082925	0.0012852974907079928	0
572	750.3705608844757	0.42743046784786376	0.0004245326370345137	0
573	751.6851809024811	0.42743046784786376	0.0	1
574	753.0097007751465	0.42743046784786376	0.0	2
575	754.3236513137817	0.42743046784786376	0.0	3
576	755.6611831188202	0.42743046784786376	0.0	4
577	756.964319229126	0.4280199222696846	0.0005894544218208453	0
578	758.2794079780579	0.4280199222696846	0.0	1
579	759.6021595001221	0.4280199222696846	0.0	2
580	760.9401016235352	0.42803849359032187	1.8571320637261746e-05	0
581	762.2415318489075	0.42825655683909497	0.0002180632487731038	0
582	763.5514214038849	0.42825655683909497	0.0	1
583	764.8585269451141	0.42825655683909497	0.0	2
584	766.1827278137207	0.42825655683909497	0.0	3
585	767.503791809082	0.4285852022589492	0.00032864541985422324	0
586	768.8235020637512	0.42861977240229865	3.457014334945496e-05	0
587	770.093658208847	0.42861977240229865	0.0	1
588	771.4176609516144	0.4291932280014073	0.0005734555991086521	0
589	772.7138795852661	0.42973993667003463	0.000546708668627327	0
590	774.0304679870605	0.42973993667003463	0.0	1
591	775.3311054706573	0.42973993667003463	0.0	2
592	776.6495289802551	0.42973993667003463	0.0	3
593	777.950117111206	0.42988093070014793	0.00014099403011330613	0
594	779.2887132167816	0.42988093070014793	0.0	1
595	780.5717587471008	0.4303479624124928	0.0004670317123448564	0
596	781.8817422389984	0.4303479624124928	0.0	1
597	783.1885235309601	0.43125436267456335	0.0009064002620705613	0
598	784.5328176021576	0.4315026968235782	0.0002483341490148727	0
599	785.8232760429382	0.4315026968235782	0.0	1
600	787.1482520103455	0.4315026968235782	0.0	2
601	788.4478554725647	0.43224406958176964	0.0007413727581914165	0
602	789.7819490432739	0.43224406958176964	0.0	1
603	791.0795388221741	0.43224406958176964	0.0	2
604	792.4033894538879	0.4322654248385176	2.1355256747956908e-05	0
605	793.7279052734375	0.4322654248385176	0.0	1
606	795.052595615387	0.4322654248385176	0.0	2
607	796.3635563850403	0.43234284645415344	7.742161563584204e-05	0
608	797.7015471458435	0.43312689448614317	0.0007840480319897258	0
609	798.9941809177399	0.43312689448614317	0.0	1
610	800.3185985088348	0.4343856564845554	0.001258761998412239	0
611	801.6055800914764	0.4345535384039405	0.00016788191938510444	0
612	802.9354848861694	0.4345535736436381	3.52396976044389e-08	1
613	804.2573254108429	0.4346523152763243	9.874163268619451e-05	0
614	805.5724227428436	0.4346523152763243	0.0	1
615	806.8760211467743	0.4350253979548571	0.0003730826785328101	0
616	808.1963562965393	0.4350253979548571	0.0	1
617	809.509122133255	0.4350253979548571	0.0	2
618	810.834091424942	0.4350253979548571	0.0	3
619	812.131044626236	0.43507882133642467	5.342338156755222e-05	0
620	813.4630601406097	0.43507882133642467	0.0	1
621	814.7827677726746	0.43507882133642467	0.0	2
622	816.1190910339355	0.43518010022733833	0.0001012788909136586	0
623	817.4206206798553	0.43518010022733833	0.0	1
624	818.7457480430603	0.43518010022733833	0.0	2
625	820.0326714515686	0.43618013236594255	0.0010000321386042232	0
626	821.375025510788	0.43618013236594255	0.0	1
627	822.6750316619873	0.43618013236594255	0.0	2
628	823.9979531764984	0.43618013236594255	0.0	3
629	825.3356709480286	0.43618013236594255	0.0	4
630	826.6681606769562	0.43635502698515083	0.00017489461920827676	0
631	828.0163478851318	0.43635502698515083	0.0	1
632	829.3724498748779	0.43647794305039334	0.00012291606524250653	0
633	830.7199463844299	0.43710651353655455	0.0006285704861612174	0
634	832.0728530883789	0.43710651353655455	0.0	1
635	833.3813452720642	0.43729849940910076	0.00019198587254620758	0
636	834.6761431694031	0.43750976139623626	0.0002112619871355026	0
637	835.9853539466858	0.43889707781150766	0.0013873164152714001	0
638	837.3346543312073	0.4395198689872618	0.0006227911757541449	0
639	838.6405491828918	0.4395198689872618	0.0	1
640	839.9973385334015	0.4395918989291642	7.20299419024184e-05	0
641	841.3038198947906	0.44049403518782476	0.0009021362586605353	0
642	842.6539092063904	0.4414213325905745	0.0009272974027497161	0
643	843.9780914783478	0.4414213325905745	0.0	1
644	845.3058743476868	0.4414213325905745	0.0	2
645	846.6015026569366	0.4414213325905745	0.0	3
646	847.9293456077576	0.4414213325905745	0.0	4
647	849.2547955513	0.44225883924382936	0.0008375066532548825	0
648	850.5869679450989	0.44225883924382936	0.0	1
649	851.9172234535217	0.44225883924382936	0.0	2
650	853.246239900589	0.44225883924382936	0.0	3
651	854.5633227825165	0.44225883924382936	0.0	4
652	855.8804178237915	0.44225883924382936	0.0	5
653	857.1800916194916	0.44225883924382936	0.0	6
654	858.5075204372406	0.44225883924382936	0.0	7
655	859.8028056621552	0.44225883924382936	0.0	8
656	861.1129035949707	0.44225883924382936	0.0	9
657	862.418389081955	0.4423231516919566	6.431244812721282e-05	0
658	863.7291309833527	0.44349360300817336	0.0011704513162167918	0
659	865.0282804965973	0.44349360300817336	0.0	1
660	866.3408107757568	0.4445683080660003	0.001074705057826919	0
661	867.6389298439026	0.4445683080660003	0.0	1
662	868.9591760635376	0.4445683080660003	0.0	2
663	870.2461626529694	0.4445683080660003	0.0	3
664	871.5874502658844	0.4452109039518079	0.0006425958858076175	0
665	872.878922700882	0.4452109039518079	0.0	1
666	874.2219069004059	0.4452109039518079	0.0	2
667	875.5540561676025	0.4452109039518079	0.0	3
668	876.8784749507904	0.4456243008443995	0.00041339689259162204	0
669	878.2064764499664	0.4456243008443995	0.0	1
670	879.5286765098572	0.4458484253211605	0.00022412447676095626	0
671	880.8290255069733	0.446555086977212	0.0007066616560515437	0
672	882.1498439311981	0.446555086977212	0.0	1
673	883.4500505924225	0.446555086977212	0.0	2
674	884.773535490036	0.446555086977212	0.0	3
675	886.0870683193207	0.4466217957247763	6.670874756425915e-05	0
676	887.4158389568329	0.4477765301358617	0.001154734411085434	0
677	888.7409193515778	0.4477765301358617	0.0	1
678	890.0627253055573	0.4477765301358617	0.0	2
679	891.3803985118866	0.44783252601535434	5.599587949262075e-05	0
680	892.713609457016	0.44783252601535434	0.0	1
681	894.0260767936707	0.4485870079410544	0.0007544819257000457	0
682	895.3505771160126	0.4485870079410544	0.0	1
683	896.6738617420197	0.45008599895803264	0.0014989910169782572	0
684	897.9774186611176	0.4501441444590791	5.814550104643601e-05	0
685	899.2899479866028	0.4501441444590791	0.0	1
686	900.603842496872	0.4501441444590791	0.0	2
687	901.9262793064117	0.4501441444590791	0.0	3
688	903.2488384246826	0.4501441444590791	0.0	4
689	904.5784006118774	0.45093982159127816	0.0007956771321990797	0
690	905.8915965557098	0.45093982159127816	0.0	1
691	907.1941492557526	0.45093982159127816	0.0	2
692	908.5370478630066	0.45093982159127816	0.0	3
693	909.8394005298615	0.45093982159127816	0.0	4
694	911.1734590530396	0.4513418713012413	0.00040204970996315925	0
695	912.4811310768127	0.4513418713012413	0.0	1
696	913.7781963348389	0.4513418713012413	0.0	2
697	915.0900385379791	0.45162290788963266	0.00028103658839134793	0
698	916.402759552002	0.45162290788963266	0.0	1
699	917.7096116542816	0.45162290788963266	0.0	2
700	919.0294439792633	0.4520945560023636	0.0004716481127309269	0
701	920.3161549568176	0.4520945560023636	0.0	1
702	921.6376361846924	0.4527325354877851	0.0006379794854214915	0
703	922.9363558292389	0.4527325354877851	0.0	1
704	924.256552696228	0.4527325354877851	0.0	2
705	925.5644538402557	0.4527325354877851	0.0	3
706	926.8771419525146	0.45282588544673785	9.334995895277087e-05	0
707	928.1614143848419	0.4549193701622943	0.0020934847155564262	0
708	929.4693377017975	0.4549193701622943	0.0	1
709	930.7590169906616	0.4549193701622943	0.0	2
710	932.0527155399323	0.4549193701622943	0.0	3
711	933.3483839035034	0.4549193701622943	0.0	4
712	934.671840429306	0.4550126848815495	9.331471925522195e-05	0
713	935.9481880664825	0.4550126848815495	0.0	1
714	937.2662403583527	0.4550126848815495	0.0	2
715	938.5531394481659	0.45504200430995595	2.9319428406449077e-05	0
716	939.8673558235168	0.45533808824922417	0.0002960839392682213	0
717	941.1625797748566	0.4559217281209404	0.0005836398717162239	0
718	942.4876945018768	0.4559217281209404	0.0	1
719	943.7789812088013	0.45642614915244295	0.0005044210315025555	0
720	945.1008915901184	0.45642614915244295	0.0	1
721	946.3824422359467	0.45642614915244295	0.0	2
722	947.7102935314178	0.45682368818111285	0.0003975390286699021	0
723	949.0014083385468	0.45682368818111285	0.0	1
724	950.2752265930176	0.4572288389844652	0.0004051508033523499	0
725	951.594918012619	0.45730404049915196	7.52015146867624e-05	0
726	952.9341683387756	0.4573221537037204	1.811320456845955e-05	0
727	954.2768778800964	0.4573221537037204	0.0	1
728	955.622153043747	0.4573221537037204	0.0	2
729	956.9618926048279	0.4573221537037204	0.0	3
730	958.2947521209717	0.4573221537037204	0.0	4
731	959.5890843868256	0.4574208248570114	9.867115329098564e-05	0
732	960.9010322093964	0.4574208248570114	0.0	1
733	962.2159042358398	0.4574208248570114	0.0	2
734	963.5442867279053	0.4582213650674798	0.0008005402104683812	0
735	964.832257270813	0.45834403445483907	0.00012266938735927546	0
736	966.1577763557434	0.45834403445483907	0.0	1
737	967.4777147769928	0.45834403445483907	0.0	2
738	968.8123757839203	0.45834403445483907	0.0	3
739	970.1186020374298	0.45834403445483907	0.0	4
740	971.4633746147156	0.45994099183115617	0.0015969573763170986	0
741	972.7801094055176	0.45994099183115617	0.0	1
742	974.0938866138458	0.45994099183115617	0.0	2
743	975.4104104042053	0.45994099183115617	0.0	3
744	976.7477960586548	0.45994099183115617	0.0	4
745	978.0724785327911	0.460029091075166	8.80992440098205e-05	0
746	979.3788743019104	0.460029091075166	0.0	1
747	980.6756799221039	0.4600344475092018	5.356434035819202e-06	0
748	982.0083072185516	0.4600344475092018	0.0	1
749	983.2980065345764	0.4600344475092018	0.0	2
750	984.618124961853	0.46099441211163034	0.0009599646024285313	0
751	985.8923482894897	0.46099441211163034	0.0	1
752	987.2024896144867	0.46099441211163034	0.0	2
753	988.4872314929962	0.46099441211163034	0.0	3
754	989.7937862873077	0.4623439163313727	0.0013495042197423368	0
755	991.0667881965637	0.4623439163313727	0.0	1
756	992.3580768108368	0.4623439163313727	0.0	2
757	993.6434807777405	0.4623439163313727	0.0	3
758	994.9737350940704	0.4623439163313727	0.0	4
759	996.2889134883881	0.4623439163313727	0.0	5
760	997.5928409099579	0.4623439163313727	0.0	6
761	998.8605852127075	0.4623439163313727	0.0	7
762	1000.2067060470581	0.4623439163313727	0.0	8
763	1001.4871740341187	0.4623439163313727	0.0	9
764	1002.7995138168335	0.46292783812066973	0.0005839217892970594	0
765	1004.1126575469971	0.46292783812066973	0.0	1
766	1005.4077551364899	0.46292783812066973	0.0	2
767	1006.729615688324	0.46292783812066973	0.0	3
768	1008.0253260135651	0.46522134335982607	0.002293505239156335	0
769	1009.3463661670685	0.46523730694284066	1.5963583014588778e-05	0
770	1010.6593232154846	0.46523730694284066	0.0	1
771	1011.9904053211212	0.46523730694284066	0.0	2
772	1013.2995660305023	0.46584536792499637	0.0006080609821557115	0
773	1014.5822525024414	0.46584536792499637	0.0	1
774	1015.891352891922	0.46584536792499637	0.0	2
775	1017.2022886276245	0.46659741831156176	0.0007520503865653949	0
776	1018.5276737213135	0.46696285397571446	0.00036543566415270234	0
777	1019.8488116264343	0.46696285397571446	0.0	1
778	1021.1696679592133	0.46696285397571446	0.0	2
779	1022.4821236133575	0.46700010233608186	3.724836036739232e-05	0
780	1023.809050321579	0.46700010233608186	0.0	1
781	1025.114295721054	0.46700010233608186	0.0	2
782	1026.427109003067	0.46700010233608186	0.0	3
783	1027.7275369167328	0.4672240506143548	0.00022394827827293406	0
784	1029.0259070396423	0.4672240506143548	0.0	1
785	1030.3227143287659	0.4672240506143548	0.0	2
786	1031.624310016632	0.46726136945411734	3.7318839762545686e-05	0
787	1032.9269676208496	0.46726136945411734	0.0	1
788	1034.2344584465027	0.46726136945411734	0.0	2
789	1035.5407865047455	0.46726136945411734	0.0	3
790	1036.849359512329	0.46726136945411734	0.0	4
791	1038.1673402786255	0.46726136945411734	0.0	5
792	1039.4868953227997	0.46726136945411734	0.0	6
793	1040.781047821045	0.46726136945411734	0.0	7
794	1042.0904314517975	0.46726136945411734	0.0	8
795	1043.3964686393738	0.46726136945411734	0.0	9
796	1044.7044291496277	0.46726136945411734	0.0	10
797	1046.0194170475006	0.46726136945411734	0.0	11
798	1047.3200788497925	0.46726136945411734	0.0	12
799	1048.61665558815	0.46726136945411734	0.0	13
800	1049.9357674121857	0.46726136945411734	0.0	14
801	1051.248848438263	0.46726136945411734	0.0	15
802	1052.5563685894012	0.46757591899493	0.0003145495408126697	0
803	1053.8736395835876	0.46757591899493	0.0	1
804	1055.168396949768	0.46967750884093534	0.002101589846005336	0
805	1056.4618937969208	0.46967750884093534	0.0	1
806	1057.769873380661	0.46967750884093534	0.0	2
807	1059.0447194576263	0.46991446056762415	0.00023695172668880549	0
808	1060.342679977417	0.46991446056762415	0.0	1
809	1061.6630971431732	0.46991446056762415	0.0	2
810	1062.9728915691376	0.4708855256747979	0.000971065107173763	0
811	1064.3198013305664	0.4708855256747979	0.0	1
812	1065.635877609253	0.4708855256747979	0.0	2
813	1066.9373977184296	0.47114679279283345	0.00026126711803553526	0
814	1068.248348236084	0.47114679279283345	0.0	1
815	1069.555346250534	0.47114679279283345	0.0	2
816	1070.858101606369	0.47114679279283345	0.0	3
817	1072.160150051117	0.47114679279283345	0.0	4
818	1073.470230102539	0.4712212190341729	7.442624133946474e-05	0
819	1074.737107515335	0.471256000615708	3.4781581535081596e-05	0
820	1076.0680420398712	0.471256000615708	0.0	1
821	1077.3942513465881	0.471256000615708	0.0	2
822	1078.6906864643097	0.472223929389795	0.0009679287740870235	0
823	1080.0453357696533	0.472223929389795	0.0	1
824	1081.3702976703644	0.472223929389795	0.0	2
825	1082.715853214264	0.472223929389795	0.0	3
826	1084.0455989837646	0.472223929389795	0.0	4
827	1085.3976497650146	0.472223929389795	0.0	5
828	1086.6884634494781	0.4728053491605622	0.0005814197707671998	0
829	1088.0121836662292	0.4728053491605622	0.0	1
830	1089.3164954185486	0.4728053491605622	0.0	2
831	1090.6333236694336	0.4728106703549004	5.321194338159252e-06	0
832	1091.9377219676971	0.4728106703549004	0.0	1
833	1093.2581536769867	0.4728106703549004	0.0	2
834	1094.5920479297638	0.4728106703549004	0.0	3
835	1095.8935647010803	0.4728106703549004	0.0	4
836	1097.1953358650208	0.4728106703549004	0.0	5
837	1098.5423090457916	0.47337866380088045	0.0005679934459800751	0
838	1099.8471839427948	0.4739227294921875	0.0005440656913070496	0
839	1101.168952703476	0.47423199307835956	0.0003092635861720594	0
840	1102.499107837677	0.474794700569699	0.0005627074913394647	0
841	1103.815592765808	0.474794700569699	0.0	1
842	1105.1226246356964	0.474794700569699	0.0	2
843	1106.4312224388123	0.474794700569699	0.0	3
844	1107.734937429428	0.47534940864968245	0.0005547080799834236	0
845	1109.0401198863983	0.475386727489445	3.7318839762545686e-05	0
846	1110.327454328537	0.475386727489445	0.0	1
847	1111.6400146484375	0.475386727489445	0.0	2
848	1112.9432349205017	0.475386727489445	0.0	3
849	1114.2725100517273	0.475386727489445	0.0	4
850	1115.5526762008667	0.475386727489445	0.0	5
851	1116.8604860305786	0.475386727489445	0.0	6
852	1118.1890439987183	0.475386727489445	0.0	7
853	1119.5220830440521	0.4760852135356524	0.0006984860462074249	0
854	1120.808697462082	0.4760852135356524	0.0	1
855	1122.1385152339935	0.4760852135356524	0.0	2
856	1123.4384837150574	0.4760852135356524	0.0	3
857	1124.7418174743652	0.4760852135356524	0.0	4
858	1126.041452407837	0.47609060520938584	5.391673733423641e-06	0
859	1127.3716113567352	0.4761278535697532	3.724836036733681e-05	0
860	1128.6656575202942	0.4761278535697532	0.0	1
861	1129.9897294044495	0.4761278535697532	0.0	2
862	1131.2874002456665	0.4761278535697532	0.0	3
863	1132.5985634326935	0.4761278535697532	0.0	4
864	1133.8947467803955	0.4761278535697532	0.0	5
865	1135.2311124801636	0.47613324524348655	5.39167373336813e-06	0
866	1136.544270515442	0.47613324524348655	0.0	1
867	1137.8714361190796	0.47613324524348655	0.0	2
868	1139.1931793689728	0.47613324524348655	0.0	3
869	1140.5046710968018	0.4765041430607679	0.00037089781728133486	0
870	1141.8177618980408	0.4765041430607679	0.0	1
871	1143.1379566192627	0.4765041430607679	0.0	2
872	1144.4414448738098	0.4776961963116159	0.0011920532508480353	0
873	1145.7833409309387	0.47843732239192405	0.0007411260803081299	0
874	1147.0834352970123	0.47843732239192405	0.0	1
875	1148.39457321167	0.47844271406565747	5.391673733423641e-06	0
876	1149.6950755119324	0.47844271406565747	0.0	1
877	1151.011645078659	0.47844271406565747	0.0	2
878	1152.3214936256409	0.47844271406565747	0.0	3
879	1153.6246783733368	0.47844271406565747	0.0	4
880	1154.9143841266632	0.47844271406565747	0.0	5
881	1156.196447610855	0.47886460372537165	0.0004218896597141808	0
882	1157.4846663475037	0.47886460372537165	0.0	1
883	1158.7801930904388	0.47886460372537165	0.0	2
884	1160.0854823589325	0.47886460372537165	0.0	3
885	1161.3504376411438	0.47886460372537165	0.0	4
886	1162.6423795223236	0.4790587392194717	0.00019413549410002284	0
887	1163.957646369934	0.4790640956535075	5.356434035819202e-06	0
888	1165.2512810230255	0.4790640956535075	0.0	1
889	1166.5635387897491	0.4793897456990654	0.00032565004555790145	0
890	1167.875804424286	0.48006951946584514	0.0006797737667797454	0
891	1169.1832437515259	0.4800748054204857	5.285954640554813e-06	0
892	1170.4930758476257	0.48028536261366916	0.00021055719318346933	0
893	1171.7889025211334	0.48028536261366916	0.0	1
894	1173.0748209953308	0.4803924560546875	0.00010709344101833551	0
895	1174.3340337276459	0.48133088920188005	0.0009384331471925522	0
896	1175.620768070221	0.48133088920188005	0.0	1
897	1176.9130580425262	0.48133088920188005	0.0	2
898	1178.184626340866	0.4814400970247546	0.00010920782287454633	0
899	1179.483467578888	0.4814400970247546	0.0	1
900	1180.8029792308807	0.4814722003892718	3.210336451719975e-05	0
901	1182.1150460243225	0.48232560014614606	0.0008533997568742624	0
902	1183.4415106773376	0.48232560014614606	0.0	1
903	1184.7836863994598	0.48262693480035723	0.00030133465421117167	0
904	1186.1176555156708	0.48262693480035723	0.0	1
905	1187.4107003211975	0.48262693480035723	0.0	2
906	1188.7095437049866	0.48262693480035723	0.0	3
907	1190.0367531776428	0.48262693480035723	0.0	4
908	1191.356204032898	0.48262693480035723	0.0	5
909	1192.6785380840302	0.48262693480035723	0.0	6
910	1193.9632749557495	0.48362171622401845	0.0009947814236612174	0
911	1195.2765345573425	0.48362171622401845	0.0	1
912	1196.5812652111053	0.48362171622401845	0.0	2
913	1197.886875629425	0.48363775028642825	1.6034062409797656e-05	0
914	1199.190684080124	0.48363775028642825	0.0	1
915	1200.5111544132233	0.48462974777397877	0.0009919974875505222	0
916	1201.7926692962646	0.48462974777397877	0.0	1
917	1203.116266489029	0.484635068968317	5.321194338214763e-06	0
918	1204.410495042801	0.484635068968317	0.0	1
919	1205.726164340973	0.4847711294407657	0.0001360604724487402	0
920	1207.0457954406738	0.4847711294407657	0.0	1
921	1208.3722832202911	0.4847711294407657	0.0	2
922	1209.684427022934	0.4847711294407657	0.0	3
923	1211.006908416748	0.4847871282634779	1.5998822712193217e-05	0
924	1212.3317580223083	0.4847871282634779	0.0	1
925	1213.6489279270172	0.48480844828052827	2.132001705035247e-05	0
926	1214.9419531822205	0.48480844828052827	0.0	1
927	1216.2371189594269	0.48480844828052827	0.0	2
928	1217.5494859218597	0.48480844828052827	0.0	3
929	1218.8508577346802	0.48480844828052827	0.0	4
930	1220.1572952270508	0.48480844828052827	0.0	5
931	1221.476753950119	0.48480844828052827	0.0	6
932	1222.7750616073608	0.4848750865486973	6.663826816905027e-05	0
933	1224.0989892482758	0.4848750865486973	0.0	1
934	1225.4059569835663	0.4848750865486973	0.0	2
935	1226.7056896686554	0.4848750865486973	0.0	3
936	1227.9827673435211	0.4848750865486973	0.0	4
937	1229.29270362854	0.4848750865486973	0.0	5
938	1230.553970336914	0.4848750865486973	0.0	6
939	1231.869788646698	0.4848750865486973	0.0	7
940	1233.1529474258423	0.4848750865486973	0.0	8
941	1234.4617338180542	0.4848750865486973	0.0	9
942	1235.7515037059784	0.4848750865486973	0.0	10
943	1237.0405101776123	0.4848750865486973	0.0	11
944	1238.3397564888	0.4848750865486973	0.0	12
945	1239.6095962524414	0.4848750865486973	0.0	13
946	1240.9087557792664	0.4848750865486973	0.0	14
947	1242.2097096443176	0.4848750865486973	0.0	15
948	1243.5013077259064	0.4852808011872113	0.0004057146385139654	0
949	1244.8352401256561	0.4852808011872113	0.0	1
950	1246.125482082367	0.4852808011872113	0.0	2
951	1247.4737677574158	0.4852808011872113	0.0	3
952	1248.7798919677734	0.4852808011872113	0.0	4
953	1250.092190027237	0.4852808011872113	0.0	5
954	1251.372858762741	0.4852808011872113	0.0	6
955	1252.6804461479187	0.4853473689759851	6.65677887738414e-05	0
956	1253.9481012821198	0.4853473689759851	0.0	1
957	1255.273968219757	0.4853473689759851	0.0	2
958	1256.5596663951874	0.4853981141405348	5.0745164549670374e-05	0
959	1257.887422800064	0.4853981141405348	0.0	1
960	1259.1829392910004	0.4853981141405348	0.0	2
961	1260.5275347232819	0.4854170026184505	1.8888477915701696e-05	0
962	1261.8222181797028	0.4854170026184505	0.0	1
963	1263.156733751297	0.48587261666877163	0.0004556140503211292	0
964	1264.4140555858612	0.48587261666877163	0.0	1
965	1265.7436072826385	0.48587261666877163	0.0	2
966	1267.0494220256805	0.48587261666877163	0.0	3
967	1268.36647439003	0.48587261666877163	0.0	4
968	1269.6474328041077	0.48587261666877163	0.0	5
969	1270.9515759944916	0.48587261666877163	0.0	6
970	1272.257061958313	0.4859232913539261	5.0674685154461496e-05	0
971	1273.5631606578827	0.4859979290334512	7.463767952509137e-05	0
972	1274.854380607605	0.48602763609853133	2.9707065080153416e-05	0
973	1276.1597967147827	0.48602763609853133	0.0	1
974	1277.4580283164978	0.4861022737780564	7.463767952509137e-05	0
975	1278.7670233249664	0.4861022737780564	0.0	1
976	1280.0539343357086	0.4862061604065928	0.00010388662853638708	0
977	1281.3462369441986	0.4862061604065928	0.0	1
978	1282.6522901058197	0.4867073393859158	0.0005011789793230026	0
979	1283.9488818645477	0.48715534166155455	0.00044800227563873696	0
980	1285.248214483261	0.48715534166155455	0.0	1
981	1286.5624289512634	0.4879663128225137	0.0008109711609591286	0
982	1287.844720363617	0.4880676621928226	0.00010134937030892299	0
983	1289.1443967819214	0.4880676621928226	0.0	1
984	1290.4518933296204	0.4880676621928226	0.0	2
985	1291.7470405101776	0.4885289145947604	0.00046125240193778394	0
986	1293.02011179924	0.4885289145947604	0.0	1
987	1294.3357264995575	0.4885289145947604	0.0	2
988	1295.634574174881	0.4885289145947604	0.0	3
989	1296.9351522922516	0.48901412999106886	0.0004852153963084693	0
990	1298.2407863140106	0.48901412999106886	0.0	1
991	1299.5317480564117	0.4891023701938691	8.824020280023825e-05	0
992	1300.8293526172638	0.48911840425627884	1.6034062409742145e-05	0
993	1302.131352186203	0.4891664007244154	4.799646813657965e-05	0
994	1303.4197549819946	0.4891664007244154	0.0	1
995	1304.7103550434113	0.4891664007244154	0.0	2
996	1305.989265680313	0.4891664007244154	0.0	3
997	1307.2768602371216	0.4891664007244154	0.0	4
998	1308.5558547973633	0.4891664007244154	0.0	5
999	1309.851707458496	0.4891664007244154	0.0	6
1000	1311.1388280391693	0.4891664007244154	0.0	7
1001	1312.441323041916	0.4891664007244154	0.0	8
1002	1313.752010345459	0.4891744353754691	8.034651053701047e-06	0
1003	1315.06529712677	0.4901528303397445	0.0009783949642753753	0
1004	1316.3531169891357	0.4901528303397445	0.0	1
1005	1317.6591680049896	0.4901528303397445	0.0	2
1006	1318.9389350414276	0.4902168608702908	6.40305305463218e-05	0
1007	1320.2408287525177	0.49025710460495453	4.0243734663714115e-05	0
1008	1321.5255703926086	0.4902731386673643	1.6034062409797656e-05	0
1009	1322.8329803943634	0.49032113513550085	4.799646813652414e-05	0
1010	1324.1208891868591	0.4917448541583971	0.0014237190228962304	0
1011	1325.4347610473633	0.4917448541583971	0.0	1
1012	1326.7175061702728	0.4917448541583971	0.0	2
1013	1328.0062918663025	0.4917448541583971	0.0	3
1014	1329.297815322876	0.4917448541583971	0.0	4
1015	1330.6080656051636	0.4919288758592848	0.0001840217008877154	0
1016	1331.9071416854858	0.4919288758592848	0.0	1
1017	1333.2623031139374	0.4919288758592848	0.0	2
1018	1334.5922768115997	0.49201989999819573	9.102413891093342e-05	0
1019	1335.9171855449677	0.49201989999819573	0.0	1
1020	1337.2482211589813	0.49201989999819573	0.0	2
1021	1338.565871477127	0.49201989999819573	0.0	3
1022	1339.8442738056183	0.49201989999819573	0.0	4
1023	1341.1380517482758	0.49201989999819573	0.0	5
1024	1342.4282751083374	0.49201989999819573	0.0	6
1025	1343.7137050628662	0.49201989999819573	0.0	7
1026	1345.0037848949432	0.49201989999819573	0.0	8
1027	1346.2924671173096	0.4920626105116917	4.271051349596933e-05	0
1028	1347.5801575183868	0.4920626105116917	0.0	1
1029	1348.8890981674194	0.4920626105116917	0.0	2
1030	1350.1964490413666	0.4920626105116917	0.0	3
1031	1351.5198636054993	0.4920626105116917	0.0	4
1032	1352.839340686798	0.4920626105116917	0.0	5
1033	1354.1633169651031	0.4920626105116917	0.0	6
1034	1355.4303336143494	0.4920626105116917	0.0	7
1035	1356.746217250824	0.4920626105116917	0.0	8
1036	1358.0283851623535	0.4920626105116917	0.0	9
1037	1359.3066442012787	0.4920626105116917	0.0	10
1038	1360.590945482254	0.4920626105116917	0.0	11
1039	1361.8727190494537	0.4920626105116917	0.0	12
1040	1363.1466889381409	0.4920626105116917	0.0	13
1041	1364.4221522808075	0.4920626105116917	0.0	14
1042	1365.6952075958252	0.4920626105116917	0.0	15
1043	1367.0002326965332	0.4920626105116917	0.0	16
1044	1368.276519536972	0.4920626105116917	0.0	17
1045	1369.5687673091888	0.4920626105116917	0.0	18
1046	1370.8713171482086	0.49215592523094687	9.331471925516643e-05	0
1047	1372.1617674827576	0.49215592523094687	0.0	1
1048	1373.4348158836365	0.49215592523094687	0.0	2
1049	1374.742722272873	0.49215592523094687	0.0	3
1050	1376.0117585659027	0.49215592523094687	0.0	4
1051	1377.298213481903	0.49215592523094687	0.0	5
1052	1378.6007690429688	0.49215592523094687	0.0	6
1053	1379.9019813537598	0.49215592523094687	0.0	7
1054	1381.1784620285034	0.49215592523094687	0.0	8
1055	1382.4796450138092	0.49215592523094687	0.0	9
1056	1383.7687466144562	0.49215592523094687	0.0	10
1057	1385.0584955215454	0.49215592523094687	0.0	11
1058	1386.3098442554474	0.49215592523094687	0.0	12
1059	1387.5847923755646	0.49215592523094687	0.0	13
1060	1388.8404536247253	0.4926093896597142	0.00045346442876731397	0
1061	1390.1329424381256	0.4927027043789694	9.331471925522195e-05	0
1062	1391.416715145111	0.4927027043789694	0.0	1
1063	1392.7043840885162	0.4927027043789694	0.0	2
1064	1393.9967329502106	0.4927027043789694	0.0	3
1065	1395.277359008789	0.4927027043789694	0.0	4
1066	1396.5569522380829	0.4927027043789694	0.0	5
1067	1397.8509311676025	0.4927027043789694	0.0	6
1068	1399.1214604377747	0.4927027043789694	0.0	7
1069	1400.424088716507	0.4927027043789694	0.0	8
1070	1401.6932644844055	0.4929054031195872	0.00020269874061779047	0
1071	1402.957733631134	0.4929054031195872	0.0	1
1072	1404.2312829494476	0.4929054031195872	0.0	2
1073	1405.5585436820984	0.4929054031195872	0.0	3
1074	1406.8318569660187	0.49385743879005484	0.0009520356704676436	0
1075	1408.1253097057343	0.49385743879005484	0.0	1
1076	1409.3911163806915	0.49385743879005484	0.0	2
1077	1410.694988489151	0.49385743879005484	0.0	3
1078	1411.998254776001	0.49385743879005484	0.0	4
1079	1413.3032698631287	0.49385743879005484	0.0	5
1080	1414.5805315971375	0.49385743879005484	0.0	6
1081	1415.873966217041	0.49385743879005484	0.0	7
1082	1417.1486966609955	0.49385743879005484	0.0	8
1083	1418.4617538452148	0.49385743879005484	0.0	9
1084	1419.7465670108795	0.49385743879005484	0.0	10
1085	1421.0567827224731	0.49385743879005484	0.0	11
1086	1422.3471584320068	0.49385743879005484	0.0	12
1087	1423.6454939842224	0.49385743879005484	0.0	13
1088	1424.9181995391846	0.49385743879005484	0.0	14
1089	1426.1984734535217	0.49385743879005484	0.0	15
1090	1427.4686272144318	0.49385743879005484	0.0	16
1091	1428.7490718364716	0.49385743879005484	0.0	17
1092	1430.0218238830566	0.49439089733238306	0.0005334585423282245	0
1093	1431.3544011116028	0.49439089733238306	0.0	1
1094	1432.6258075237274	0.49439089733238306	0.0	2
1095	1433.958612203598	0.49439089733238306	0.0	3
1096	1435.2436242103577	0.49439089733238306	0.0	4
1097	1436.56156539917	0.49439089733238306	0.0	5
1098	1437.8283114433289	0.49439089733238306	0.0	6
1099	1439.1142282485962	0.49439089733238306	0.0	7
1100	1440.3868062496185	0.49439089733238306	0.0	8
1101	1441.6883058547974	0.49439089733238306	0.0	9
1102	1442.9508531093597	0.4944735344232643	8.263709088124349e-05	0
1103	1444.23060297966	0.4944735344232643	0.0	1
1104	1445.4809617996216	0.4944735344232643	0.0	2
1105	1446.7853891849518	0.4944735344232643	0.0	3
1106	1448.0573561191559	0.49554563174346855	0.001072097320204246	0
1107	1449.3724143505096	0.49554563174346855	0.0	1
1108	1450.6555602550507	0.49554563174346855	0.0	2
1109	1451.95144033432	0.49554563174346855	0.0	3
1110	1453.2293145656586	0.49554563174346855	0.0	4
1111	1454.4924893379211	0.49554563174346855	0.0	5
1112	1455.7934482097626	0.49554563174346855	0.0	6
1113	1457.1008565425873	0.49562826883434974	8.263709088118798e-05	0
1114	1458.399504184723	0.49562826883434974	0.0	1
1115	1459.7053575515747	0.49562826883434974	0.0	2
1116	1460.981086730957	0.49562826883434974	0.0	3
1117	1462.2802016735077	0.49562826883434974	0.0	4
1118	1463.5826706886292	0.49562826883434974	0.0	5
1119	1464.8855392932892	0.49562826883434974	0.0	6
1120	1466.1377136707306	0.49562826883434974	0.0	7
1121	1467.4504458904266	0.49562826883434974	0.0	8
1122	1468.7010750770569	0.49562826883434974	0.0	9
1123	1470.0176956653595	0.49562826883434974	0.0	10
1124	1471.2751295566559	0.49562826883434974	0.0	11
1125	1472.5628101825714	0.49562826883434974	0.0	12
1126	1473.859031200409	0.49562826883434974	0.0	13
1127	1475.149246454239	0.49562826883434974	0.0	14
1128	1476.438777923584	0.49562826883434974	0.0	15
1129	1477.722495317459	0.49562826883434974	0.0	16
1130	1478.9811708927155	0.49562826883434974	0.0	17
1131	1480.2880456447601	0.49562826883434974	0.0	18
1132	1481.555145740509	0.49562826883434974	0.0	19
1133	1482.8684644699097	0.49562826883434974	0.0	20
1134	1484.1299295425415	0.49562826883434974	0.0	21
1135	1485.4401540756226	0.49562826883434974	0.0	22
1136	1486.7262964248657	0.49565226706841803	2.3998234068289825e-05	0
1137	1488.0143394470215	0.49565226706841803	0.0	1
1138	1489.2796759605408	0.49568415899474955	3.1891926331517606e-05	0
1139	1490.5668914318085	0.49568415899474955	0.0	1
1140	1491.8395924568176	0.49568415899474955	0.0	2
1141	1493.1363430023193	0.49568415899474955	0.0	3
1142	1494.3846588134766	0.49568415899474955	0.0	4
1143	1495.6798985004425	0.49568415899474955	0.0	5
1144	1496.9472601413727	0.49568415899474955	0.0	6
1145	1498.2407579421997	0.49568429995353996	1.409587904177556e-07	7
1146	1499.5090155601501	0.49568429995353996	0.0	8
1147	1500.7828531265259	0.4957375118969219	5.3211943381925586e-05	0
1148	1502.049649477005	0.4957375118969219	0.0	1
1149	1503.3373708724976	0.4957375118969219	0.0	2
1150	1504.6085004806519	0.4957375118969219	0.0	3
1151	1505.9094498157501	0.4957375118969219	0.0	4
1152	1507.179134607315	0.4957375118969219	0.0	5
1153	1508.445238351822	0.4957375118969219	0.0	6
1154	1509.7213270664215	0.49578293586713335	4.542397021145561e-05	0
1155	1511.0075545310974	0.49578293586713335	0.0	1
1156	1512.2763011455536	0.49578293586713335	0.0	2
1157	1513.5555310249329	0.4958148982728601	3.1962405726781995e-05	0
1158	1514.8473041057587	0.4958148982728601	0.0	1
1159	1516.1320490837097	0.4961538689241123	0.0003389706512521573	0
1160	1517.417335987091	0.49671904319428406	0.0005651742701717755	0
1161	1518.7203845977783	0.49671904319428406	0.0	1
1162	1520.0006477832794	0.49671904319428406	0.0	2
1163	1521.3261830806732	0.49671904319428406	0.0	3
1164	1522.6025195121765	0.49689492452502526	0.00017588133074120105	0
1165	1523.8813972473145	0.49689492452502526	0.0	1
1166	1525.1306307315826	0.49689492452502526	0.0	2
1167	1526.4029853343964	0.49689492452502526	0.0	3
1168	1527.672653913498	0.49689492452502526	0.0	4
1169	1528.978244304657	0.49689492452502526	0.0	5
1170	1530.2375950813293	0.498370023027028	0.0014750985020027252	0
1171	1531.5417656898499	0.498370023027028	0.0	1
1172	1532.8020193576813	0.498370023027028	0.0	2
1173	1534.1129312515259	0.498370023027028	0.0	3
1174	1535.3934304714203	0.498370023027028	0.0	4
1175	1536.6947195529938	0.498370023027028	0.0	5
1176	1537.9554405212402	0.4991832142889362	0.0008131912619082082	0
1177	1539.2497000694275	0.4991832142889362	0.0	1
1178	1540.5124266147614	0.4992871713968678	0.00010395710793159596	0
1179	1541.794554233551	0.4992871713968678	0.0	1
1180	1543.0662972927094	0.4992871713968678	0.0	2
1181	1544.3421277999878	0.4992871713968678	0.0	3
1182	1545.616478919983	0.4992871713968678	0.0	4
1183	1546.899861574173	0.4992871713968678	0.0	5
1184	1548.1730074882507	0.4992871713968678	0.0	6
1185	1549.4253978729248	0.4992871713968678	0.0	7
1186	1550.6909306049347	0.4992871713968678	0.0	8
1187	1551.9775440692902	0.4992871713968678	0.0	9
1188	1553.2416455745697	0.4992871713968678	0.0	10
1189	1554.521868467331	0.4992871713968678	0.0	11
1190	1555.8026790618896	0.4992871713968678	0.0	12
1191	1557.0873448848724	0.4992871713968678	0.0	13
1192	1558.3677959442139	0.4992871713968678	0.0	14
1193	1559.6457688808441	0.4992871713968678	0.0	15
1194	1560.913616657257	0.4992871713968678	0.0	16
1195	1562.1945872306824	0.4992871713968678	0.0	17
1196	1563.4787998199463	0.4992871713968678	0.0	18
1197	1564.7753813266754	0.4992871713968678	0.0	19
1198	1566.0265259742737	0.4992871713968678	0.0	20
1199	1567.3038601875305	0.4992871713968678	0.0	21
1200	1568.5600509643555	0.4992871713968678	0.0	22
1201	1569.8228776454926	0.4992871713968678	0.0	23
1202	1571.072538614273	0.4992871713968678	0.0	24
1203	1572.352754354477	0.4992871713968678	0.0	25
1204	1573.618707895279	0.4992871713968678	0.0	26
1205	1574.9001739025116	0.4992871713968678	0.0	27
1206	1576.1611864566803	0.4992871713968678	0.0	28
1207	1577.4341189861298	0.4992871713968678	0.0	29
1208	1578.6971757411957	0.4992871713968678	0.0	30
1209	1579.9813482761383	0.4992871713968678	0.0	31
1210	1581.25577378273	0.4992871713968678	0.0	32
1211	1582.5401389598846	0.4992871713968678	0.0	33
1212	1583.8356444835663	0.4992871713968678	0.0	34
1213	1585.1556222438812	0.4992871713968678	0.0	35
1214	1586.4513580799103	0.4992871713968678	0.0	36
1215	1587.7749309539795	0.4992871713968678	0.0	37
1216	1589.0676488876343	0.4992871713968678	0.0	38
1217	1590.3659479618073	0.4992871713968678	0.0	39
1218	1591.6451799869537	0.4992871713968678	0.0	40
1219	1592.9116702079773	0.4992871713968678	0.0	41
1220	1594.1770610809326	0.4993272036933458	4.003229647803197e-05	0
1221	1595.4351840019226	0.4993272036933458	0.0	1
1222	1596.7077701091766	0.4993272036933458	0.0	2
1223	1597.9970364570618	0.4993272036933458	0.0	3
1224	1599.276449918747	0.4993272036933458	0.0	4
1225	1600.5553584098816	0.4993272036933458	0.0	5
1226	1601.8053390979767	0.4993272036933458	0.0	6
1227	1603.1096613407135	0.4993272036933458	0.0	7
1228	1604.3908560276031	0.4993562764438691	2.9072750523273516e-05	0
1229	1605.6601474285126	0.4993562764438691	0.0	1
1230	1606.9285898208618	0.4993562764438691	0.0	2
1231	1608.1968111991882	0.4993562764438691	0.0	3
1232	1609.477662563324	0.4993562764438691	0.0	4
1233	1610.7506413459778	0.4993562764438691	0.0	5
1234	1611.9861903190613	0.4993562764438691	0.0	6
1235	1613.2410933971405	0.4993562764438691	0.0	7
1236	1614.499829530716	0.4993562764438691	0.0	8
1237	1615.7553634643555	0.4993562764438691	0.0	9
1238	1617.0211136341095	0.4993562764438691	0.0	10
1239	1618.2831642627716	0.4993562764438691	0.0	11
1240	1619.5724017620087	0.4993562764438691	0.0	12
1241	1620.858906507492	0.49936163287790486	5.356434035763691e-06	0
1242	1622.1390583515167	0.49936163287790486	0.0	1
1243	1623.4361984729767	0.49936163287790486	0.0	2
1244	1624.712771654129	0.49936163287790486	0.0	3
1245	1626.003121137619	0.49936163287790486	0.0	4
1246	1627.263789653778	0.49936163287790486	0.0	5
1247	1628.5143423080444	0.49936163287790486	0.0	6
1248	1629.7873952388763	0.49936163287790486	0.0	7
1249	1631.0848770141602	0.49936163287790486	0.0	8
1250	1632.3578562736511	0.49936163287790486	0.0	9
1251	1633.6297974586487	0.49936163287790486	0.0	10
1252	1634.8851432800293	0.49936163287790486	0.0	11
1253	1636.1550376415253	0.49936163287790486	0.0	12
1254	1637.4180567264557	0.49936163287790486	0.0	13
1255	1638.7080688476562	0.49936163287790486	0.0	14
1256	1639.9659931659698	0.49936163287790486	0.0	15
1257	1641.2349150180817	0.49936163287790486	0.0	16
1258	1642.5233426094055	0.49949748191216803	0.00013584903426316908	0
1259	1643.7985639572144	0.49949748191216803	0.0	1
1260	1645.0636627674103	0.49949748191216803	0.0	2
1261	1646.3489441871643	0.49949748191216803	0.0	3
1262	1647.6329815387726	0.49949748191216803	0.0	4
1263	1648.9293763637543	0.49949748191216803	0.0	5
1264	1650.2070269584656	0.4995908318711208	9.334995895277087e-05	0
1265	1651.4634418487549	0.4995908318711208	0.0	1
1266	1652.741913318634	0.4995908318711208	0.0	2
1267	1654.025010585785	0.4995908318711208	0.0	3
1268	1655.2886011600494	0.4995908318711208	0.0	4
1269	1656.5657210350037	0.4995908318711208	0.0	5
1270	1657.8313431739807	0.4995908318711208	0.0	6
1271	1659.0989305973053	0.4995908318711208	0.0	7
1272	1660.375807762146	0.4995908318711208	0.0	8
1273	1661.652048587799	0.4995908318711208	0.0	9
1274	1662.9313967227936	0.4995908318711208	0.0	10
1275	1664.2372069358826	0.4995908318711208	0.0	11
1276	1665.5204725265503	0.4995908318711208	0.0	12
1277	1666.795159816742	0.4996628618130232	7.20299419024184e-05	0
1278	1668.0424766540527	0.5007242110254583	0.0010613492124350588	0
1279	1669.329321861267	0.5007242110254583	0.0	1
1280	1670.557278394699	0.5007455662822062	2.1355256747956908e-05	0
1281	1671.8322837352753	0.5007455662822062	0.0	1
1282	1673.120168685913	0.5007455662822062	0.0	2
1283	1674.3863043785095	0.5007455662822062	0.0	3
1284	1675.6274147033691	0.5007455662822062	0.0	4
1285	1676.9092965126038	0.5007455662822062	0.0	5
1286	1678.1995265483856	0.5008175962241087	7.202994190247392e-05	0
1287	1679.4885942935944	0.5008175962241087	0.0	1
1288	1680.7546708583832	0.5008175962241087	0.0	2
1289	1682.0498003959656	0.5008175962241087	0.0	3
1290	1683.3371160030365	0.5008175962241087	0.0	4
1291	1684.6208684444427	0.5008175962241087	0.0	5
1292	1685.8602809906006	0.5008175962241087	0.0	6
1293	1687.1450653076172	0.5008175962241087	0.0	7
1294	1688.3825478553772	0.5008175962241087	0.0	8
1295	1689.6602663993835	0.5008175962241087	0.0	9
1296	1690.9307737350464	0.5008175962241087	0.0	10
1297	1692.2102663516998	0.5008175962241087	0.0	11
1298	1693.47074842453	0.5019003006932917	0.0010827044691830157	0
1299	1694.7709493637085	0.5019003006932917	0.0	1
1300	1696.011078119278	0.5019003006932917	0.0	2
1301	1697.27752327919	0.5019003006932917	0.0	3
1302	1698.5475678443909	0.5019003006932917	0.0	4
1303	1699.8295052051544	0.5019003006932917	0.0	5
1304	1701.0773293972015	0.5019003006932917	0.0	6
1305	1702.3616213798523	0.5019003006932917	0.0	7
1306	1703.625740289688	0.5019003006932917	0.0	8
1307	1704.8768138885498	0.501935505151198	3.520445790627935e-05	0
1308	1706.1250970363617	0.502105889089113	0.0001703839379150196	0
1309	1707.4302747249603	0.502105889089113	0.0	1
1310	1708.7053618431091	0.502105889089113	0.0	2
1311	1710.0236809253693	0.5021219231515228	1.6034062409797656e-05	0
1312	1711.2907078266144	0.5021219231515228	0.0	1
1313	1712.5783228874207	0.5021778837913178	5.59606397949608e-05	0
1314	1713.84952378273	0.5021778837913178	0.0	1
1315	1715.1390042304993	0.5021778837913178	0.0	2
1316	1716.3972771167755	0.5021778837913178	0.0	3
1317	1717.64692735672	0.5021778837913178	0.0	4
1318	1718.8957178592682	0.5021778837913178	0.0	5
1319	1720.192132472992	0.5021778837913178	0.0	6
1320	1721.4307699203491	0.5021778837913178	0.0	7
1321	1722.7107694149017	0.5021778837913178	0.0	8
1322	1723.9563138484955	0.5021778837913178	0.0	9
1323	1725.2409045696259	0.5021778837913178	0.0	10
1324	1726.4840726852417	0.5021778837913178	0.0	11
1325	1727.7914304733276	0.5021778837913178	0.0	12
1326	1729.0638608932495	0.5021778837913178	0.0	13
1327	1730.3367257118225	0.5021778837913178	0.0	14
1328	1731.5998389720917	0.5021778837913178	0.0	15
1329	1732.8522124290466	0.5021778837913178	0.0	16
1330	1734.0676493644714	0.5021778837913178	0.0	17
1331	1735.327490568161	0.5021963493928623	1.846560154450394e-05	0
1332	1736.581737279892	0.5021963493928623	0.0	1
1333	1737.8764491081238	0.5023029142384166	0.00010656484555426893	0
1334	1739.1178328990936	0.5023029142384166	0.0	1
1335	1740.378779888153	0.5023029142384166	0.0	2
1336	1741.6503648757935	0.5023029142384166	0.0	3
1337	1742.923471212387	0.5023029142384166	0.0	4
1338	1744.1850171089172	0.5023029142384166	0.0	5
1339	1745.472750902176	0.5023029142384166	0.0	6
1340	1746.7368817329407	0.5023029142384166	0.0	7
1341	1748.0119609832764	0.5023029142384166	0.0	8
1342	1749.273200750351	0.5023029142384166	0.0	9
1343	1750.5461764335632	0.5023029142384166	0.0	10
1344	1751.8143093585968	0.5023029142384166	0.0	11
1345	1753.1282472610474	0.5023029142384166	0.0	12
1346	1754.3655786514282	0.5023029142384166	0.0	13
1347	1755.671278476715	0.5023029142384166	0.0	14
1348	1756.9177839756012	0.502385621808693	8.270757027639686e-05	0
1349	1758.2044076919556	0.503457648649502	0.0010720268408090927	0
1350	1759.458862543106	0.503457648649502	0.0	1
1351	1760.7472929954529	0.503457648649502	0.0	2
1352	1762.0327038764954	0.503457648649502	0.0	3
1353	1763.3179717063904	0.503457648649502	0.0	4
1354	1764.582380771637	0.5035403562197784	8.270757027639686e-05	0
1355	1765.870085477829	0.5035403562197784	0.0	1
1356	1767.1271393299103	0.5035403562197784	0.0	2
1357	1768.4016070365906	0.5035403562197784	0.0	3
1358	1769.6595759391785	0.5035403562197784	0.0	4
1359	1770.9231164455414	0.5035403562197784	0.0	5
1360	1772.1999034881592	0.5035403562197784	0.0	6
1361	1773.5056567192078	0.5035403562197784	0.0	7
1362	1774.7546257972717	0.5035403562197784	0.0	8
1363	1776.0411169528961	0.5035403562197784	0.0	9
1364	1777.3102550506592	0.5035403562197784	0.0	10
1365	1778.5724935531616	0.5035403562197784	0.0	11
1366	1779.8474254608154	0.5035403562197784	0.0	12
1367	1781.1128108501434	0.5035403562197784	0.0	13
1368	1782.3861103057861	0.5035403562197784	0.0	14
1369	1783.6820673942566	0.5035403562197784	0.0	15
1370	1784.953785419464	0.5035403562197784	0.0	16
1371	1786.2122151851654	0.5035403562197784	0.0	17
1372	1787.4765849113464	0.5035403562197784	0.0	18
1373	1788.7516822814941	0.5035403562197784	0.0	19
1374	1790.022495508194	0.5035403562197784	0.0	20
1375	1791.305370092392	0.5035403562197784	0.0	21
1376	1792.5685167312622	0.5035403562197784	0.0	22
1377	1793.8654029369354	0.5035403562197784	0.0	23
1378	1795.1280510425568	0.5035403562197784	0.0	24
1379	1796.3929407596588	0.5035403562197784	0.0	25
1380	1797.6567645072937	0.5035403562197784	0.0	26
1381	1798.9230473041534	0.5058498250419493	0.002309468822170868	0
1382	1800.1849718093872	0.5058498250419493	0.0	1
1383	1801.4421985149384	0.5058498250419493	0.0	2
1384	1802.6818792819977	0.5058498250419493	0.0	3
1385	1803.9384174346924	0.5058498250419493	0.0	4
1386	1805.1917645931244	0.5058498250419493	0.0	5
1387	1806.4716856479645	0.5058498250419493	0.0	6
1388	1807.7096514701843	0.5058498250419493	0.0	7
1389	1809.0017931461334	0.5058498250419493	0.0	8
1390	1810.2840757369995	0.5058498250419493	0.0	9
1391	1811.5586364269257	0.5058498250419493	0.0	10
1392	1812.834214925766	0.5058498250419493	0.0	11
1393	1814.132964372635	0.5058498250419493	0.0	12
1394	1815.4028062820435	0.5058498250419493	0.0	13
1395	1816.6645736694336	0.5058498250419493	0.0	14
1396	1817.9214406013489	0.5058498250419493	0.0	15
1397	1819.1807062625885	0.5058498250419493	0.0	16
1398	1820.4552342891693	0.5058498250419493	0.0	17
1399	1821.721559047699	0.5058498250419493	0.0	18
1400	1822.9961469173431	0.5058498250419493	0.0	19
1401	1824.2541465759277	0.5058498250419493	0.0	20
1402	1825.5337295532227	0.5058498250419493	0.0	21
1403	1826.8170504570007	0.5058498250419493	0.0	22
1404	1828.1015474796295	0.5058498250419493	0.0	23
1405	1829.384996175766	0.5058498250419493	0.0	24
1406	1830.6755499839783	0.5058498250419493	0.0	25
1407	1831.9679746627808	0.5058498250419493	0.0	26
1408	1833.2454195022583	0.5058498250419493	0.0	27
1409	1834.5270822048187	0.5058498250419493	0.0	28
1410	1835.8218536376953	0.5058498250419493	0.0	29
1411	1837.096333026886	0.5058498250419493	0.0	30
1412	1838.3563213348389	0.5058498250419493	0.0	31
1413	1839.6432740688324	0.5058498250419493	0.0	32
1414	1840.9200294017792	0.5058498250419493	0.0	33
1415	1842.1757385730743	0.5063645360651523	0.0005147110232029961	0
1416	1843.461332321167	0.5063645360651523	0.0	1
1417	1844.7511072158813	0.5063645360651523	0.0	2
1418	1846.0440835952759	0.5063645360651523	0.0	3
1419	1847.3314294815063	0.5063645360651523	0.0	4
1420	1848.5839653015137	0.5063645360651523	0.0	5
1421	1849.8520979881287	0.5063645360651523	0.0	6
1422	1851.1399502754211	0.5063645360651523	0.0	7
1423	1852.4117369651794	0.5063645360651523	0.0	8
1424	1853.6782138347626	0.5070045594530348	0.0006400233878824935	0
1425	1854.9323892593384	0.5070045594530348	0.0	1
1426	1856.2017142772675	0.5070045594530348	0.0	2
1427	1857.4533133506775	0.5070045594530348	0.0	3
1428	1858.7244274616241	0.5070045594530348	0.0	4
1429	1859.9701433181763	0.5072713239638965	0.0002667645108617167	0
1430	1861.260647058487	0.5075192704762377	0.0002479465123411684	0
1431	1862.525999546051	0.5075192704762377	0.0	1
1432	1863.7852828502655	0.5075192704762377	0.0	2
1433	1865.0341806411743	0.5075192704762377	0.0	3
1434	1866.309624671936	0.5075192704762377	0.0	4
1435	1867.5687112808228	0.5075192704762377	0.0	5
1436	1868.8538310527802	0.5075192704762377	0.0	6
1437	1870.121038198471	0.5075192704762377	0.0	7
1438	1871.4106147289276	0.5075192704762377	0.0	8
1439	1872.6856410503387	0.5079113121120814	0.00039204163584372065	0
1440	1873.9587490558624	0.508426058374982	0.0005147462629006005	0
1441	1875.2333314418793	0.508426058374982	0.0	1
1442	1876.4864959716797	0.508426058374982	0.0	2
1443	1877.75679397583	0.508426058374982	0.0	3
1444	1879.0334122180939	0.508426058374982	0.0	4
1445	1880.2998280525208	0.5086740048873232	0.0002479465123411684	0
1446	1881.5726218223572	0.5086740048873232	0.0	1
1447	1882.8160486221313	0.5086740048873232	0.0	2
1448	1884.0946297645569	0.5086740048873232	0.0	3
1449	1885.3597085475922	0.5086740048873232	0.0	4
1450	1886.6274871826172	0.5095807927860674	0.0009067878987442102	0
1451	1887.8694627285004	0.5095807927860674	0.0	1
1452	1889.1400830745697	0.5095807927860674	0.0	2
1453	1890.393409729004	0.5095807927860674	0.0	3
1454	1891.6574783325195	0.5095807927860674	0.0	4
1455	1892.9065415859222	0.5095807927860674	0.0	5
1456	1894.1842594146729	0.5095807927860674	0.0	6
1457	1895.42435836792	0.5095807927860674	0.0	7
1458	1896.6868469715118	0.5095807927860674	0.0	8
1459	1897.950032234192	0.5095807927860674	0.0	9
1460	1899.2065424919128	0.5095807927860674	0.0	10
1461	1900.4488673210144	0.5095807927860674	0.0	11
1462	1901.7060945034027	0.5095807927860674	0.0	12
1463	1902.9760200977325	0.5095807927860674	0.0	13
1464	1904.2516305446625	0.5095807927860674	0.0	14
1465	1905.5026416778564	0.5095807927860674	0.0	15
1466	1906.7791800498962	0.5095807927860674	0.0	16
1467	1908.025411605835	0.5095807927860674	0.0	17
1468	1909.27472448349	0.5095807927860674	0.0	18
1469	1910.5144538879395	0.5095807927860674	0.0	19
1470	1911.7714376449585	0.5095807927860674	0.0	20
1471	1913.0158433914185	0.5095807927860674	0.0	21
1472	1914.2762842178345	0.5095807927860674	0.0	22
1473	1915.5165395736694	0.5095807927860674	0.0	23
1474	1916.7853755950928	0.5095807927860674	0.0	24
1475	1918.0478608608246	0.5095807927860674	0.0	25
1476	1919.310315132141	0.5095807927860674	0.0	26
1477	1920.5703921318054	0.5095807927860674	0.0	27
1478	1921.8200144767761	0.5095807927860674	0.0	28
1479	1923.0717346668243	0.5095807927860674	0.0	29
1480	1924.3468053340912	0.5095807927860674	0.0	30
1481	1925.615068435669	0.5095807927860674	0.0	31
1482	1926.89528799057	0.5095807927860674	0.0	32
1483	1928.1685073375702	0.5095807927860674	0.0	33
1484	1929.428778886795	0.5095807927860674	0.0	34
1485	1930.68772315979	0.5095807927860674	0.0	35
1486	1931.9307482242584	0.5095807927860674	0.0	36
1487	1933.201103925705	0.5095807927860674	0.0	37
1488	1934.4814453125	0.5095807927860674	0.0	38
1489	1935.7540471553802	0.5095807927860674	0.0	39
1490	1937.0307273864746	0.5095807927860674	0.0	40
1491	1938.2918865680695	0.5095807927860674	0.0	41
1492	1939.558982372284	0.5095860787407079	5.285954640554813e-06	0
1493	1940.7965042591095	0.5095860787407079	0.0	1
1494	1942.0845439434052	0.5095860787407079	0.0	2
1495	1943.352670431137	0.5095860787407079	0.0	3
1496	1944.613784790039	0.5095860787407079	0.0	4
1497	1945.8575286865234	0.5095860787407079	0.0	5
1498	1947.148737192154	0.5095860787407079	0.0	6
1499	1948.4101667404175	0.5095860787407079	0.0	7
1500	1949.6827673912048	0.5095860787407079	0.0	8
1501	1950.9364252090454	0.5095860787407079	0.0	9
1502	1952.2131202220917	0.5095860787407079	0.0	10
1503	1953.472648382187	0.5095860787407079	0.0	11
1504	1954.7364211082458	0.5095860787407079	0.0	12
1505	1956.034084558487	0.5095860787407079	0.0	13
1506	1957.3471026420593	0.5095860787407079	0.0	14
1507	1958.6321098804474	0.5095860787407079	0.0	15
1508	1959.9363355636597	0.509607433997456	2.135525674806793e-05	0
1509	1961.21439743042	0.509607433997456	0.0	1
1510	1962.491055727005	0.509607433997456	0.0	2
1511	1963.7437794208527	0.5096235032995634	1.6069302107402095e-05	0
1512	1965.0239417552948	0.5096235032995634	0.0	1
1513	1966.2732284069061	0.5096235032995634	0.0	2
1514	1967.5594816207886	0.510054520040957	0.00043101674139356394	0
1515	1968.8277230262756	0.510054520040957	0.0	1
1516	1970.0884215831757	0.511137400708628	0.0010828806676710379	0
1517	1971.3601949214935	0.511137400708628	0.0	1
1518	1972.648470878601	0.511137400708628	0.0	2
1519	1973.9247481822968	0.511137400708628	0.0	3
1520	1975.2126398086548	0.511137400708628	0.0	4
1521	1976.4901614189148	0.511137400708628	0.0	5
1522	1977.7798480987549	0.511137400708628	0.0	6
1523	1979.0327298641205	0.5112306097087904	9.320900016240863e-05	0
1524	1980.3053703308105	0.5121480752359087	0.0009174655271182441	0
1525	1981.5601167678833	0.5121480752359087	0.0	1
1526	1982.8413541316986	0.5121480752359087	0.0	2
1527	1984.0859003067017	0.5121480752359087	0.0	3
1528	1985.3665826320648	0.5122359982814304	8.792304552174279e-05	0
1529	1986.6270854473114	0.5122359982814304	0.0	1
1530	1987.8780677318573	0.5122359982814304	0.0	2
1531	1989.1309041976929	0.5122359982814304	0.0	3
1532	1990.4055757522583	0.5122359982814304	0.0	4
1533	1991.6484951972961	0.5122359982814304	0.0	5
1534	1992.9392094612122	0.5122359982814304	0.0	6
1535	1994.200520992279	0.5123026365495994	6.663826816899476e-05	0
1536	1995.4663138389587	0.5123026365495994	0.0	1
1537	1996.7448990345001	0.5123178953386619	1.52587890625e-05	0
1538	1998.0357387065887	0.5123178953386619	0.0	1
1539	1999.302107334137	0.5123178953386619	0.0	2
1540	2000.5844631195068	0.5123178953386619	0.0	3
1541	2001.8479692935944	0.5123178953386619	0.0	4
1542	2003.113156080246	0.5123178953386619	0.0	5
1543	2004.3521931171417	0.5123178953386619	0.0	6
1544	2005.6314845085144	0.5123178953386619	0.0	7
1545	2006.890052318573	0.5123178953386619	0.0	8
1546	2008.1615579128265	0.5123178953386619	0.0	9
1547	2009.4285452365875	0.5123178953386619	0.0	10
1548	2010.7025363445282	0.5123178953386619	0.0	11
1549	2011.971895456314	0.5123692748177685	5.1379479106605785e-05	0
1550	2013.262489080429	0.5124858477374422	0.00011657291967370753	0
1551	2014.5383417606354	0.5124858477374422	0.0	1
1552	2015.8343043327332	0.5124858477374422	0.0	2
1553	2017.1182601451874	0.5124858477374422	0.0	3
1554	2018.3999516963959	0.5131320380724055	0.0006461903349632703	0
1555	2019.6564202308655	0.5131320380724055	0.0	1
1556	2020.943701505661	0.5131320380724055	0.0	2
1557	2022.220981836319	0.5134726297497474	0.000340591677341906	0
1558	2023.483583688736	0.5134726297497474	0.0	1
1559	2024.7612659931183	0.5134726297497474	0.0	2
1560	2026.0617492198944	0.5134726297497474	0.0	3
1561	2027.3019473552704	0.5134726297497474	0.0	4
1562	2028.5968494415283	0.5134726297497474	0.0	5
1563	2029.835530757904	0.5139367718068887	0.0004641420571412924	0
1564	2031.1251707077026	0.5139367718068887	0.0	1
1565	2032.3992245197296	0.514312744140625	0.00037597233373631855	0
1566	2033.6868078708649	0.514312744140625	0.0	1
1567	2034.9251158237457	0.5144550420395496	0.00014229789892461486	0
1568	2036.2031395435333	0.5144550420395496	0.0	1
1569	2037.4769234657288	0.5144550420395496	0.0	2
1570	2038.7542691230774	0.5146390637404373	0.0001840217008877154	0
1571	2040.0190505981445	0.5154168391062536	0.0007777753658162467	0
1572	2041.29611992836	0.5154168391062536	0.0	1
1573	2042.551560163498	0.5154168391062536	0.0	2
1574	2043.8118743896484	0.5157963354097502	0.0003794963034966514	0
1575	2045.0901973247528	0.5157963354097502	0.0	1
1576	2046.3586604595184	0.5157963354097502	0.0	2
1577	2047.599359512329	0.5157963354097502	0.0	3
1578	2048.878197669983	0.5157963354097502	0.0	4
1579	2050.138802051544	0.5157963354097502	0.0	5
1580	2051.408865213394	0.5157963354097502	0.0	6
1581	2052.6661624908447	0.5157963354097502	0.0	7
1582	2053.9411494731903	0.5165767537528868	0.0007804183431365797	0
1583	2055.162512779236	0.5165767537528868	0.0	1
1584	2056.446229457855	0.5168471479526018	0.0002703941997149739	0
1585	2057.6990456581116	0.5168471479526018	0.0	1
1586	2058.9584605693817	0.5168471479526018	0.0	2
1587	2060.2086935043335	0.5168471479526018	0.0	3
1588	2061.495851278305	0.5169510698208357	0.00010392186823393601	0
1589	2062.7508158683777	0.5169510698208357	0.0	1
1590	2064.009688138962	0.5169510698208357	0.0	2
1591	2065.267760038376	0.5169510698208357	0.0	3
1592	2066.5417954921722	0.5169510698208357	0.0	4
1593	2067.79141831398	0.5169510698208357	0.0	5
1594	2069.0561265945435	0.5180018823636872	0.0010508125428514425	0
1595	2070.3179619312286	0.5180018823636872	0.0	1
1596	2071.60560631752	0.5180018823636872	0.0	2
1597	2072.8632130622864	0.5181058042319212	0.00010392186823404703	0
1598	2074.1534101963043	0.5181058042319212	0.0	1
1599	2075.3956174850464	0.5181058042319212	0.0	2
1600	2076.6686561107635	0.5181058042319212	0.0	3
1601	2077.938616037369	0.5181058042319212	0.0	4
1602	2079.217312335968	0.5181058042319212	0.0	5
1603	2080.477390050888	0.5181058042319212	0.0	6
1604	2081.7883262634277	0.5181058042319212	0.0	7
1605	2083.075239419937	0.5181058042319212	0.0	8
1606	2084.367461204529	0.5181058042319212	0.0	9
1607	2085.6628363132477	0.5192605386430066	0.0011547344110853786	0
1608	2086.9473881721497	0.5192605386430066	0.0	1
1609	2088.1847608089447	0.5192605386430066	0.0	2
1610	2089.451057434082	0.5192605386430066	0.0	3
1611	2090.719575881958	0.5192605386430066	0.0	4
