1	1.1616251468658447	0.05513306515829035	10000000000.055134	0
2	2.077244997024536	0.14247177586410986	0.08733871070581951	0
3	3.0090723037719727	0.14247177586410986	0.0	1
4	3.948775053024292	0.14402856172747208	0.00155678586336222	0
5	4.908466100692749	0.15330241323468027	0.009273851507208192	0
6	5.897225856781006	0.15330241323468027	0.0	1
7	6.8832316398620605	0.15854874752354964	0.005246334288869364	0
8	7.876814126968384	0.15854874752354964	0.0	1
9	8.849544525146484	0.17047537723036285	0.011926629706813213	0
10	9.834263563156128	0.1733464875289698	0.0028711102986069548	0
11	10.826876163482666	0.1733464875289698	0.0	1
12	11.800785064697266	0.1733464875289698	0.0	2
13	12.78279185295105	0.17538414427348112	0.0020376567445113125	0
14	13.764705419540405	0.17773084625292812	0.0023467019794470023	0
15	14.733524799346924	0.17773084625292812	0.0	1
16	15.70452618598938	0.17773084625292812	0.0	2
17	16.670151233673096	0.17773084625292812	0.0	3
18	17.643221378326416	0.17773084625292812	0.0	4
19	18.608672380447388	0.17832587818589887	0.0005950319329707521	0
20	19.575965881347656	0.1783547652395148	2.8887053615922476e-05	0
21	20.54112672805786	0.1805181183883448	0.0021633531488300106	0
22	21.508877992630005	0.1814290705289947	0.000910952140649901	0
23	22.46812152862549	0.1814290705289947	0.0	1
24	23.43005084991455	0.1817337960907907	0.0003047255617960043	0
25	24.382749795913696	0.18179971065247458	6.591456168386634e-05	0
26	25.342424869537354	0.18574173484692733	0.003942024194452748	0
27	26.294955492019653	0.18893491024035586	0.0031931753934285323	0
28	27.238503217697144	0.19123050622772753	0.002295595987371668	0
29	28.175652503967285	0.19123050622772753	0.0	1
30	29.116015911102295	0.19123050622772753	0.0	2
31	30.055811882019043	0.19535854406524122	0.004128037837513698	0
32	30.991248607635498	0.19535854406524122	0.0	1
33	31.924086809158325	0.1956291867975603	0.00027064273231908187	0
34	32.85200810432434	0.1956724930417975	4.330624423720675e-05	0
35	33.78018140792847	0.19569311796002792	2.0624918230405243e-05	0
36	34.707911014556885	0.19650974304101873	0.0008166250809908127	0
37	35.646565675735474	0.1995630827056544	0.003053339664635668	0
38	36.57291579246521	0.1995630827056544	0.0	1
39	37.49633717536926	0.1995630827056544	0.0	2
40	38.41452670097351	0.1995630827056544	0.0	3
41	39.35248947143555	0.20192595608116526	0.00236287337551086	0
42	40.28014540672302	0.20372435160611044	0.0017983955249451788	0
43	41.199472188949585	0.20637794506797	0.0026535934618595602	0
44	42.1219687461853	0.20805604682204445	0.001678101754074457	0
45	43.04782056808472	0.21426547353157396	0.006209426709529509	0
46	43.97468161582947	0.21426547353157396	0.0	1
47	44.90024781227112	0.21426547353157396	0.0	2
48	45.81981348991394	0.21426547353157396	0.0	3
49	46.746904134750366	0.21426547353157396	0.0	4
50	47.65918207168579	0.21426547353157396	0.0	5
51	48.584978103637695	0.2142743319035337	8.858371959741262e-06	0
52	49.525227308273315	0.21602283824573865	0.0017485063422049418	0
53	50.443894386291504	0.21718771415844298	0.0011648759127043384	0
54	51.36953353881836	0.21756546044844	0.00037774628999701076	0
55	52.289982318878174	0.21986535177276464	0.002299891324324649	0
56	53.22040271759033	0.22096785403895036	0.0011025022661857176	0
57	54.138670682907104	0.22388792874520286	0.0029200747062524957	0
58	55.063679218292236	0.22388792874520286	0.0	1
59	56.01425647735596	0.2265701658988113	0.0026822371536084355	0
60	56.9524450302124	0.22697487668367475	0.0004047107848634546	0
61	57.897369384765625	0.22871557110994817	0.0017406944262734203	0
62	58.836581230163574	0.2292605070025917	0.0005449358926435388	0
63	59.77040719985962	0.2292605070025917	0.0	1
64	60.72343039512634	0.2292605070025917	0.0	2
65	61.67362356185913	0.2294005860932516	0.00014007909065988366	0
66	62.59020161628723	0.23384033397814494	0.004439747884893347	0
67	63.504934549331665	0.23384033397814494	0.0	1
68	64.42082047462463	0.23562023400119617	0.0017799000230512285	0
69	65.35384750366211	0.23562023400119617	0.0	1
70	66.27167415618896	0.23562023400119617	0.0	2
71	67.19197988510132	0.23562023400119617	0.0	3
72	68.11690711975098	0.23590572180740382	0.0002854878062076571	0
73	69.02139520645142	0.23590572180740382	0.0	1
74	69.94371223449707	0.23644895416697817	0.0005432323595743471	0
75	70.85030746459961	0.2365863806132875	0.00013742644630931888	0
76	71.77061653137207	0.23857579086766098	0.0019894102543734915	0
77	72.67917132377625	0.2387057217684659	0.00012993090080493097	0
78	73.59423041343689	0.2400931277723784	0.0013874060039124891	0
79	74.52544951438904	0.24067067415520335	0.0005775463828249505	0
80	75.43431067466736	0.24067067415520335	0.0	1
81	76.34077310562134	0.24155677904922995	0.0008861048940266014	0
82	77.24542880058289	0.24275124776496462	0.00119446871573467	0
83	78.16162371635437	0.2434711851761862	0.0007199374112215884	0
84	79.07939004898071	0.24503736480761562	0.0015661796314294096	0
85	80.00120520591736	0.24503736480761562	0.0	1
86	80.91053223609924	0.24506316116552035	2.579635790472823e-05	0
87	81.81033039093018	0.24575812964918511	0.0006949684836647652	0
88	82.72698426246643	0.24631754557291666	0.0005594159237315433	0
89	83.63381743431091	0.25043634782757673	0.0041188022546600755	0
90	84.54288411140442	0.25043634782757673	0.0	1
91	85.44021797180176	0.25043634782757673	0.0	2
92	86.35456204414368	0.25043634782757673	0.0	3
93	87.25854325294495	0.2531956820206589	0.0027593341930821635	0
94	88.17612814903259	0.25376660896070075	0.0005709269400418493	0
95	89.07905316352844	0.2545642031436902	0.0007975941829894695	0
96	89.99753761291504	0.2545642031436902	0.0	1
97	90.91930842399597	0.2545642031436902	0.0	2
98	91.83374214172363	0.25491362211236546	0.00034941896867524136	0
99	92.75672483444214	0.25491362211236546	0.0	1
100	93.6860842704773	0.25491362211236546	0.0	2
101	94.60588765144348	0.257087111282957	0.0021734891705915693	0
102	95.53210186958313	0.257087111282957	0.0	1
103	96.44644236564636	0.2571902480422025	0.00010313675924544796	0
104	97.36528706550598	0.26002918590198865	0.0028389378597861725	0
105	98.27426028251648	0.26028695479154207	0.0002577688895534225	0
106	99.18552803993225	0.26028695479154207	0.0	1
107	100.10737347602844	0.26182982035611047	0.0015428655645683964	0
108	101.01648807525635	0.26238685133354517	0.0005570309774347026	0
109	101.92756533622742	0.262886351565615	0.0004995002320698494	0
110	102.8416166305542	0.262886351565615	0.0	1
111	103.76001048088074	0.262886351565615	0.0	2
112	104.67687654495239	0.262886351565615	0.0	3
113	105.5905442237854	0.26339422344591057	0.0005078718802955517	0
114	106.50418019294739	0.26693397047417017	0.003539747028259599	0
115	107.4282751083374	0.26693397047417017	0.0	1
116	108.34167718887329	0.26693397047417017	0.0	2
117	109.25315737724304	0.26824907366738937	0.0013151031932192025	0
118	110.17312598228455	0.26824907366738937	0.0	1
119	111.09018039703369	0.2692316228693182	0.0009825492019288062	0
120	112.00839376449585	0.2692316228693182	0.0	1
121	112.93125200271606	0.2692316228693182	0.0	2
122	113.8626856803894	0.2699454762338641	0.0007138533645459355	0
123	114.77459025382996	0.27148860949648623	0.0015431332626221206	0
124	115.69764065742493	0.27234811493844696	0.0008595054419607284	0
125	116.62648129463196	0.27460344670491926	0.0022553317664723016	0
126	117.54561805725098	0.2774297540838068	0.0028263073788875603	0
127	118.46364879608154	0.2774297540838068	0.0	1
128	119.38069272041321	0.2774297540838068	0.0	2
129	120.2945032119751	0.2774297540838068	0.0	3
130	121.2161340713501	0.2774297540838068	0.0	4
131	122.13651418685913	0.2774297540838068	0.0	5
132	123.05146622657776	0.27970090437163575	0.002271150287828927	0
133	123.97292518615723	0.27970090437163575	0.0	1
134	124.89237880706787	0.27970090437163575	0.0	2
135	125.8023898601532	0.2800491552033493	0.0003482508317135258	0
136	126.7209701538086	0.2800491552033493	0.0	1
137	127.63972473144531	0.2800491552033493	0.0	2
138	128.56185674667358	0.28137538003389156	0.0013262248305422886	0
139	129.4823865890503	0.28137538003389156	0.0	1
140	130.41501688957214	0.28137538003389156	0.0	2
141	131.32810807228088	0.2815609921298719	0.00018561209598033646	0
142	132.25277376174927	0.28407995780689294	0.0025189656770210345	0
143	133.16292428970337	0.28439282382314096	0.0003128660162480257	0
144	134.08284544944763	0.28439282382314096	0.0	1
145	135.0128607749939	0.28439282382314096	0.0	2
146	135.92809677124023	0.2843972773453075	4.453522166547597e-06	0
147	136.85145711898804	0.28546084171276914	0.0010635643674616335	0
148	137.76919317245483	0.28558408016223086	0.00012323844946171558	0
149	138.68819618225098	0.28650262519313197	0.0009185450309011078	0
150	139.6070854663849	0.28650262519313197	0.0	1
151	140.52450561523438	0.28748617217871564	0.000983546985583672	0
152	141.44377493858337	0.2907047545510616	0.0032185823723459572	0
153	142.35762429237366	0.2907047545510616	0.0	1
154	143.28170371055603	0.2907047545510616	0.0	2
155	144.20396494865417	0.2907047545510616	0.0	3
156	145.12667870521545	0.2907047545510616	0.0	4
157	146.04792499542236	0.2907047545510616	0.0	5
158	146.96388792991638	0.2907047545510616	0.0	6
159	147.8919014930725	0.2907047545510616	0.0	7
160	148.81213760375977	0.29072913941013756	2.4384859075965437e-05	0
161	149.71947383880615	0.291710982862652	0.0009818434525144526	0
162	150.64338731765747	0.291710982862652	0.0	1
163	151.5659556388855	0.291710982862652	0.0	2
164	152.48715996742249	0.291710982862652	0.0	3
165	153.4068546295166	0.29172288325794954	1.1900395297526067e-05	0
166	154.3325080871582	0.29172288325794954	0.0	1
167	155.2452428340912	0.29172288325794954	0.0	2
168	156.16862273216248	0.2924559865461772	0.0007331032882276767	0
169	157.0929136276245	0.2924559865461772	0.0	1
170	158.0162329673767	0.2924559865461772	0.0	2
171	158.94877004623413	0.2924559865461772	0.0	3
172	159.86484837532043	0.29250843102852125	5.244448234403842e-05	0
173	160.77258896827698	0.29250843102852125	0.0	1
174	161.70744276046753	0.29250843102852125	0.0	2
175	162.6272246837616	0.29250843102852125	0.0	3
176	163.54059600830078	0.2926313287713691	0.0001228977428478495	0
177	164.4669165611267	0.29293183200477224	0.00030050323340313767	0
178	165.3874294757843	0.29293183200477224	0.0	1
179	166.3123917579651	0.29368987988437	0.0007580478795977674	0
180	167.23383045196533	0.29368987988437	0.0	1
181	168.15273141860962	0.29393399617318333	0.00024411628881332303	0
182	169.07098984718323	0.29408860396730463	0.00015460779412129755	0
183	169.9802701473236	0.2941594952791692	7.089131186455155e-05	0
184	170.90761160850525	0.2943282910701381	0.00016879579096890085	0
185	171.8140070438385	0.2947866144743072	0.0004583234041691253	0
186	172.731107711792	0.2947866144743072	0.0	1
187	173.6744258403778	0.29499439683637363	0.0002077823620664221	0
188	174.60051584243774	0.29499439683637363	0.0	1
189	175.54355216026306	0.29505397182142146	5.9574985047827766e-05	0
190	176.47998642921448	0.29505397182142146	0.0	1
191	177.41817998886108	0.2950821287894363	2.815696801483636e-05	0
192	178.3697066307068	0.29591406133186304	0.0008319325424267499	0
193	179.31279158592224	0.29591406133186304	0.0	1
194	180.2291226387024	0.29591406133186304	0.0	2
195	181.12684082984924	0.2960615386232805	0.0001474772914174527	0
196	182.04818511009216	0.29647795511394787	0.00041641649066737063	0
197	182.9747760295868	0.29647795511394787	0.0	1
198	183.8957302570343	0.29677804463217705	0.00030008951822918517	0
199	184.81095719337463	0.29677804463217705	0.0	1
200	185.73123145103455	0.29677804463217705	0.0	2
201	186.6511116027832	0.29677804463217705	0.0	3
202	187.56901168823242	0.29677804463217705	0.0	4
203	188.4906988143921	0.29677804463217705	0.0	5
204	189.4105203151703	0.29677804463217705	0.0	6
205	190.32465720176697	0.29677804463217705	0.0	7
206	191.25050449371338	0.2970046632027512	0.00022661857057415524	0
207	192.1703770160675	0.2970046632027512	0.0	1
208	193.09441137313843	0.2970046632027512	0.0	2
209	194.02437329292297	0.29752024965423146	0.0005155864514802544	0
210	194.94849228858948	0.29752024965423146	0.0	1
211	195.87040853500366	0.29752024965423146	0.0	2
212	196.79108023643494	0.29752024965423146	0.0	3
213	197.71067690849304	0.29752024965423146	0.0	4
214	198.62689876556396	0.29752024965423146	0.0	5
215	199.53329157829285	0.29772241035716956	0.0002021607029381034	0
216	200.46123623847961	0.29791882772004585	0.00019641736287628886	0
217	201.37138867378235	0.29791882772004585	0.0	1
218	202.2860884666443	0.2983176978201007	0.0003988701000548489	0
219	203.20788311958313	0.2983176978201007	0.0	1
220	204.12238550186157	0.2983176978201007	0.0	2
221	205.03931140899658	0.2987660920600952	0.00044839423999448735	0
222	205.94743037223816	0.2987660920600952	0.0	1
223	206.855712890625	0.29900745835981113	0.00024136629971593937	0
224	207.77696704864502	0.29900745835981113	0.0	1
225	208.6930389404297	0.29900745835981113	0.0	2
226	209.6086928844452	0.29909747791442387	9.001955461274136e-05	0
227	210.51998448371887	0.2991648161430298	6.733822860593985e-05	0
228	211.44571733474731	0.29930730451617327	0.00014248837314345675	0
229	212.3676917552948	0.29956354022596443	0.00025623570979116383	0
230	213.29487204551697	0.29984807892089066	0.0002845386949262285	0
231	214.2094702720642	0.29984807892089066	0.0	1
232	215.12385034561157	0.30102023135341904	0.0011721524325283839	0
233	216.0488796234131	0.30102023135341904	0.0	1
234	216.9648678302765	0.3019759134052283	0.0009556820518092368	0
235	217.8825626373291	0.3026974813409589	0.0007215679357306382	0
236	218.79520463943481	0.3026974813409589	0.0	1
237	219.71066522598267	0.30269750567714565	2.4336186732476506e-08	2
238	220.62268781661987	0.3027839478123131	8.64421351674527e-05	0
239	221.54665398597717	0.3027839478123131	0.0	1
240	222.46489715576172	0.3027839478123131	0.0	2
241	223.3796546459198	0.3027839478123131	0.0	3
242	224.29791617393494	0.3032186407791941	0.00043469296688097847	0
243	225.21032571792603	0.3032186407791941	0.0	1
244	226.12683963775635	0.3032186407791941	0.0	2
245	227.0442669391632	0.3032186407791941	0.0	3
246	227.9633264541626	0.3032186407791941	0.0	4
247	228.88619303703308	0.3039362905888656	0.0007176498096715389	0
248	229.80334758758545	0.3039362905888656	0.0	1
249	230.72007632255554	0.30414901319683263	0.0002127226079670086	0
250	231.6266326904297	0.30414901319683263	0.0	1
251	232.53025031089783	0.3041951546068207	4.614140998804306e-05	0
252	233.44511008262634	0.3041951546068207	0.0	1
253	234.35043811798096	0.3041951546068207	0.0	2
254	235.2712061405182	0.30462320379473184	0.0004280491879111725	0
255	236.18332433700562	0.30476247979123056	0.00013927599649871114	0
256	237.09723711013794	0.30529476086678875	0.0005322810755581941	0
257	238.01977610588074	0.30529476086678875	0.0	1
258	238.93937301635742	0.30529476086678875	0.0	2
259	239.8575234413147	0.30529476086678875	0.0	3
260	240.76629829406738	0.30545484430291814	0.0001600834361293879	0
261	241.7016942501068	0.30545484430291814	0.0	1
262	242.61657786369324	0.30545484430291814	0.0	2
263	243.53731226921082	0.30554883065596344	9.398635304530556e-05	0
264	244.455233335495	0.305746124121561	0.0001972934655975478	0
265	245.38021993637085	0.3059318335622882	0.00018570944072721085	0
266	246.29422044754028	0.3059318335622882	0.0	1
267	247.2104778289795	0.30607016044750546	0.00013832688521725478	0
268	248.13115310668945	0.3061263527026017	5.619225509623238e-05	0
269	249.047349691391	0.3068676086133747	0.0007412559107730088	0
270	249.96653389930725	0.307128005811092	0.0002603971977173103	0
271	250.88897013664246	0.3075368537476949	0.0004088479366028963	0
272	251.79738688468933	0.3075368537476949	0.0	1
273	252.72262477874756	0.3077744236022852	0.00023756985459028046	0
274	253.6355426311493	0.3077744236022852	0.0	1
275	254.5518615245819	0.3077744236022852	0.0	2
276	255.47170543670654	0.30817027601518887	0.00039585241290368556	0
277	256.38967990875244	0.30817027601518887	0.0	1
278	257.32347536087036	0.3086892208604341	0.0005189448452452283	0
279	258.2380974292755	0.3086892208604341	0.0	1
280	259.1519343852997	0.3087512051279655	6.198426753140085e-05	0
281	260.06774640083313	0.3087512051279655	0.0	1
282	260.9804902076721	0.3087512051279655	0.0	2
283	261.908682346344	0.3087512051279655	0.0	3
284	262.8108241558075	0.3089609587211548	0.0002097535931893102	0
285	263.7327227592468	0.3091290244265226	0.00016806570536781473	0
286	264.65597701072693	0.30983090438721095	0.000701879960688323	0
287	265.56828689575195	0.30983090438721095	0.0	1
288	266.4795925617218	0.31005508933911485	0.0002241849519039052	0
289	267.389963388443	0.31005508933911485	0.0	1
290	268.30527544021606	0.31005508933911485	0.0	2
291	269.2181034088135	0.31005508933911485	0.0	3
292	270.136048078537	0.31005508933911485	0.0	4
293	271.0611615180969	0.3101284142696496	7.332493053474609e-05	0
294	271.9839196205139	0.3101284142696496	0.0	1
295	272.9049530029297	0.3101284142696496	0.0	2
296	273.80980610847473	0.3101284142696496	0.0	3
297	274.72168827056885	0.3101284142696496	0.0	4
298	275.64006781578064	0.31032780064730364	0.00019938637765404277	0
299	276.55216097831726	0.31032780064730364	0.0	1
300	277.47372341156006	0.31032780064730364	0.0	2
301	278.39421939849854	0.31032780064730364	0.0	3
302	279.3003010749817	0.31032780064730364	0.0	4
303	280.22579431533813	0.31032780064730364	0.0	5
304	281.1423273086548	0.3104538134220494	0.0001260127747457762	0
305	282.05382108688354	0.3104538134220494	0.0	1
306	282.96662425994873	0.3104780035916318	2.419016958238318e-05	0
307	283.8806166648865	0.3105446360708234	6.663247919158621e-05	0
308	284.7925992012024	0.3105467046466931	2.06857586970699e-06	0
309	285.7093632221222	0.3106286445873206	8.193994062749566e-05	0
310	286.61927032470703	0.31068121075059807	5.256616327747876e-05	0
311	287.5285120010376	0.3107069584361294	2.5747685531318787e-05	0
312	288.4334943294525	0.3107069584361294	0.0	1
313	289.3667800426483	0.3107069584361294	0.0	2
314	290.3066155910492	0.3107069584361294	0.0	3
315	291.2388436794281	0.3108244292093426	0.00011747077321322408	0
316	292.17541551589966	0.3113421085728793	0.0005176793635366939	0
317	293.10870909690857	0.3113421085728793	0.0	1
318	294.03482699394226	0.3113421085728793	0.0	2
319	294.96253633499146	0.31150440660199863	0.00016229802911932323	0
320	295.8889648914337	0.31150440660199863	0.0	1
321	296.8025801181793	0.31150440660199863	0.0	2
322	297.7289619445801	0.31150440660199863	0.0	3
323	298.6324210166931	0.3116218773752118	0.00011747077321316857	0
324	299.543310880661	0.3117560184363163	0.00013414106110448687	0
325	300.4633264541626	0.3117560184363163	0.0	1
326	301.38604068756104	0.3117560184363163	0.0	2
327	302.2977705001831	0.31206294642300886	0.0003069279866925734	0
328	303.20443511009216	0.3121221807014429	5.9234278434017185e-05	0
329	304.1166572570801	0.3121395567387485	1.7376037305616432e-05	0
330	305.0222954750061	0.3121395567387485	0.0	1
331	305.927442073822	0.31241932554108104	0.0002797688023325473	0
332	306.84474658966064	0.31241932554108104	0.0	1
333	307.75789499282837	0.3125209047843775	0.00010157924329645684	0
334	308.66792130470276	0.3125209047843775	0.0	1
335	309.5696609020233	0.3128603945888781	0.0003394898045006034	0
336	310.48533940315247	0.3128603945888781	0.0	1
337	311.3997292518616	0.3128603945888781	0.0	2
338	312.32038378715515	0.3128603945888781	0.0	3
339	313.2332830429077	0.3128603945888781	0.0	4
340	314.1448678970337	0.3128603945888781	0.0	5
341	315.05882358551025	0.3128615140534664	1.1194645883061405e-06	0
342	315.9712824821472	0.31361549778988485	0.0007539837364184399	0
343	316.88292598724365	0.31361549778988485	0.0	1
344	317.78543305397034	0.31361549778988485	0.0	2
345	318.69956493377686	0.31361549778988485	0.0	3
346	319.6043519973755	0.3137276876105836	0.00011218982069877148	0
347	320.5141792297363	0.3137276876105836	0.0	1
348	321.42567586898804	0.3137276876105836	0.0	2
349	322.33033895492554	0.3137276876105836	0.0	3
350	323.2462410926819	0.3137705436353668	4.2856024783211044e-05	0
351	324.15362524986267	0.3138480300538278	7.748641846094806e-05	0
352	325.06803607940674	0.3140011533405602	0.00015312328673244835	0
353	325.99964928627014	0.3140011533405602	0.0	1
354	326.92646384239197	0.3140011533405602	0.0	2
355	327.84411120414734	0.3140011533405602	0.0	3
356	328.76277565956116	0.3140011533405602	0.0	4
357	329.6805624961853	0.3140011533405602	0.0	5
358	330.5975646972656	0.3140546442789324	5.3490938372202645e-05	0
359	331.51721382141113	0.3140546442789324	0.0	1
360	332.42030477523804	0.31445336836186705	0.0003987240829346206	0
361	333.32529306411743	0.31445336836186705	0.0	1
362	334.23037815093994	0.31445336836186705	0.0	2
363	335.134813785553	0.3148436477880158	0.0003902794261487763	0
364	336.0437934398651	0.3148574220696895	1.3774281673650801e-05	0
365	336.9718110561371	0.3148574220696895	0.0	1
366	337.8880753517151	0.31489044627504487	3.302420535539197e-05	0
367	338.7993037700653	0.31493155009438545	4.110381934058216e-05	0
368	339.7319357395172	0.31493155009438545	0.0	1
369	340.6445891857147	0.31493155009438545	0.0	2
370	341.5616331100464	0.31497720478063945	4.565468625400415e-05	0
371	342.4825701713562	0.31497720478063945	0.0	1
372	343.4015622138977	0.31497720478063945	0.0	2
373	344.3153746128082	0.31497720478063945	0.0	3
374	345.22478914260864	0.31497720478063945	0.0	4
375	346.14189743995667	0.31525862844366775	0.0002814236630283018	0
376	347.0527217388153	0.3160866185238487	0.0008279900801809181	0
377	347.9759142398834	0.3160866185238487	0.0	1
378	348.89815640449524	0.3160866185238487	0.0	2
379	349.82569694519043	0.3160866185238487	0.0	3
380	350.7390613555908	0.3160866185238487	0.0	4
381	351.6627125740051	0.3160866185238487	0.0	5
382	352.58539938926697	0.3160866185238487	0.0	6
383	353.51403427124023	0.3160866185238487	0.0	7
384	354.42281889915466	0.3160866185238487	0.0	8
385	355.33810448646545	0.3162153082791318	0.00012868975528312898	0
386	356.2675886154175	0.3162153082791318	0.0	1
387	357.18384623527527	0.316404449122184	0.00018914084305221568	0
388	358.1011710166931	0.3165264220899372	0.00012197296775318112	0
389	359.04076504707336	0.3165264220899372	0.0	1
390	359.95490980148315	0.3165264220899372	0.0	2
391	360.8732464313507	0.3165264220899372	0.0	3
392	361.7988817691803	0.3165721011123779	4.5679022440681116e-05	0
393	362.7102348804474	0.3165721011123779	0.0	1
394	363.63397097587585	0.3165920811216607	1.9980009282827282e-05	0
395	364.5451829433441	0.3165920811216607	0.0	1
396	365.4650492668152	0.3165920811216607	0.0	2
397	366.38605999946594	0.3165920811216607	0.0	3
398	367.2939684391022	0.3166884524210028	9.637129934209065e-05	0
399	368.2237639427185	0.3166884524210028	0.0	1
400	369.1332082748413	0.3167497066029331	6.125418193031473e-05	0
401	370.0438644886017	0.3168754030072518	0.0001256964043186981	0
402	370.97244906425476	0.3169221771580941	4.677415084231029e-05	0
403	371.88638281822205	0.3169221771580941	0.0	1
404	372.8083646297455	0.3169221771580941	0.0	2
405	373.72759795188904	0.3169221771580941	0.0	3
406	374.64773178100586	0.31705342221298094	0.00013124505488681937	0
407	375.5550045967102	0.31705342221298094	0.0	1
408	376.47539806365967	0.31705342221298094	0.0	2
409	377.39885210990906	0.31705342221298094	0.0	3
410	378.31214141845703	0.3171469461784789	9.352396549794362e-05	0
411	379.24633264541626	0.3171469461784789	0.0	1
412	380.15656661987305	0.3171469461784789	0.0	2
413	381.0709023475647	0.3171469461784789	0.0	3
414	381.9823920726776	0.3177196253239633	0.0005726791454844227	0
415	382.90278673171997	0.3177196253239633	0.0	1
416	383.83302545547485	0.3177196253239633	0.0	2
417	384.7624547481537	0.3178517708177582	0.0001321454937948663	0
418	385.6744165420532	0.3178517708177582	0.0	1
419	386.60481882095337	0.31788306715385767	3.129633609949556e-05	0
420	387.5222017765045	0.31788306715385767	0.0	1
421	388.4340555667877	0.31788306715385767	0.0	2
422	389.3645043373108	0.3180312988670629	0.00014823171320521578	0
423	390.27336859703064	0.3180312988670629	0.0	1
424	391.19038367271423	0.3181380373819403	0.00010673851487741359	0
425	392.09589409828186	0.3181380373819403	0.0	1
426	393.0109088420868	0.3181380373819403	0.0	2
427	393.93642807006836	0.31851707348983255	0.00037903610789224995	0
428	394.8488669395447	0.31851707348983255	0.0	1
429	395.7759850025177	0.31851707348983255	0.0	2
430	396.70503425598145	0.31851707348983255	0.0	3
431	397.6364996433258	0.31851707348983255	0.0	4
432	398.5493278503418	0.31851707348983255	0.0	5
433	399.457603931427	0.3188287470329321	0.0003116735430995776	0
434	400.3729681968689	0.3188287470329321	0.0	1
435	401.3014895915985	0.3188287470329321	0.0	2
436	402.22476601600647	0.3188287470329321	0.0	3
437	403.14648175239563	0.3188287470329321	0.0	4
438	404.0583782196045	0.3188562225877193	2.7475554787159684e-05	0
439	404.9667634963989	0.31893548554780954	7.926296009025391e-05	0
440	405.8861405849457	0.31893548554780954	0.0	1
441	406.8128271102905	0.32004441256728466	0.0011089270194751255	0
442	407.76330614089966	0.32004441256728466	0.0	1
443	408.7052357196808	0.32004441256728466	0.0	2
444	409.64358711242676	0.32004441256728466	0.0	3
445	410.5953776836395	0.3202820797666218	0.00023766719933715486	0
446	411.518025636673	0.3203498317104017	6.775194377989235e-05	0
447	412.4569661617279	0.321079527932491	0.0007296962220892933	0
448	413.3732650279999	0.321079527932491	0.0	1
449	414.29537320137024	0.321079527932491	0.0	2
450	415.2093315124512	0.321079527932491	0.0	3
451	416.1366674900055	0.321079527932491	0.0	4
452	417.05040669441223	0.321079527932491	0.0	5
453	417.96334862709045	0.3212408281779555	0.00016130024546451294	0
454	418.8971028327942	0.3212408281779555	0.0	1
455	419.81970262527466	0.3212408281779555	0.0	2
456	420.7369375228882	0.3212408281779555	0.0	3
457	421.6633143424988	0.3212408281779555	0.0	4
458	422.58229875564575	0.3212408281779555	0.0	5
459	423.511714220047	0.3212408281779555	0.0	6
460	424.4359288215637	0.3212408281779555	0.0	7
461	425.3635013103485	0.3212408281779555	0.0	8
462	426.2914066314697	0.3212408281779555	0.0	9
463	427.21111488342285	0.3212446246230811	3.796445125603398e-06	0
464	428.1403024196625	0.3212446246230811	0.0	1
465	429.06799721717834	0.3212446246230811	0.0	2
466	429.9897472858429	0.3212446246230811	0.0	3
467	430.9046046733856	0.3212446246230811	0.0	4
468	431.81228709220886	0.3212446246230811	0.0	5
469	432.72919249534607	0.32157282243695173	0.0003281978138706121	0
470	433.6451110839844	0.32157282243695173	0.0	1
471	434.5653545856476	0.32157282243695173	0.0	2
472	435.48721194267273	0.32157282243695173	0.0	3
473	436.3989312648773	0.32178413354609003	0.0002113111091383013	0
474	437.318412065506	0.3221620015170205	0.00037786797093047886	0
475	438.24168705940247	0.3221620015170205	0.0	1
476	439.1858308315277	0.3222575210498281	9.55195328075642e-05	0
477	440.1152856349945	0.3222575210498281	0.0	1
478	441.03765535354614	0.3222575210498281	0.0	2
479	441.9699082374573	0.32305496921569726	0.0007974481658691857	0
480	442.89073848724365	0.32305496921569726	0.0	1
481	443.8164873123169	0.32305496921569726	0.0	2
482	444.731427192688	0.32335612952614134	0.00030116031044408187	0
483	445.65564036369324	0.32335612952614134	0.0	1
484	446.5731911659241	0.3234536932986319	9.756377249053871e-05	0
485	447.48696637153625	0.3234536932986319	0.0	1
486	448.4003734588623	0.3235664428516248	0.0001127495529928968	0
487	449.32768511772156	0.3235664428516248	0.0	1
488	450.24210596084595	0.3235664428516248	0.0	2
489	451.1640975475311	0.3235664428516248	0.0	3
490	452.08221983909607	0.3235664428516248	0.0	4
491	453.0032639503479	0.3235664428516248	0.0	5
492	453.9259889125824	0.3235664428516248	0.0	6
493	454.84110021591187	0.3235664428516248	0.0	7
494	455.7585678100586	0.3235664428516248	0.0	8
495	456.67249298095703	0.32482467237652013	0.001258229524895349	0
496	457.5887541770935	0.32482467237652013	0.0	1
497	458.5016539096832	0.32482467237652013	0.0	2
498	459.4186713695526	0.32482467237652013	0.0	3
499	460.34014868736267	0.32529650236430924	0.00047182998778910745	0
500	461.25840187072754	0.32529650236430924	0.0	1
501	462.17271280288696	0.32529650236430924	0.0	2
502	463.08634519577026	0.32529650236430924	0.0	3
503	463.99744415283203	0.32529650236430924	0.0	4
504	464.91273307800293	0.32529650236430924	0.0	5
505	465.8230993747711	0.32529650236430924	0.0	6
506	466.735591173172	0.32529650236430924	0.0	7
507	467.64697074890137	0.32529650236430924	0.0	8
508	468.56178164482117	0.32529650236430924	0.0	9
509	469.4843785762787	0.32529650236430924	0.0	10
510	470.4119942188263	0.32529650236430924	0.0	11
511	471.3488726615906	0.32529650236430924	0.0	12
512	472.2662932872772	0.3260939505301784	0.0007974481658691857	0
513	473.1906578540802	0.3260939505301784	0.0	1
514	474.10172986984253	0.3260939505301784	0.0	2
515	475.00229597091675	0.3260939505301784	0.0	3
516	475.9135570526123	0.3260939505301784	0.0	4
517	476.82030391693115	0.3260939505301784	0.0	5
518	477.7316756248474	0.3260939505301784	0.0	6
519	478.6535749435425	0.3260939505301784	0.0	7
520	479.57327151298523	0.3260939505301784	0.0	8
521	480.4832994937897	0.32614680872769636	5.285819751793541e-05	0
522	481.39123487472534	0.32614680872769636	0.0	1
523	482.30645179748535	0.3274722791364509	0.0013254704087545255	0
524	483.22052526474	0.3276495682565789	0.00017728912012804354	0
525	484.1319320201874	0.3287429201165645	0.0010933518599855474	0
526	485.04717540740967	0.3288850191107207	0.00014209899415623672	0
527	485.94975757598877	0.3288850191107207	0.0	1
528	486.84671092033386	0.3288850191107207	0.0	2
529	487.7556037902832	0.3288850191107207	0.0	3
530	488.6647160053253	0.3291416441994991	0.00025662508877838386	0
531	489.57555770874023	0.3291416441994991	0.0	1
532	490.4876346588135	0.32928374319365533	0.00014209899415623672	0
533	491.41192412376404	0.32928374319365533	0.0	1
534	492.3276753425598	0.32928374319365533	0.0	2
535	493.2374448776245	0.32928374319365533	0.0	3
536	494.1527180671692	0.32928374319365533	0.0	4
537	495.05875754356384	0.32928374319365533	0.0	5
538	495.97462916374207	0.32928374319365533	0.0	6
539	496.8927655220032	0.32928374319365533	0.0	7
540	497.79817819595337	0.32946434203517494	0.00018059884151960803	0
541	498.6988124847412	0.32946434203517494	0.0	1
542	499.614670753479	0.32946434203517494	0.0	2
543	500.5290071964264	0.32946434203517494	0.0	3
544	501.41667580604553	0.32946434203517494	0.0	4
545	502.3260531425476	0.32964464884245415	0.0001803068072792069	0
546	503.22711086273193	0.32964464884245415	0.0	1
547	504.13166975975037	0.32964464884245415	0.0	2
548	505.04629826545715	0.32964464884245415	0.0	3
549	505.9493336677551	0.32964464884245415	0.0	4
550	506.84317088127136	0.32964464884245415	0.0	5
551	507.74989199638367	0.32964464884245415	0.0	6
552	508.66806054115295	0.32964464884245415	0.0	7
553	509.5696198940277	0.32964464884245415	0.0	8
554	510.4837725162506	0.32964464884245415	0.0	9
555	511.38656520843506	0.32964464884245415	0.0	10
556	512.2769122123718	0.32964464884245415	0.0	11
557	513.1896984577179	0.32964464884245415	0.0	12
558	514.1084704399109	0.32964464884245415	0.0	13
559	515.00807929039	0.32964464884245415	0.0	14
560	515.9173548221588	0.32964464884245415	0.0	15
561	516.8217957019806	0.32964464884245415	0.0	16
562	517.7315948009491	0.32964464884245415	0.0	17
563	518.6300580501556	0.32964464884245415	0.0	18
564	519.5350015163422	0.32964464884245415	0.0	19
565	520.442302942276	0.32964464884245415	0.0	20
566	521.352617263794	0.32964464884245415	0.0	21
567	522.2853908538818	0.32964464884245415	0.0	22
568	523.2172470092773	0.32964464884245415	0.0	23
569	524.1503374576569	0.32964464884245415	0.0	24
570	525.0885593891144	0.32964464884245415	0.0	25
571	526.022144317627	0.32964464884245415	0.0	26
572	526.9574041366577	0.32964464884245415	0.0	27
573	527.8743276596069	0.32964464884245415	0.0	28
574	528.7897300720215	0.32964464884245415	0.0	29
575	529.704169511795	0.32964464884245415	0.0	30
576	530.6159834861755	0.33084082109125795	0.0011961722488038062	0
577	531.5236663818359	0.33084082109125795	0.0	1
578	532.4349114894867	0.33084082109125795	0.0	2
579	533.3525018692017	0.33084082109125795	0.0	3
580	534.2582504749298	0.33084082109125795	0.0	4
581	535.1720418930054	0.33084082109125795	0.0	5
582	536.0703275203705	0.33084082109125795	0.0	6
583	536.9784233570099	0.33084082109125795	0.0	7
584	537.8862309455872	0.33084082109125795	0.0	8
585	538.7973053455353	0.33084082109125795	0.0	9
586	539.702225446701	0.33084082109125795	0.0	10
587	540.6117005348206	0.33084082109125795	0.0	11
588	541.5310280323029	0.33084082109125795	0.0	12
589	542.4412786960602	0.33084082109125795	0.0	13
590	543.3509390354156	0.33084082109125795	0.0	14
591	544.2564606666565	0.33084082109125795	0.0	15
592	545.1673107147217	0.33084082109125795	0.0	16
593	546.0733797550201	0.33084082109125795	0.0	17
594	546.9739305973053	0.33084082109125795	0.0	18
595	547.8808839321136	0.33084082109125795	0.0	19
596	548.7719297409058	0.33084082109125795	0.0	20
597	549.6781077384949	0.33084082109125795	0.0	21
598	550.5885751247406	0.33084082109125795	0.0	22
599	551.4890570640564	0.33084082109125795	0.0	23
600	552.3960707187653	0.33084082109125795	0.0	24
601	553.2942314147949	0.33084082109125795	0.0	25
602	554.2014036178589	0.33084082109125795	0.0	26
603	555.1056053638458	0.33084082109125795	0.0	27
604	556.0110945701599	0.33084082109125795	0.0	28
605	556.9130039215088	0.33084082109125795	0.0	29
606	557.8266086578369	0.33084082109125795	0.0	30
607	558.7432396411896	0.33084082109125795	0.0	31
608	559.6535563468933	0.33084082109125795	0.0	32
609	560.5648100376129	0.33084082109125795	0.0	33
610	561.4755573272705	0.33084082109125795	0.0	34
611	562.3803389072418	0.33084082109125795	0.0	35
612	563.2814707756042	0.33084082109125795	0.0	36
613	564.1943020820618	0.33084082109125795	0.0	37
614	565.0924427509308	0.33084082109125795	0.0	38
615	565.9981169700623	0.33084082109125795	0.0	39
616	566.8897726535797	0.33084082109125795	0.0	40
617	567.8000390529633	0.33084082109125795	0.0	41
618	568.7273066043854	0.33084082109125795	0.0	42
619	569.6421999931335	0.33084082109125795	0.0	43
620	570.5380303859711	0.33084082109125795	0.0	44
621	571.4404110908508	0.33084082109125795	0.0	45
622	572.3589072227478	0.33084082109125795	0.0	46
623	573.2651882171631	0.33084082109125795	0.0	47
624	574.1704094409943	0.33084082109125795	0.0	48
625	575.0870339870453	0.33084082109125795	0.0	49
626	575.9934093952179	0.33084082109125795	0.0	50
627	576.9053013324738	0.33084082109125795	0.0	51
628	577.8223965167999	0.33084082109125795	0.0	52
629	578.7235133647919	0.33084082109125795	0.0	53
630	579.6332905292511	0.33084082109125795	0.0	54
631	580.5300989151001	0.33084082109125795	0.0	55
632	581.440639257431	0.33084082109125795	0.0	56
633	582.3321640491486	0.33084082109125795	0.0	57
634	583.2285940647125	0.33084082109125795	0.0	58
635	584.1375091075897	0.33084082109125795	0.0	59
636	585.042802810669	0.33084082109125795	0.0	60
637	585.9650681018829	0.33084082109125795	0.0	61
638	586.8783032894135	0.33084082109125795	0.0	62
639	587.7848145961761	0.33084082109125795	0.0	63
640	588.6911311149597	0.33084082109125795	0.0	64
641	589.5920915603638	0.33084082109125795	0.0	65
642	590.5038347244263	0.33084082109125795	0.0	66
643	591.4136507511139	0.33084082109125795	0.0	67
644	592.3208794593811	0.33084082109125795	0.0	68
645	593.2232384681702	0.33084082109125795	0.0	69
646	594.1249902248383	0.33084082109125795	0.0	70
647	595.0362672805786	0.33084082109125795	0.0	71
648	595.9322385787964	0.33084082109125795	0.0	72
649	596.8409461975098	0.33084082109125795	0.0	73
650	597.7489557266235	0.33084082109125795	0.0	74
651	598.6588644981384	0.33084082109125795	0.0	75
652	599.5638453960419	0.33084082109125795	0.0	76
653	600.471173286438	0.33084082109125795	0.0	77
654	601.3826155662537	0.33084082109125795	0.0	78
655	602.2942290306091	0.33084082109125795	0.0	79
656	603.1971323490143	0.33084082109125795	0.0	80
657	604.1032729148865	0.33084082109125795	0.0	81
658	605.0137338638306	0.33084082109125795	0.0	82
659	605.9211575984955	0.33084082109125795	0.0	83
660	606.8419432640076	0.33084082109125795	0.0	84
661	607.7545914649963	0.33084082109125795	0.0	85
662	608.6606492996216	0.33084082109125795	0.0	86
663	609.5547072887421	0.33084082109125795	0.0	87
664	610.4541156291962	0.33084082109125795	0.0	88
665	611.3715946674347	0.33084082109125795	0.0	89
666	612.2669761180878	0.33084082109125795	0.0	90
667	613.179328918457	0.33084082109125795	0.0	91
668	614.0860664844513	0.33084082109125795	0.0	92
669	615.0001547336578	0.33084082109125795	0.0	93
670	615.8981976509094	0.33084082109125795	0.0	94
671	616.8023846149445	0.33084082109125795	0.0	95
672	617.7045059204102	0.33084082109125795	0.0	96
673	618.6071352958679	0.33084082109125795	0.0	97
674	619.5136873722076	0.33084082109125795	0.0	98
675	620.4156160354614	0.33084082109125795	0.0	99
676	621.3039531707764	0.33084082109125795	0.0	100
677	622.2115092277527	0.33084082109125795	0.0	101
678	623.1136529445648	0.33084082109125795	0.0	102
679	624.0188899040222	0.33084082109125795	0.0	103
680	624.9203126430511	0.33084082109125795	0.0	104
681	625.8106038570404	0.33084082109125795	0.0	105
682	626.7108497619629	0.33084082109125795	0.0	106
683	627.6156878471375	0.33084082109125795	0.0	107
684	628.5178437232971	0.33084082109125795	0.0	108
685	629.4211859703064	0.33084082109125795	0.0	109
686	630.3115348815918	0.33084082109125795	0.0	110
687	631.2100596427917	0.33084082109125795	0.0	111
688	632.1104855537415	0.33084082109125795	0.0	112
689	633.0178089141846	0.33084082109125795	0.0	113
690	633.9249203205109	0.33084082109125795	0.0	114
691	634.8217914104462	0.33084082109125795	0.0	115
692	635.7039542198181	0.33084082109125795	0.0	116
693	636.6080930233002	0.33084082109125795	0.0	117
694	637.5116331577301	0.33084082109125795	0.0	118
695	638.4348757266998	0.33084082109125795	0.0	119
696	639.3467359542847	0.33084082109125795	0.0	120
697	640.2736897468567	0.33084082109125795	0.0	121
698	641.2014856338501	0.33084082109125795	0.0	122
699	642.1331164836884	0.33084082109125795	0.0	123
700	643.0726680755615	0.33084082109125795	0.0	124
701	644.0119473934174	0.33084082109125795	0.0	125
702	644.9220774173737	0.33084082109125795	0.0	126
703	645.83189868927	0.33084082109125795	0.0	127
704	646.7361793518066	0.33084082109125795	0.0	128
705	647.6374897956848	0.33084082109125795	0.0	129
706	648.5432169437408	0.33084082109125795	0.0	130
707	649.4309322834015	0.33084082109125795	0.0	131
708	650.335643529892	0.33084082109125795	0.0	132
709	651.2490303516388	0.33084082109125795	0.0	133
710	652.1534876823425	0.33084082109125795	0.0	134
711	653.0477588176727	0.33084082109125795	0.0	135
712	653.9581689834595	0.33084082109125795	0.0	136
713	654.8702685832977	0.33084082109125795	0.0	137
714	655.7645320892334	0.33084082109125795	0.0	138
715	656.6745228767395	0.33084082109125795	0.0	139
716	657.593423128128	0.33084082109125795	0.0	140
717	658.5066859722137	0.33084082109125795	0.0	141
718	659.4234557151794	0.33084082109125795	0.0	142
719	660.3264582157135	0.33084082109125795	0.0	143
720	661.2258553504944	0.33084082109125795	0.0	144
721	662.1344649791718	0.33084082109125795	0.0	145
722	663.0340144634247	0.33084082109125795	0.0	146
723	663.9324367046356	0.33084082109125795	0.0	147
724	664.8315944671631	0.33084082109125795	0.0	148
725	665.7295384407043	0.33084082109125795	0.0	149
726	666.6285817623138	0.33084082109125795	0.0	150
727	667.5243670940399	0.33084082109125795	0.0	151
728	668.4085342884064	0.33084082109125795	0.0	152
729	669.3081500530243	0.33084082109125795	0.0	153
730	670.2062706947327	0.33084082109125795	0.0	154
731	671.1085515022278	0.33084082109125795	0.0	155
732	672.0163819789886	0.33084082109125795	0.0	156
733	672.9277775287628	0.33084082109125795	0.0	157
734	673.8334505558014	0.33084082109125795	0.0	158
735	674.7442002296448	0.33084082109125795	0.0	159
736	675.648683309555	0.33084082109125795	0.0	160
737	676.5603218078613	0.33084082109125795	0.0	161
738	677.4837639331818	0.33084082109125795	0.0	162
739	678.3889310359955	0.33084082109125795	0.0	163
740	679.3098440170288	0.33084082109125795	0.0	164
741	680.2287232875824	0.33084082109125795	0.0	165
742	681.1406342983246	0.33084082109125795	0.0	166
743	682.0440950393677	0.33084082109125795	0.0	167
744	682.9570503234863	0.33084082109125795	0.0	168
745	683.864465713501	0.33084082109125795	0.0	169
746	684.7674927711487	0.33084082109125795	0.0	170
747	685.6781959533691	0.33084082109125795	0.0	171
748	686.5821080207825	0.33084082109125795	0.0	172
749	687.4919741153717	0.33084082109125795	0.0	173
750	688.398241519928	0.33084082109125795	0.0	174
751	689.2986195087433	0.33084082109125795	0.0	175
752	690.2060370445251	0.33084082109125795	0.0	176
753	691.1053242683411	0.33084082109125795	0.0	177
754	692.0120251178741	0.33084082109125795	0.0	178
755	692.9267582893372	0.33084082109125795	0.0	179
756	693.8235127925873	0.33084082109125795	0.0	180
757	694.7290823459625	0.33084082109125795	0.0	181
758	695.6447350978851	0.33084082109125795	0.0	182
759	696.5669867992401	0.33084082109125795	0.0	183
760	697.4743838310242	0.33084082109125795	0.0	184
761	698.3891043663025	0.33084082109125795	0.0	185
762	699.289223909378	0.33084082109125795	0.0	186
763	700.2034773826599	0.33084082109125795	0.0	187
764	701.1201128959656	0.33084082109125795	0.0	188
765	702.0431146621704	0.33084082109125795	0.0	189
766	702.9393174648285	0.33084082109125795	0.0	190
767	703.8391530513763	0.33084082109125795	0.0	191
768	704.7533354759216	0.33084082109125795	0.0	192
769	705.6570255756378	0.33084082109125795	0.0	193
770	706.5632455348969	0.33084082109125795	0.0	194
771	707.4677815437317	0.33084082109125795	0.0	195
772	708.3646533489227	0.33084082109125795	0.0	196
773	709.2707567214966	0.33084082109125795	0.0	197
774	710.1718313694	0.33084082109125795	0.0	198
775	711.077054977417	0.33084082109125795	0.0	199
776	711.9870207309723	0.33084082109125795	0.0	200
777	712.9016256332397	0.33084082109125795	0.0	201
778	713.8075294494629	0.33084082109125795	0.0	202
779	714.7239537239075	0.33084082109125795	0.0	203
780	715.6348869800568	0.33084082109125795	0.0	204
781	716.5285124778748	0.33084082109125795	0.0	205
782	717.4388496875763	0.33084082109125795	0.0	206
783	718.363867521286	0.33084082109125795	0.0	207
784	719.2728273868561	0.33084082109125795	0.0	208
785	720.1761376857758	0.33084082109125795	0.0	209
786	721.0906302928925	0.33084082109125795	0.0	210
787	721.9950232505798	0.33084082109125795	0.0	211
788	722.8881237506866	0.33084082109125795	0.0	212
789	723.8007140159607	0.33084082109125795	0.0	213
790	724.696848154068	0.33084082109125795	0.0	214
791	725.6113197803497	0.33084082109125795	0.0	215
792	726.5154950618744	0.33084082109125795	0.0	216
793	727.4239492416382	0.33084082109125795	0.0	217
794	728.3157026767731	0.33084082109125795	0.0	218
795	729.2286579608917	0.33084082109125795	0.0	219
796	730.133939743042	0.33084082109125795	0.0	220
797	731.033130645752	0.33084082109125795	0.0	221
798	731.9419112205505	0.33084082109125795	0.0	222
799	732.8423600196838	0.33084082109125795	0.0	223
800	733.7621731758118	0.33084082109125795	0.0	224
801	734.6692390441895	0.33084082109125795	0.0	225
802	735.5613744258881	0.33084082109125795	0.0	226
803	736.4660737514496	0.33084082109125795	0.0	227
804	737.3778748512268	0.33084082109125795	0.0	228
805	738.2819776535034	0.33084082109125795	0.0	229
806	739.2008323669434	0.33084082109125795	0.0	230
807	740.1089065074921	0.33084082109125795	0.0	231
808	741.0111711025238	0.33084082109125795	0.0	232
809	741.9168350696564	0.33084082109125795	0.0	233
810	742.8176116943359	0.33084082109125795	0.0	234
811	743.7319664955139	0.33084082109125795	0.0	235
812	744.6353003978729	0.33084082109125795	0.0	236
813	745.5391240119934	0.33084082109125795	0.0	237
814	746.447585105896	0.33084082109125795	0.0	238
815	747.3606081008911	0.33084082109125795	0.0	239
816	748.2584116458893	0.33084082109125795	0.0	240
817	749.1646108627319	0.33084082109125795	0.0	241
818	750.0698878765106	0.33084082109125795	0.0	242
819	750.9814450740814	0.33084082109125795	0.0	243
820	751.889621257782	0.33084082109125795	0.0	244
821	752.8008801937103	0.33084082109125795	0.0	245
822	753.7071878910065	0.33084082109125795	0.0	246
823	754.6359205245972	0.33084082109125795	0.0	247
824	755.5689520835876	0.33084082109125795	0.0	248
825	756.4870765209198	0.33084082109125795	0.0	249
826	757.41450548172	0.33084082109125795	0.0	250
827	758.3426287174225	0.33084082109125795	0.0	251
828	759.2700889110565	0.33084082109125795	0.0	252
829	760.1991040706635	0.33084082109125795	0.0	253
830	761.1293110847473	0.33084082109125795	0.0	254
831	762.0400207042694	0.33084082109125795	0.0	255
832	762.9453475475311	0.33084082109125795	0.0	256
833	763.8591458797455	0.33084082109125795	0.0	257
834	764.7695200443268	0.33084082109125795	0.0	258
835	765.6622402667999	0.33084082109125795	0.0	259
836	766.577794790268	0.33084082109125795	0.0	260
837	767.4725766181946	0.33084082109125795	0.0	261
838	768.375116109848	0.33084082109125795	0.0	262
839	769.2890226840973	0.33084082109125795	0.0	263
840	770.1862971782684	0.33084082109125795	0.0	264
841	771.0910816192627	0.33084082109125795	0.0	265
842	772.0046737194061	0.33084082109125795	0.0	266
843	772.9136619567871	0.33084082109125795	0.0	267
844	773.8214099407196	0.33084082109125795	0.0	268
845	774.7262463569641	0.33084082109125795	0.0	269
846	775.627480506897	0.33084082109125795	0.0	270
847	776.5389521121979	0.33084082109125795	0.0	271
848	777.446174621582	0.33084082109125795	0.0	272
849	778.3533630371094	0.33084082109125795	0.0	273
850	779.2616186141968	0.33084082109125795	0.0	274
851	780.1543247699738	0.33084082109125795	0.0	275
852	781.0491950511932	0.33084082109125795	0.0	276
853	781.9467215538025	0.33084082109125795	0.0	277
854	782.8416457176208	0.33084082109125795	0.0	278
855	783.7408113479614	0.33084082109125795	0.0	279
856	784.6489663124084	0.33084082109125795	0.0	280
857	785.5507369041443	0.33084082109125795	0.0	281
858	786.4577963352203	0.33084082109125795	0.0	282
859	787.3524830341339	0.33084082109125795	0.0	283
860	788.2491948604584	0.33084082109125795	0.0	284
861	789.1488447189331	0.33084082109125795	0.0	285
862	790.0548439025879	0.33084082109125795	0.0	286
863	790.9441783428192	0.33084082109125795	0.0	287
864	791.8674221038818	0.33084082109125795	0.0	288
865	792.7529792785645	0.33084082109125795	0.0	289
866	793.6499333381653	0.33084082109125795	0.0	290
867	794.5632691383362	0.33084082109125795	0.0	291
868	795.458639383316	0.33084082109125795	0.0	292
869	796.363626241684	0.33084082109125795	0.0	293
870	797.2719728946686	0.33084082109125795	0.0	294
871	798.1829750537872	0.33084082109125795	0.0	295
872	799.0931906700134	0.33084082109125795	0.0	296
873	799.9848244190216	0.33084082109125795	0.0	297
874	800.8987891674042	0.33084082109125795	0.0	298
875	801.8066346645355	0.33084082109125795	0.0	299
876	802.7146809101105	0.33084082109125795	0.0	300
877	803.6399562358856	0.33084082109125795	0.0	301
878	804.5509660243988	0.33084082109125795	0.0	302
879	805.4533145427704	0.33084082109125795	0.0	303
880	806.3490686416626	0.33084082109125795	0.0	304
881	807.274816274643	0.33084082109125795	0.0	305
882	808.1836857795715	0.33084082109125795	0.0	306
883	809.0905478000641	0.33084082109125795	0.0	307
884	809.9903683662415	0.33084082109125795	0.0	308
885	810.9028685092926	0.33084082109125795	0.0	309
886	811.806220293045	0.33084082109125795	0.0	310
887	812.700409412384	0.33084082109125795	0.0	311
888	813.6019003391266	0.33084082109125795	0.0	312
889	814.5044298171997	0.33084082109125795	0.0	313
890	815.4072213172913	0.33084082109125795	0.0	314
891	816.3040177822113	0.33084082109125795	0.0	315
892	817.2111804485321	0.33084082109125795	0.0	316
893	818.1182546615601	0.33084082109125795	0.0	317
894	819.0268244743347	0.33084082109125795	0.0	318
895	819.9372363090515	0.33084082109125795	0.0	319
896	820.8374037742615	0.33084082109125795	0.0	320
897	821.7339172363281	0.33084082109125795	0.0	321
898	822.6325993537903	0.33084082109125795	0.0	322
899	823.5451118946075	0.33084082109125795	0.0	323
900	824.4466519355774	0.33084082109125795	0.0	324
901	825.3451449871063	0.33084082109125795	0.0	325
902	826.2417032718658	0.33084082109125795	0.0	326
903	827.1441977024078	0.33084082109125795	0.0	327
904	828.0468156337738	0.33084082109125795	0.0	328
905	828.9551894664764	0.33084082109125795	0.0	329
906	829.8688097000122	0.33084082109125795	0.0	330
907	830.7692966461182	0.33084082109125795	0.0	331
908	831.6665606498718	0.33084082109125795	0.0	332
909	832.5685255527496	0.33084082109125795	0.0	333
910	833.4657669067383	0.33084082109125795	0.0	334
911	834.3769512176514	0.33084082109125795	0.0	335
912	835.2814018726349	0.33084082109125795	0.0	336
913	836.1938099861145	0.33084082109125795	0.0	337
914	837.0988199710846	0.33084082109125795	0.0	338
915	838.0118362903595	0.33084082109125795	0.0	339
916	838.9156665802002	0.33084082109125795	0.0	340
917	839.8176794052124	0.33084082109125795	0.0	341
918	840.7169673442841	0.33084082109125795	0.0	342
919	841.6280238628387	0.33084082109125795	0.0	343
920	842.5427582263947	0.33084082109125795	0.0	344
921	843.4457705020905	0.33084082109125795	0.0	345
922	844.3461287021637	0.33084082109125795	0.0	346
923	845.2527441978455	0.33084082109125795	0.0	347
924	846.1597094535828	0.33084082109125795	0.0	348
925	847.0606763362885	0.33084082109125795	0.0	349
926	847.9503059387207	0.33084082109125795	0.0	350
927	848.8507611751556	0.33084082109125795	0.0	351
928	849.7539429664612	0.33084082109125795	0.0	352
929	850.6584174633026	0.33084082109125795	0.0	353
930	851.5639319419861	0.33084082109125795	0.0	354
931	852.4727602005005	0.33084082109125795	0.0	355
932	853.3689954280853	0.33084082109125795	0.0	356
933	854.26562666893	0.33084082109125795	0.0	357
934	855.1734762191772	0.33084082109125795	0.0	358
935	856.0607650279999	0.33084082109125795	0.0	359
936	856.9607422351837	0.33084082109125795	0.0	360
937	857.8617997169495	0.33084082109125795	0.0	361
938	858.7694747447968	0.33084082109125795	0.0	362
939	859.6790564060211	0.33084082109125795	0.0	363
940	860.5945701599121	0.33084082109125795	0.0	364
941	861.4891991615295	0.33084082109125795	0.0	365
942	862.3978886604309	0.33084082109125795	0.0	366
943	863.2991986274719	0.33084082109125795	0.0	367
944	864.2110469341278	0.33084082109125795	0.0	368
945	865.1221268177032	0.33084082109125795	0.0	369
946	866.0255296230316	0.33084082109125795	0.0	370
947	866.9299848079681	0.33084082109125795	0.0	371
948	867.8293101787567	0.33084082109125795	0.0	372
949	868.7466237545013	0.33084082109125795	0.0	373
950	869.6563692092896	0.33084082109125795	0.0	374
951	870.5625901222229	0.33084082109125795	0.0	375
952	871.5009560585022	0.33084082109125795	0.0	376
953	872.4215834140778	0.33084082109125795	0.0	377
954	873.3520219326019	0.33084082109125795	0.0	378
955	874.2813396453857	0.33084082109125795	0.0	379
956	875.2054529190063	0.33084082109125795	0.0	380
957	876.1284334659576	0.33084082109125795	0.0	381
958	877.0559923648834	0.33084082109125795	0.0	382
959	877.9779267311096	0.33084082109125795	0.0	383
960	878.8785424232483	0.33084082109125795	0.0	384
961	879.7974760532379	0.33084082109125795	0.0	385
962	880.7014400959015	0.33084082109125795	0.0	386
963	881.6281814575195	0.33084082109125795	0.0	387
964	882.5512824058533	0.33084082109125795	0.0	388
965	883.4580237865448	0.33084082109125795	0.0	389
966	884.371550321579	0.33084082109125795	0.0	390
967	885.290158033371	0.33084082109125795	0.0	391
968	886.2076101303101	0.33084082109125795	0.0	392
969	887.1148860454559	0.33084082109125795	0.0	393
970	888.0252504348755	0.33084082109125795	0.0	394
971	888.9512746334076	0.33084082109125795	0.0	395
972	889.8387494087219	0.33084082109125795	0.0	396
973	890.755791425705	0.33084082109125795	0.0	397
974	891.659982919693	0.33084082109125795	0.0	398
975	892.5671985149384	0.33084082109125795	0.0	399
976	893.475994348526	0.33084082109125795	0.0	400
977	894.3897626399994	0.33084082109125795	0.0	401
978	895.2882277965546	0.33084082109125795	0.0	402
979	896.2044460773468	0.33084082109125795	0.0	403
980	897.1160249710083	0.33084082109125795	0.0	404
981	898.0166189670563	0.33084082109125795	0.0	405
982	898.9259905815125	0.33084082109125795	0.0	406
983	899.8309412002563	0.33084082109125795	0.0	407
984	900.730975151062	0.33084082109125795	0.0	408
985	901.6415071487427	0.33084082109125795	0.0	409
986	902.5371356010437	0.33084082109125795	0.0	410
987	903.4372863769531	0.33084082109125795	0.0	411
988	904.3285670280457	0.33084082109125795	0.0	412
989	905.2346198558807	0.33084082109125795	0.0	413
990	906.1556603908539	0.33084082109125795	0.0	414
991	907.0767512321472	0.33084082109125795	0.0	415
992	907.9761300086975	0.33084082109125795	0.0	416
993	908.8886017799377	0.33084082109125795	0.0	417
994	909.7898094654083	0.33084082109125795	0.0	418
995	910.7055912017822	0.33084082109125795	0.0	419
996	911.6061794757843	0.33084082109125795	0.0	420
997	912.5156168937683	0.33084082109125795	0.0	421
998	913.4107322692871	0.33084082109125795	0.0	422
999	914.30881690979	0.33084082109125795	0.0	423
1000	915.2118446826935	0.33084082109125795	0.0	424
1001	916.1262264251709	0.33084082109125795	0.0	425
1002	917.0269839763641	0.33084082109125795	0.0	426
1003	917.9236073493958	0.33084082109125795	0.0	427
1004	918.8223252296448	0.33084082109125795	0.0	428
1005	919.7401990890503	0.33084082109125795	0.0	429
1006	920.6441338062286	0.33084082109125795	0.0	430
1007	921.5551714897156	0.33084082109125795	0.0	431
1008	922.472850561142	0.33084082109125795	0.0	432
1009	923.3859777450562	0.33084082109125795	0.0	433
1010	924.296532869339	0.33084082109125795	0.0	434
1011	925.1971199512482	0.33084082109125795	0.0	435
1012	926.107340335846	0.33084082109125795	0.0	436
1013	927.0191683769226	0.33084082109125795	0.0	437
1014	927.9205076694489	0.33084082109125795	0.0	438
1015	928.825336933136	0.33084082109125795	0.0	439
1016	929.733314037323	0.33084082109125795	0.0	440
1017	930.645491361618	0.33084082109125795	0.0	441
1018	931.5402963161469	0.33084082109125795	0.0	442
1019	932.4459488391876	0.33084082109125795	0.0	443
1020	933.3514084815979	0.33084082109125795	0.0	444
1021	934.2596385478973	0.33084082109125795	0.0	445
1022	935.1701731681824	0.33084082109125795	0.0	446
1023	936.0795891284943	0.33084082109125795	0.0	447
1024	936.9886021614075	0.33084082109125795	0.0	448
1025	937.9104368686676	0.33084082109125795	0.0	449
1026	938.820868730545	0.33084082109125795	0.0	450
1027	939.728080034256	0.33084082109125795	0.0	451
1028	940.6374609470367	0.33084082109125795	0.0	452
1029	941.5454094409943	0.33084082109125795	0.0	453
1030	942.4466390609741	0.33084082109125795	0.0	454
1031	943.3595054149628	0.33084082109125795	0.0	455
1032	944.2792806625366	0.33084082109125795	0.0	456
1033	945.1863670349121	0.33084082109125795	0.0	457
1034	946.0842776298523	0.33084082109125795	0.0	458
1035	946.9915409088135	0.33084082109125795	0.0	459
1036	947.8956336975098	0.33084082109125795	0.0	460
1037	948.8071930408478	0.33084082109125795	0.0	461
1038	949.7131059169769	0.33084082109125795	0.0	462
1039	950.6194729804993	0.33084082109125795	0.0	463
1040	951.5272080898285	0.33084082109125795	0.0	464
1041	952.4281599521637	0.33084082109125795	0.0	465
1042	953.3411040306091	0.33084082109125795	0.0	466
1043	954.2439992427826	0.33084082109125795	0.0	467
1044	955.1593110561371	0.33084082109125795	0.0	468
1045	956.0617105960846	0.33084082109125795	0.0	469
1046	956.9731202125549	0.33084082109125795	0.0	470
1047	957.8901443481445	0.33084082109125795	0.0	471
1048	958.7896800041199	0.33084082109125795	0.0	472
1049	959.68789935112	0.33084082109125795	0.0	473
1050	960.5894358158112	0.33084082109125795	0.0	474
1051	961.4891974925995	0.33084082109125795	0.0	475
1052	962.4043474197388	0.33084082109125795	0.0	476
1053	963.3132121562958	0.33084082109125795	0.0	477
1054	964.2185072898865	0.33084082109125795	0.0	478
1055	965.1198618412018	0.33084082109125795	0.0	479
1056	966.0340940952301	0.33084082109125795	0.0	480
1057	966.9383556842804	0.33084082109125795	0.0	481
1058	967.8377566337585	0.33084082109125795	0.0	482
1059	968.7513520717621	0.33084082109125795	0.0	483
1060	969.668582201004	0.33084082109125795	0.0	484
1061	970.5687832832336	0.33084082109125795	0.0	485
1062	971.507905960083	0.33084082109125795	0.0	486
1063	972.4244611263275	0.33084082109125795	0.0	487
1064	973.3282127380371	0.33084082109125795	0.0	488
1065	974.2398328781128	0.33084082109125795	0.0	489
1066	975.1505215167999	0.33084082109125795	0.0	490
1067	976.0607724189758	0.33084082109125795	0.0	491
1068	976.9736223220825	0.33084082109125795	0.0	492
1069	977.8893373012543	0.33084082109125795	0.0	493
1070	978.7924256324768	0.33084082109125795	0.0	494
1071	979.690839767456	0.33084082109125795	0.0	495
1072	980.6125254631042	0.33084082109125795	0.0	496
1073	981.5204608440399	0.33084082109125795	0.0	497
1074	982.4257833957672	0.33084082109125795	0.0	498
1075	983.3385283946991	0.33084082109125795	0.0	499
1076	984.2390539646149	0.33084082109125795	0.0	500
1077	985.1484153270721	0.33084082109125795	0.0	501
1078	986.0512983798981	0.33084082109125795	0.0	502
1079	986.9568848609924	0.33084082109125795	0.0	503
1080	987.8820152282715	0.33084082109125795	0.0	504
1081	988.803525686264	0.33084082109125795	0.0	505
1082	989.725506067276	0.33084082109125795	0.0	506
1083	990.6352083683014	0.33084082109125795	0.0	507
1084	991.5376496315002	0.33084082109125795	0.0	508
1085	992.4638726711273	0.33084082109125795	0.0	509
1086	993.387125492096	0.33084082109125795	0.0	510
1087	994.3006620407104	0.33084082109125795	0.0	511
1088	995.2001221179962	0.33084082109125795	0.0	512
1089	996.1265528202057	0.33084082109125795	0.0	513
1090	997.0212786197662	0.33084082109125795	0.0	514
1091	997.9269986152649	0.33084082109125795	0.0	515
1092	998.8444793224335	0.33084082109125795	0.0	516
1093	999.7498042583466	0.33084082109125795	0.0	517
1094	1000.6549146175385	0.33084082109125795	0.0	518
1095	1001.5594956874847	0.33084082109125795	0.0	519
1096	1002.4687833786011	0.33084082109125795	0.0	520
1097	1003.389315366745	0.33084082109125795	0.0	521
1098	1004.2934823036194	0.33084082109125795	0.0	522
1099	1005.1990497112274	0.33084082109125795	0.0	523
1100	1006.093508720398	0.33084082109125795	0.0	524
1101	1007.0105738639832	0.33084082109125795	0.0	525
1102	1007.9261810779572	0.33084082109125795	0.0	526
1103	1008.841302394867	0.33084082109125795	0.0	527
1104	1009.7557377815247	0.33084082109125795	0.0	528
1105	1010.6598491668701	0.33084082109125795	0.0	529
1106	1011.5691764354706	0.33084082109125795	0.0	530
1107	1012.4741067886353	0.33084082109125795	0.0	531
1108	1013.3668675422668	0.33084082109125795	0.0	532
1109	1014.2569868564606	0.33084082109125795	0.0	533
1110	1015.1503767967224	0.33084082109125795	0.0	534
1111	1016.0334422588348	0.33084082109125795	0.0	535
1112	1016.9275710582733	0.33084082109125795	0.0	536
1113	1017.8357579708099	0.33084082109125795	0.0	537
1114	1018.7307846546173	0.33084082109125795	0.0	538
1115	1019.632838010788	0.33084082109125795	0.0	539
1116	1020.5315544605255	0.33084082109125795	0.0	540
1117	1021.4232225418091	0.33084082109125795	0.0	541
1118	1022.3229234218597	0.33084082109125795	0.0	542
1119	1023.2227330207825	0.33084082109125795	0.0	543
1120	1024.1240792274475	0.33084082109125795	0.0	544
1121	1025.0532066822052	0.33084082109125795	0.0	545
1122	1025.9764499664307	0.33084082109125795	0.0	546
1123	1026.8856410980225	0.33084082109125795	0.0	547
1124	1027.7961654663086	0.33084082109125795	0.0	548
1125	1028.6937334537506	0.33084082109125795	0.0	549
1126	1029.5890910625458	0.33084082109125795	0.0	550
1127	1030.4880712032318	0.33084082109125795	0.0	551
1128	1031.39875125885	0.33084082109125795	0.0	552
1129	1032.3172917366028	0.33084082109125795	0.0	553
1130	1033.214699268341	0.33084082109125795	0.0	554
1131	1034.115071773529	0.33084082109125795	0.0	555
1132	1035.0206999778748	0.33084082109125795	0.0	556
1133	1035.925680398941	0.33084082109125795	0.0	557
1134	1036.8285093307495	0.33084082109125795	0.0	558
1135	1037.72518825531	0.33084082109125795	0.0	559
1136	1038.622350692749	0.33084082109125795	0.0	560
1137	1039.52481007576	0.33084082109125795	0.0	561
1138	1040.4299790859222	0.33084082109125795	0.0	562
1139	1041.3288407325745	0.33084082109125795	0.0	563
1140	1042.2536408901215	0.33084082109125795	0.0	564
1141	1043.154055595398	0.33084082109125795	0.0	565
1142	1044.0641136169434	0.33084082109125795	0.0	566
1143	1044.960041999817	0.33084082109125795	0.0	567
1144	1045.8625059127808	0.33084082109125795	0.0	568
1145	1046.7768623828888	0.33084082109125795	0.0	569
1146	1047.6851811408997	0.33084082109125795	0.0	570
1147	1048.5860426425934	0.33084082109125795	0.0	571
1148	1049.4946842193604	0.33084082109125795	0.0	572
1149	1050.4045886993408	0.33084082109125795	0.0	573
1150	1051.322539806366	0.33084082109125795	0.0	574
1151	1052.2120916843414	0.33084082109125795	0.0	575
1152	1053.1160213947296	0.33084082109125795	0.0	576
1153	1054.0041391849518	0.33084082109125795	0.0	577
1154	1054.9028720855713	0.33084082109125795	0.0	578
1155	1055.826374053955	0.33084082109125795	0.0	579
1156	1056.73419880867	0.33084082109125795	0.0	580
1157	1057.6378681659698	0.33084082109125795	0.0	581
1158	1058.5418145656586	0.33084082109125795	0.0	582
1159	1059.4543137550354	0.33084082109125795	0.0	583
1160	1060.353696346283	0.33084082109125795	0.0	584
1161	1061.261245727539	0.33084082109125795	0.0	585
1162	1062.1785757541656	0.33084082109125795	0.0	586
1163	1063.0893051624298	0.33084082109125795	0.0	587
1164	1063.9861688613892	0.33084082109125795	0.0	588
1165	1064.8876917362213	0.33084082109125795	0.0	589
1166	1065.7976694107056	0.33084082109125795	0.0	590
1167	1066.7114479541779	0.33084082109125795	0.0	591
1168	1067.614778995514	0.33084082109125795	0.0	592
1169	1068.521584033966	0.33084082109125795	0.0	593
1170	1069.427073955536	0.33084082109125795	0.0	594
1171	1070.3519525527954	0.33084082109125795	0.0	595
1172	1071.2536418437958	0.33084082109125795	0.0	596
1173	1072.1487290859222	0.33084082109125795	0.0	597
1174	1073.0544006824493	0.33084082109125795	0.0	598
1175	1073.967325925827	0.33084082109125795	0.0	599
1176	1074.8723390102386	0.33084082109125795	0.0	600
1177	1075.777218580246	0.33084082109125795	0.0	601
1178	1076.690484046936	0.33084082109125795	0.0	602
1179	1077.5947034358978	0.33084082109125795	0.0	603
1180	1078.4880578517914	0.33084082109125795	0.0	604
1181	1079.392873287201	0.33084082109125795	0.0	605
1182	1080.30109000206	0.33084082109125795	0.0	606
1183	1081.214343070984	0.33084082109125795	0.0	607
1184	1082.118510723114	0.33084082109125795	0.0	608
1185	1083.0322360992432	0.33084082109125795	0.0	609
1186	1083.943613767624	0.33084082109125795	0.0	610
1187	1084.8483817577362	0.33084082109125795	0.0	611
1188	1085.7413659095764	0.33084082109125795	0.0	612
1189	1086.6438398361206	0.33084082109125795	0.0	613
1190	1087.5551137924194	0.33084082109125795	0.0	614
1191	1088.4625017642975	0.33084082109125795	0.0	615
1192	1089.3695693016052	0.33084082109125795	0.0	616
1193	1090.2739071846008	0.33084082109125795	0.0	617
1194	1091.1807708740234	0.33084082109125795	0.0	618
1195	1092.0837154388428	0.33084082109125795	0.0	619
1196	1092.981811285019	0.33084082109125795	0.0	620
1197	1093.8921110630035	0.33084082109125795	0.0	621
1198	1094.800386428833	0.33084082109125795	0.0	622
1199	1095.706486940384	0.33084082109125795	0.0	623
1200	1096.610506772995	0.33084082109125795	0.0	624
1201	1097.5118188858032	0.33084082109125795	0.0	625
1202	1098.4151012897491	0.33084082109125795	0.0	626
1203	1099.3194046020508	0.33084082109125795	0.0	627
1204	1100.2157671451569	0.33084082109125795	0.0	628
1205	1101.122815132141	0.33084082109125795	0.0	629
1206	1102.0268323421478	0.33084082109125795	0.0	630
1207	1102.9308569431305	0.33084082109125795	0.0	631
1208	1103.8541555404663	0.33084082109125795	0.0	632
1209	1104.767690896988	0.33084082109125795	0.0	633
1210	1105.7034964561462	0.33084082109125795	0.0	634
1211	1106.6207168102264	0.33084082109125795	0.0	635
1212	1107.5455296039581	0.33084082109125795	0.0	636
1213	1108.4652020931244	0.33084082109125795	0.0	637
1214	1109.3891913890839	0.33084082109125795	0.0	638
1215	1110.3162467479706	0.33084082109125795	0.0	639
1216	1111.2226588726044	0.33084082109125795	0.0	640
1217	1112.1395931243896	0.33084082109125795	0.0	641
1218	1113.0455040931702	0.33084082109125795	0.0	642
1219	1113.9435136318207	0.33084082109125795	0.0	643
1220	1114.8417818546295	0.33084082109125795	0.0	644
1221	1115.7496910095215	0.33084082109125795	0.0	645
1222	1116.6512994766235	0.33084082109125795	0.0	646
1223	1117.566416978836	0.33084082109125795	0.0	647
1224	1118.4852643013	0.33084082109125795	0.0	648
1225	1119.4037985801697	0.33084082109125795	0.0	649
1226	1120.316077709198	0.33084082109125795	0.0	650
1227	1121.2256231307983	0.33084082109125795	0.0	651
1228	1122.1361629962921	0.33084082109125795	0.0	652
1229	1123.0453054904938	0.33084082109125795	0.0	653
1230	1123.9509634971619	0.33084082109125795	0.0	654
1231	1124.8591840267181	0.33084082109125795	0.0	655
1232	1125.7742145061493	0.33084082109125795	0.0	656
1233	1126.688780784607	0.33084082109125795	0.0	657
1234	1127.6047446727753	0.33084082109125795	0.0	658
1235	1128.5098733901978	0.33084082109125795	0.0	659
1236	1129.405514717102	0.33084082109125795	0.0	660
1237	1130.3187804222107	0.33084082109125795	0.0	661
1238	1131.2308630943298	0.33084082109125795	0.0	662
1239	1132.1338164806366	0.33084082109125795	0.0	663
1240	1133.0203022956848	0.33084082109125795	0.0	664
1241	1133.9158065319061	0.33084082109125795	0.0	665
1242	1134.8015670776367	0.33084082109125795	0.0	666
1243	1135.6916408538818	0.33084082109125795	0.0	667
1244	1136.6014647483826	0.33084082109125795	0.0	668
1245	1137.4883530139923	0.33084082109125795	0.0	669
1246	1138.3877375125885	0.33084082109125795	0.0	670
1247	1139.3026583194733	0.33084082109125795	0.0	671
1248	1140.2184281349182	0.33084082109125795	0.0	672
1249	1141.1260089874268	0.33084082109125795	0.0	673
1250	1142.0408544540405	0.33084082109125795	0.0	674
1251	1142.944631099701	0.33084082109125795	0.0	675
1252	1143.8560268878937	0.33084082109125795	0.0	676
1253	1144.7762479782104	0.33084082109125795	0.0	677
1254	1145.6782767772675	0.33084082109125795	0.0	678
1255	1146.5821387767792	0.33084082109125795	0.0	679
1256	1147.4742984771729	0.33084082109125795	0.0	680
1257	1148.3753898143768	0.33084082109125795	0.0	681
1258	1149.2856245040894	0.33084082109125795	0.0	682
1259	1150.1924197673798	0.33084082109125795	0.0	683
1260	1151.0942561626434	0.33084082109125795	0.0	684
1261	1151.9875519275665	0.33084082109125795	0.0	685
1262	1152.8784465789795	0.33084082109125795	0.0	686
1263	1153.7718012332916	0.33084082109125795	0.0	687
1264	1154.6743595600128	0.33084082109125795	0.0	688
1265	1155.591964006424	0.33084082109125795	0.0	689
1266	1156.4932162761688	0.33084082109125795	0.0	690
1267	1157.4012341499329	0.33084082109125795	0.0	691
1268	1158.298817873001	0.33084082109125795	0.0	692
1269	1159.2014014720917	0.33084082109125795	0.0	693
1270	1160.115290403366	0.33084082109125795	0.0	694
1271	1161.0287580490112	0.33084082109125795	0.0	695
1272	1161.935837507248	0.33084082109125795	0.0	696
1273	1162.8364911079407	0.33084082109125795	0.0	697
1274	1163.752677679062	0.33084082109125795	0.0	698
1275	1164.6739444732666	0.33084082109125795	0.0	699
1276	1165.571730852127	0.33084082109125795	0.0	700
1277	1166.4824967384338	0.33084082109125795	0.0	701
1278	1167.391501903534	0.33084082109125795	0.0	702
1279	1168.2932577133179	0.33084082109125795	0.0	703
1280	1169.187843322754	0.33084082109125795	0.0	704
1281	1170.0843434333801	0.33084082109125795	0.0	705
