1	20.18044090270996	0.04445527536575591	10000000000.044455	0
2	35.51929211616516	0.0466721473661466	0.002216872000390696	0
3	51.01990509033203	0.04849283148340907	0.0018206841172624666	0
4	66.57618927955627	0.06154170637312004	0.013048874889710974	0
5	82.4460780620575	0.0673168722301595	0.005775165857039459	0
6	98.69274020195007	0.0673168722301595	0.0	1
7	115.54382610321045	0.08273079466129013	0.015413922431130628	0
8	132.86302042007446	0.08660604839814195	0.0038752537368518247	0
9	150.87983751296997	0.11203047419236714	0.025424425794225186	0
10	169.42047023773193	0.13742867931049893	0.02539820511813179	0
11	189.39462089538574	0.1394966211370006	0.0020679418265016625	0
12	209.72969222068787	0.1394966211370006	0.0	1
13	230.10472011566162	0.1394966211370006	0.0	2
14	251.1205677986145	0.1394966211370006	0.0	3
15	273.06531023979187	0.1394966211370006	0.0	4
16	295.5928919315338	0.1577556840298602	0.018259062892859612	0
17	319.41882967948914	0.17403162808232608	0.01627594405246588	0
18	344.8996579647064	0.17403162808232608	0.0	1
19	372.40323400497437	0.17403162808232608	0.0	2
20	399.6991288661957	0.1742346130585094	0.000202984976183318	0
21	426.83646297454834	0.18112144885544496	0.006886835796935553	0
22	455.1004753112793	0.1815478727372728	0.0004264238818278421	0
23	482.09176087379456	0.18495330557125392	0.00340543283398112	0
24	510.15286684036255	0.18777666868022236	0.0028233631089684408	0
25	537.6859393119812	0.18837615127690188	0.0005994825966795236	0
26	565.5082335472107	0.18913421940596742	0.0007580681290655367	0
27	592.2312788963318	0.1921482230491096	0.0030140036431421935	0
28	619.6949574947357	0.19331324102694225	0.0011650179778326386	0
29	646.422610282898	0.1944091706769584	0.0010959296500161475	0
30	674.4321887493134	0.19605710863253137	0.00164793795557297	0
31	702.101270198822	0.19658481100208755	0.0005277023695561822	0
32	729.3954575061798	0.1982258333669727	0.0016410223648851419	0
33	757.1544487476349	0.20254280638004013	0.004316973013067438	0
34	784.6186718940735	0.2031980980188342	0.0006552916387940755	0
35	812.10537981987	0.2032179437367365	1.9845717902283733e-05	0
36	839.0285527706146	0.20722308443093745	0.004005140694200965	0
37	865.7509722709656	0.21328069134642	0.006057606915482544	0
38	892.6796958446503	0.21346522723865105	0.0001845358922310525	0
39	918.9893653392792	0.21469156195215908	0.001226334713508026	0
40	944.9299573898315	0.21659587234297148	0.0019043103908124026	0
41	970.8119933605194	0.21659587234297148	0.0	1
42	995.9875710010529	0.21659587234297148	0.0	2
43	1021.1917080879211	0.21709818751153348	0.0005023151685620009	0
44	1046.1534378528595	0.21905834073399152	0.0019601532224580442	0
45	1071.1465337276459	0.21935942798198468	0.0003010872479931592	0
46	1096.2691192626953	0.22232664438780217	0.0029672164058174855	0
47	1121.214145898819	0.2230110175496517	0.0006843731618495219	0
48	1146.5660145282745	0.2230110175496517	0.0	1
49	1171.7895305156708	0.2230110175496517	0.0	2
50	1197.1138050556183	0.2230110175496517	0.0	3
51	1222.427005290985	0.224786882669773	0.0017758651201213171	0
52	1247.2890412807465	0.22512962114637156	0.0003427384765985475	0
53	1272.621247291565	0.226835406779099	0.0017057856327274412	0
54	1297.862770318985	0.226835406779099	0.0	1
55	1323.2312903404236	0.226835406779099	0.0	2
56	1348.6826498508453	0.226835406779099	0.0	3
57	1374.041693687439	0.2269877975641262	0.00015239078502721215	0
58	1399.42080616951	0.2296955554242019	0.0027077578600756824	0
59	1424.3143544197083	0.2296955554242019	0.0	1
60	1449.1344232559204	0.2296955554242019	0.0	2
61	1474.5381317138672	0.2296955554242019	0.0	3
62	1499.7993009090424	0.2305797373463162	0.0008841819221143132	0
63	1525.1065344810486	0.2305797373463162	0.0	1
64	1550.2904703617096	0.23119243164963554	0.0006126943033193388	0
65	1575.7787373065948	0.2326381505250623	0.0014457188754267436	0
66	1601.2950773239136	0.2326381505250623	0.0	1
67	1627.140436410904	0.2326381505250623	0.0	2
68	1652.7120780944824	0.23303434403977902	0.0003961935147167306	0
69	1678.023605108261	0.23303434403977902	0.0	1
70	1703.2665178775787	0.23303434403977902	0.0	2
71	1728.2683684825897	0.2333355213931883	0.00030117735340928764	0
72	1753.3544025421143	0.2333355213931883	0.0	1
73	1778.9361345767975	0.23364021285782663	0.00030469146463832364	0
74	1804.4252047538757	0.235524857741569	0.0018846448837423757	0
75	1830.0141537189484	0.23588140487318923	0.00035654713162022733	0
76	1855.7639484405518	0.2359482405656025	6.683569241328069e-05	0
77	1881.0998463630676	0.2374317361367411	0.0014834955711385822	0
78	1905.822773218155	0.2374317361367411	0.0	1
79	1930.5109405517578	0.2374317361367411	0.0	2
80	1955.3024725914001	0.23921309768724627	0.0017813615505051783	0
81	1980.9208343029022	0.23921309768724627	0.0	1
82	2006.2824873924255	0.23921309768724627	0.0	2
83	2031.7459757328033	0.23921309768724627	0.0	3
84	2056.682117700577	0.2395287594862982	0.0003156617990519306	0
85	2082.09365439415	0.2395287594862982	0.0	1
86	2107.665747642517	0.2395287594862982	0.0	2
87	2133.1077558994293	0.2395287594862982	0.0	3
88	2158.44922208786	0.2395287594862982	0.0	4
89	2183.7611632347107	0.2398516747713485	0.0003229152850502959	0
90	2206.931853532791	0.24072416551572015	0.0008724907443716512	0
91	2232.3135826587677	0.24088881063734083	0.0001646451216206768	0
92	2257.8312151432037	0.24131584273072754	0.0004270320933867089	0
93	2282.8328006267548	0.24155921745969045	0.00024337472896290846	0
94	2308.0914776325226	0.24289888226033401	0.0013396648006435696	0
95	2333.260158061981	0.24308341815256504	0.00018453589223102473	0
96	2358.29567027092	0.24325565465549456	0.00017223650292952364	0
97	2383.68354344368	0.2437999589479724	0.000544304292477843	0
98	2408.86128282547	0.24394813730479561	0.00014817835682320868	0
99	2434.029212474823	0.24457772637363906	0.0006295890688434447	0
100	2459.085155248642	0.24482873753661885	0.00025101116297979176	0
101	2484.161114215851	0.24646870116286446	0.0016399636262456052	0
102	2508.970293521881	0.24646870116286446	0.0	1
103	2533.7418820858	0.24646870116286446	0.0	2
104	2558.8967649936676	0.24646870116286446	0.0	3
105	2583.7824487686157	0.24646870116286446	0.0	4
106	2608.7037274837494	0.24686723741840053	0.0003985362555360694	0
107	2633.8685023784637	0.24686723741840053	0.0	1
108	2658.9573118686676	0.2469526573528903	8.541993448976659e-05	0
109	2684.1438026428223	0.24752834085653488	0.0005756835036445918	0
110	2709.1910898685455	0.24752834085653488	0.0	1
111	2734.4004118442535	0.24805987270627652	0.0005315318497416399	0
112	2759.5637805461884	0.24805987270627652	0.0	1
113	2784.6929292678833	0.24900185725283724	0.0009419845465607202	0
114	2809.6817955970764	0.24900185725283724	0.0	1
115	2834.510268688202	0.24900185725283724	0.0	2
116	2859.5236427783966	0.24928508110208294	0.00028322384924570065	0
117	2884.643349170685	0.24928508110208294	0.0	1
118	2909.8038029670715	0.25028626490704003	0.0010011838049570898	0
119	2934.9413661956787	0.25028626490704003	0.0	1
120	2959.867249250412	0.25067561041013103	0.0003893455030909987	0
121	2985.005120038986	0.2508410439541428	0.00016543354401177268	0
122	3010.1966478824615	0.2516001145059628	0.0007590705518200069	0
123	3035.331923007965	0.25163746320094804	3.7348694985228637e-05	0
124	3060.4922902584076	0.25163746320094804	0.0	1
125	3085.6955490112305	0.2516551238625092	1.7660661561169633e-05	0
126	3110.9853558540344	0.2517064614233484	5.133756083919305e-05	0
127	3136.349841117859	0.2519830625245087	0.0002766011011602898	0
128	3161.650731086731	0.2519830625245087	0.0	1
129	3186.9388012886047	0.2519830625245087	0.0	2
130	3211.9551799297333	0.25243631529398874	0.00045325276948005033	0
131	3237.085697412491	0.25243631529398874	0.0	1
132	3262.1698892116547	0.2526670977910477	0.0002307824970589345	0
133	3287.407396554947	0.2526670977910477	0.0	1
134	3312.49613904953	0.25342107738685643	0.0007539795958087514	0
135	3337.353769302368	0.25342107738685643	0.0	1
136	3362.4883658885956	0.25342107738685643	0.0	2
137	3387.490490913391	0.25342107738685643	0.0	3
138	3412.4928290843964	0.25368015298457974	0.0002590755977233128	0
139	3437.4494335651398	0.25368015298457974	0.0	1
140	3462.1815946102142	0.25368015298457974	0.0	2
141	3487.2116119861603	0.2539659448381851	0.00028579185360533277	0
142	3512.2430374622345	0.25415048073041613	0.0001845358922310525	0
143	3537.0171427726746	0.25415048073041613	0.0	1
144	3561.8067529201508	0.2546719207735514	0.0005214400431352573	0
145	3586.583389043808	0.25501094240173466	0.0003390216281832781	0
146	3611.691521883011	0.2551738079413868	0.0001628655396521128	0
147	3636.460854768753	0.25585288741003875	0.0006790794686519774	0
148	3661.2248373031616	0.25585288741003875	0.0	1
149	3685.9542751312256	0.25585288741003875	0.0	2
150	3710.739710330963	0.255926728798556	7.384138851723732e-05	0
151	3735.395607948303	0.255926728798556	0.0	1
152	3760.2311103343964	0.255926728798556	0.0	2
153	3785.002640724182	0.25639892623177707	0.00047219743322107766	0
154	3809.630568742752	0.25667516691127285	0.00027624067949577613	0
155	3834.2658727169037	0.25667516691127285	0.0	1
156	3858.99515914917	0.25667516691127285	0.0	2
157	3883.774062871933	0.25667516691127285	0.0	3
158	3908.696258544922	0.2571117051260611	0.0004365382147882291	0
159	3933.594953775406	0.2571117051260611	0.0	1
160	3958.549437046051	0.2571117051260611	0.0	2
161	3983.439516544342	0.2574807769105232	0.000369071784462105	0
162	4008.2442140579224	0.2574807769105232	0.0	1
163	4033.0094046592712	0.2576653128027542	0.00018453589223099698	0
164	4057.6304681301117	0.2579389178988282	0.0002736050960740477	0
165	4082.245935678482	0.2580118807595382	7.29628607099575e-05	0
166	4106.963627338409	0.2582174787927893	0.0002055980332510976	0
167	4131.717150449753	0.2582174787927893	0.0	1
168	4156.604247570038	0.25823324724061175	1.5768447822472886e-05	0
169	4181.585190296173	0.2583809525440003	0.0001477053033885345	0
170	4206.273675441742	0.2583809525440003	0.0	1
171	4231.130554437637	0.25839034603363165	9.393489631359664e-06	0
172	4255.996191501617	0.25856548843623134	0.00017514240259969283	0
173	4280.715388298035	0.25916741514232333	0.0006019267060919931	0
174	4305.430513858795	0.25916741514232333	0.0	1
175	4330.22549200058	0.25956178402236346	0.00039436888004013015	0
176	4354.878113269806	0.2596017457744164	3.9961752052952715e-05	0
177	4379.763080120087	0.25965089827891447	4.91525044980512e-05	0
178	4404.585876703262	0.2599983447635057	0.0003474464845912295	0
179	4429.230020999908	0.2599983447635057	0.0	1
180	4454.04510474205	0.2599983447635057	0.0	2
181	4479.022830963135	0.2603441918769607	0.00034584711345497787	0
182	4503.696116924286	0.2603500937817171	5.90190475641128e-06	0
183	4528.443103551865	0.2603674165479678	1.7322766250715826e-05	0
184	4553.288617372513	0.2611793789790552	0.0008119624310873874	0
185	4578.050333738327	0.2611793789790552	0.0	1
186	4602.61828827858	0.26162292288994743	0.0004435439108922412	0
187	4627.307008743286	0.26208430767323304	0.00046138478328561217	0
188	4651.949901819229	0.26208430767323304	0.0	1
189	4676.636882781982	0.26208430767323304	0.0	2
190	4701.414535284042	0.26208430767323304	0.0	3
191	4725.960884332657	0.26240609664058173	0.00032178896734869067	0
192	4750.456241607666	0.26240609664058173	0.0	1
193	4775.2919590473175	0.26240609664058173	0.0	2
194	4799.931452035904	0.2624108947539906	4.798113408865934e-06	0
195	4824.612974643707	0.2624108947539906	0.0	1
196	4849.301293373108	0.2624108947539906	0.0	2
197	4874.013894319534	0.2625421783452897	0.00013128359129910283	0
198	4898.677144050598	0.26287682986079075	0.0003346515155010499	0
