1	5.875279426574707	0.08259798362679074	10000000000.082598	0
2	9.731460571289062	0.09178556305706914	0.009187579430278398	0
3	13.614707946777344	0.09178556305706914	0.0	1
4	17.628761768341064	0.0948567467528733	0.0030711836958041555	0
5	21.81350874900818	0.0948567467528733	0.0	1
6	25.980278968811035	0.10577599611348423	0.010919249360610936	0
7	30.373263359069824	0.10577599611348423	0.0	1
8	34.98937392234802	0.10577599611348423	0.0	2
9	39.56529927253723	0.10577599611348423	0.0	3
10	44.209254026412964	0.10979525101377562	0.004019254900291383	0
11	48.88561034202576	0.11215315680030312	0.0023579057865275033	0
12	53.63790678977966	0.11215315680030312	0.0	1
13	58.392184019088745	0.11694225813444988	0.004789101334146756	0
14	63.27616286277771	0.11694225813444988	0.0	1
15	68.35144901275635	0.11694225813444988	0.0	2
16	73.41607451438904	0.11694225813444988	0.0	3
17	78.42217826843262	0.13043266631163847	0.013490408177188593	0
18	83.44719052314758	0.13043266631163847	0.0	1
19	88.46243786811829	0.13043266631163847	0.0	2
20	93.57258415222168	0.13043266631163847	0.0	3
21	98.75962495803833	0.13352492334660976	0.003092257034971291	0
22	103.99266910552979	0.13589067877577854	0.002365755429168781	0
23	109.32074642181396	0.13589067877577854	0.0	1
24	114.65850162506104	0.13589067877577854	0.0	2
25	119.98463201522827	0.1364550249130566	0.0005643461372780711	0
26	125.37010407447815	0.13754691813338987	0.001091893220333262	0
27	130.83798789978027	0.13854680931320365	0.0009998911798137777	0
28	136.35741543769836	0.1514802540697622	0.012933444756558554	0
29	141.87263536453247	0.1514802540697622	0.0	1
30	147.4179835319519	0.1514802540697622	0.0	2
31	152.99401140213013	0.1514802540697622	0.0	3
32	158.4625220298767	0.15264829146669312	0.0011680373969309155	0
33	164.04019355773926	0.15396169261624026	0.0013134011495471443	0
34	169.61870646476746	0.15396169261624026	0.0	1
35	175.13350105285645	0.15611224802206625	0.0021505554058259824	0
36	180.66071581840515	0.15842171684423714	0.002309468822170896	0
37	186.1627447605133	0.1624475703779049	0.004025853533667745	0
38	191.6368703842163	0.1624475703779049	0.0	1
39	197.17163372039795	0.1624475703779049	0.0	2
40	202.61986422538757	0.16321576054597287	0.0007681901680679781	0
41	208.0770139694214	0.16321576054597287	0.0	1
42	213.5120644569397	0.16321576054597287	0.0	2
43	219.01143598556519	0.16321576054597287	0.0	3
44	224.52435111999512	0.16321576054597287	0.0	4
45	230.13721799850464	0.16321576054597287	0.0	5
46	235.80736875534058	0.16750337455344255	0.004287614007469687	0
47	241.40093517303467	0.16750337455344255	0.0	1
48	246.98879742622375	0.16779778460707456	0.00029441005363201045	0
49	252.6323688030243	0.16779778460707456	0.0	1
50	258.2166950702667	0.16779778460707456	0.0	2
51	263.75508189201355	0.17171631564168952	0.003918531034614953	0
52	269.3817400932312	0.17171631564168952	0.0	1
53	274.9726197719574	0.17171631564168952	0.0	2
54	280.58469676971436	0.172893022004231	0.0011767063625414964	0
55	286.27965259552	0.17337097802283308	0.00047795601860206594	0
56	291.9303250312805	0.1750740245087868	0.0017030464859537353	0
57	297.6082503795624	0.1750740245087868	0.0	1
58	303.372109413147	0.1766205891175303	0.0015465646087435003	0
59	309.191787481308	0.17908900659574373	0.002468417478213414	0
60	314.95625019073486	0.18115549770293554	0.0020664911071918146	0
61	320.75309896469116	0.18115549770293554	0.0	1
62	326.56443977355957	0.1846672745279572	0.0035117768250216563	0
63	332.4009761810303	0.1862342253017646	0.0015669507738073907	0
64	338.33623480796814	0.1862342253017646	0.0	1
65	344.2555570602417	0.1862342253017646	0.0	2
66	350.0934500694275	0.18875983680918915	0.0025256115074245578	0
67	355.96194434165955	0.18875983680918915	0.0	1
68	361.8045144081116	0.19207733718132036	0.0033175003721312157	0
69	367.68822979927063	0.19300990291886186	0.0009325657375414964	0
70	373.6610634326935	0.19300990291886186	0.0	1
71	379.5405607223511	0.19300990291886186	0.0	2
72	385.48735308647156	0.1946205156780005	0.001610612759138652	0
73	391.3923337459564	0.19594114096555643	0.0013206252875559155	0
74	397.2700638771057	0.19594114096555643	0.0	1
75	403.13173055648804	0.19746065910638894	0.0015195181408325098	0
76	409.06725001335144	0.19746065910638894	0.0	1
77	414.99411821365356	0.1998607291910995	0.002400070084710576	0
78	420.97387886047363	0.2007939997225931	0.0009332705314935852	0
79	426.92024207115173	0.2007939997225931	0.0	1
80	432.8742923736572	0.20085725497979215	6.32552571990519e-05	0
81	438.8322718143463	0.20085725497979215	0.0	1
82	444.81718468666077	0.20093455325648635	7.729827669419875e-05	0
83	450.6628339290619	0.20148385204288755	0.0005492987864011978	0
84	456.54601788520813	0.20251505369402245	0.0010312016511349054	0
85	462.3605167865753	0.20382190025981525	0.001306846565792802	0
86	468.1728127002716	0.20382190025981525	0.0	1
87	474.03064799308777	0.20702203481907658	0.003200134559261325	0
88	479.89707231521606	0.20702203481907658	0.0	1
89	485.7221670150757	0.20702203481907658	0.0	2
90	491.49373269081116	0.20744538692624134	0.000423352107164765	0
91	497.3375017642975	0.20933150364124747	0.0018861167150061309	0
92	503.12792110443115	0.21049164734591513	0.00116014370466766	0
93	508.9921169281006	0.2111816758646976	0.0006900285187824706	0
94	514.8266761302948	0.211292769011394	0.00011109314669638382	0
95	520.6528978347778	0.21138338789378247	9.061888238848237e-05	0
96	526.4002673625946	0.21314422748380665	0.0017608395900241824	0
97	532.2527422904968	0.21446739002959006	0.0013231625457834073	0
98	538.128924369812	0.21446739002959006	0.0	1
99	543.9336457252502	0.21446739002959006	0.0	2
100	549.799801826477	0.21475244394350823	0.0002850539139181707	0
101	555.6764559745789	0.217662221014362	0.0029097770708537696	0
102	561.5089604854584	0.2196790770074787	0.002016855993116712	0
103	567.391382932663	0.2196790770074787	0.0	1
104	573.254031419754	0.21993782448713553	0.0002587474796568179	0
105	579.0939638614655	0.2210899864002959	0.0011521619131603655	0
106	584.9367008209229	0.2210899864002959	0.0	1
107	590.7953405380249	0.2210899864002959	0.0	2
108	596.6586282253265	0.2210899864002959	0.0	3
109	602.5121088027954	0.2210899864002959	0.0	4
110	608.3701455593109	0.2210899864002959	0.0	5
111	614.288551568985	0.22272868519842487	0.0016386987981289736	0
112	620.1217329502106	0.2230457191379186	0.00031703393949372716	0
113	625.9385211467743	0.2232306394510952	0.00018492031317660085	0
114	631.7405588626862	0.22349243516459474	0.00026179571349954633	0
115	637.6382133960724	0.22442535329911228	0.0009329181345175408	0
116	643.5612115859985	0.22442535329911228	0.0	1
117	649.469767332077	0.22552380991312426	0.0010984566140119778	0
118	655.3127427101135	0.2255717711415632	4.7961228438947456e-05	0
119	661.1281962394714	0.22577112211090863	0.0001993509693454243	0
120	666.9449741840363	0.22631818317651198	0.0005470610656033437	0
121	672.830557346344	0.2264674232958646	0.00014924011935263382	0
122	678.6800336837769	0.22692585652199407	0.0004584332261294566	0
123	684.6203248500824	0.22777842814597465	0.0008525716239805858	0
124	690.5427601337433	0.22777842814597465	0.0	1
125	696.3679158687592	0.22804105199236793	0.0002626238463932784	0
126	702.2042400836945	0.22804105199236793	0.0	1
127	708.0998795032501	0.22829601120453233	0.0002549592121643962	0
128	714.0080111026764	0.22934085061863993	0.0010448394141076012	0
129	719.9296734333038	0.22949539431248195	0.0001545436938420186	0
130	725.8972692489624	0.2299096545776649	0.00041426026518295855	0
131	731.8475484848022	0.2299096545776649	0.0	1
132	737.8556995391846	0.23003805041588482	0.00012839583821991352	0
133	743.8832461833954	0.23093595791083285	0.0008979074949480303	0
134	749.9098062515259	0.23259178320199733	0.001655825291164481	0
135	755.9099378585815	0.23259178320199733	0.0	1
136	761.915568113327	0.23259178320199733	0.0	2
137	767.9657773971558	0.23259178320199733	0.0	3
138	773.9897856712341	0.23259178320199733	0.0	4
139	780.0042810440063	0.23310513749684253	0.0005133542948451975	0
140	786.0110650062561	0.23310513749684253	0.0	1
141	792.0004079341888	0.23392100697576862	0.0008158694789260901	0
142	797.9912173748016	0.23392100697576862	0.0	1
143	804.0479907989502	0.23392100697576862	0.0	2
144	810.0298607349396	0.23398701092938076	6.600395361214262e-05	0
145	815.9964487552643	0.2351397366777028	0.0011527257483220366	0
146	822.0070440769196	0.2351397366777028	0.0	1
147	827.9618248939514	0.23618491086893764	0.0010451741912348433	0
148	833.9396705627441	0.23698014750491664	0.0007952366359789964	0
149	839.9839406013489	0.23708602517636765	0.00010587767145101012	0
150	845.937837600708	0.23777977148324733	0.0006937463068796834	0
151	851.8552298545837	0.2392029266709819	0.0014231551877345594	0
152	857.7767169475555	0.2392029266709819	0.0	1
153	863.7255094051361	0.23931285690765733	0.00010993023667543733	0
154	869.6286504268646	0.23931285690765733	0.0	1
155	875.5467855930328	0.23931285690765733	0.0	2
156	881.4654943943024	0.23934830804344687	3.545113578953818e-05	0
157	887.3722240924835	0.24067007862117493	0.0013217705777280597	0
158	893.2096083164215	0.24067007862117493	0.0	1
159	899.139532327652	0.24108497320091477	0.00041489457973983845	0
160	905.0209515094757	0.24108497320091477	0.0	1
161	910.9324021339417	0.2416407560916751	0.0005557828907603313	0
162	916.8155565261841	0.2416407560916751	0.0	1
163	922.6769418716431	0.24196365744081985	0.0003229013491447552	0
164	928.5670325756073	0.24196365744081985	0.0	1
165	934.4308316707611	0.24196365744081985	0.0	2
166	940.3860085010529	0.24352528702028903	0.001561629579469176	0
167	946.29310297966	0.24352528702028903	0.0	1
168	952.1890442371368	0.2437205149450148	0.00019522792472576045	0
169	958.1010797023773	0.24389074030429056	0.00017022535927577187	0
170	963.9924628734589	0.24538219002598152	0.0014914497216909628	0
171	969.9019596576691	0.24538219002598152	0.0	1
172	975.8246235847473	0.24538219002598152	0.0	2
173	981.7270753383636	0.2462436596736071	0.0008614696476255679	0
174	987.5648427009583	0.24676355093235783	0.0005198912587507376	0
175	993.4012978076935	0.2467704579130882	6.9069807303590025e-06	0
176	999.3121736049652	0.24727364555517464	0.0005031876420864556	0
177	1005.1677026748657	0.24727364555517464	0.0	1
178	1011.03449177742	0.2489212423769486	0.0016475968217739556	0
179	1016.8496525287628	0.2489212423769486	0.0	1
180	1022.7037246227264	0.2489212423769486	0.0	2
181	1028.5277762413025	0.2489212423769486	0.0	3
182	1034.3610699176788	0.2489212423769486	0.0	4
183	1040.2200193405151	0.24963410621977844	0.0007128638428298417	0
184	1046.07253241539	0.25041235732151235	0.0007782511017339067	0
185	1051.8756041526794	0.2518870858066902	0.0014747284851778786	0
186	1057.6135177612305	0.2518870858066902	0.0	1
187	1063.4001450538635	0.2518870858066902	0.0	2
188	1069.1979598999023	0.2518870858066902	0.0	3
189	1075.0098502635956	0.2518870858066902	0.0	4
190	1080.77827501297	0.25193013109731344	4.3045290623211496e-05	0
191	1086.517272233963	0.25193013109731344	0.0	1
192	1092.312314748764	0.2527351291295287	0.0008049980322152872	0
193	1098.133781194687	0.2548190286473369	0.0020838995178081854	0
194	1103.8635985851288	0.2552084449257091	0.00038941627837218995	0
195	1109.6076500415802	0.2552084449257091	0.0	1
196	1115.365094423294	0.25713915747803295	0.0019307125523238544	0
197	1121.1133518218994	0.258293486632596	0.0011543291545630385	0
198	1126.8394832611084	0.258293486632596	0.0	1
199	1132.5362575054169	0.258293486632596	0.0	2
200	1138.2701814174652	0.258293486632596	0.0	3
201	1144.159358739853	0.258293486632596	0.0	4
202	1149.9565749168396	0.258293486632596	0.0	5
203	1155.7248311042786	0.258293486632596	0.0	6
204	1161.5375535488129	0.25847176426277424	0.00017827763017824738	0
205	1167.2598719596863	0.25847176426277424	0.0	1
206	1173.083322763443	0.25943761389470266	0.0009658496319284171	0
207	1178.9127311706543	0.25943761389470266	0.0	1
208	1184.705092906952	0.26177132762882505	0.002333713734122389	0
209	1190.4485111236572	0.26177132762882505	0.0	1
210	1196.2550840377808	0.26177132762882505	0.0	2
211	1202.085637807846	0.26177132762882505	0.0	3
212	1207.7999682426453	0.26177132762882505	0.0	4
213	1213.6429386138916	0.26177132762882505	0.0	5
214	1219.4170854091644	0.2629366163293429	0.0011652887005178525	0
215	1225.1765305995941	0.2629945680120525	5.7951682709611596e-05	0
216	1230.9267659187317	0.2629945680120525	0.0	1
217	1236.732828617096	0.2636267505672182	0.0006321825551656723	0
218	1242.5092206001282	0.2636267505672182	0.0	1
219	1248.2333445549011	0.26373891852469145	0.00011216795747326369	0
220	1253.9662744998932	0.2648558231203991	0.0011169045957076795	0
221	1259.752913236618	0.2648558231203991	0.0	1
222	1265.4234657287598	0.26565809007605007	0.0008022669556509432	0
223	1271.064160823822	0.26565809007605007	0.0	1
224	1276.6892895698547	0.2662558963062031	0.0005978062301530418	0
225	1282.288601398468	0.2675512723504258	0.0012953760442226958	0
226	1287.949701309204	0.2675512723504258	0.0	1
227	1293.605746269226	0.2675512723504258	0.0	2
228	1299.2412719726562	0.2676187387514885	6.746640106269908e-05	0
229	1304.948715209961	0.2689011289671442	0.0012823902156556821	0
230	1310.55974817276	0.2689011289671442	0.0	1
231	1316.196106672287	0.2689011289671442	0.0	2
232	1321.815455198288	0.26936463670972866	0.00046350774258446803	0
233	1327.4563610553741	0.26936463670972866	0.0	1
234	1333.1294798851013	0.26936463670972866	0.0	2
235	1338.7288370132446	0.2704067802869695	0.0010421435772408616	0
236	1344.3673820495605	0.2704067802869695	0.0	1
237	1349.95174574852	0.2704067802869695	0.0	2
238	1355.5889925956726	0.2704781935341639	7.141324719439623e-05	0
239	1361.2448060512543	0.2704781935341639	0.0	1
240	1366.8703775405884	0.2706001581275711	0.00012196459340718668	0
241	1372.5251977443695	0.27156299476535434	0.0009628366377832376	0
242	1378.1687364578247	0.27156299476535434	0.0	1
243	1383.8424665927887	0.2724930056248196	0.0009300108594652579	0
244	1389.4716839790344	0.2724930056248196	0.0	1
245	1395.1155440807343	0.2724930056248196	0.0	2
246	1400.7291507720947	0.27302135441099523	0.0005283487861756364	0
247	1406.3754103183746	0.27302135441099523	0.0	1
248	1412.0888783931732	0.273747838396949	0.0007264839859537631	0
249	1417.6916317939758	0.27520619804258983	0.0014583596456408388	0
250	1423.3176579475403	0.27520619804258983	0.0	1
251	1428.9265880584717	0.27520619804258983	0.0	2
252	1434.5453174114227	0.27522690136493216	2.07033223423303e-05	0
253	1440.2476692199707	0.27610000011276703	0.0008730987478348662	0
254	1445.8587143421173	0.2776803243518151	0.001580324239048081	0
255	1451.4831383228302	0.2776803243518151	0.0	1
256	1457.119614124298	0.2776803243518151	0.0	2
257	1462.6868364810944	0.27778791114859985	0.00010758679678474214	0
258	1468.3559124469757	0.27946810469065747	0.0016801935420576175	0
259	1474.0104184150696	0.27946810469065747	0.0	1
260	1479.6421957015991	0.2797365607070042	0.0002684560163467298	0
261	1485.2829625606537	0.27985915961496827	0.00012259890796406658	0
262	1490.922976732254	0.28173625496738774	0.0018770953524194778	0
263	1496.4776220321655	0.28173625496738774	0.0	1
264	1502.0441930294037	0.28173625496738774	0.0	2
265	1507.5527579784393	0.28260574164621827	0.0008694866788305222	0
266	1513.085697889328	0.28260574164621827	0.0	1
267	1518.6254301071167	0.28260574164621827	0.0	2
268	1524.2363412380219	0.28260574164621827	0.0	3
269	1529.8707356452942	0.28289098937847323	0.00028524773225496736	0
270	1535.54869222641	0.2832515443445078	0.00036055496603454307	0
271	1541.2080626487732	0.28404574140940747	0.0007941970648996932	0
272	1546.8392825126648	0.284330848182872	0.0002851067734645496	0
273	1552.4744682312012	0.28491521046838914	0.0005843622855171149	0
274	1558.1063289642334	0.28491521046838914	0.0	1
275	1563.7864665985107	0.28568547977861575	0.0007702693102266123	0
276	1569.4287662506104	0.28762509035458467	0.0019396105759689197	0
277	1575.0717160701752	0.28762509035458467	0.0	1
278	1580.6754801273346	0.28762509035458467	0.0	2
279	1586.282198190689	0.28840233712493685	0.0007772467703521801	0
280	1591.8360154628754	0.2884449595391888	4.262241425195823e-05	0
281	1597.378565788269	0.28895309835878863	0.0005081388195998238	0
282	1602.9737675189972	0.29080892655370416	0.001855828194915532	0
283	1608.5843567848206	0.29080892655370416	0.0	1
284	1614.2305972576141	0.29080892655370416	0.0	2
285	1619.8678028583527	0.29251410504136294	0.0017051784876587761	0
286	1625.465738773346	0.29251410504136294	0.0	1
287	1631.0745584964752	0.29251410504136294	0.0	2
288	1636.742996454239	0.29251410504136294	0.0	3
289	1642.3714895248413	0.293467973176106	0.0009538681347430744	0
290	1647.8395819664001	0.2937688144745507	0.0003008412984447095	0
291	1653.3266780376434	0.2937688144745507	0.0	1
292	1658.8449137210846	0.2943349402165578	0.0005661257420070953	0
293	1664.3220188617706	0.2943349402165578	0.0	1
294	1669.7754173278809	0.2944676529177342	0.00013271270117637401	0
295	1675.3061225414276	0.2944676529177342	0.0	1
296	1680.7806599140167	0.2950904440934884	0.0006227911757542004	0
297	1686.281231880188	0.2950904440934884	0.0	1
298	1691.7144780158997	0.2951571352212038	6.669112771540142e-05	0
299	1697.2546095848083	0.29626073683106596	0.0011036016098621704	0
300	1702.7572515010834	0.29626073683106596	0.0	1
301	1708.3228657245636	0.296785667366574	0.0005249305355080613	0
302	1713.9243948459625	0.296785667366574	0.0	1
303	1719.3701009750366	0.29755329369948036	0.0007676263329063349	0
304	1724.865790605545	0.29755329369948036	0.0	1
305	1730.3080604076385	0.29755329369948036	0.0	2
306	1735.70658493042	0.2979404017776595	0.0003871080781791547	0
307	1741.2140674591064	0.2979404017776595	0.0	1
308	1746.6596117019653	0.2985942038873051	0.000653802109645607	0
309	1752.113896369934	0.2985942038873051	0.0	1
310	1757.5412595272064	0.2985942038873051	0.0	2
311	1763.0690786838531	0.29934361129655024	0.0007494074092451175	0
312	1768.7227547168732	0.29934361129655024	0.0	1
313	1774.204517841339	0.30023968632722287	0.0008960750306726273	0
314	1779.7000925540924	0.30023968632722287	0.0	1
315	1785.193832874298	0.3002498705998304	1.018427260751631e-05	0
316	1790.684088230133	0.3004983457076357	0.0002484751078052905	0
317	1796.1131372451782	0.3004983457076357	0.0	1
318	1801.550802230835	0.3007281085360133	0.00022976282837761097	0
