1	2.893383741378784	0.04250525106733996	10000000000.042505	0
2	4.764813184738159	0.053635427637959185	0.011130176570619224	0
3	6.707595348358154	0.05513637445815441	0.0015009468201952272	0
4	8.657609224319458	0.06320705369768738	0.008070679239532967	0
5	10.566152811050415	0.06320705369768738	0.0	1
6	12.518468379974365	0.06320705369768738	0.0	2
7	14.464009284973145	0.06320705369768738	0.0	3
8	16.419371604919434	0.08507655013791408	0.021869496440226704	0
9	18.422429084777832	0.08507655013791408	0.0	1
10	20.456931352615356	0.08507655013791408	0.0	2
11	22.481915712356567	0.09671854807653273	0.011641997938618642	0
12	24.662433385849	0.09671854807653273	0.0	1
13	26.849926233291626	0.09671854807653273	0.0	2
14	29.087645292282104	0.09671854807653273	0.0	3
15	31.372890949249268	0.10042367631238272	0.0037051282358499943	0
16	33.74171781539917	0.11693998517395442	0.016516308861571696	0
17	36.21668004989624	0.12488757655471908	0.00794759138076466	0
18	38.768091917037964	0.12488757655471908	0.0	1
19	41.36464524269104	0.12488757655471908	0.0	2
20	43.98782753944397	0.12488757655471908	0.0	3
21	46.73354911804199	0.12488757655471908	0.0	4
22	49.50735282897949	0.1301243806270749	0.005236804072355827	0
23	52.30381178855896	0.14266912270913773	0.012544742082062826	0
24	55.183401584625244	0.14266912270913773	0.0	1
25	58.1141402721405	0.14266912270913773	0.0	2
26	61.10824918746948	0.14266912270913773	0.0	3
27	64.198312997818	0.14287732765250613	0.00020820494336840079	0
28	67.3277235031128	0.1455124641400837	0.002635136487577572	0
29	70.45485305786133	0.1455124641400837	0.0	1
30	73.6278178691864	0.1455124641400837	0.0	2
31	76.85320377349854	0.1455124641400837	0.0	3
32	80.0925841331482	0.1487580226695565	0.0032455585294728084	0
33	83.31087374687195	0.15264282931356452	0.0038848066440080042	0
34	86.50413465499878	0.15264282931356452	0.0	1
35	89.7701804637909	0.15421127777452007	0.0015684484609555516	0
36	93.03795146942139	0.15421127777452007	0.0	1
37	96.35947608947754	0.15421127777452007	0.0	2
38	99.70696926116943	0.16036826964063403	0.006156991866113959	0
39	103.02790570259094	0.16036826964063403	0.0	1
40	106.39741468429565	0.16069781367277713	0.0003295440321431087	0
41	109.81128573417664	0.1637833839751281	0.0030855703023509595	0
42	113.27288794517517	0.1637833839751281	0.0	1
43	116.74592137336731	0.16454392712881602	0.0007605431536879259	0
44	120.14098048210144	0.16882882767957022	0.0042849005507542	0
45	123.66568446159363	0.16923938777650477	0.000410560096934548	0
46	127.20408415794373	0.17151210159407476	0.0022727138175699935	0
47	130.7770972251892	0.172155085116556	0.0006429835224812386	0
48	134.3361372947693	0.1733219067439196	0.00116682162736359	0
49	137.92373871803284	0.1733219067439196	0.0	1
50	141.53214764595032	0.1745631193729251	0.0012412126290055059	0
51	145.16772365570068	0.1745631193729251	0.0	1
52	148.7894105911255	0.1745631193729251	0.0	2
53	152.42802262306213	0.1769759462281683	0.0024128268552432164	0
54	156.0559437274933	0.1769759462281683	0.0	1
55	159.70581912994385	0.17735960081598223	0.0003836545878139197	0
56	163.35993266105652	0.18016922666624566	0.0028096258502634253	0
57	166.98411345481873	0.18016922666624566	0.0	1
58	170.56974816322327	0.18016922666624566	0.0	2
59	174.25423502922058	0.18162215939845555	0.001452932732209894	0
60	177.9481201171875	0.18162215939845555	0.0	1
61	181.60013675689697	0.18162215939845555	0.0	2
62	185.36465287208557	0.1818631989300664	0.00024103953161083713	0
63	189.06455636024475	0.18322912484889217	0.0013659259188257833	0
64	192.78306341171265	0.1851995877801133	0.001970462931221134	0
65	196.54513263702393	0.18949680460518006	0.0042972168250667575	0
66	200.3151822090149	0.18949680460518006	0.0	1
67	204.0513322353363	0.18949680460518006	0.0	2
68	207.82913446426392	0.19065153901626553	0.0011547344110854618	0
69	211.59914302825928	0.19065153901626553	0.0	1
70	215.35574316978455	0.19279569841697639	0.00214415940071086	0
71	219.1279809474945	0.19413512408320402	0.0013394256662276338	0
72	222.95474934577942	0.19528987611413828	0.001154752030934264	0
73	226.69584774971008	0.1973105203747474	0.0020206442606091057	0
74	230.47774410247803	0.1973105203747474	0.0	1
75	234.30972981452942	0.1973105203747474	0.0	2
76	238.12112092971802	0.19926826177513352	0.001957741400386126	0
77	241.8119843006134	0.19926826177513352	0.0	1
78	245.5318112373352	0.20167062244018835	0.002402360665054837	0
79	249.19297885894775	0.20289773919015228	0.0012271167499639246	0
80	252.85588002204895	0.20289773919015228	0.0	1
81	256.5792362689972	0.20289773919015228	0.0	2
82	260.2635269165039	0.20289773919015228	0.0	3
83	263.9118242263794	0.20328174617494227	0.00038400698478999185	0
84	267.58744621276855	0.20373329004019017	0.0004515438652478998	0
85	271.2322680950165	0.20669492232606812	0.002961632285877952	0
86	274.93701457977295	0.20669492232606812	0.0	1
87	278.58774495124817	0.20669492232606812	0.0	2
88	282.199018239975	0.20669492232606812	0.0	3
89	285.7826852798462	0.20688257371580904	0.0001876513897409171	0
90	289.4955644607544	0.2089582800039243	0.0020757062881152644	0
91	293.23386669158936	0.2089582800039243	0.0	1
92	296.9141089916229	0.2090874863551891	0.00012920635126478786	0
93	300.6167778968811	0.2109259237593371	0.001838437404148019	0
94	304.33406591415405	0.21180046733477373	0.0008745435754366204	0
95	307.92010474205017	0.21180046733477373	0.0	1
96	311.5431056022644	0.21180046733477373	0.0	2
97	315.1442451477051	0.21251958622392825	0.0007191188891545186	0
98	318.83612036705017	0.2146007194254745	0.0020811332015462647	0
99	322.55259442329407	0.2146007194254745	0.0	1
100	326.2904932498932	0.2146007194254745	0.0	2
101	330.16750836372375	0.2146007194254745	0.0	3
102	333.9224693775177	0.21707003551597684	0.002469316090502327	0
103	337.6314694881439	0.21771271950102844	0.0006426839850516008	0
104	341.3532931804657	0.21771271950102844	0.0	1
105	345.0392928123474	0.21771271950102844	0.0	2
106	348.8305940628052	0.21771271950102844	0.0	3
107	352.51820278167725	0.21779787623028832	8.51567292598776e-05	0
108	356.26724576950073	0.21835815218249313	0.000560275952204814	0
109	360.0309386253357	0.22079869505990185	0.002440542877408719	0
110	363.78711795806885	0.22079869505990185	0.0	1
111	367.5373091697693	0.22079869505990185	0.0	2
112	371.2877914905548	0.22120874418122113	0.0004100491213192836	0
113	375.0216932296753	0.22144322912907766	0.00023448494785652252	0
114	378.80643367767334	0.2217362472146543	0.0002930180855766351	0
115	382.5734848976135	0.2245189323160995	0.0027826851014452203	0
116	386.2674949169159	0.2245189323160995	0.0	1
117	389.9675712585449	0.2245189323160995	0.0	2
118	393.69941997528076	0.2257484101258029	0.0012294778097033943	0
119	397.47496247291565	0.2257484101258029	0.0	1
120	401.34815549850464	0.2257484101258029	0.0	2
121	405.1431534290314	0.22800387411139578	0.0022554639855928704	0
122	409.012939453125	0.22800387411139578	0.0	1
123	412.82735872268677	0.22800387411139578	0.0	2
124	416.70560669898987	0.22971789776315316	0.0017140236517573793	0
125	420.5271747112274	0.23172865728858436	0.0020107595254311994	0
126	424.3760280609131	0.23172865728858436	0.0	1
127	428.20890641212463	0.23172865728858436	0.0	2
128	432.055472612381	0.23179855522878176	6.989794019740536e-05	0
129	435.9031581878662	0.2323367711302865	0.0005382159015047405	0
130	439.69819140434265	0.23343487534732246	0.0010981042170359612	0
131	443.5400941371918	0.2338131558812518	0.00037828053392932603	0
132	447.3848628997803	0.2339979880951844	0.0001848322139326175	0
133	451.29928374290466	0.23497883221844326	0.000980844123258856	0
134	455.1505482196808	0.23705772769919167	0.0020788954807484106	0
135	458.9237666130066	0.23705772769919167	0.0	1
136	462.7641990184784	0.23827111858693886	0.00121339088774719	0
137	466.5956082344055	0.23881796821435658	0.000546849627417717	0
138	470.4616115093231	0.23884466228529155	2.669407093497389e-05	0
139	474.2867183685303	0.2402764511989391	0.001431788913647536	0
140	478.09508991241455	0.24029810599311668	2.165479417759464e-05	0
141	481.9684932231903	0.24066357689696702	0.00036547090385033454	0
142	485.8628122806549	0.24066357689696702	0.0	1
143	489.83489418029785	0.24066357689696702	0.0	2
144	493.5735433101654	0.24138361201825922	0.0007200351212922063	0
145	497.37399339675903	0.24138361201825922	0.0	1
146	501.13109517097473	0.2425483016439178	0.001164689625658577	0
147	504.88218808174133	0.2425483016439178	0.0	1
148	508.60938596725464	0.24258910921374313	4.0807569825329626e-05	0
149	512.402729511261	0.2436567134725029	0.0010676042587597634	0
150	516.1839859485626	0.2436567134725029	0.0	1
151	519.9242775440216	0.2458936237573073	0.002236910284804411	0
152	523.7230353355408	0.2458936237573073	0.0	1
153	527.5689013004303	0.2458936237573073	0.0	2
154	531.3563094139099	0.2459661822946738	7.255853736648499e-05	0
155	535.1179277896881	0.24671740454834548	0.0007512222536716906	0
156	538.9014365673065	0.24671740454834548	0.0	1
157	542.7049612998962	0.24729804904576536	0.0005806444974198743	0
158	546.4276413917542	0.2476672024980153	0.0003691534522499429	0
159	550.2566831111908	0.24858944300415883	0.0009222405061435346	0
160	554.0935814380646	0.24858944300415883	0.0	1
161	557.9086275100708	0.24927518989968245	0.0006857468955236146	0
162	561.6876268386841	0.2508804109850877	0.0016052210854052285	0
163	565.4477725028992	0.2508804109850877	0.0	1
164	569.3192884922028	0.25184065750509704	0.0009602465200093668	0
165	573.0956962108612	0.2521102764314647	0.00026961892636767626	0
166	576.9058575630188	0.2521102764314647	0.0	1
167	580.6959118843079	0.2521102764314647	0.0	2
168	584.4992544651031	0.25294366004009994	0.0008333836086352187	0
169	588.288334608078	0.25294366004009994	0.0	1
170	592.1133093833923	0.25384028128608543	0.0008966212459854961	0
171	595.925214767456	0.25565909017866806	0.001818808892582624	0
172	599.7215440273285	0.25565909017866806	0.0	1
173	603.5086777210236	0.25699178506265336	0.001332694883985297	0
174	607.281307220459	0.25699178506265336	0.0	1
175	611.0942335128784	0.25831713246968824	0.0013253474070348825	0
176	614.8630421161652	0.25831713246968824	0.0	1
177	618.5822343826294	0.25831713246968824	0.0	2
178	622.3860747814178	0.26150384070416244	0.0031867082344742004	0
179	626.16530418396	0.26259459744424796	0.001090756740085519	0
180	629.9550242424011	0.26259459744424796	0.0	1
181	633.7614278793335	0.26307489690274066	0.0004802994584927056	0
182	637.4849510192871	0.26470552581011836	0.0016306289073776958	0
183	641.3154168128967	0.26470552581011836	0.0	1
184	645.1601750850677	0.26574240105256747	0.001036875242449109	0
185	648.9195230007172	0.2692521163552793	0.0035097153027118244	0
186	652.725869178772	0.2692521163552793	0.0	1
187	656.5186684131622	0.2692521163552793	0.0	2
188	660.2573506832123	0.2692521163552793	0.0	3
189	664.0261766910553	0.27019130715597034	0.0009391908006910477	0
190	667.7776596546173	0.27019130715597034	0.0	1
191	671.5449361801147	0.27019130715597034	0.0	2
192	675.3368546962738	0.27019130715597034	0.0	3
193	679.1146867275238	0.27019130715597034	0.0	4
194	682.8389194011688	0.27019130715597034	0.0	5
195	686.609391450882	0.27019130715597034	0.0	6
196	690.4442558288574	0.27026494050411376	7.363334814342037e-05	0
197	694.2224359512329	0.27026494050411376	0.0	1
198	698.0531601905823	0.27038528407143114	0.0001203435673173825	0
199	701.9540848731995	0.27254558325364464	0.0021602991822134987	0
200	705.7469065189362	0.27254558325364464	0.0	1
201	709.572722196579	0.27254558325364464	0.0	2
202	713.3228332996368	0.2728255626511078	0.00027997939746315925	0
203	717.1384010314941	0.2728255626511078	0.0	1
204	720.939493894577	0.2728255626511078	0.0	2
205	724.7780575752258	0.2728255626511078	0.0	3
206	728.5669958591461	0.27372709983490906	0.0009015371838012598	0
207	732.3854467868805	0.27404959592753136	0.00032249609262230416	0
208	736.24289727211	0.27404959592753136	0.0	1
209	740.1111443042755	0.2744696883626678	0.0004200924351364099	0
210	743.9958453178406	0.274738813933269	0.0002691255706012141	0
211	747.8685965538025	0.27474487516125684	6.061227987852469e-06	0
212	751.6968257427216	0.2764312356503951	0.0016863604891382833	0
213	755.5082275867462	0.2767542074789351	0.0003229718285399641	0
214	759.3898668289185	0.27730939129483617	0.0005551838159010836	0
215	763.3104650974274	0.27730939129483617	0.0	1
216	767.0987031459808	0.2773832360811652	7.384478632904701e-05	0
217	770.92875623703	0.27764580706801206	0.000262570986846844	0
218	774.7011671066284	0.27832508747902535	0.0006792804110132833	0
219	778.5171318054199	0.27943749901328846	0.0011124115342631136	0
220	782.2573013305664	0.27943749901328846	0.0	1
221	786.0715956687927	0.27943749901328846	0.0	2
222	789.8122041225433	0.28003678531074083	0.0005992862974523727	0
223	793.5713493824005	0.28151699356889615	0.0014802082581553133	0
224	797.377697467804	0.28151699356889615	0.0	1
225	801.1686162948608	0.28151699356889615	0.0	2
226	804.952862739563	0.28192367729909423	0.00040668373019808746	0
227	808.860214471817	0.28192367729909423	0.0	1
228	812.5841641426086	0.28347820607949625	0.0015545287804020202	0
229	816.3609371185303	0.28347820607949625	0.0	1
230	820.1003062725067	0.28347820607949625	0.0	2
231	823.9176030158997	0.28347820607949625	0.0	3
232	827.6814072132111	0.2836832658798535	0.00020505980035723237	0
233	831.386935710907	0.2851788034064665	0.0014955375266130222	0
234	835.1355073451996	0.2851788034064665	0.0	1
235	838.9152457714081	0.28564322738118864	0.00046442397472212793	0
236	842.6896934509277	0.28564322738118864	0.0	1
237	846.4543690681458	0.2862825635949679	0.0006393362137792624	0
238	850.2846374511719	0.2862825635949679	0.0	1
239	854.1098890304565	0.2862825635949679	0.0	2
240	857.8126463890076	0.2865899594771669	0.00030739588219902414	0
241	861.5403218269348	0.2885363008353782	0.0019463413582112565	0
242	865.3373041152954	0.2885363008353782	0.0	1
243	869.1794350147247	0.2885363008353782	0.0	2
244	872.9803817272186	0.2885363008353782	0.0	3
245	876.7979969978333	0.2885363008353782	0.0	4
246	880.5935597419739	0.2885363008353782	0.0	5
247	884.3997976779938	0.28979812868748195	0.0012618278521037696	0
248	888.2238087654114	0.28979812868748195	0.0	1
249	892.0705366134644	0.28979812868748195	0.0	2
250	895.8971862792969	0.28979812868748195	0.0	3
251	899.758492231369	0.28979812868748195	0.0	4
252	903.6082761287689	0.2898218273841206	2.3698696638652095e-05	0
253	907.4307074546814	0.2907310820616971	0.0009092546775765209	0
254	911.3051958084106	0.2917688030568887	0.00103772099519156	0
255	915.1600790023804	0.2917688030568887	0.0	1
256	919.0795896053314	0.2917688030568887	0.0	2
257	922.9699323177338	0.2926114547059938	0.0008426516491051306	0
258	926.7851724624634	0.2926114547059938	0.0	1
259	930.701414346695	0.292726741376705	0.00011528667071120102	0
260	934.6310820579529	0.292726741376705	0.0	1
261	938.4834082126617	0.2936966788135555	0.0009699374368504765	0
262	942.3673014640808	0.29411018142524	0.00041350261168449087	0
263	946.2899925708771	0.29411018142524	0.0	1
264	950.1884307861328	0.2942250275997312	0.00011484617449120105	0
265	954.1534264087677	0.2942250275997312	0.0	1
266	958.0840039253235	0.2950917832019973	0.0008667556022661227	0
267	962.0725808143616	0.2950917832019973	0.0	1
268	966.0613634586334	0.2950917832019973	0.0	2
269	969.9878513813019	0.2968705245584043	0.0017787413564069876	0
270	973.9276344776154	0.2968705245584043	0.0	1
271	977.8832929134369	0.2968705245584043	0.0	2
272	981.8072040081024	0.2968705245584043	0.0	3
273	985.7201654911041	0.29733945921441973	0.0004689346560154406	0
274	989.6359643936157	0.297619967207347	0.00028050799292728135	0
275	993.5783197879791	0.29844898109347934	0.0008290138861323237	0
276	997.5172202587128	0.29844898109347934	0.0	1
277	1001.4571814537048	0.29844898109347934	0.0	2
278	1005.3810660839081	0.29844898109347934	0.0	3
279	1009.2886352539062	0.29844898109347934	0.0	4
280	1013.2580153942108	0.2994915475470915	0.0010425664536121704	0
281	1017.1982316970825	0.2994915475470915	0.0	1
282	1021.1873028278351	0.30019017455208935	0.0006986270049978427	0
283	1025.0692698955536	0.30019017455208935	0.0	1
284	1028.9275937080383	0.3002895152596348	9.934070754546998e-05	0
285	1032.7692217826843	0.3002895152596348	0.0	1
286	1036.5856235027313	0.3002895152596348	0.0	2
287	1040.4438645839691	0.3011343517699913	0.0008448365103564948	0
288	1044.2604627609253	0.3011343517699913	0.0	1
289	1048.0947477817535	0.3011343517699913	0.0	2
290	1051.9623601436615	0.30180105160896004	0.0006666998389687206	0
291	1055.8233602046967	0.30180105160896004	0.0	1
292	1059.674920797348	0.30182297070086966	2.191909190962793e-05	0
293	1063.5215110778809	0.30182297070086966	0.0	1
294	1067.486985206604	0.3020121373976075	0.00018916669673785247	0
295	1071.3954486846924	0.3024284239454027	0.00041628654779518603	0
296	1075.2712316513062	0.3024284239454027	0.0	1
297	1079.087438583374	0.3024284239454027	0.0	2
298	1082.9831991195679	0.3024284239454027	0.0	3
299	1086.9142112731934	0.3025557449728457	0.00012732102744300589	0
300	1090.8300964832306	0.30284150368071594	0.0002857587078702317	0
301	1094.779515504837	0.30284150368071594	0.0	1
302	1098.7473204135895	0.30417980167662023	0.0013382979959042918	0
303	1102.692274570465	0.30482010698208356	0.000640305305463329	0
304	1106.5895609855652	0.30512172355387557	0.0003016165717920072	0
305	1110.5157730579376	0.30512172355387557	0.0	1
306	1114.4996004104614	0.30512172355387557	0.0	2
307	1118.5182766914368	0.30512172355387557	0.0	3
308	1122.415120124817	0.30512172355387557	0.0	4
309	1126.2813694477081	0.3064764432488633	0.0013547196949877383	0
310	1130.1768233776093	0.30656922937265446	9.278612379115536e-05	0
311	1134.071411371231	0.30656922937265446	0.0	1
312	1137.9610788822174	0.30656922937265446	0.0	2
313	1141.8773140907288	0.30656922937265446	0.0	3
314	1145.8159911632538	0.30656922937265446	0.0	4
315	1149.7268464565277	0.3077747794276848	0.0012055500550303133	0
316	1153.658298254013	0.30829467068643546	0.0005198912587506821	0
317	1157.5536880493164	0.308654961354738	0.0003602906683025653	0
318	1161.4475736618042	0.309581166326862	0.0009262049721239785	0
319	1165.3684446811676	0.309581166326862	0.0	1
320	1169.2731771469116	0.309581166326862	0.0	2
321	1173.2676858901978	0.309581166326862	0.0	3
322	1177.1600563526154	0.309581166326862	0.0	4
323	1181.0601799488068	0.30963895943093245	5.779310407044713e-05	0
324	1185.0045037269592	0.30963895943093245	0.0	1
325	1188.9162073135376	0.30998913630602265	0.00035017687509020234	0
326	1192.8404669761658	0.31003649845960235	4.736215357969975e-05	0
327	1196.7753772735596	0.31014806734221634	0.00011156888261398823	0
328	1200.6524596214294	0.31138846945817694	0.0012404021159606038	0
329	1204.4961750507355	0.31138846945817694	0.0	1
330	1208.425125360489	0.31138846945817694	0.0	2
331	1212.2720277309418	0.3120930872117675	0.0007046177535905418	0
332	1216.2641723155975	0.3126504030293735	0.0005573158176060411	0
333	1220.1764283180237	0.3128560971442877	0.00020569411491416778	0
334	1224.0964725017548	0.31339463020307085	0.0005385330587831527	0
335	1228.0442345142365	0.31339463020307085	0.0	1
336	1232.0032148361206	0.31339463020307085	0.0	2
337	1235.9767713546753	0.31410710640922707	0.0007124762061562206	0
338	1239.9735531806946	0.31412585392835235	1.874751912528394e-05	0
339	1243.9885816574097	0.31412585392835235	0.0	1
340	1247.99174618721	0.3170759804529626	0.0029501265246102415	0
341	1251.9689209461212	0.3170759804529626	0.0	1
342	1255.8664827346802	0.3170759804529626	0.0	2
343	1259.7929167747498	0.3170759804529626	0.0	3
344	1263.729046344757	0.3170759804529626	0.0	4
345	1267.7118482589722	0.31709458701329746	1.8606560334866185e-05	0
346	1271.720034122467	0.31752623806924796	0.00043165105595049935	0
347	1275.6998889446259	0.31752623806924796	0.0	1
348	1279.6735293865204	0.32022274449020277	0.002696506420954814	0
349	1283.6225988864899	0.32022274449020277	0.0	1
350	1287.4872205257416	0.32022274449020277	0.0	2
351	1291.4080424308777	0.32022274449020277	0.0	3
352	1295.3136286735535	0.32022274449020277	0.0	4
353	1299.2054738998413	0.32022274449020277	0.0	5
354	1303.1502707004547	0.3210201483675844	0.0007974038773816416	0
355	1307.036756515503	0.3210201483675844	0.0	1
356	1310.9339773654938	0.3210201483675844	0.0	2
357	1314.8145403862	0.3210201483675844	0.0	3
358	1318.7164816856384	0.3220738505656394	0.0010537021980550065	0
359	1322.6737034320831	0.3220738505656394	0.0	1
360	1326.5645246505737	0.3220738505656394	0.0	2
361	1330.4677248001099	0.3222738710892393	0.00020002052359990863	0
362	1334.3095684051514	0.32280725915217234	0.0005333880629330157	0
363	1338.2442083358765	0.322983457640192	0.000176198488019641	0
364	1342.1857492923737	0.322983457640192	0.0	1
365	1346.0481050014496	0.32353259784795396	0.0005491402077619778	0
366	1349.9532024860382	0.32353259784795396	0.0	1
367	1353.8749458789825	0.32353259784795396	0.0	2
368	1357.7646963596344	0.3237405120638171	0.0002079142158631364	0
369	1361.7722856998444	0.3237405120638171	0.0	1
370	1365.7152915000916	0.3237405120638171	0.0	2
371	1369.623373746872	0.3237405120638171	0.0	3
372	1373.5112245082855	0.32425258010969976	0.0005120680458826632	0
373	1377.4432430267334	0.3242687551309	1.617502120021541e-05	0
374	1381.3646903038025	0.3242687551309	0.0	1
375	1385.2935900688171	0.3244819553014037	0.00021320017050374673	0
376	1389.237676858902	0.32465871762458504	0.00017676232318131202	0
377	1393.1968133449554	0.3260665083041643	0.001407790679579246	0
378	1397.0593597888947	0.32667210250748774	0.0006055942033234563	0
379	1400.9914059638977	0.32667210250748774	0.0	1
380	1404.8972363471985	0.32667210250748774	0.0	2
381	1408.808449268341	0.32676742588950636	9.532338201861945e-05	0
382	1412.7437753677368	0.3271925576014001	0.00042513171189373367	0
383	1416.579717874527	0.3277282362446774	0.0005356786432773042	0
384	1420.4758191108704	0.3277282362446774	0.0	1
385	1424.3411509990692	0.3277542079018115	2.5971657134082893e-05	0
386	1428.1935229301453	0.3277542079018115	0.0	1
387	1432.0765407085419	0.3290137099338734	0.0012595020320619321	0
388	1435.9984285831451	0.3290137099338734	0.0	1
389	1439.8133628368378	0.33032039792102696	0.0013066879871535542	0
390	1443.7067687511444	0.33032039792102696	0.0	1
391	1447.5668137073517	0.33032039792102696	0.0	2
392	1451.4234931468964	0.33032039792102696	0.0	3
393	1455.253812789917	0.33032039792102696	0.0	4
394	1459.1242563724518	0.33043009909966803	0.00010970117864106399	0
395	1462.9583857059479	0.33102173838274035	0.0005916392830723205	0
396	1466.8701548576355	0.33102173838274035	0.0	1
397	1470.7691578865051	0.3310590572225029	3.7318839762545686e-05	0
398	1474.6886236667633	0.3310590572225029	0.0	1
399	1478.5582444667816	0.33167279179597287	0.0006137345734699706	0
400	1482.4677166938782	0.33178753225137125	0.00011474045539838773	0
401	1486.3736476898193	0.33178753225137125	0.0	1
402	1490.2857422828674	0.33178753225137125	0.0	2
403	1494.1113562583923	0.33178753225137125	0.0	3
404	1498.0568063259125	0.33178753225137125	0.0	4
405	1501.945773601532	0.33178753225137125	0.0	5
406	1505.819723367691	0.3322196414233906	0.00043210917201935706	0
407	1509.6652519702911	0.3326169337741772	0.0003972923507866155	0
408	1513.6073548793793	0.3327825955926133	0.0001656618184360803	0
409	1517.4694702625275	0.33289691317164044	0.00011431757902713446	0
410	1521.419281721115	0.3337635982945114	0.0008666851228709693	0
411	1525.355523109436	0.3337635982945114	0.0	1
412	1529.337750673294	0.3337635982945114	0.0	2
413	1533.261770248413	0.33389165935560405	0.0001280610610926436	0
414	1537.254813194275	0.33510503262350244	0.0012133732678983877	0
415	1541.1913032531738	0.33510503262350244	0.0	1
416	1545.0742835998535	0.33510503262350244	0.0	2
417	1549.010318517685	0.33510503262350244	0.0	3
418	1552.8992910385132	0.33527302026198036	0.00016798763847791776	0
419	1556.8042135238647	0.335429731197225	0.00015671093524466384	0
420	1560.6144351959229	0.335429731197225	0.0	1
421	1564.5668289661407	0.335429731197225	0.0	2
422	1568.3682160377502	0.33556367728781755	0.00013394609059252938	0
423	1572.2498552799225	0.33556367728781755	0.0	1
424	1576.1069729328156	0.336064644828955	0.0005009675411374315	0
425	1579.943783044815	0.336064644828955	0.0	1
426	1583.8314135074615	0.336064644828955	0.0	2
427	1587.6484770774841	0.336064644828955	0.0	3
428	1591.4091358184814	0.33748113971384236	0.001416494884887376	0
429	1595.2268824577332	0.33748113971384236	0.0	1
430	1598.9843118190765	0.33748113971384236	0.0	2
431	1602.8093483448029	0.33804860456435837	0.0005674648505160085	0
432	1606.6214525699615	0.33804860456435837	0.0	1
433	1610.475004196167	0.33804860456435837	0.0	2
434	1614.210779428482	0.33822022189168954	0.00017161732733117496	0
435	1618.0798926353455	0.33822022189168954	0.0	1
436	1621.8173913955688	0.33822022189168954	0.0	2
437	1625.6037566661835	0.33822022189168954	0.0	3
438	1629.435500383377	0.33822022189168954	0.0	4
439	1633.2135245800018	0.33863573316613743	0.0004155112744478884	0
440	1636.8958723545074	0.33863573316613743	0.0	1
441	1640.617060661316	0.33863573316613743	0.0	2
442	1644.397378206253	0.3397447616894306	0.001109028523293143	0
443	1648.13116979599	0.3397447616894306	0.0	1
444	1651.8703355789185	0.3397447616894306	0.0	2
445	1655.6740849018097	0.3397447616894306	0.0	3
446	1659.4808785915375	0.3401399044186634	0.00039514272923280025	0
447	1663.2425782680511	0.3405665866772517	0.000426682258588329	0
448	1667.1055619716644	0.3405665866772517	0.0	1
449	1670.9031488895416	0.3410064485827439	0.0004398619054922226	0
450	1674.7494308948517	0.34126246498583646	0.0002560164030925294	0
451	1678.4980421066284	0.34126246498583646	0.0	1
452	1682.3470146656036	0.3416172582613128	0.00035479327547632833	0
453	1686.2533977031708	0.3416172582613128	0.0	1
454	1690.1168320178986	0.3416172582613128	0.0	2
455	1693.864854812622	0.3416172582613128	0.0	3
456	1697.6964168548584	0.3417854220982787	0.00016816383696593995	0
457	1701.5232770442963	0.34267057282269414	0.0008851507244154178	0
458	1705.3185470104218	0.34267057282269414	0.0	1
459	1709.192171573639	0.34267057282269414	0.0	2
460	1712.9866149425507	0.34324170260176096	0.0005711297790668146	0
461	1716.8274130821228	0.34324170260176096	0.0	1
462	1720.658331155777	0.3435902232110638	0.0003485206093028492	0
463	1724.501164674759	0.3435902232110638	0.0	1
464	1728.4005436897278	0.3440064745191614	0.0004162513080975816	0
465	1732.3548374176025	0.3441292143859158	0.00012273986675442883	0
466	1736.329930305481	0.3441292143859158	0.0	1
467	1740.2038915157318	0.34475877158360996	0.0006295571976941416	0
468	1744.2472486495972	0.34475877158360996	0.0	1
469	1748.2006723880768	0.344974438532946	0.00021566694933605746	0
470	1752.0895528793335	0.34612917294403145	0.001154734411085434	0
471	1755.999270439148	0.34612917294403145	0.0	1
472	1759.9185218811035	0.34612917294403145	0.0	2
473	1763.8055794239044	0.3461798476291859	5.0674685154461496e-05	0
474	1767.6961648464203	0.3461798476291859	0.0	1
475	1771.6515038013458	0.3461798476291859	0.0	2
476	1775.5417845249176	0.3461798476291859	0.0	3
477	1779.3987879753113	0.34640904662240185	0.00022919899321593995	0
478	1783.2052602767944	0.34651575242674654	0.00010670580434468668	0
479	1787.0908024311066	0.3470183409939737	0.0005025885672271801	0
480	1790.9563126564026	0.34705999431654155	4.165332256783616e-05	0
481	1794.8042216300964	0.34755338532269414	0.0004933910061525881	0
482	1798.6623792648315	0.34755338532269414	0.0	1
483	1802.542772769928	0.34755338532269414	0.0	2
