1	3.4200358390808105	0.07341913923655591	10000000000.07342	0
2	5.675731658935547	0.07341913923655591	0.0	1
3	8.00750184059143	0.07341913923655591	0.0	2
4	10.330044269561768	0.07341913923655591	0.0	3
5	12.651652336120605	0.07341913923655591	0.0	4
6	15.022556781768799	0.07534198012142754	0.0019228408848716294	0
7	17.47459363937378	0.07727765266118919	0.0019356725397616514	0
8	19.945382833480835	0.07727765266118919	0.0	1
9	22.38337755203247	0.08560571824705904	0.008328065585869848	0
10	24.833390951156616	0.08560571824705904	0.0	1
11	27.35193371772766	0.08560571824705904	0.0	2
12	29.844799280166626	0.0914558604462868	0.005850142199227762	0
13	32.379987955093384	0.09900167522474469	0.007545814778457893	0
14	35.049797773361206	0.09900167522474469	0.0	1
15	37.77506613731384	0.09900167522474469	0.0	2
16	40.469186544418335	0.10096177768487027	0.0019601024601255818	0
17	43.309409379959106	0.11089761042429723	0.009935832739426956	0
18	46.187140703201294	0.1203093495710342	0.009411739146736972	0
19	49.09649443626404	0.1203093495710342	0.0	1
20	52.00489902496338	0.1203093495710342	0.0	2
21	55.02214217185974	0.1203093495710342	0.0	3
22	58.01664447784424	0.1203093495710342	0.0	4
23	61.12877702713013	0.1203093495710342	0.0	5
24	64.26449966430664	0.1203093495710342	0.0	6
25	67.49708461761475	0.12077308637165307	0.00046373680061886913	0
26	70.80952644348145	0.12510367519035076	0.004330588818697689	0
27	74.12696838378906	0.12510367519035076	0.0	1
28	77.51928377151489	0.12750413291173499	0.002400457721384225	0
29	81.03949761390686	0.13235506229532784	0.004850929383592856	0
30	84.48587775230408	0.13627768113486485	0.003922618839537012	0
31	87.94482588768005	0.1376826878783334	0.001405006743468551	0
32	91.47819447517395	0.1376826878783334	0.0	1
33	95.01097273826599	0.14424984339478383	0.006567155516450429	0
34	98.55269432067871	0.14584995472403653	0.0016001113292526958	0
35	102.1958920955658	0.14584995472403653	0.0	1
36	105.71929049491882	0.14761198365385483	0.0017620289298183045	0
37	109.21333503723145	0.14761198365385483	0.0	1
38	112.73766255378723	0.15941445436543736	0.011802470711582524	0
39	116.34203171730042	0.15941445436543736	0.0	1
40	119.89362692832947	0.15941445436543736	0.0	2
41	123.43979096412659	0.16068639601075346	0.0012719416453161048	0
42	127.04991340637207	0.16088483074796117	0.00019843473720770888	0
43	130.63732385635376	0.1670692038591134	0.006184373111152219	0
44	134.19665718078613	0.1679607858283415	0.0008915819692281168	0
45	137.76151418685913	0.1679607858283415	0.0	1
46	141.37587308883667	0.16911552023942697	0.0011547344110854618	0
47	145.00923347473145	0.16911552023942697	0.0	1
48	148.58365869522095	0.16911552023942697	0.0	2
49	152.22653698921204	0.16998513025719905	0.0008696100177720822	0
50	155.82938838005066	0.17411603332942407	0.004130903072225023	0
51	159.4280972480774	0.17411603332942407	0.0	1
52	163.1281979084015	0.17411603332942407	0.0	2
53	166.76553750038147	0.1767095164944338	0.0025934831650097356	0
54	170.32038259506226	0.17707336637219434	0.00036384987776053035	0
55	173.91494250297546	0.17707336637219434	0.0	1
56	177.4947645664215	0.17707336637219434	0.0	2
57	181.13399052619934	0.18100891818075202	0.003935551808557675	0
58	184.74563789367676	0.18100891818075202	0.0	1
59	188.37680292129517	0.18100891818075202	0.0	2
60	191.99075293540955	0.18100891818075202	0.0	3
61	195.6349697113037	0.18100891818075202	0.0	4
62	199.2647624015808	0.18390269642889362	0.002893778248141604	0
63	203.01127338409424	0.18650576479165162	0.0026030683627580042	0
64	206.72215843200684	0.18650576479165162	0.0	1
65	210.4050257205963	0.18650576479165162	0.0	2
66	214.06511163711548	0.18904171915032297	0.0025359543586713496	0
67	217.77312588691711	0.19061834322112262	0.0015766240707996426	0
68	221.5123689174652	0.19199480580953196	0.001376462588409344	0
69	225.25717282295227	0.19199480580953196	0.0	1
70	229.05213618278503	0.19199480580953196	0.0	2
71	232.7556667327881	0.1956903928972557	0.003695587087723745	0
72	236.55400824546814	0.1956903928972557	0.0	1
73	240.3060643672943	0.1956903928972557	0.0	2
74	244.08539247512817	0.19757328517993109	0.0018828922826753802	0
75	247.8692705631256	0.19757328517993109	0.0	1
76	251.61475682258606	0.19973721405099776	0.0021639288710666726	0
77	255.4198875427246	0.19973721405099776	0.0	1
78	259.23613834381104	0.2044184731005521	0.004681259049554354	0
79	263.0233805179596	0.2044184731005521	0.0	1
80	266.854939699173	0.2044184731005521	0.0	2
81	270.6828336715698	0.2044184731005521	0.0	3
82	274.48041796684265	0.20501486974280095	0.0005963966422488365	0
83	278.3298625946045	0.20655084482241448	0.001535975079613533	0
84	282.1701822280884	0.20655084482241448	0.0	1
85	286.0146951675415	0.21095076774614788	0.004399922923733396	0
86	289.91582345962524	0.21095076774614788	0.0	1
87	293.79420804977417	0.21210550215723334	0.0011547344110854618	0
88	297.65048813819885	0.21210550215723334	0.0	1
89	301.50319933891296	0.21210550215723334	0.0	2
90	305.43433952331543	0.21210550215723334	0.0	3
91	309.27412033081055	0.2152532176663088	0.0031477155090754716	0
92	313.1940143108368	0.2152532176663088	0.0	1
93	317.0527584552765	0.2152532176663088	0.0	2
94	320.9353861808777	0.2152532176663088	0.0	3
95	324.8241333961487	0.2175626864884797	0.002309468822170896	0
96	328.7158741950989	0.21995405236788215	0.002391365879402446	0
97	332.59400057792664	0.21995405236788215	0.0	1
98	336.5228810310364	0.21995405236788215	0.0	2
99	340.3886034488678	0.2215647532262648	0.0016107008583826354	0
100	344.2612817287445	0.2215647532262648	0.0	1
101	348.11721658706665	0.2215647532262648	0.0	2
102	352.0268952846527	0.2215647532262648	0.0	3
103	355.9200897216797	0.2215647532262648	0.0	4
104	359.77567744255066	0.2215647532262648	0.0	5
105	363.58452224731445	0.2233697129176891	0.0018049596914243016	0
106	367.3799331188202	0.22372649723608004	0.00035678431839095137	0
107	371.2405049800873	0.2246121765559595	0.0008856793198794566	0
108	375.05795979499817	0.2246551689870363	4.299243107680484e-05	0
109	378.85143780708313	0.22569333047844797	0.001038161491411671	0
110	382.7223274707794	0.22731544899885428	0.001622118520406307	0
111	386.620730638504	0.22731544899885428	0.0	1
112	390.43168473243713	0.22731544899885428	0.0	2
113	394.3210451602936	0.2277689310474704	0.0004534820486161162	0
114	398.18549036979675	0.22811470296036013	0.00034577191288973075	0
115	402.055135011673	0.22811470296036013	0.0	1
116	405.8932237625122	0.23038283561724163	0.0022681326568814997	0
117	409.76490473747253	0.23038283561724163	0.0	1
118	413.6488618850708	0.23060491619154155	0.00022208057429992656	0
119	417.51600456237793	0.23076680736233401	0.00016189117079246085	0
120	421.38742899894714	0.23076680736233401	0.0	1
121	425.2620687484741	0.23320766739702115	0.002440860034687131	0
122	429.13354754447937	0.23320766739702115	0.0	1
123	433.02775287628174	0.23346627391788755	0.0002586065208664001	0
124	436.9655659198761	0.23381602791660652	0.00034975399871897683	0
125	440.8874821662903	0.2341066497027461	0.0002906217861395888	0
126	444.76869440078735	0.2342376004190423	0.00013095071629617983	0
127	448.69635796546936	0.2359681338691271	0.001730533450084809	0
128	452.58014488220215	0.2363785530072712	0.00041041913814410247	0
129	456.48084473609924	0.2363785530072712	0.0	1
130	460.34845495224	0.23774877816920467	0.0013702251619334693	0
131	464.230281829834	0.23774877816920467	0.0	1
132	468.19145798683167	0.23774877816920467	0.0	2
133	472.0834586620331	0.23774877816920467	0.0	3
134	476.0304205417633	0.24023657748110025	0.0024877993118955777	0
135	479.9945385456085	0.24023657748110025	0.0	1
136	483.90743708610535	0.2403618369862334	0.0001252595051331462	0
137	487.8456041812897	0.2403618369862334	0.0	1
138	491.7756812572479	0.2415673341817173	0.0012054971954839067	0
139	495.7265577316284	0.2415673341817173	0.0	1
140	499.6299023628235	0.2415673341817173	0.0	2
141	503.5773620605469	0.2415673341817173	0.0	3
142	507.56423687934875	0.2425734980277046	0.0010061638459872846	0
143	511.57348895072937	0.24262140639659713	4.79083688925408e-05	0
144	515.5740602016449	0.24377966477744298	0.0011582583808458502	0
145	519.5712232589722	0.24377966477744298	0.0	1
146	523.5993225574493	0.2438273440883011	4.7679310858111945e-05	0
147	527.6162805557251	0.24412230035724594	0.0002949562689448515	0
148	531.6861565113068	0.24412230035724594	0.0	1
149	535.6905665397644	0.24597664848486214	0.001854348127616201	0
150	539.6438190937042	0.24597664848486214	0.0	1
151	543.6685583591461	0.24597664848486214	0.0	2
152	547.6728665828705	0.24678774298476291	0.0008110944999007719	0
153	551.7601449489594	0.24678774298476291	0.0	1
154	555.7580914497375	0.24728005918013857	0.0004923161953756527	0
155	559.789562702179	0.24748089021678335	0.00020083103664478297	0
156	563.8002352714539	0.24824053475818236	0.0007596445413990127	0
157	567.8394434452057	0.25058832675149756	0.002347791993315196	0
158	571.936904668808	0.25058832675149756	0.0	1
159	575.9940283298492	0.2508923396227266	0.0003040128712290535	0
160	580.0510065555573	0.25204707403381205	0.001154734411085434	0
161	584.0840692520142	0.25204707403381205	0.0	1
162	588.1257016658783	0.25204707403381205	0.0	2
163	592.2788026332855	0.2527414370353998	0.0006943630015877611	0
164	596.3168444633484	0.2527414370353998	0.0	1
165	600.3886408805847	0.2527414370353998	0.0	2
166	604.4240851402283	0.2527414370353998	0.0	3
167	608.5119078159332	0.2527414370353998	0.0	4
168	612.5985023975372	0.25384916168988164	0.0011077246544818342	0
169	616.6300072669983	0.25384916168988164	0.0	1
170	620.6358017921448	0.25384916168988164	0.0	2
171	624.711040019989	0.2540695683785454	0.00022040668866374347	0
172	628.7569651603699	0.2540695683785454	0.0	1
173	632.861914396286	0.2568417696699534	0.0027722012914080385	0
174	636.894615650177	0.2568417696699534	0.0	1
175	640.8204524517059	0.2568417696699534	0.0	2
176	644.7924106121063	0.2568417696699534	0.0	3
177	648.8217580318451	0.25753576265471634	0.0006939929847629145	0
178	652.7570967674255	0.25971130300614353	0.0021755403514271965	0
179	656.7311971187592	0.25971130300614353	0.0	1
180	660.6995451450348	0.25971130300614353	0.0	2
181	664.6698534488678	0.25971130300614353	0.0	3
182	668.6970410346985	0.25971130300614353	0.0	4
183	672.6312127113342	0.25971130300614353	0.0	5
184	676.5916397571564	0.25971130300614353	0.0	6
185	680.5541770458221	0.25984965405893656	0.00013835105279302873	0
186	684.500016450882	0.25984965405893656	0.0	1
187	688.4884829521179	0.2607967561717397	0.0009471021128031332	0
188	692.4584267139435	0.26119075361080035	0.000393997439060656	0
189	696.4734411239624	0.26119075361080035	0.0	1
190	700.4405567646027	0.2627329308771922	0.001542177266391831	0
191	704.4340965747833	0.2627329308771922	0.0	1
192	708.4236769676208	0.2628878974474054	0.00015496657021324411	0
193	712.3856136798859	0.2628878974474054	0.0	1
194	716.3351612091064	0.26474106504515194	0.0018531675977465079	0
195	720.3350927829742	0.26538922880318094	0.0006481637580290078	0
196	724.284517288208	0.26538922880318094	0.0	1
197	728.2561409473419	0.26538922880318094	0.0	2
198	732.2330257892609	0.26600254050027966	0.0006133116970987174	0
199	736.2174232006073	0.26600254050027966	0.0	1
200	740.2264547348022	0.2663815963075563	0.00037905580727665145	0
201	744.1690196990967	0.2663815963075563	0.0	1
202	748.1480243206024	0.2671573101510627	0.0007757138435063871	0
203	752.1714882850647	0.2676427369855568	0.00048542683449409596	0
204	756.1572153568268	0.2676427369855568	0.0	1
205	760.1802849769592	0.26855278455632936	0.0009100475707725653	0
206	764.1382246017456	0.26855278455632936	0.0	1
207	768.1158401966095	0.26869899406168807	0.00014620950535870758	0
208	772.1003592014313	0.26917642148482607	0.00047742742313799935	0
209	776.1125736236572	0.26917642148482607	0.0	1
210	780.1462090015411	0.2708622533785003	0.0016858318936742167	0
211	784.1620886325836	0.2708622533785003	0.0	1
212	788.171436548233	0.2708622533785003	0.0	2
213	792.1858975887299	0.2721872836282567	0.0013250302497564426	0
214	796.204381942749	0.27379535912916786	0.0016080755009111325	0
215	800.1668255329132	0.27379535912916786	0.0	1
216	804.1150271892548	0.27379535912916786	0.0	2
217	808.1676342487335	0.27379535912916786	0.0	3
218	812.1988639831543	0.2756951488468443	0.0018997897176764589	0
219	816.2512397766113	0.2756951488468443	0.0	1
220	820.2747745513916	0.2756951488468443	0.0	2
221	824.4309401512146	0.2756951488468443	0.0	3
222	828.5262315273285	0.2763031922091513	0.0006080433623069648	0
223	832.6477174758911	0.2763031922091513	0.0	1
224	836.7885231971741	0.2767138580251786	0.00041066581602733354	0
225	840.9221415519714	0.2767138580251786	0.0	1
226	845.0046212673187	0.2774579266202367	0.0007440685950581005	0
227	849.1061565876007	0.2774579266202367	0.0	1
228	853.2434921264648	0.2774579266202367	0.0	2
229	857.3458602428436	0.2784899740241141	0.0010320474038773564	0
230	861.488927602768	0.2784899740241141	0.0	1
231	865.603417634964	0.2785752012327692	8.522720865511424e-05	0
232	869.7166028022766	0.2793991758421442	0.000823974609375	0
233	873.9018957614899	0.2804819155510248	0.00108273970888062	0
234	878.0313317775726	0.2806498679498051	0.00016795239878031332	0
235	882.1535334587097	0.2806498679498051	0.0	1
236	886.262316942215	0.28195417725737043	0.00130430930756531	0
237	890.4243438243866	0.28195417725737043	0.0	1
238	894.5263967514038	0.28211918714140083	0.00016500988403039818	0
239	898.6875290870667	0.28211918714140083	0.0	1
240	902.832451581955	0.2825031588864932	0.00038397174509235965	0
241	907.008706331253	0.2825031588864932	0.0	1
242	910.9234251976013	0.2827590871903417	0.0002559283038485183	0
243	914.9531633853912	0.28327392155248626	0.0005148343621445561	0
244	919.0845425128937	0.28327392155248626	0.0	1
245	923.1717731952667	0.28333798732273024	6.406577024398175e-05	0
246	927.2472803592682	0.28333798732273024	0.0	1
247	931.2956590652466	0.285127247728872	0.001789260406141746	0
248	935.3640484809875	0.285127247728872	0.0	1
249	939.3833675384521	0.2851597739697604	3.2526240888397506e-05	0
250	943.5257859230042	0.285847300470013	0.000687526500252611	0
251	947.6031913757324	0.285847300470013	0.0	1
252	951.6520264148712	0.2868446367717505	0.0009973363017374837	0
253	955.6655330657959	0.2868446367717505	0.0	1
254	959.7110321521759	0.2868446367717505	0.0	2
255	963.7906701564789	0.2873105936733184	0.000465956901567921	0
256	967.8829674720764	0.2873105936733184	0.0	1
257	972.009872674942	0.2873105936733184	0.0	2
258	976.0663146972656	0.2881586546160057	0.0008480609426873009	0
259	980.1666960716248	0.290446644842487	0.0022879902264812957	0
260	984.2201263904572	0.290446644842487	0.0	1
261	988.276006937027	0.290446644842487	0.0	2
262	992.4137601852417	0.290446644842487	0.0	3
263	996.4896695613861	0.290446644842487	0.0	4
264	1000.6228377819061	0.290446644842487	0.0	5
265	1004.7577073574066	0.290446644842487	0.0	6
266	1008.8082196712494	0.2929745645501046	0.0025279197076176207	0
267	1012.8614819049835	0.2929745645501046	0.0	1
268	1016.8796181678772	0.2929745645501046	0.0	2
269	1020.9654815196991	0.2929745645501046	0.0	3
270	1025.064917564392	0.2929745645501046	0.0	4
271	1029.2005784511566	0.2934759373477645	0.0005013727976598825	0
272	1033.3515827655792	0.29536245931929306	0.0018865219715285542	0
273	1037.4879693984985	0.2957223799707708	0.0003599206514777187	0
274	1041.6081731319427	0.2960530340533884	0.00033065408261762075	0
275	1045.701932668686	0.2960530340533884	0.0	1
276	1049.840699672699	0.29609814086632147	4.510681293307117e-05	0
277	1054.0015177726746	0.29609814086632147	0.0	1
278	1058.107752084732	0.29658300386565384	0.0004848629993323694	0
279	1062.2538566589355	0.2985330982516599	0.0019500943860060738	0
280	1066.3519525527954	0.2985330982516599	0.0	1
281	1070.4467825889587	0.2985330982516599	0.0	2
282	1074.5588784217834	0.2986387821047741	0.00010568385311421347	0
283	1078.693184375763	0.29975207463147735	0.0011132925267032245	0
284	1082.8321373462677	0.29975207463147735	0.0	1
285	1086.9474079608917	0.29975207463147735	0.0	2
286	1091.1348314285278	0.29975207463147735	0.0	3
287	1095.233666419983	0.3005711156831878	0.0008190410517104341	0
288	1099.3942461013794	0.3026859908951898	0.002114875212002043	0
289	1103.543924331665	0.3026859908951898	0.0	1
290	1107.7153868675232	0.3026859908951898	0.0	2
291	1111.8468511104584	0.3026859908951898	0.0	3
292	1116.0586359500885	0.3026859908951898	0.0	4
293	1120.2437093257904	0.3026859908951898	0.0	5
294	1124.428379535675	0.3028878086433675	0.0002018177481776795	0
295	1128.628916978836	0.3047144936083646	0.001826684964997105	0
296	1132.8021581172943	0.3047144936083646	0.0	1
297	1136.9884459972382	0.3047144936083646	0.0	2
298	1141.185691833496	0.3047144936083646	0.0	3
299	1145.3952288627625	0.3047144936083646	0.0	4
300	1149.564702987671	0.3053328445822207	0.0006183509738560966	0
301	1153.7565984725952	0.30586922801945005	0.0005363834372293375	0
302	1158.0391254425049	0.30586922801945005	0.0	1
303	1162.3130097389221	0.30586922801945005	0.0	2
304	1166.5521697998047	0.3062107006892321	0.00034147266978207247	0
305	1170.8098289966583	0.3062107006892321	0.0	1
306	1175.0625710487366	0.30696229295972866	0.0007515922704965372	0
307	1179.3499884605408	0.30736543510031755	0.00040314214058889686	0
308	1183.5579812526703	0.30736543510031755	0.0	1
309	1187.785563468933	0.30736543510031755	0.0	2
310	1191.9776380062103	0.30736543510031755	0.0	3
311	1196.234803199768	0.30755291029157045	0.0001874751912528949	0
312	1200.4708666801453	0.308520169511403	0.0009672592198325392	0
313	1204.8054361343384	0.3087814718691361	0.0002613023577331397	0
314	1208.963909626007	0.3087814718691361	0.0	1
315	1213.1003816127777	0.30950430854638783	0.0007228366772517036	0
316	1217.2712244987488	0.30958955337489175	8.524482850391646e-05	0
317	1221.4803030490875	0.3097975028304525	0.00020794945556074085	0
318	1225.6804225444794	0.309853780627526	5.627779707351177e-05	0
319	1229.8382654190063	0.31068804522860133	0.0008342646010753296	0
320	1234.0350074768066	0.31068804522860133	0.0	1
321	1238.2542462348938	0.31068804522860133	0.0	2
322	1242.4671559333801	0.31068804522860133	0.0	3
323	1246.6378622055054	0.31197066450229144	0.001282619273690111	0
324	1250.8209254741669	0.31197066450229144	0.0	1
325	1255.0618958473206	0.31197066450229144	0.0	2
326	1259.279445886612	0.31197066450229144	0.0	3
327	1263.4436552524567	0.31197066450229144	0.0	4
328	1267.682917356491	0.31197066450229144	0.0	5
329	1271.888703584671	0.31221868149402787	0.00024801699173643277	0
330	1276.0941500663757	0.31227009621283197	5.14147188040992e-05	0
331	1280.2748601436615	0.3129310167413936	0.0006609205285616482	0
332	1284.460654258728	0.3129310167413936	0.0	1
333	1288.6710126399994	0.3129310167413936	0.0	2
334	1292.8497676849365	0.3134085146439268	0.00047749790253320823	0
335	1297.0364487171173	0.3134085146439268	0.0	1
336	1301.1802265644073	0.31533686613651124	0.0019283514925844125	0
337	1305.4128708839417	0.31533686613651124	0.0	1
338	1309.6157674789429	0.31533686613651124	0.0	2
339	1313.815994501114	0.31533686613651124	0.0	3
340	1318.0401515960693	0.31601434932294675	0.0006774831864355124	0
341	1322.2760968208313	0.31601434932294675	0.0	1
342	1326.485461473465	0.31601434932294675	0.0	2
343	1330.7041313648224	0.3171690837340322	0.001154734411085434	0
344	1334.8529012203217	0.3171690837340322	0.0	1
345	1339.098359823227	0.3171690837340322	0.0	2
346	1343.2502019405365	0.31764975320934974	0.0004806694753175522	0
347	1347.4840867519379	0.31787211570123053	0.00022236249188078983	0
348	1351.752543926239	0.3183362929980694	0.00046417729683889686	0
349	1356.04195022583	0.3183362929980694	0.0	1
350	1360.279296875	0.31861116263938005	0.00027486964131062663	0
351	1364.5498118400574	0.31861116263938005	0.0	1
352	1368.7647035121918	0.319256753899484	0.0006455912601039393	0
353	1372.9712979793549	0.319256753899484	0.0	1
354	1377.2803463935852	0.31965809881549506	0.0004013449160110705	0
355	1381.4462728500366	0.31995922203152066	0.00030112321602560055	0
356	1385.7044191360474	0.3207354820903399	0.0007762600588192559	0
357	1389.948962688446	0.32090079151179995	0.0001653094214600359	0
358	1394.2130997180939	0.32179316637422417	0.0008923748624242167	0
359	1398.4672594070435	0.32179316637422417	0.0	1
360	1402.6447007656097	0.32179316637422417	0.0	2
361	1406.8694603443146	0.3229479007853096	0.001154734411085434	0
362	1411.0932748317719	0.3229479007853096	0.0	1
363	1415.3490443229675	0.3229479007853096	0.0	2
364	1419.5968413352966	0.3229479007853096	0.0	3
365	1423.888278245926	0.3229479007853096	0.0	4
366	1428.2149348258972	0.3229479007853096	0.0	5
367	1432.5439012050629	0.3238247701807881	0.0008768693954784856	0
368	1436.7703664302826	0.3238247701807881	0.0	1
369	1441.027936220169	0.3238247701807881	0.0	2
370	1445.259141921997	0.32399582367295754	0.00017105349216944843	0
371	1449.5597109794617	0.3242863045003067	0.000290480827349171	0
372	1453.8675422668457	0.3242863045003067	0.0	1
373	1458.1585094928741	0.3242863045003067	0.0	2
374	1462.3541507720947	0.32513459450102844	0.0008482900007217298	0
375	1466.5933141708374	0.32658777391112154	0.0014531794100930973	0
376	1470.8241233825684	0.32658777391112154	0.0	1
377	1475.0663304328918	0.32658777391112154	0.0	2
378	1479.2787568569183	0.3271556616380088	0.0005678877268872617	0
379	1483.5251655578613	0.3271556616380088	0.0	1
380	1487.7592413425446	0.32722793825779445	7.227661978564948e-05	0
381	1491.9434530735016	0.32722793825779445	0.0	1
382	1496.0521502494812	0.32722793825779445	0.0	2
383	1500.2225589752197	0.3280434905794421	0.0008155523216476501	0
384	1504.3761188983917	0.3280434905794421	0.0	1
385	1508.4900798797607	0.32983352625893114	0.0017900356794890437	0
386	1512.6398844718933	0.32983352625893114	0.0	1
387	1516.7774453163147	0.32983352625893114	0.0	2
388	1520.889663219452	0.32983352625893114	0.0	3
389	1525.0721716880798	0.330694079674419	0.0008605534154878525	0
390	1529.1914231777191	0.331833555296442	0.0011394756220229896	0
391	1533.3229751586914	0.331833555296442	0.0	1
392	1537.3913626670837	0.331833555296442	0.0	2
393	1541.577677488327	0.331833555296442	0.0	3
394	1545.7296559810638	0.331833555296442	0.0	4
395	1549.8450508117676	0.331833555296442	0.0	5
396	1553.9590363502502	0.3332761980369515	0.0014426427405095366	0
397	1558.052856206894	0.3332761980369515	0.0	1
398	1562.164793729782	0.333294839836984	1.8641800032470623e-05	0
399	1566.2314562797546	0.333294839836984	0.0	1
400	1570.346034526825	0.333294839836984	0.0	2
401	1574.4604108333588	0.33443093244803695	0.0011360926110529634	0
402	1578.5603897571564	0.3357618301074444	0.0013308976594074706	0
403	1582.699167728424	0.3357618301074444	0.0	1
404	1586.757064819336	0.3357618301074444	0.0	2
405	1590.8389403820038	0.3357618301074444	0.0	3
406	1594.903502702713	0.3359804219516816	0.00021859184423717037	0
407	1598.9758622646332	0.3359804219516816	0.0	1
408	1603.0849421024323	0.3359804219516816	0.0	2
409	1607.1665687561035	0.3359804219516816	0.0	3
410	1611.2605724334717	0.3359804219516816	0.0	4
411	1615.3857338428497	0.33669807839338556	0.0007176564417039621	0
412	1619.4583823680878	0.33713515636276703	0.0004370779693814719	0
413	1623.4845740795135	0.33713515636276703	0.0	1
414	1627.5379388332367	0.33713515636276703	0.0	2
415	1631.6833288669586	0.33742609530618506	0.00029093894341802873	0
416	1635.8071269989014	0.33742609530618506	0.0	1
417	1639.8819327354431	0.33789978732137704	0.00047369201519198434	0
418	1643.9027080535889	0.33789978732137704	0.0	1
419	1647.9640431404114	0.33789978732137704	0.0	2
420	1652.0006291866302	0.3386919757235133	0.0007921884021362402	0
421	1656.0427436828613	0.3386919757235133	0.0	1
422	1660.073729276657	0.3391824418347647	0.0004904661112514197	0
423	1664.1303350925446	0.3391824418347647	0.0	1
424	1668.1764805316925	0.34114821788620453	0.001965776051439827	0
425	1672.239263534546	0.34114821788620453	0.0	1
426	1676.2758033275604	0.34181248618603854	0.0006642682998340144	0
427	1680.2810552120209	0.34181248618603854	0.0	1
428	1684.3444192409515	0.34181248618603854	0.0	2
429	1688.3883218765259	0.34181248618603854	0.0	3
430	1692.46706533432	0.34181248618603854	0.0	4
431	1696.5458652973175	0.34181248618603854	0.0	5
432	1700.5893380641937	0.34181248618603854	0.0	6
433	1704.674712896347	0.34181248618603854	0.0	7
434	1708.7739536762238	0.34182795641328667	1.5470227248126633e-05	0
435	1712.9310011863708	0.34182795641328667	0.0	1
436	1717.0850570201874	0.3423752993964708	0.0005473429831841514	0
437	1721.2521147727966	0.3423752993964708	0.0	1
438	1725.324223279953	0.3423752993964708	0.0	2
439	1729.4603416919708	0.34269312622916065	0.00031782683268982703	0
440	1733.6246774196625	0.3428077609654662	0.00011463473630557441	0
441	1737.8328285217285	0.3438478606402461	0.0010400996747798597	0
442	1742.0874106884003	0.3438478606402461	0.0	1
443	1746.2328231334686	0.3438478606402461	0.0	2
444	1750.4257454872131	0.3438478606402461	0.0	3
445	1754.599583864212	0.3438478606402461	0.0	4
446	1758.7371411323547	0.3438478606402461	0.0	5
447	1762.9033098220825	0.3438478606402461	0.0	6
448	1767.060540676117	0.34420205484086314	0.00035419420061705287	0
449	1771.2214906215668	0.34420205484086314	0.0	1
450	1775.338229894638	0.34477543996057664	0.0005733851197134987	0
451	1779.4608113765717	0.34477543996057664	0.0	1
452	1783.8200647830963	0.34477543996057664	0.0	2
453	1787.9355428218842	0.3450230340759418	0.0002475941153651795	0
454	1792.050076007843	0.3458394673900296	0.0008164333140877611	0
455	1796.1792929172516	0.3458394673900296	0.0	1
456	1800.3277201652527	0.3458394673900296	0.0	2
