1	8.444801568984985	0.10957559316868595	10000000000.109575	0
2	13.769734382629395	0.10957559316868595	0.0	1
3	19.107450246810913	0.10957559316868595	0.0	2
4	24.530842542648315	0.10957559316868595	0.0	3
5	29.954535245895386	0.11788309639100389	0.008307503222317936	0
6	35.3543758392334	0.11788309639100389	0.0	1
7	40.94257068634033	0.11788309639100389	0.0	2
8	46.44284391403198	0.11788309639100389	0.0	3
9	52.036823749542236	0.14568131515115293	0.02779821876014904	0
10	57.77403450012207	0.14568131515115293	0.0	1
11	63.42192363739014	0.14568131515115293	0.0	2
12	69.1695499420166	0.14568131515115293	0.0	3
13	74.71175289154053	0.14568131515115293	0.0	4
14	80.26426839828491	0.14568131515115293	0.0	5
15	85.89536571502686	0.14568131515115293	0.0	6
16	91.66828560829163	0.14568131515115293	0.0	7
17	97.37721157073975	0.14568131515115293	0.0	8
18	103.14787006378174	0.14914550076456048	0.0034641856134075555	0
19	109.18243098258972	0.14914550076456048	0.0	1
20	115.14594578742981	0.14914550076456048	0.0	2
21	121.21457195281982	0.14914550076456048	0.0	3
22	127.38560628890991	0.14914550076456048	0.0	4
23	133.48013877868652	0.15159902947053622	0.0024535287059757327	0
24	139.73819828033447	0.15159902947053622	0.0	1
25	146.0146815776825	0.15159902947053622	0.0	2
26	152.45523762702942	0.15414446330786302	0.002545433837326805	0
27	158.91922307014465	0.15414446330786302	0.0	1
28	165.39928197860718	0.15639245647756386	0.0022479931697008404	0
29	172.05488324165344	0.15639245647756386	0.0	1
30	178.71419405937195	0.15639245647756386	0.0	2
31	185.41123938560486	0.1567697502999603	0.0003772938223964295	0
32	192.14681911468506	0.1584776774840322	0.0017079271840718946	0
33	198.82546257972717	0.15848181814850065	4.14066446846606e-06	0
34	205.54886746406555	0.16433909638649322	0.005857278237992564	0
35	212.28113555908203	0.16433909638649322	0.0	1
36	219.07255911827087	0.16433909638649322	0.0	2
37	225.7814645767212	0.16530501649781681	0.0009659201113235982	0
38	232.58109974861145	0.16530501649781681	0.0	1
39	239.2919704914093	0.16610585624571486	0.0008008397478980467	0
40	246.12787342071533	0.17256058831688437	0.0064547320711695055	0
41	252.94114327430725	0.172860548622889	0.0002999603060046263	0
42	259.8725759983063	0.172860548622889	0.0	1
43	266.75281381607056	0.17542599860845481	0.002565449985565821	0
44	273.6104428768158	0.17542599860845481	0.0	1
45	280.47474575042725	0.17542599860845481	0.0	2
46	287.38434886932373	0.17994455597417183	0.004518557365717019	0
47	294.3192811012268	0.17994455597417183	0.0	1
48	301.2873795032501	0.181540350440468	0.0015957944662961798	0
49	308.19048142433167	0.181540350440468	0.0	1
50	315.0763666629791	0.18215634035458467	0.0006159899141166547	0
51	321.8951139450073	0.18336465672587687	0.0012083163712922063	0
52	328.8045725822449	0.18427347090723334	0.0009088141813564654	0
53	335.58301067352295	0.18427347090723334	0.0	1
54	342.3381390571594	0.18427347090723334	0.0	2
55	349.1690077781677	0.18427347090723334	0.0	3
56	355.93843817710876	0.1868376698835342	0.0025641989763008632	0
57	362.7454102039337	0.1868376698835342	0.0	1
58	369.5570821762085	0.1868376698835342	0.0	2
59	376.2674357891083	0.1868376698835342	0.0	3
60	383.1195728778839	0.1868376698835342	0.0	4
61	389.88342809677124	0.18765649949705904	0.0008188296135248352	0
62	396.5171740055084	0.18765649949705904	0.0	1
63	403.272531747818	0.19063441252323002	0.0029779130261709807	0
64	410.19409132003784	0.19063441252323002	0.0	1
65	416.9291286468506	0.19063441252323002	0.0	2
66	423.7375991344452	0.19063441252323002	0.0	3
67	430.5685260295868	0.19063441252323002	0.0	4
68	437.360023021698	0.19127359015837	0.0006391776351399869	0
69	444.21994376182556	0.19188670803713193	0.0006131178787619207	0
70	451.1181812286377	0.19240857271894846	0.0005218646818165307	0
71	457.92677116394043	0.19257456931451175	0.0001659965955632947	0
72	464.7463915348053	0.19257456931451175	0.0	1
73	471.56925415992737	0.19358977214293446	0.0010152028284227121	0
74	478.4131968021393	0.19358977214293446	0.0	1
75	485.2358524799347	0.19423298472345013	0.0006432125805156674	0
76	492.0833523273468	0.19548737699935947	0.001254392275909344	0
77	499.0900995731354	0.19554071228168302	5.333528232354112e-05	0
78	505.97213554382324	0.19779275801660834	0.002252045734925323	0
79	512.860592842102	0.19920327977275187	0.0014105217561435346	0
80	519.7667467594147	0.20035856039915018	0.0011552806263983029	0
81	526.6120066642761	0.20118056158545936	0.0008220011863091792	0
82	533.431077003479	0.20118056158545936	0.0	1
83	540.2552275657654	0.20118056158545936	0.0	2
84	547.0897135734558	0.20118056158545936	0.0	3
85	553.9560289382935	0.20139325078034787	0.00021268919488851012	0
86	560.8454968929291	0.20176305616700346	0.00036980538665559726	0
87	567.7711365222931	0.20255076912754402	0.0007877129605405597	0
88	574.6245334148407	0.20349003040763028	0.0009392612800862565	0
89	581.4412324428558	0.20349003040763028	0.0	1
90	588.3007214069366	0.20349003040763028	0.0	2
91	595.1416296958923	0.20389496977279697	0.0004049393651666955	0
92	601.9794142246246	0.20389496977279697	0.0	1
93	608.8592848777771	0.20438048470653508	0.00048551493373810706	0
94	615.7512183189392	0.20438048470653508	0.0	1
95	622.5642733573914	0.20594873934915378	0.0015682546426186994	0
96	629.4096260070801	0.20594873934915378	0.0	1
97	636.2637219429016	0.20687772825738848	0.0009289889082347014	0
98	643.1824820041656	0.20715409558584727	0.00027636732845878753	0
99	650.0699746608734	0.20830893571602555	0.0011548401301782751	0
100	656.9100067615509	0.2083460431176025	3.710740157694681e-05	0
101	663.8010699748993	0.2083542539671442	8.210849541695486e-06	0
102	670.7396509647369	0.21053127438587074	0.002177020418726555	0
103	677.6557838916779	0.21053127438587074	0.0	1
104	684.4965364933014	0.21053127438587074	0.0	2
105	691.3693165779114	0.21053127438587074	0.0	3
106	698.2454168796539	0.21174373142163141	0.0012124570357606723	0
107	705.165415763855	0.21174373142163141	0.0	1
108	712.0651378631592	0.21410209532422778	0.002358363902596361	0
109	718.9719390869141	0.21410209532422778	0.0	1
110	725.8718538284302	0.21410209532422778	0.0	2
111	732.7209618091583	0.21410209532422778	0.0	3
112	739.6658360958099	0.21410209532422778	0.0	4
113	746.4825987815857	0.2152568297353132	0.001154734411085434	0
114	753.3871929645538	0.2152568297353132	0.0	1
115	760.228607416153	0.21582965101986504	0.0005728212845518277	0
116	767.1393194198608	0.21582965101986504	0.0	1
117	773.9623005390167	0.21582965101986504	0.0	2
118	780.8620400428772	0.21582965101986504	0.0	3
119	787.7764985561371	0.21595817019702657	0.00012851917716152905	0
120	794.5788853168488	0.21595817019702657	0.0	1
121	801.3054568767548	0.21595817019702657	0.0	2
122	808.0701236724854	0.21655026759616772	0.0005920973991411504	0
123	814.8282120227814	0.21715809952028903	0.0006078319241213104	0
124	821.5877027511597	0.21715809952028903	0.0	1
125	828.3279628753662	0.21726468198569213	0.0001065824654030989	0
126	835.105889081955	0.21770496676755557	0.0004402847818634481	0
127	841.840277671814	0.2193791871808693	0.0016742204133137206	0
128	848.5456457138062	0.2193791871808693	0.0	1
129	855.335113286972	0.21946756834245995	8.838116159065601e-05	0
130	862.0865502357483	0.22117575982426385	0.0017081914818039001	0
131	868.8011770248413	0.22117575982426385	0.0	1
132	875.573248386383	0.22117575982426385	0.0	2
133	882.2955811023712	0.2215953765234826	0.00041961669921875	0
134	889.1027765274048	0.22453783841386402	0.002942461890381415	0
135	895.8728287220001	0.22453783841386402	0.0	1
136	902.6857860088348	0.22453783841386402	0.0	2
137	909.4941916465759	0.22453783841386402	0.0	3
138	916.2402541637421	0.22453783841386402	0.0	4
139	923.0224747657776	0.22453783841386402	0.0	5
140	929.8217930793762	0.22737022910877958	0.0028323906949155597	0
141	936.5556764602661	0.2282526311367819	0.000882402028002327	0
142	943.3238759040833	0.22987379818535292	0.001621167048571015	0
143	949.9328172206879	0.22987379818535292	0.0	1
144	956.6526870727539	0.22987379818535292	0.0	2
145	963.3195998668671	0.23243829669908342	0.002564498513730501	0
146	970.0902309417725	0.2325196475410021	8.135084191868147e-05	0
147	976.7965114116669	0.2325196475410021	0.0	1
148	983.4870626926422	0.2325196475410021	0.0	2
149	990.2107167243958	0.23438072645086064	0.0018610789098585379	0
150	996.8605720996857	0.23438072645086064	0.0	1
151	1003.4990048408508	0.23438072645086064	0.0	2
152	1010.2391982078552	0.23438072645086064	0.0	3
153	1016.912055015564	0.23438072645086064	0.0	4
154	1023.6071908473969	0.23508173213544672	0.0007010056845860868	0
155	1030.2466373443604	0.2355346151092036	0.0004528829737568685	0
156	1036.8388094902039	0.2361298312215827	0.0005952161123791155	0
157	1043.378788948059	0.23794869297371174	0.0018188617521290307	0
158	1049.9819571971893	0.23794869297371174	0.0	1
159	1056.5612349510193	0.23884240694464492	0.0008937139709331854	0
160	1063.1045773029327	0.23884240694464492	0.0	1
161	1069.7091357707977	0.2393836006005972	0.0005411936559522879	0
162	1076.2909450531006	0.2393836006005972	0.0	1
163	1082.9671514034271	0.23999714135573036	0.0006135407551331462	0
164	1089.5673847198486	0.24051787836722358	0.0005207370114932164	0
165	1096.1539249420166	0.24229854028714998	0.0017806619199264018	0
166	1102.7075979709625	0.24229854028714998	0.0	1
167	1109.2640595436096	0.24229854028714998	0.0	2
168	1115.8299474716187	0.24229854028714998	0.0	3
169	1122.4245417118073	0.24270473066158163	0.00040619037443165307	0
170	1128.961939573288	0.24270473066158163	0.0	1
171	1135.579356431961	0.24385946507266706	0.001154734411085434	0
172	1142.2806220054626	0.24385946507266706	0.0	1
173	1148.798036813736	0.24385946507266706	0.0	2
174	1155.2590322494507	0.24460800910932087	0.0007485440366538088	0
175	1161.792958498001	0.24484837908667725	0.00024036997735638055	0
176	1168.2925717830658	0.24616893389483796	0.0013205548081607066	0
177	1174.8026807308197	0.24616893389483796	0.0	1
178	1181.366899728775	0.24616893389483796	0.0	2
179	1187.757406949997	0.24616893389483796	0.0	3
180	1194.331130027771	0.24625155336587037	8.261947103241352e-05	0
181	1200.9315147399902	0.2474474125040596	0.0011958591381892314	0
182	1207.5172171592712	0.2474474125040596	0.0	1
183	1214.0651938915253	0.2474474125040596	0.0	2
184	1220.706053495407	0.2474474125040596	0.0	3
185	1227.206162929535	0.24807221234257723	0.0006247998385176257	0
186	1233.7722518444061	0.24838193404481812	0.00030972170224088935	0
187	1240.2951991558075	0.2484983660057015	0.00011643196088337304	0
188	1246.8909084796906	0.2484983660057015	0.0	1
189	1253.4644138813019	0.2490898290902858	0.0005914630845842983	0
190	1260.0281522274017	0.24923195079072244	0.00014212170043664818	0
191	1266.6520640850067	0.25059972679367243	0.0013677760029499886	0
192	1273.1030633449554	0.25059972679367243	0.0	1
193	1279.5313792228699	0.25059972679367243	0.0	2
194	1286.0045375823975	0.25059972679367243	0.0	3
195	1292.4855468273163	0.25178409779044275	0.001184370996770323	0
196	1298.8438239097595	0.25324525899204314	0.0014611612016003916	0
197	1305.2670168876648	0.25324525899204314	0.0	1
198	1311.6692852973938	0.25324525899204314	0.0	2
199	1318.047084569931	0.25324525899204314	0.0	3
200	1324.5390911102295	0.25347234360340287	0.00022708461135972913	0
201	1330.8858931064606	0.25437588944996753	0.0009035458465646573	0
202	1337.3294756412506	0.25437588944996753	0.0	1
203	1343.7482314109802	0.25437588944996753	0.0	2
204	1350.2149209976196	0.25437588944996753	0.0	3
205	1356.5477411746979	0.255416024364445	0.001040134914477464	0
206	1362.867882013321	0.255416024364445	0.0	1
207	1369.2817976474762	0.2554510702437121	3.504587926711489e-05	0
208	1375.6319479942322	0.255647972054074	0.00019690181036191579	0
209	1381.9375059604645	0.25565509047299	7.118418915985636e-06	0
210	1388.2961061000824	0.2567973500311237	0.0011422595581336847	0
211	1394.7089245319366	0.25717117274330614	0.0003738227121824478	0
212	1401.088677406311	0.25717117274330614	0.0	1
213	1407.5037322044373	0.25806342426678874	0.0008922515234826012	0
214	1413.9059476852417	0.25806342426678874	0.0	1
215	1420.1747744083405	0.25806342426678874	0.0	2
216	1426.5323271751404	0.25882000295449625	0.0007565786877075098	0
217	1432.8087365627289	0.25882000295449625	0.0	1
218	1439.0959889888763	0.25882000295449625	0.0	2
219	1445.420701265335	0.2592181586778742	0.00039815572337792426	0
220	1451.8815212249756	0.2592214888292978	3.3301514236194762e-06	0
221	1458.2814664840698	0.2595890564951555	0.0003675676658577154	0
222	1464.6208775043488	0.26046428724469545	0.0008752307495399347	0
223	1470.9554800987244	0.26046428724469545	0.0	1
224	1477.3360936641693	0.2611352510870742	0.0006709638423787467	0
225	1483.655415058136	0.2615304466758534	0.0003951955887792069	0
226	1490.0006356239319	0.2628757397517321	0.0013452930758787174	0
227	1496.3570895195007	0.2628757397517321	0.0	1
228	1502.6195600032806	0.2628757397517321	0.0	2
229	1508.9425735473633	0.2628757397517321	0.0	3
230	1515.2351365089417	0.2628757397517321	0.0	4
231	1521.4755783081055	0.26332856986594255	0.00045283011421043406	0
232	1527.8065650463104	0.2643238094056726	0.000995239539730075	0
233	1534.1024355888367	0.2643238094056726	0.0	1
234	1540.4535133838654	0.2644250882965863	0.0001012788909136586	0
235	1546.7233474254608	0.2644250882965863	0.0	1
236	1553.0505738258362	0.264483304277028	5.82159804417004e-05	0
237	1559.354082107544	0.26511102901044675	0.0006277247334187663	0
238	1565.6935319900513	0.26746872335878863	0.0023576943483418766	0
239	1571.9865536689758	0.26746872335878863	0.0	1
240	1578.3304510116577	0.26746872335878863	0.0	2
241	1584.6700627803802	0.26784786726530924	0.00037914390652060703	0
242	1591.0609929561615	0.26784786726530924	0.0	1
243	1597.4258959293365	0.26892479242408523	0.0010769251587759987	0
244	1603.8310658931732	0.26892479242408523	0.0	1
245	1610.1756813526154	0.2691866233772824	0.0002618309531971508	0
246	1616.6649165153503	0.2691866233772824	0.0	1
247	1623.0805459022522	0.2691866233772824	0.0	2
248	1629.486623287201	0.26935286665072894	0.00016624327344655354	0
249	1635.8431363105774	0.26935286665072894	0.0	1
250	1642.2210783958435	0.26935286665072894	0.0	2
251	1648.6267883777618	0.27054440892596165	0.0011915422752327154	0
252	1654.9902124404907	0.2710481604032098	0.0005037514772481266	0
253	1661.4094285964966	0.2710481604032098	0.0	1
254	1667.8102538585663	0.27135738874968424	0.00030922834647445496	0
255	1674.259553194046	0.2715263454798463	0.00016895673016203983	0
256	1680.6218559741974	0.2725121231607697	0.0009857776809234498	0
257	1687.0352909564972	0.2727480353163792	0.00023591215560947454	0
258	1693.4618020057678	0.273374244742801	0.0006262094264217755	0
259	1699.7746727466583	0.273374244742801	0.0	1
260	1706.0966169834137	0.27412157300988743	0.0007473282670864556	0
261	1712.4179728031158	0.2743765322220518	0.0002549592121643962	0
262	1718.7670681476593	0.2746413233098477	0.00026479108779586813	0
263	1725.0822649002075	0.2766780721122618	0.0020367488024141123	0
264	1731.3314352035522	0.2766780721122618	0.0	1
265	1737.6337454319	0.2766780721122618	0.0	2
266	1743.9102466106415	0.2766780721122618	0.0	3
267	1750.1269619464874	0.2767044314060696	2.6359293807787232e-05	0
268	1756.452234506607	0.2767044314060696	0.0	1
269	1762.6346516609192	0.2782120913886583	0.0015076599825887271	0
270	1768.9664869308472	0.2782120913886583	0.0	1
271	1775.176645040512	0.27876665850985133	0.0005545671211930059	0
272	1781.4813358783722	0.27876665850985133	0.0	1
273	1787.6804504394531	0.2789954522465448	0.0002287937366934889	0
274	1793.891892671585	0.2795134758013225	0.0005180235547777023	0
275	1800.1165487766266	0.27962763480171043	0.00011415900038791449	0
