1	2.642181158065796	0.08810506330912954	10000000000.088104	0
2	4.380543231964111	0.125484436132501	0.03737937282337145	0
3	6.1126062870025635	0.125484436132501	0.0	1
4	7.882984638214111	0.125484436132501	0.0	2
5	9.681858539581299	0.125484436132501	0.0	3
6	11.545130014419556	0.125484436132501	0.0	4
7	13.450914859771729	0.125484436132501	0.0	5
8	15.366680145263672	0.1281291955585875	0.0026447594260865237	0
9	17.296361923217773	0.13162617173871735	0.0034969761801298405	0
10	19.186607599258423	0.14590808193079022	0.014281910192072866	0
11	21.137223720550537	0.14590808193079022	0.0	1
12	23.15130591392517	0.14590808193079022	0.0	2
13	25.22583270072937	0.14590808193079022	0.0	3
14	27.331775188446045	0.14590808193079022	0.0	4
15	29.439866065979004	0.14694959771309934	0.001041515782309127	0
16	31.59592342376709	0.14694959771309934	0.0	1
17	33.77849364280701	0.15327918434447269	0.006329586631373341	0
18	36.04604983329773	0.15327918434447269	0.0	1
19	38.34812545776367	0.15327918434447269	0.0	2
20	40.606775760650635	0.15853850198894787	0.005259317644475181	0
21	42.95408630371094	0.15963069788006504	0.0010921958911171703	0
22	45.32300591468811	0.15963069788006504	0.0	1
23	47.77731490135193	0.16407219797040096	0.00444150009033592	0
24	50.20775556564331	0.1657871933835165	0.0017149954131155387	0
25	52.69385027885437	0.17368918971011513	0.007901996326598631	0
26	55.12880539894104	0.17368918971011513	0.0	1
27	57.5277099609375	0.17368918971011513	0.0	2
28	60.02600860595703	0.17368918971011513	0.0	3
29	62.55576705932617	0.17586821536318156	0.0021790256530664354	0
30	65.07635641098022	0.17677834007348361	0.0009101247103020516	0
31	67.49471545219421	0.17677834007348361	0.0	1
32	69.87457871437073	0.17677834007348361	0.0	2
33	72.31235647201538	0.17722065026680248	0.00044231019331886223	0
34	74.77916121482849	0.17722065026680248	0.0	1
35	77.2013201713562	0.17722065026680248	0.0	2
36	79.64327430725098	0.17722065026680248	0.0	3
37	81.99520921707153	0.17722065026680248	0.0	4
38	84.40762329101562	0.17749342241545804	0.00027277214865556454	0
39	86.75249648094177	0.17749342241545804	0.0	1
40	89.07243371009827	0.1779723950740443	0.00047897265858626303	0
41	91.43629741668701	0.1779723950740443	0.0	1
42	93.81832337379456	0.17839618542928254	0.00042379035523823494	0
43	96.13216209411621	0.1788651437470407	0.00046895831775817243	0
44	98.45571184158325	0.1788651437470407	0.0	1
45	100.76284837722778	0.1788651437470407	0.0	2
46	103.07886695861816	0.17949708150714588	0.0006319377601051723	0
47	105.43430280685425	0.17949708150714588	0.0	1
48	107.76084637641907	0.17949708150714588	0.0	2
49	110.06354069709778	0.17949708150714588	0.0	3
50	112.4139392375946	0.17952811014519163	3.102863804574363e-05	0
51	114.73950624465942	0.17971016915791344	0.00018205901272180802	0
52	117.1059775352478	0.17971016915791344	0.0	1
53	119.42367696762085	0.18013925263375946	0.000429083475846026	0
54	121.7260479927063	0.18013925263375946	0.0	1
55	124.02194714546204	0.18013925263375946	0.0	2
56	126.34610629081726	0.18018796151144462	4.8708877685155194e-05	0
57	128.63612484931946	0.18018796151144462	0.0	1
58	130.9345407485962	0.18031374309241677	0.00012578158097215075	0
59	133.24872708320618	0.18053797671669408	0.00022423362427731464	0
60	135.58797001838684	0.1806325471382202	9.457042152610784e-05	0
61	137.90733361244202	0.1808023650490306	0.00016981791081041586	0
62	140.25875902175903	0.1808023650490306	0.0	1
63	142.6118597984314	0.1808023650490306	0.0	2
64	144.95728826522827	0.18112978410492672	0.00032741905589611653	0
65	147.2301709651947	0.18134778766540818	0.0002180035604814612	0
66	149.54308128356934	0.18134778766540818	0.0	1
67	151.80680871009827	0.1814041016014379	5.631393602972823e-05	0
68	154.11555337905884	0.18177459570779755	0.0003704941063596423	0
69	156.52360653877258	0.18177459570779755	0.0	1
70	158.87786149978638	0.18177459570779755	0.0	2
71	161.19089126586914	0.18178997617779355	1.538046999599585e-05	0
72	163.5050117969513	0.18178997617779355	0.0	1
73	165.7506172657013	0.18178997617779355	0.0	2
74	168.03251719474792	0.18178997617779355	0.0	3
75	170.38180875778198	0.18213062195116253	0.0003406457733689805	0
76	172.71151781082153	0.18213062195116253	0.0	1
77	174.97542095184326	0.18213062195116253	0.0	2
78	177.28326559066772	0.18218870026072817	5.8078309565640085e-05	0
79	179.57763767242432	0.18218870026072817	0.0	1
80	181.8654088973999	0.18218870026072817	0.0	2
81	184.17262816429138	0.18218870026072817	0.0	3
82	186.4964838027954	0.18298193826629786	0.0007932380055696853	0
83	188.8062551021576	0.18298193826629786	0.0	1
84	191.08589959144592	0.18298193826629786	0.0	2
85	193.43496966362	0.18298193826629786	0.0	3
86	195.7527356147766	0.18298193826629786	0.0	4
87	197.98348474502563	0.18298193826629786	0.0	5
88	200.2829625606537	0.1837682161224706	0.0007862778561727457	0
89	202.52912640571594	0.1837682161224706	0.0	1
90	204.78337931632996	0.1837682161224706	0.0	2
91	207.08881306648254	0.1837682161224706	0.0	3
92	209.42239260673523	0.1837682161224706	0.0	4
93	211.79171466827393	0.1837682161224706	0.0	5
94	214.10264253616333	0.1837835965924666	1.538046999599585e-05	0
95	216.48230409622192	0.1837835965924666	0.0	1
96	218.79997777938843	0.1837835965924666	0.0	2
97	221.09902143478394	0.18411644261799742	0.0003328460255308252	0
98	223.36290192604065	0.18411644261799742	0.0	1
99	225.64234066009521	0.18411644261799742	0.0	2
100	227.99690413475037	0.18459265311939294	0.00047621050139551313	0
101	230.31025457382202	0.18469720137746712	0.000104548258074183	0
102	232.63587474822998	0.18469720137746712	0.0	1
103	234.86991214752197	0.18469720137746712	0.0	2
104	237.10345005989075	0.18469720137746712	0.0	3
105	239.35236287117004	0.18469720137746712	0.0	4
106	241.53791165351868	0.1849203155371561	0.00022311415968898074	0
107	243.7825791835785	0.1849220190702253	1.7035330691916872e-06	0
108	245.99015974998474	0.18516946941661683	0.00024745034639153674	0
109	248.2467577457428	0.18516946941661683	0.0	1
110	250.4599313735962	0.18516946941661683	0.0	2
111	252.68712282180786	0.1853046082613761	0.0001351388447592694	0
112	254.90318417549133	0.1853046082613761	0.0	1
113	257.1319181919098	0.18538778934752542	8.31810861493254e-05	0
114	259.39199471473694	0.18538778934752542	0.0	1
115	261.60723519325256	0.18538778934752542	0.0	2
116	263.8285801410675	0.18598193300968152	0.0005941436621560992	0
117	266.06392312049866	0.18598193300968152	0.0	1
118	268.2682456970215	0.18598193300968152	0.0	2
119	270.52690601348877	0.18598193300968152	0.0	3
120	272.7931616306305	0.18598193300968152	0.0	4
121	275.0100989341736	0.18598193300968152	0.0	5
122	277.23939657211304	0.18598193300968152	0.0	6
123	279.45636010169983	0.18598193300968152	0.0	7
124	281.67480301856995	0.1871269749302233	0.0011450419205417672	0
125	283.8716039657593	0.1871269749302233	0.0	1
126	286.09223341941833	0.1871269749302233	0.0	2
127	288.3071584701538	0.1871269749302233	0.0	3
128	290.55655789375305	0.1871269749302233	0.0	4
129	292.7967631816864	0.1871269749302233	0.0	5
130	295.05109310150146	0.18729476076944404	0.00016778583922075208	0
131	297.26328015327454	0.187434219287343	0.00013945851789895491	0
132	299.48871994018555	0.18745198470363586	1.776541629286421e-05	0
133	301.69175601005554	0.18774167050204968	0.00028968579841381903	0
134	303.91034293174744	0.18774167050204968	0.0	1
135	306.19317388534546	0.1882979227215099	0.0005562522194602348	0
136	308.3925416469574	0.18877251486648974	0.0004745921449798296	0
137	310.65667033195496	0.18877251486648974	0.0	1
138	312.9185390472412	0.18877251486648974	0.0	2
139	315.16670203208923	0.18951666678348036	0.0007441519169906208	0
140	317.35991382598877	0.18952138800370066	4.721220220299527e-06	0
141	319.57891631126404	0.19014825166887833	0.0006268636651776682	0
142	321.83345103263855	0.19014825166887833	0.0	1
143	324.0427255630493	0.19014825166887833	0.0	2
144	326.2570424079895	0.19021275473173346	6.45030628551313e-05	0
145	328.4442210197449	0.19065213241455467	0.00043937768282120704	0
146	330.6397292613983	0.19065213241455467	0.0	1
147	332.8381447792053	0.19065213241455467	0.0	2
148	335.0254373550415	0.19067974181836872	2.7609403814049527e-05	0
149	337.2708435058594	0.19080010859779956	0.00012036677943083607	0
150	339.4364538192749	0.19098730254591556	0.00018719394811600454	0
151	341.6986563205719	0.19098730254591556	0.0	1
152	343.9545018672943	0.19101020289760268	2.2900351687116238e-05	0
153	346.2572603225708	0.1911372134560033	0.00012701055840061426	0
154	348.54871344566345	0.1911372134560033	0.0	1
155	350.83573603630066	0.19147718998423793	0.0003399765282346423	0
156	353.1134719848633	0.1922468583929862	0.0007696684087482586	0
157	355.3832805156708	0.1922468583929862	0.0	1
158	357.6603362560272	0.1922468583929862	0.0	2
159	359.97404742240906	0.1922468583929862	0.0	3
160	362.2209966182709	0.19242636210610423	0.00017950371311803437	0
161	364.4937415122986	0.19242636210610423	0.0	1
162	366.739520072937	0.19249804434403658	7.168223793235784e-05	0
163	368.96405029296875	0.19263522742847886	0.00013718308444227167	0
164	371.1825907230377	0.19263522742847886	0.0	1
165	373.492125749588	0.19381598270300662	0.0011807552745277672	0
166	375.75224113464355	0.19381598270300662	0.0	1
167	378.0124387741089	0.1941915874085738	0.0003756047055671896	0
168	380.2508020401001	0.1941915874085738	0.0	1
169	382.59180545806885	0.1941915874085738	0.0	2
170	384.7094249725342	0.1941915874085738	0.0	3
171	386.91108202934265	0.1947422301369991	0.0005506427284252824	0
172	389.0952820777893	0.19531585839376495	0.0005736282567658513	0
173	391.2639343738556	0.19531585839376495	0.0	1
174	393.42925333976746	0.19531585839376495	0.0	2
175	395.6170439720154	0.19531585839376495	0.0	3
176	397.76483511924744	0.19531585839376495	0.0	4
177	399.9648451805115	0.1957034365031898	0.0003875781094248576	0
178	402.17554092407227	0.19580521043597987	0.00010177393279006686	0
179	404.38788390159607	0.19617902643182442	0.0003738159958445453	0
180	406.5963830947876	0.19617902643182442	0.0	1
181	408.7812087535858	0.19617902643182442	0.0	2
182	410.9684672355652	0.19633712646873755	0.00015810003691313357	0
183	413.1628360748291	0.19648561371190315	0.00014848724316560147	0
184	415.40037512779236	0.1966115656461822	0.00012595193427905604	0
185	417.62634325027466	0.19699176989103617	0.00038020424485396553	0
186	419.77458572387695	0.19699176989103617	0.0	1
187	421.9745178222656	0.19699176989103617	0.0	2
188	424.12029910087585	0.1970233582613761	3.1588370339924454e-05	0
189	426.2870976924896	0.1970233582613761	0.0	1
190	428.4584732055664	0.19755417916573215	0.0005308209043560497	0
191	430.6318247318268	0.19755417916573215	0.0	1
192	432.81227707862854	0.19755417916573215	0.0	2
193	435.026563167572	0.19755417916573215	0.0	3
194	437.17233633995056	0.19755417916573215	0.0	4
195	439.3796262741089	0.19755417916573215	0.0	5
196	441.5355761051178	0.19755417916573215	0.0	6
197	443.7466444969177	0.1978110232801909	0.0002568441144587541	0
198	445.9257843494415	0.19821081815534042	0.0003997948751495173	0
199	448.124076128006	0.19859535424142744	0.0003845360860870173	0
200	450.2836616039276	0.19859535424142744	0.0	1
201	452.41198992729187	0.19859535424142744	0.0	2
202	454.5781545639038	0.19859535424142744	0.0	3
203	456.68929052352905	0.19859535424142744	0.0	4
204	458.881466627121	0.19859535424142744	0.0	5
205	461.0373430252075	0.19859535424142744	0.0	6
206	463.23157358169556	0.1985997347550339	4.380513606461189e-06	0
207	465.39296078681946	0.19860783870520585	8.103950171950425e-06	0
208	467.5725312232971	0.19898395447069378	0.00037611576548793324	0
209	469.7219638824463	0.19900244997258773	1.8495501893950328e-05	0
210	471.88155579566956	0.199427627490468	0.00042517751788026525	0
211	474.0595145225525	0.199427627490468	0.0	1
212	476.1994683742523	0.199427627490468	0.0	2
213	478.3840835094452	0.199427627490468	0.0	3
214	480.6025836467743	0.199427627490468	0.0	4
215	482.7571635246277	0.19954636374538975	0.00011873625492175854	0
216	484.89222955703735	0.19954636374538975	0.0	1
217	487.04233503341675	0.19967107453414698	0.0001247107887572263	0
218	489.2169506549835	0.199781402636563	0.00011032810241601299	0
219	491.44779920578003	0.19996795167573142	0.00018654903916842658	0
220	493.59172344207764	0.19996795167573142	0.0	1
221	495.7678155899048	0.20010674094849606	0.00013878927276464448	0
222	497.9193756580353	0.20010674094849606	0.0	1
223	500.0516061782837	0.20015377062929873	4.702968080266823e-05	0
224	502.21737790107727	0.20025230784925738	9.853721995864428e-05	0
225	504.34101605415344	0.20055249471223335	0.0003001868629759763	0
226	506.53624153137207	0.20055249471223335	0.0	1
227	508.67421984672546	0.20057449462501245	2.1999912779097075e-05	0
228	510.86338329315186	0.200588195898126	1.3701273113536638e-05	0
229	513.0407466888428	0.20093361156408868	0.00034541566596268947	0
230	515.220409154892	0.20093361156408868	0.0	1
231	517.459436416626	0.20093361156408868	0.0	2
232	519.6942417621613	0.20098234477796054	4.8733213871859915e-05	0
233	521.8886253833771	0.2012520140628115	0.0002696692848509763	0
234	524.108945608139	0.20134130353182317	8.928946901165524e-05	0
235	526.3187696933746	0.20134130353182317	0.0	1
236	528.5479876995087	0.20134130353182317	0.0	2
237	530.7689001560211	0.20134130353182317	0.0	3
238	533.0131347179413	0.20137739409670305	3.609056487988149e-05	0
239	535.2811670303345	0.2017400276147578	0.0003626335180547391	0
240	537.4808628559113	0.2017400276147578	0.0	1
241	539.7458689212799	0.20174861828866378	8.590673905989332e-06	0
242	541.8556549549103	0.2020860030130146	0.00033738472435082545	0
243	544.0043015480042	0.2020860030130146	0.0	1
244	546.1397581100464	0.20241098845024047	0.0003249854372258665	0
245	548.2309701442719	0.20241098845024047	0.0	1
246	550.3750851154327	0.2024644063800526	5.341792981211624e-05	0
247	552.4798460006714	0.20253864391758872	7.423753753613149e-05	0
248	554.5810718536377	0.20254128439384594	2.6404762572262985e-06	0
249	556.7159180641174	0.20280893377520062	0.00026764938135467875	0
250	558.8157072067261	0.20280893377520062	0.0	1
251	560.895471572876	0.20309521250747609	0.0002862787322754634	0
252	563.0244047641754	0.20324917539264978	0.00015396288517369183	0
253	565.1070210933685	0.20373598430335427	0.0004868089107044893	0
254	567.1567032337189	0.20373598430335427	0.0	1
255	569.2407281398773	0.20373598430335427	0.0	2
256	571.3304722309113	0.20426003974780702	0.0005240554444527479	0
257	573.3985619544983	0.20426003974780702	0.0	1
258	575.5006153583527	0.20426003974780702	0.0	2
259	577.5916211605072	0.20426003974780702	0.0	3
260	579.6960074901581	0.204605881297037	0.00034584154922998045	0
261	581.7602488994598	0.2054302209492125	0.0008243396521755153	0
262	583.8513042926788	0.2054302209492125	0.0	1
263	585.9620876312256	0.20558295485695774	0.00015273390774522833	0
264	588.0760986804962	0.20558295485695774	0.0	1
265	590.1265404224396	0.2057218901468426	0.0001389352898848728	0
266	592.1686675548553	0.2057218901468426	0.0	1
267	594.2388024330139	0.2057218901468426	0.0	2
268	596.2924132347107	0.20618860953542414	0.0004667193885815324	0
269	598.3405816555023	0.20651936264889853	0.00033075311347438574	0
270	600.4154114723206	0.20651936264889853	0.0	1
271	602.5054614543915	0.2067078220787231	0.00018845942982456676	0
272	604.5344970226288	0.20671137516198165	3.553083258556189e-06	0
273	606.5640285015106	0.20671137516198165	0.0	1
274	608.6955854892731	0.20704852869255883	0.00033715353057717223	0
275	610.729297876358	0.20704852869255883	0.0	1
276	612.7314159870148	0.20766936915152762	0.000620840458968791	0
277	614.7807140350342	0.20766936915152762	0.0	1
278	616.8380930423737	0.2077388733007501	6.950414922249348e-05	0
279	618.8900163173676	0.20806480784925738	0.00032593454850726733	0
280	620.9420080184937	0.20806480784925738	0.0	1
281	623.0115985870361	0.20806480784925738	0.0	2
282	625.0506372451782	0.20828066982530902	0.00021586197605164004	0
283	627.1470632553101	0.20830271841046152	2.2048585152506517e-05	0
284	629.1921198368073	0.20830271841046152	0.0	1
285	631.229079246521	0.208305298046252	2.579635790478374e-06	0
286	633.2972054481506	0.208305298046252	0.0	1
287	635.3133153915405	0.208305298046252	0.0	2
288	637.3659193515778	0.20875383830336672	0.0004485402571147157	0
289	639.3944318294525	0.20875383830336672	0.0	1
290	641.496009349823	0.20875383830336672	0.0	2
291	643.5859296321869	0.20875383830336672	0.0	3
292	645.7002413272858	0.20875383830336672	0.0	4
293	647.784996509552	0.20907811799117823	0.00032427968781151284	0
294	649.8574130535126	0.20907811799117823	0.0	1
295	651.8965375423431	0.20907811799117823	0.0	2
296	653.96581864357	0.20955318469179873	0.00047506670062050227	0
297	656.1200621128082	0.20955318469179873	0.0	1
298	658.1803526878357	0.20955318469179873	0.0	2
299	660.2273483276367	0.20955318469179873	0.0	3
300	662.3024427890778	0.20989963464569628	0.00034644995389754296	0
301	664.3741312026978	0.20989963464569628	0.0	1
302	666.4838049411774	0.20989963464569628	0.0	2
303	668.5546646118164	0.20989963464569628	0.0	3
304	670.6299905776978	0.20989963464569628	0.0	4
305	672.7185323238373	0.2103245201293361	0.00042488548363983636	0
306	674.7654609680176	0.2103245201293361	0.0	1
307	676.8014853000641	0.21034233421800239	1.7814088666273653e-05	0
308	678.9312591552734	0.21112196829520535	0.0007796340772029675	0
309	680.9233467578888	0.21112196829520535	0.0	1
310	682.8902289867401	0.21112196829520535	0.0	2
311	684.9074375629425	0.21112196829520535	0.0	3
312	686.9034168720245	0.21125637705436354	0.0001344087591581833	0
313	688.8943793773651	0.21138421504311206	0.00012783798874851926	0
314	690.9169752597809	0.21138421504311206	0.0	1
315	692.930389881134	0.21138421504311206	0.0	2
316	694.9253642559052	0.21159713234057267	0.0002129172974606186	0
317	696.9184272289276	0.21199585642350727	0.00039872408293459283	0
318	698.9390249252319	0.21199585642350727	0.0	1
319	700.9484679698944	0.21199585642350727	0.0	2
320	702.9306828975677	0.21271686462694378	0.0007210082034365128	0
321	704.9733629226685	0.21271686462694378	0.0	1
322	706.9577724933624	0.21271686462694378	0.0	2
323	708.9314594268799	0.21307699151776816	0.0003601268908243749	0
324	710.9030933380127	0.21307699151776816	0.0	1
325	712.8868696689606	0.2130871153714364	1.0123853668247973e-05	0
326	714.892918586731	0.21341738176117672	0.0003302663897403191	0
327	716.844349861145	0.21341738176117672	0.0	1
328	718.833158493042	0.21341738176117672	0.0	2
329	720.7865512371063	0.21341738176117672	0.0	3
330	722.7827296257019	0.21341738176117672	0.0	4
331	724.6996235847473	0.21341738176117672	0.0	5
332	726.6538288593292	0.21341738176117672	0.0	6
333	728.6510236263275	0.21348233504348585	6.4953282309127e-05	0
334	730.6557967662811	0.21348233504348585	0.0	1
335	732.5795924663544	0.21348233504348585	0.0	2
336	734.5125603675842	0.21358279482219397	0.00010045977870812295	0
337	736.4762010574341	0.21363484992555073	5.205510335676289e-05	0
338	738.4594893455505	0.21372073232842403	8.588240287329962e-05	0
339	740.4189600944519	0.21390980016291616	0.00018906783449212927	0
340	742.3765287399292	0.21390980016291616	0.0	1
341	744.3342254161835	0.21390980016291616	0.0	2
342	746.2922656536102	0.21390980016291616	0.0	3
343	748.2307770252228	0.21390980016291616	0.0	4
344	750.1851277351379	0.2140444279477547	0.00013462778483852578	0
345	752.2075204849243	0.21415094743695176	0.0001065194891970711	0
346	754.1926362514496	0.21434271658816786	0.0001917691512161035	0
347	756.1682453155518	0.21434271658816786	0.0	1
348	758.1146109104156	0.21434271658816786	0.0	2
349	760.066656589508	0.21461355400998056	0.0002708374218126919	0
350	762.0756537914276	0.21461355400998056	0.0	1
351	764.0012469291687	0.21470724832878538	9.369431880482115e-05	0
352	765.9668731689453	0.21470724832878538	0.0	1
353	767.9724245071411	0.21470724832878538	0.0	2
354	769.911595582962	0.2148418761136239	0.00013462778483852578	0
355	771.939270734787	0.2148418761136239	0.0	1
356	773.9405226707458	0.21484228982879786	4.1371517395250024e-07	2
357	775.9052011966705	0.21484228982879786	0.0	3
358	777.8788816928864	0.21484228982879786	0.0	4
359	779.840096950531	0.21484228982879786	0.0	5
360	781.7911570072174	0.21484228982879786	0.0	6
361	783.7773258686066	0.21484228982879786	0.0	7
362	785.7365367412567	0.2150593199418112	0.00021703011301335562	0
363	787.709481716156	0.2150593199418112	0.0	1
364	789.7242102622986	0.2150593199418112	0.0	2
365	791.7057192325592	0.2151860628021581	0.00012674286034689008	0
366	793.6794285774231	0.21556139980967154	0.0003753370075134377	0
367	795.6553425788879	0.21556139980967154	0.0	1
368	797.6429812908173	0.21556139980967154	0.0	2
369	799.6424300670624	0.21556139980967154	0.0	3
370	801.6643078327179	0.2156171053410337	5.570553136216572e-05	0
371	803.7525789737701	0.21566385515568928	4.6749814655577815e-05	0
372	805.8166012763977	0.21566385515568928	0.0	1
373	807.8392579555511	0.21566385515568928	0.0	2
374	809.9240963459015	0.21566385515568928	0.0	3
375	811.9919500350952	0.2157019656240655	3.8110468376206796e-05	0
376	814.0896701812744	0.2157019656240655	0.0	1
377	816.1467254161835	0.21573659601774323	3.4630393677737015e-05	0
378	818.2215316295624	0.21573659601774323	0.0	1
379	820.3166620731354	0.21573659601774323	0.0	2
380	822.3819096088409	0.21573659601774323	0.0	3
381	824.3433604240417	0.21583549828050239	9.890226275915959e-05	0
382	826.3317778110504	0.21590183872545354	6.634044495115732e-05	0
383	828.3131682872772	0.21590183872545354	0.0	1
384	830.2528927326202	0.21590183872545354	0.0	2
385	832.2439956665039	0.21590183872545354	0.0	3
386	834.2732837200165	0.21641854464152213	0.0005167059160685883	0
387	836.2431313991547	0.21641854464152213	0.0	1
388	838.2408292293549	0.21641854464152213	0.0	2
389	840.200626373291	0.21641854464152213	0.0	3
390	842.2203242778778	0.21679728871517395	0.00037874407365182106	0
391	844.2524018287659	0.21686418889241926	6.690017724531039e-05	0
392	846.2299630641937	0.21686418889241926	0.0	1
393	848.1947455406189	0.21686418889241926	0.0	2
394	850.1645007133484	0.21686418889241926	0.0	3
395	852.1675229072571	0.21686900745738635	4.818564967090655e-06	0
396	854.1803424358368	0.21686900745738635	0.0	1
397	856.162905216217	0.21694678591008773	7.777845270137695e-05	0
398	858.1728534698486	0.21701787191144586	7.108600135813381e-05	0
399	860.1758894920349	0.21701787191144586	0.0	1
400	862.1223313808441	0.21701787191144586	0.0	2
401	864.0870847702026	0.21701787191144586	0.0	3
402	866.0746903419495	0.21701787191144586	0.0	4
403	868.0563199520111	0.21701787191144586	0.0	5
404	870.0491228103638	0.2171527187219647	0.0001348468105188405	0
405	872.0750422477722	0.2171527187219647	0.0	1
406	874.0518748760223	0.2171527187219647	0.0	2
407	876.0445721149445	0.2171527187219647	0.0	3
408	878.0670053958893	0.21718455045417165	3.183173220694391e-05	0
409	880.0515208244324	0.21718455045417165	0.0	1
410	882.0349760055542	0.21718455045417165	0.0	2
411	884.0188615322113	0.2178153200773151	0.0006307696231434567	0
412	885.9954504966736	0.2178153200773151	0.0	1
413	888.0009915828705	0.2178153200773151	0.0	2
414	889.975405216217	0.2178153200773151	0.0	3
415	892.0114049911499	0.2178153200773151	0.0	4
416	893.9897375106812	0.2178153200773151	0.0	5
417	895.9756655693054	0.21798199862004086	0.00016667854272575666	0
418	897.9507257938385	0.21806291644082684	8.091782078598064e-05	0
419	899.9606287479401	0.21806291644082684	0.0	1
420	901.9716484546661	0.21806291644082684	0.0	2
421	903.9838418960571	0.21822319456644987	0.00016027812562302568	0
422	905.995441198349	0.21822319456644987	0.0	1
423	908.0247962474823	0.21822319456644987	0.0	2
424	910.0290448665619	0.21822319456644987	0.0	3
425	912.0394418239594	0.21822319456644987	0.0	4
426	914.0007975101471	0.21822319456644987	0.0	5
427	915.9488904476166	0.21826055061303828	3.735604658841596e-05	0
428	917.9057056903839	0.21826055061303828	0.0	1
429	919.9345672130585	0.21826055061303828	0.0	2
430	921.9871196746826	0.21826055061303828	0.0	3
431	924.0596647262573	0.21850527530651914	0.0002447246934808578	0
432	926.1548347473145	0.2185944430945973	8.91677880781594e-05	0
433	928.2155973911285	0.2185944430945973	0.0	1
434	930.2551233768463	0.2185944430945973	0.0	2
435	932.323549747467	0.2186346464750299	4.020338043259075e-05	0
436	934.4274859428406	0.2186346464750299	0.0	1
437	936.491464138031	0.2186346464750299	0.0	2
438	938.6220812797546	0.2186346464750299	0.0	3
439	940.6880648136139	0.2186346464750299	0.0	4
440	942.7799181938171	0.2186346464750299	0.0	5
441	945.2196717262268	0.2186346464750299	0.0	6
442	947.2683503627777	0.2186346464750299	0.0	7
443	949.2714607715607	0.2186346464750299	0.0	8
444	951.3093609809875	0.2186346464750299	0.0	9
445	953.3859024047852	0.2186346464750299	0.0	10
446	955.5086858272552	0.21864683890456788	1.2192429537982719e-05	0
447	957.5810353755951	0.21864683890456788	0.0	1
448	959.5880517959595	0.21864683890456788	0.0	2
449	961.5970470905304	0.21864683890456788	0.0	3
450	963.5991961956024	0.21864683890456788	0.0	4
451	965.6197147369385	0.21864683890456788	0.0	5
452	967.6390845775604	0.21864683890456788	0.0	6
453	969.6243295669556	0.21864683890456788	0.0	7
454	971.6759562492371	0.21866910651540072	2.2267610832849005e-05	0
455	973.6807978153229	0.21866910651540072	0.0	1
456	975.6955051422119	0.21866910651540072	0.0	2
457	977.6749610900879	0.21866910651540072	0.0	3
458	979.680522441864	0.21866910651540072	0.0	4
459	981.6585352420807	0.21866910651540072	0.0	5
460	983.6540157794952	0.21866910651540072	0.0	6
461	985.6305758953094	0.21866910651540072	0.0	7
462	987.6191301345825	0.21866910651540072	0.0	8
463	989.5918526649475	0.21866910651540072	0.0	9
464	991.6511378288269	0.21866910651540072	0.0	10
465	993.6657001972198	0.21946655468126994	0.0007974481658692134	0
466	995.6719436645508	0.21946655468126994	0.0	1
467	997.6543736457825	0.21946655468126994	0.0	2
468	999.6462833881378	0.21946655468126994	0.0	3
469	1001.6948199272156	0.21946655468126994	0.0	4
470	1003.7673921585083	0.21946655468126994	0.0	5
471	1005.7611935138702	0.21946655468126994	0.0	6
472	1007.8122038841248	0.21946655468126994	0.0	7
473	1009.8213725090027	0.21946655468126994	0.0	8
474	1011.8237364292145	0.21946655468126994	0.0	9
475	1013.8370900154114	0.21946655468126994	0.0	10
476	1015.8804454803467	0.21946655468126994	0.0	11
477	1017.9382829666138	0.21960220458594995	0.00013564990468001303	0
478	1019.966691493988	0.21960220458594995	0.0	1
479	1021.9389388561249	0.21960220458594995	0.0	2
480	1023.9598615169525	0.21960220458594995	0.0	3
481	1025.9644408226013	0.21960220458594995	0.0	4
482	1027.9991812705994	0.21986527876420456	0.00026307417825460755	0
483	1030.012882232666	0.21986527876420456	0.0	1
484	1032.0007889270782	0.21986527876420456	0.0	2
485	1034.0318603515625	0.21986527876420456	0.0	3
486	1036.067167043686	0.21986527876420456	0.0	4
487	1038.0886330604553	0.22000092866888457	0.00013564990468001303	0
488	1040.1506543159485	0.22000092866888457	0.0	1
489	1042.1643950939178	0.22000092866888457	0.0	2
490	1044.1755447387695	0.22000092866888457	0.0	3
491	1046.1860537528992	0.22000092866888457	0.0	4
492	1048.157338142395	0.22000092866888457	0.0	5
493	1050.1402368545532	0.2203996527518192	0.0003987240829346206	0
494	1052.1252074241638	0.2203996527518192	0.0	1
495	1054.116529226303	0.2203996527518192	0.0	2
496	1056.101169347763	0.2203996527518192	0.0	3
497	1058.0927937030792	0.2203996527518192	0.0	4
498	1060.1033611297607	0.2203996527518192	0.0	5
499	1062.0906116962433	0.2203996527518192	0.0	6
500	1064.0640358924866	0.22063873144998505	0.00023907869816586214	0
501	1066.0843019485474	0.22063873144998505	0.0	1
502	1068.0516803264618	0.22063873144998505	0.0	2
503	1070.050051689148	0.22063873144998505	0.0	3
504	1072.0521519184113	0.22063873144998505	0.0	4
505	1074.0795464515686	0.22063873144998505	0.0	5
506	1076.1359827518463	0.22063873144998505	0.0	6
507	1078.1202006340027	0.22063873144998505	0.0	7
508	1080.1119282245636	0.22063873144998505	0.0	8
509	1082.125201702118	0.22063873144998505	0.0	9
510	1084.1990387439728	0.22063873144998505	0.0	10
511	1086.227766752243	0.22063873144998505	0.0	11
512	1088.2682268619537	0.22063873144998505	0.0	12
513	1090.3515856266022	0.22063873144998505	0.0	13
514	1092.4244737625122	0.22063873144998505	0.0	14
515	1094.4773893356323	0.22063873144998505	0.0	15
516	1096.4975037574768	0.22063873144998505	0.0	16
517	1098.570510149002	0.22063873144998505	0.0	17
518	1100.6307876110077	0.22063873144998505	0.0	18
519	1102.722840309143	0.22063873144998505	0.0	19
520	1104.7279980182648	0.22063873144998505	0.0	20
521	1106.7567601203918	0.22063873144998505	0.0	21
522	1108.732838153839	0.22063873144998505	0.0	22
523	1110.7327971458435	0.22063873144998505	0.0	23
524	1112.722720861435	0.22063873144998505	0.0	24
525	1114.6896617412567	0.22063873144998505	0.0	25
526	1116.7262184619904	0.22063873144998505	0.0	26
527	1118.7104563713074	0.22063873144998505	0.0	27
528	1120.6751322746277	0.22063873144998505	0.0	28
529	1122.6354694366455	0.22063873144998505	0.0	29
530	1124.6138124465942	0.22063873144998505	0.0	30
531	1126.6247606277466	0.22063873144998505	0.0	31
532	1128.6081392765045	0.22063873144998505	0.0	32
533	1130.589604139328	0.22063873144998505	0.0	33
534	1132.5807633399963	0.22096503104129286	0.0003262995913078104	0
535	1134.5529553890228	0.22096503104129286	0.0	1
536	1136.5114443302155	0.22096503104129286	0.0	2
537	1138.5259506702423	0.22096503104129286	0.0	3
538	1140.5154330730438	0.22096503104129286	0.0	4
539	1142.5193691253662	0.22096503104129286	0.0	5
540	1144.5886013507843	0.22096503104129286	0.0	6
541	1146.5925421714783	0.22096503104129286	0.0	7
542	1148.556446313858	0.22096503104129286	0.0	8
543	1150.6520383358002	0.22096503104129286	0.0	9
544	1152.6464552879333	0.22096503104129286	0.0	10
545	1154.6795778274536	0.22096503104129286	0.0	11
546	1156.637443780899	0.22097189384594298	6.86280465012068e-06	0
547	1158.6140611171722	0.22097189384594298	0.0	1
548	1160.6047463417053	0.22097189384594298	0.0	2
549	1162.6059799194336	0.22097189384594298	0.0	3
550	1164.6346633434296	0.22097189384594298	0.0	4
551	1166.6123306751251	0.22097189384594298	0.0	5
552	1168.5491654872894	0.22097189384594298	0.0	6
553	1170.5487678050995	0.22097189384594298	0.0	7
554	1172.5368616580963	0.22099832294470195	2.6429098758967706e-05	0
555	1174.475593805313	0.22099832294470195	0.0	1
556	1176.5186743736267	0.22099832294470195	0.0	2
557	1178.5225536823273	0.22099832294470195	0.0	3
558	1180.5111920833588	0.22099832294470195	0.0	4
559	1182.523398399353	0.22099832294470195	0.0	5
560	1184.5523297786713	0.22099832294470195	0.0	6
561	1186.5256130695343	0.22099832294470195	0.0	7
562	1188.5444777011871	0.2210493072558438	5.0984311141838434e-05	0
563	1190.547870874405	0.2210493072558438	0.0	1
564	1192.5416502952576	0.2210493072558438	0.0	2
565	1194.5709822177887	0.2210493072558438	0.0	3
566	1196.591833114624	0.2210493072558438	0.0	4
567	1198.6750211715698	0.2210493072558438	0.0	5
568	1200.7169210910797	0.2210493072558438	0.0	6
569	1202.840588569641	0.2210493072558438	0.0	7
570	1204.9514079093933	0.22153311064749054	0.0004838033916467477	0
571	1207.0243396759033	0.22153311064749054	0.0	1
572	1209.1434588432312	0.22153311064749054	0.0	2
573	1211.1898231506348	0.22153311064749054	0.0	3
574	1213.232987165451	0.22153311064749054	0.0	4
575	1215.293095111847	0.22153311064749054	0.0	5
576	1217.3170568943024	0.22153311064749054	0.0	6
577	1219.3535709381104	0.22153311064749054	0.0	7
578	1221.4546451568604	0.22153311064749054	0.0	8
579	1223.5183491706848	0.22153311064749054	0.0	9
580	1225.5509209632874	0.22153311064749054	0.0	10
581	1227.6441488265991	0.22153311064749054	0.0	11
582	1229.661721944809	0.22153311064749054	0.0	12
583	1231.6863062381744	0.22153311064749054	0.0	13
584	1233.7724952697754	0.22153311064749054	0.0	14
585	1235.78129529953	0.22153311064749054	0.0	15
586	1237.845404624939	0.22153311064749054	0.0	16
587	1239.7589116096497	0.22153311064749054	0.0	17
588	1241.7573726177216	0.22153311064749054	0.0	18
589	1243.7489824295044	0.22153311064749054	0.0	19
590	1245.6941528320312	0.22153311064749054	0.0	20
591	1247.6552131175995	0.22153311064749054	0.0	21
592	1249.6626372337341	0.22153311064749054	0.0	22
593	1251.6144423484802	0.22153311064749054	0.0	23
594	1253.58189868927	0.22153311064749054	0.0	24
595	1255.5774838924408	0.22153311064749054	0.0	25
596	1257.574286699295	0.22153311064749054	0.0	26
597	1259.5717940330505	0.22153311064749054	0.0	27
598	1261.5531041622162	0.22153311064749054	0.0	28
599	1263.5330610275269	0.22153311064749054	0.0	29
600	1265.4728877544403	0.22153311064749054	0.0	30
601	1267.4755084514618	0.22153311064749054	0.0	31
602	1269.457900762558	0.22153311064749054	0.0	32
603	1271.423902273178	0.22153311064749054	0.0	33
604	1273.386148929596	0.22153311064749054	0.0	34
605	1275.365355014801	0.22197933896686853	0.00044622831937798924	0
606	1277.3531248569489	0.22197933896686853	0.0	1
607	1279.3299276828766	0.22197933896686853	0.0	2
608	1281.2989735603333	0.22197933896686853	0.0	3
609	1283.246516942978	0.22197933896686853	0.0	4
610	1285.18740940094	0.22197933896686853	0.0	5
611	1287.1371471881866	0.22197933896686853	0.0	6
612	1289.0823817253113	0.22197933896686853	0.0	7
613	1291.0482151508331	0.22197933896686853	0.0	8
614	1293.0246019363403	0.22197933896686853	0.0	9
615	1295.022786617279	0.22197933896686853	0.0	10
616	1296.9693369865417	0.22234489282732756	0.00036555386045902805	0
617	1298.9785149097443	0.22234489282732756	0.0	1
618	1300.8959276676178	0.22234489282732756	0.0	2
619	1302.864414691925	0.22234489282732756	0.0	3
620	1304.8085725307465	0.22234489282732756	0.0	4
621	1306.7526988983154	0.22234489282732756	0.0	5
622	1308.7090392112732	0.22240471117424243	5.9818346914874976e-05	0
623	1310.695652961731	0.22240471117424243	0.0	1
624	1312.6338319778442	0.22240471117424243	0.0	2
625	1314.5835852622986	0.22240471117424243	0.0	3
626	1316.548957824707	0.22240471117424243	0.0	4
627	1318.4847581386566	0.22240471117424243	0.0	5
628	1320.455917596817	0.22240471117424243	0.0	6
629	1322.3850462436676	0.22240471117424243	0.0	7
630	1324.2934107780457	0.22240471117424243	0.0	8
631	1326.340714931488	0.22280343525717702	0.00039872408293459283	0
632	1328.2958962917328	0.22280343525717702	0.0	1
633	1330.2566049098969	0.22280343525717702	0.0	2
634	1332.1767439842224	0.22280343525717702	0.0	3
635	1334.1540303230286	0.22280343525717702	0.0	4
636	1336.1124153137207	0.22280343525717702	0.0	5
637	1338.1090173721313	0.22280343525717702	0.0	6
638	1340.0376977920532	0.22280343525717702	0.0	7
639	1341.9638276100159	0.22280343525717702	0.0	8
640	1343.9167988300323	0.22280343525717702	0.0	9
641	1345.8428983688354	0.22280343525717702	0.0	10
642	1347.8577451705933	0.22280343525717702	0.0	11
643	1349.8005743026733	0.22280343525717702	0.0	12
644	1351.7355811595917	0.22280343525717702	0.0	13
645	1353.664573431015	0.22280343525717702	0.0	14
646	1355.5841810703278	0.22320215934011164	0.0003987240829346206	0
647	1357.538785457611	0.22320215934011164	0.0	1
648	1359.5344023704529	0.22320215934011164	0.0	2
649	1361.5431044101715	0.22320215934011164	0.0	3
650	1363.6034836769104	0.22320215934011164	0.0	4
651	1365.566160917282	0.22320215934011164	0.0	5
652	1367.5437960624695	0.22320215934011164	0.0	6
653	1369.5453126430511	0.22320215934011164	0.0	7
654	1371.5520315170288	0.22320215934011164	0.0	8
655	1373.6106009483337	0.22320215934011164	0.0	9
656	1375.5856003761292	0.22320215934011164	0.0	10
657	1377.5802869796753	0.22320215934011164	0.0	11
658	1379.5995643138885	0.22382964357805024	0.000627484237938597	0
659	1381.5426070690155	0.22382964357805024	0.0	1
660	1383.449123620987	0.22382964357805024	0.0	2
661	1385.4755644798279	0.22382964357805024	0.0	3
662	1387.3680880069733	0.22382964357805024	0.0	4
663	1389.266673564911	0.22382964357805024	0.0	5
664	1391.1725521087646	0.22382964357805024	0.0	6
665	1393.05073595047	0.22382964357805024	0.0	7
666	1395.0429289340973	0.22382964357805024	0.0	8
667	1396.994551897049	0.22382964357805024	0.0	9
668	1398.9348299503326	0.22382964357805024	0.0	10
669	1400.791900396347	0.22382964357805024	0.0	11
670	1402.688349723816	0.22382964357805024	0.0	12
671	1404.5672190189362	0.22382964357805024	0.0	13
672	1406.4836540222168	0.22382964357805024	0.0	14
673	1408.3764595985413	0.22382964357805024	0.0	15
674	1410.3081781864166	0.22382964357805024	0.0	16
675	1412.233440876007	0.22382964357805024	0.0	17
676	1414.1436026096344	0.22382964357805024	0.0	18
677	1416.0786771774292	0.22382964357805024	0.0	19
678	1417.9650883674622	0.22382964357805024	0.0	20
679	1419.839337348938	0.22382964357805024	0.0	21
680	1421.7609550952911	0.22382964357805024	0.0	22
681	1423.704485654831	0.22382964357805024	0.0	23
682	1425.6384191513062	0.22382964357805024	0.0	24
683	1427.5602762699127	0.22382964357805024	0.0	25
684	1429.4766881465912	0.22382964357805024	0.0	26
685	1431.3873686790466	0.22382964357805024	0.0	27
686	1433.3323214054108	0.22382964357805024	0.0	28
687	1435.2207889556885	0.22382964357805024	0.0	29
688	1437.1557159423828	0.22382964357805024	0.0	30
689	1439.0769629478455	0.22382964357805024	0.0	31
690	1440.9995739459991	0.22382964357805024	0.0	32
691	1442.9180102348328	0.22382964357805024	0.0	33
692	1444.8218495845795	0.22382964357805024	0.0	34
693	1446.7676801681519	0.22382964357805024	0.0	35
694	1448.6601247787476	0.22382964357805024	0.0	36
695	1450.5586326122284	0.22382964357805024	0.0	37
696	1452.5226020812988	0.22382964357805024	0.0	38
697	1454.4426741600037	0.22382964357805024	0.0	39
698	1456.3557679653168	0.22382964357805024	0.0	40
699	1458.267685174942	0.22382964357805024	0.0	41
700	1460.1760611534119	0.22382964357805024	0.0	42
701	1462.0686931610107	0.22382964357805024	0.0	43
702	1463.9829449653625	0.22382964357805024	0.0	44
703	1465.8605017662048	0.22382964357805024	0.0	45
704	1467.8069605827332	0.22382964357805024	0.0	46
705	1469.7001156806946	0.22382964357805024	0.0	47
706	1471.676016330719	0.22382964357805024	0.0	48
707	1473.630919456482	0.22382964357805024	0.0	49
708	1475.5842468738556	0.22382964357805024	0.0	50
709	1477.608558177948	0.22382964357805024	0.0	51
710	1479.5756351947784	0.22382964357805024	0.0	52
711	1481.5616085529327	0.22382964357805024	0.0	53
712	1483.5682036876678	0.22382964357805024	0.0	54
713	1485.571445941925	0.22382964357805024	0.0	55
714	1487.5434029102325	0.22382964357805024	0.0	56
715	1489.538981437683	0.22382964357805024	0.0	57
716	1491.4980118274689	0.22382964357805024	0.0	58
717	1493.473646402359	0.22382964357805024	0.0	59
718	1495.4426736831665	0.22382964357805024	0.0	60
719	1497.4331963062286	0.22382964357805024	0.0	61
720	1499.4314951896667	0.22382964357805024	0.0	62
721	1501.4418675899506	0.22382964357805024	0.0	63
722	1503.4633193016052	0.22382964357805024	0.0	64
723	1505.419657945633	0.22382964357805024	0.0	65
724	1507.4388449192047	0.22382964357805024	0.0	66
725	1509.4741168022156	0.22382964357805024	0.0	67
726	1511.4281299114227	0.22406998775792464	0.0002403441798743966	0
727	1513.3526141643524	0.22406998775792464	0.0	1
728	1515.271550655365	0.22406998775792464	0.0	2
729	1517.1635119915009	0.22406998775792464	0.0	3
730	1519.07981133461	0.22406998775792464	0.0	4
731	1520.9680778980255	0.22406998775792464	0.0	5
732	1522.8433020114899	0.22406998775792464	0.0	6
733	1524.7946462631226	0.22406998775792464	0.0	7
734	1526.7143437862396	0.22406998775792464	0.0	8
735	1528.656596660614	0.22406998775792464	0.0	9
736	1530.5832815170288	0.22406998775792464	0.0	10
737	1532.515879869461	0.22406998775792464	0.0	11
738	1534.392671585083	0.22406998775792464	0.0	12
739	1536.3106923103333	0.22406998775792464	0.0	13
740	1538.2253835201263	0.22406998775792464	0.0	14
741	1540.1052687168121	0.22406998775792464	0.0	15
742	1542.0436375141144	0.22406998775792464	0.0	16
743	1543.9722199440002	0.22406998775792464	0.0	17
744	1545.859878063202	0.22406998775792464	0.0	18
745	1547.7764937877655	0.22406998775792464	0.0	19
746	1549.676745891571	0.22406998775792464	0.0	20
747	1551.6713109016418	0.22406998775792464	0.0	21
748	1553.599957227707	0.22406998775792464	0.0	22
749	1555.5291438102722	0.22406998775792464	0.0	23
750	1557.4391255378723	0.22406998775792464	0.0	24
751	1559.3632307052612	0.22406998775792464	0.0	25
752	1561.289090871811	0.22406998775792464	0.0	26
753	1563.2233951091766	0.22446871184085926	0.0003987240829346206	0
754	1565.1297588348389	0.22446871184085926	0.0	1
755	1567.0276339054108	0.22446871184085926	0.0	2
756	1568.9571087360382	0.22446871184085926	0.0	3
757	1570.8923118114471	0.22446871184085926	0.0	4
758	1572.8395502567291	0.22446871184085926	0.0	5
759	1574.7129743099213	0.22446871184085926	0.0	6
760	1576.5960829257965	0.22446871184085926	0.0	7
761	1578.5410196781158	0.22446871184085926	0.0	8
762	1580.495557308197	0.22446871184085926	0.0	9
763	1582.3894307613373	0.22446871184085926	0.0	10
764	1584.346819639206	0.22446871184085926	0.0	11
765	1586.2809376716614	0.22446871184085926	0.0	12
766	1588.1836602687836	0.22446871184085926	0.0	13
767	1590.092767715454	0.22446871184085926	0.0	14
768	1592.0286722183228	0.22446871184085926	0.0	15
769	1593.953444480896	0.22446871184085926	0.0	16
770	1595.8620779514313	0.22446871184085926	0.0	17
771	1597.754064798355	0.22446871184085926	0.0	18
772	1599.6751863956451	0.22446871184085926	0.0	19
773	1601.5997114181519	0.22446871184085926	0.0	20
774	1603.516419172287	0.22446871184085926	0.0	21
775	1605.4196872711182	0.22446871184085926	0.0	22
776	1607.3230409622192	0.22446871184085926	0.0	23
777	1609.1963000297546	0.22446871184085926	0.0	24
778	1611.1077013015747	0.22446871184085926	0.0	25
779	1613.0146985054016	0.22446871184085926	0.0	26
780	1614.8973860740662	0.22446871184085926	0.0	27
781	1616.7825117111206	0.22446871184085926	0.0	28
782	1618.6714706420898	0.22446871184085926	0.0	29
783	1620.5709781646729	0.22446871184085926	0.0	30
784	1622.4953463077545	0.22446871184085926	0.0	31
785	1624.3875515460968	0.22446871184085926	0.0	32
786	1626.3250181674957	0.22446871184085926	0.0	33
787	1628.2985804080963	0.22446871184085926	0.0	34
788	1630.2793040275574	0.22499958141758872	0.0005308695767294591	0
789	1632.2750701904297	0.22499958141758872	0.0	1
790	1634.2406287193298	0.22499958141758872	0.0	2
791	1636.2477777004242	0.22499958141758872	0.0	3
792	1638.2165694236755	0.22499958141758872	0.0	4
793	1640.191537618637	0.22499958141758872	0.0	5
794	1642.1525888442993	0.22499958141758872	0.0	6
795	1644.1193754673004	0.22499958141758872	0.0	7
796	1646.072805404663	0.22499958141758872	0.0	8
797	1648.0653564929962	0.22499958141758872	0.0	9
798	1649.935634613037	0.22499958141758872	0.0	10
799	1651.8165664672852	0.22499958141758872	0.0	11
800	1653.7132649421692	0.22499958141758872	0.0	12
801	1655.5972526073456	0.22499958141758872	0.0	13
802	1657.5223906040192	0.22499958141758872	0.0	14
803	1659.4160404205322	0.22499958141758872	0.0	15
804	1661.3101670742035	0.22499958141758872	0.0	16
805	1663.1742899417877	0.22499958141758872	0.0	17
806	1665.099746465683	0.22499958141758872	0.0	18
807	1666.9842047691345	0.22499958141758872	0.0	19
808	1668.8589231967926	0.22499958141758872	0.0	20
809	1670.7706892490387	0.22499958141758872	0.0	21
810	1672.6638028621674	0.22499958141758872	0.0	22
811	1674.5613431930542	0.22499958141758872	0.0	23
812	1676.48406124115	0.22499958141758872	0.0	24
813	1678.4271256923676	0.22499958141758872	0.0	25
814	1680.2914535999298	0.22499958141758872	0.0	26
815	1682.1876411437988	0.22499958141758872	0.0	27
816	1684.0592691898346	0.22499958141758872	0.0	28
817	1685.9515807628632	0.22499958141758872	0.0	29
818	1687.8448369503021	0.22499958141758872	0.0	30
819	1689.7555742263794	0.22499958141758872	0.0	31
820	1691.726571559906	0.22499958141758872	0.0	32
821	1693.5989353656769	0.22499958141758872	0.0	33
822	1695.5081949234009	0.22499958141758872	0.0	34
823	1697.3912291526794	0.22499958141758872	0.0	35
824	1699.3168091773987	0.22499958141758872	0.0	36
825	1701.2213690280914	0.22499958141758872	0.0	37
826	1703.1396265029907	0.22499958141758872	0.0	38
827	1705.0465133190155	0.22499958141758872	0.0	39
828	1706.9402101039886	0.22499958141758872	0.0	40
829	1708.8238685131073	0.22499958141758872	0.0	41
830	1710.739028453827	0.22499958141758872	0.0	42
831	1712.6690394878387	0.22499958141758872	0.0	43
832	1714.5880501270294	0.22499958141758872	0.0	44
833	1716.5113062858582	0.22499958141758872	0.0	45
834	1718.4024159908295	0.22499958141758872	0.0	46
835	1720.332462310791	0.22499958141758872	0.0	47
836	1722.2506687641144	0.22499958141758872	0.0	48
837	1724.1331486701965	0.22499958141758872	0.0	49
838	1726.0835947990417	0.22499958141758872	0.0	50
839	1728.1136660575867	0.22499958141758872	0.0	51
840	1730.0079176425934	0.22499958141758872	0.0	52
841	1731.947793006897	0.22499958141758872	0.0	53
842	1733.8329265117645	0.22499958141758872	0.0	54
843	1735.734852552414	0.22499958141758872	0.0	55
844	1737.6282386779785	0.22499958141758872	0.0	56
845	1739.5275976657867	0.22499958141758872	0.0	57
846	1741.5121183395386	0.22499958141758872	0.0	58
847	1743.5157070159912	0.22499958141758872	0.0	59
848	1745.499525308609	0.22499958141758872	0.0	60
849	1747.481921195984	0.22499958141758872	0.0	61
850	1749.492157459259	0.22499958141758872	0.0	62
851	1751.4675447940826	0.22499958141758872	0.0	63
852	1753.4431982040405	0.22499958141758872	0.0	64
853	1755.4009244441986	0.22499958141758872	0.0	65
854	1757.3952708244324	0.22499958141758872	0.0	66
855	1759.372970342636	0.22499958141758872	0.0	67
856	1761.3791553974152	0.22499958141758872	0.0	68
857	1763.386475801468	0.22499958141758872	0.0	69
858	1765.369030714035	0.22499958141758872	0.0	70
859	1767.3686082363129	0.22499958141758872	0.0	71
860	1769.3247237205505	0.22499958141758872	0.0	72
861	1771.2921378612518	0.22499958141758872	0.0	73
862	1773.265196800232	0.22499958141758872	0.0	74
863	1775.2547664642334	0.22499958141758872	0.0	75
864	1777.2776498794556	0.22499958141758872	0.0	76
865	1779.144769668579	0.22499958141758872	0.0	77
866	1781.048110961914	0.22499958141758872	0.0	78
867	1782.9083786010742	0.22499958141758872	0.0	79
868	1784.8247382640839	0.22499958141758872	0.0	80
869	1786.716136932373	0.22499958141758872	0.0	81
870	1788.6043574810028	0.22499958141758872	0.0	82
871	1790.477626800537	0.22499958141758872	0.0	83
872	1792.3587749004364	0.22499958141758872	0.0	84
873	1794.26806640625	0.22499958141758872	0.0	85
874	1796.146465063095	0.22499958141758872	0.0	86
875	1798.0437908172607	0.22499958141758872	0.0	87
876	1799.9131758213043	0.22499958141758872	0.0	88
877	1801.8344786167145	0.22499958141758872	0.0	89
