1	1.8884224891662598	0.08214445585649359	10000000000.082144	0
2	3.143127202987671	0.0939569305955318	0.011812474739038209	0
3	4.421947240829468	0.0995015900290944	0.005544659433562596	0
4	5.734610080718994	0.11590961900434235	0.016408028975247957	0
5	7.01812219619751	0.12293338319331265	0.0070237641889702995	0
6	8.3491051197052	0.12321660773415695	0.0002832245408442985	0
7	9.79758358001709	0.13677315354537356	0.013556545811216611	0
8	11.214979887008667	0.13677315354537356	0.0	1
9	12.658361434936523	0.13677315354537356	0.0	2
10	14.150734424591064	0.13677315354537356	0.0	3
11	15.732296228408813	0.13677315354537356	0.0	4
12	17.238518953323364	0.13677315354537356	0.0	5
13	18.80100703239441	0.14883746522845645	0.01206431168308289	0
14	20.41104006767273	0.14883746522845645	0.0	1
15	22.05048966407776	0.14883746522845645	0.0	2
16	23.647597312927246	0.14883746522845645	0.0	3
17	25.265621185302734	0.15120632530589614	0.002368860077439694	0
18	26.887107372283936	0.15120632530589614	0.0	1
19	28.614649534225464	0.15605402068848434	0.004847695382588196	0
20	30.290859937667847	0.16180963835647802	0.005755617667993679	0
21	32.00118017196655	0.16180963835647802	0.0	1
22	33.72997069358826	0.1637237889534739	0.0019141505969958728	0
23	35.492225646972656	0.1637237889534739	0.0	1
24	37.23428010940552	0.1637237889534739	0.0	2
25	38.98541069030762	0.1769648647764653	0.013241075822991416	0
26	40.72042632102966	0.17885160065914074	0.0018867358826754332	0
27	42.51008415222168	0.17885160065914074	0.0	1
28	44.35057282447815	0.18406628573720346	0.00521468507806272	0
29	46.148908615112305	0.18406628573720346	0.0	1
30	47.97273898124695	0.18406628573720346	0.0	2
31	49.8222222328186	0.18406628573720346	0.0	3
32	51.61962890625	0.18406628573720346	0.0	4
33	53.42452645301819	0.18406628573720346	0.0	5
34	55.25305986404419	0.18908358000492176	0.0050172942677182975	0
35	57.113253355026245	0.19364852540230637	0.004564945397384612	0
36	58.991538763046265	0.19364852540230637	0.0	1
37	60.82309889793396	0.19364852540230637	0.0	2
38	62.625553369522095	0.19364852540230637	0.0	3
39	64.46639657020569	0.19364852540230637	0.0	4
40	66.31017065048218	0.19364852540230637	0.0	5
41	68.205331325531	0.1950441570373243	0.0013956316350179354	0
42	69.93997263908386	0.1965390681459953	0.0014949111086710043	0
43	71.68477416038513	0.19688380239873032	0.0003447342527350128	0
44	73.41157746315002	0.1977330501379959	0.0008492477392655906	0
45	75.12986540794373	0.1977330501379959	0.0	1
46	76.83773517608643	0.1977330501379959	0.0	2
47	78.56207466125488	0.20035043135404207	0.002617381216046155	0
48	80.38214492797852	0.20035043135404207	0.0	1
49	82.10988283157349	0.20195635197835676	0.001605920624314694	0
50	83.85312461853027	0.20195635197835676	0.0	1
51	85.57706475257874	0.20195635197835676	0.0	2
52	87.34519004821777	0.20195635197835676	0.0	3
53	89.02596235275269	0.20249062862122458	0.0005342766428678147	0
54	90.74258852005005	0.2036055666788153	0.0011149380575907197	0
55	92.46906065940857	0.2036055666788153	0.0	1
56	94.22291135787964	0.2036055666788153	0.0	2
57	95.95533728599548	0.2036055666788153	0.0	3
58	97.6818368434906	0.20419844485926286	0.0005928781804475647	0
59	99.41398406028748	0.20697809976824164	0.0027796549089787737	0
60	101.17126774787903	0.20697809976824164	0.0	1
61	102.8782787322998	0.20697809976824164	0.0	2
62	104.61742615699768	0.20697809976824164	0.0	3
63	106.36582064628601	0.20697809976824164	0.0	4
64	108.13572716712952	0.20750020831775817	0.0005221085495165367	0
65	109.95877695083618	0.2077190393085875	0.00021883099082933843	0
66	111.68981170654297	0.20783025568181818	0.00011121637323066591	0
67	113.43051242828369	0.20783025568181818	0.0	1
68	115.18911814689636	0.20857075717080342	0.0007405014889852457	0
69	116.92493677139282	0.20940658350310257	0.0008358263322991444	0
70	118.68094611167908	0.20940658350310257	0.0	1
71	120.43064045906067	0.20940658350310257	0.0	2
72	122.19893550872803	0.20940658350310257	0.0	3
73	123.97542715072632	0.21048324073901017	0.0010766572359076076	0
74	125.76243209838867	0.2108363588080642	0.0003531180690540259	0
75	127.52572679519653	0.21136693635055323	0.0005305775424890302	0
76	129.32265853881836	0.21162171188914225	0.00025477553858901936	0
77	131.14618301391602	0.21217499509382476	0.0005532832046825087	0
78	132.91246056556702	0.21217499509382476	0.0	1
79	134.69026064872742	0.21228183095344896	0.00010683585962420472	0
80	136.5313491821289	0.21439211904717403	0.002110288093725071	0
81	138.30905938148499	0.21439211904717403	0.0	1
82	140.1457998752594	0.21439211904717403	0.0	2
83	141.97504425048828	0.21439211904717403	0.0	3
84	143.76961874961853	0.21439211904717403	0.0	4
85	145.59341645240784	0.21439211904717403	0.0	5
86	147.4068820476532	0.21499879584548195	0.0006066767983079202	0
87	149.235924243927	0.21501785107967006	1.9055234188103398e-05	0
88	151.07928085327148	0.21602678070798445	0.0010089296283143923	0
89	152.88957238197327	0.21670887534888358	0.0006820946408991335	0
90	154.6973271369934	0.21670887534888358	0.0	1
91	156.52386736869812	0.2170189427036608	0.0003100673547772048	0
92	158.2797350883484	0.2170189427036608	0.0	1
93	160.04339385032654	0.2170189427036608	0.0	2
94	161.8536946773529	0.2182140684964364	0.0011951257927756143	0
95	163.63793277740479	0.2182140684964364	0.0	1
96	165.43899273872375	0.2182140684964364	0.0	2
97	167.25807571411133	0.2182140684964364	0.0	3
98	169.0177059173584	0.2182397188372209	2.5650340784499903e-05	0
99	170.82122349739075	0.2182397188372209	0.0	1
100	172.59520387649536	0.21861279257937102	0.0003730737421501207	0
101	174.37453818321228	0.21861279257937102	0.0	1
102	176.23935270309448	0.22064048365542763	0.0020276910760566036	0
103	178.10824608802795	0.22103920773836225	0.0003987240829346206	0
104	179.9982786178589	0.22103920773836225	0.0	1
105	181.83357214927673	0.22103920773836225	0.0	2
106	183.68526935577393	0.22103920773836225	0.0	3
107	185.5387783050537	0.22103920773836225	0.0	4
108	187.40958762168884	0.22103920773836225	0.0	5
109	189.26293015480042	0.22103920773836225	0.0	6
110	191.11727833747864	0.22129223107150867	0.00025302333314641823	0
111	192.9957296848297	0.22148935418379934	0.00019712311229067025	0
112	194.83488059043884	0.22183203202875798	0.0003426778449586443	0
113	196.7887110710144	0.22183203202875798	0.0	1
114	198.55712485313416	0.22183203202875798	0.0	2
115	200.30903005599976	0.22220678496779056	0.0003747529390325799	0
116	202.14555144309998	0.22220678496779056	0.0	1
117	203.95330452919006	0.22220678496779056	0.0	2
118	205.69191980361938	0.22236489717279706	0.0001581122050064998	0
119	207.49052357673645	0.2224712219725005	0.00010632479970343334	0
120	209.2893304824829	0.2224712219725005	0.0	1
121	211.06783437728882	0.22256910211541817	9.788014291767233e-05	0
122	212.82120728492737	0.22317852890282347	0.0006094267874053039	0
123	214.56266140937805	0.22317852890282347	0.0	1
124	216.3324694633484	0.22317852890282347	0.0	2
125	218.1125364303589	0.22317852890282347	0.0	3
126	219.8894648551941	0.22317852890282347	0.0	4
127	221.6383936405182	0.22319811953311902	1.9590630295551748e-05	0
128	223.4468674659729	0.22334121631093	0.0001430967778109915	0
129	225.299467086792	0.22354079737807767	0.00019958106714765278	0
130	227.05048775672913	0.2236728941994991	0.0001320968214214291	0
131	228.8077244758606	0.2236728941994991	0.0	1
132	230.60075092315674	0.22373994039386463	6.704619436553871e-05	0
133	232.38591051101685	0.22395972049597537	0.00021978010211073928	0
134	234.17794466018677	0.2240685762590959	0.00010885576312053002	0
135	235.99748706817627	0.22425620825857256	0.00018763199947666176	0
136	237.75853824615479	0.2243269778895036	7.076963093102795e-05	0
137	239.5344066619873	0.2250965367854117	0.0007695588959081012	0
138	241.30809473991394	0.22525550075695275	0.00015896397154105402	0
139	243.03657245635986	0.2254952608683463	0.0002397601113935388	0
140	244.84271836280823	0.2254952608683463	0.0	1
141	246.61858582496643	0.22636647201611096	0.0008712111477646722	0
142	248.43323254585266	0.22636647201611096	0.0	1
143	250.22205686569214	0.22636647201611096	0.0	2
144	252.03494811058044	0.22636647201611096	0.0	3
145	253.79834508895874	0.22636647201611096	0.0	4
146	255.6059262752533	0.22660328744891348	0.00023681543280251738	0
147	257.39313650131226	0.22660328744891348	0.0	1
148	259.1701591014862	0.22660328744891348	0.0	2
149	260.9307243824005	0.22666493100983104	6.164356091756251e-05	0
150	262.7181484699249	0.22666493100983104	0.0	1
151	264.47817826271057	0.22748888128301933	0.0008239502731882953	0
152	266.30463457107544	0.22748888128301933	0.0	1
153	268.07963824272156	0.2276029206539075	0.00011403937088816374	0
154	269.8576765060425	0.2276029206539075	0.0	1
155	271.6340970993042	0.2276029206539075	0.0	2
156	273.421443939209	0.22796514045678828	0.0003622198028807866	0
157	275.22606110572815	0.22796514045678828	0.0	1
158	277.09320616722107	0.22796514045678828	0.0	2
159	278.920969247818	0.22796789044588567	2.749989097383665e-06	0
160	280.78009939193726	0.22796789044588567	0.0	1
161	282.5839478969574	0.2279775762481933	9.685802307618507e-06	0
162	284.4534168243408	0.22875777005769038	0.0007801938094970928	0
163	286.30223178863525	0.22876533861175488	7.5685540645020755e-06	0
164	288.1779975891113	0.22918959135454048	0.0004242527427855969	0
165	290.02451610565186	0.22918959135454048	0.0	1
166	291.89785957336426	0.22918959135454048	0.0	2
167	293.79670238494873	0.23021650542482805	0.0010269140702875712	0
168	295.6311001777649	0.23021650542482805	0.0	1
169	297.47477769851685	0.23021650542482805	0.0	2
170	299.3147542476654	0.23021650542482805	0.0	3
171	301.1679766178131	0.23021650542482805	0.0	4
172	302.96959352493286	0.23158198452452153	0.0013654790996934785	0
173	304.81497526168823	0.23158198452452153	0.0	1
174	306.6065411567688	0.23173647063770933	0.0001544861131878017	0
175	308.4473056793213	0.23173647063770933	0.0	1
176	310.29376578330994	0.23173647063770933	0.0	2
177	312.1656758785248	0.23216517690266147	0.0004287062649521445	0
178	313.99198365211487	0.23216517690266147	0.0	1
179	315.84578013420105	0.23216517690266147	0.0	2
180	317.73073410987854	0.23239846358839214	0.0002332866857306659	0
181	319.51250195503235	0.23268421909265352	0.0002857555042613813	0
182	321.2316119670868	0.23268421909265352	0.0	1
183	322.9944791793823	0.23268421909265352	0.0	2
184	324.7439398765564	0.23319571706476774	0.0005114979721142221	0
185	326.4614326953888	0.23319571706476774	0.0	1
186	328.2074408531189	0.23319571706476774	0.0	2
187	329.94229555130005	0.23408554539535986	0.0008898283305921184	0
188	331.6939435005188	0.23408554539535986	0.0	1
189	333.5063142776489	0.234172668943755	8.712354839512937e-05	0
190	335.28845620155334	0.234172668943755	0.0	1
191	337.0467472076416	0.23448426947829445	0.00031160053453946346	0
192	338.798880815506	0.23448426947829445	0.0	1
193	340.5818843841553	0.23448426947829445	0.0	2
194	342.3914270401001	0.23453209008516498	4.7820606870530025e-05	0
195	344.1644170284271	0.2348109584485895	0.00027886836342452814	0
196	345.90653896331787	0.23521445242411781	0.0004034939755283018	0
197	347.64288234710693	0.23521445242411781	0.0	1
198	349.37791657447815	0.23521445242411781	0.0	2
199	351.16664028167725	0.23521445242411781	0.0	3
200	352.8856770992279	0.23521445242411781	0.0	4
201	354.5991837978363	0.23521445242411781	0.0	5
202	356.3331639766693	0.23534628154748555	0.00013182912336773267	0
203	358.0884065628052	0.23534628154748555	0.0	1
204	359.8384802341461	0.23549840705056319	0.00015212550307763806	0
205	361.5970561504364	0.2356567139450633	0.00015830689450010982	0
206	363.3538272380829	0.2356567139450633	0.0	1
207	365.1691756248474	0.23570803896281897	5.132501775567677e-05	0
208	366.9334936141968	0.235714828758909	6.7897960900342724e-06	0
209	368.6778795719147	0.23608335163414573	0.00036852287523672644	0
210	370.3975558280945	0.23608335163414573	0.0	1
211	372.1493544578552	0.23610647101151316	2.311937736743097e-05	0
212	373.888468503952	0.23610647101151316	0.0	1
213	375.67024517059326	0.2361344819624078	2.801095089463579e-05	0
214	377.40908336639404	0.2365560577246561	0.0004215757622482996	0
215	379.18872833251953	0.2365560577246561	0.0	1
216	380.96692991256714	0.2365560577246561	0.0	2
217	382.72597002983093	0.23657757091370116	2.1513189045058168e-05	0
218	384.5313951969147	0.23657757091370116	0.0	1
219	386.270334482193	0.23657757091370116	0.0	2
220	388.0372393131256	0.23657757091370116	0.0	3
221	389.79797172546387	0.23657757091370116	0.0	4
222	391.53522849082947	0.23657757091370116	0.0	5
223	393.263463973999	0.23657757091370116	0.0	6
224	395.00440788269043	0.23692368016098486	0.0003461092472837046	0
225	396.74599170684814	0.23692368016098486	0.0	1
226	398.49900341033936	0.23693954735471492	1.5867193730062512e-05	0
227	400.23683977127075	0.23737501907957037	0.0004354717248554463	0
228	402.02204179763794	0.23737501907957037	0.0	1
229	403.7652008533478	0.23737501907957037	0.0	2
230	405.49462699890137	0.23743834183737042	6.332275780004948e-05	0
231	407.2531909942627	0.23743834183737042	0.0	1
232	409.03404092788696	0.23752658485035386	8.824301298343551e-05	0
233	410.8036799430847	0.23752658485035386	0.0	1
234	412.6380615234375	0.23752658485035386	0.0	2
235	414.3697774410248	0.23753142775150768	4.8429011538231315e-06	0
236	416.12595987319946	0.23770742705374054	0.00017599930223285987	0
237	417.87479877471924	0.23770742705374054	0.0	1
238	419.64034247398376	0.23799522679768492	0.00028779974394438357	0
239	421.38759684562683	0.23799522679768492	0.0	1
240	423.1047155857086	0.23799522679768492	0.0	2
241	424.8929762840271	0.23799522679768492	0.0	3
242	426.77450013160706	0.23799522679768492	0.0	4
243	428.6111521720886	0.23811895197088068	0.0001237251731957545	0
244	430.45988869667053	0.23811895197088068	0.0	1
245	432.25367736816406	0.23811895197088068	0.0	2
246	434.0488498210907	0.23811895197088068	0.0	3
247	435.8707764148712	0.23825248462731757	0.0001335326564368966	0
248	437.6994414329529	0.23850465619392944	0.000252171566611864	0
249	439.54379749298096	0.23860095448471141	9.629829078197649e-05	0
250	441.37596559524536	0.23860095448471141	0.0	1
251	443.2386498451233	0.23898137775524572	0.000380423270534308	0
252	445.1020655632019	0.23898137775524572	0.0	1
253	446.85691833496094	0.23953573175214316	0.0005543539968974331	0
254	448.56329250335693	0.23953573175214316	0.0	1
255	450.3342864513397	0.23953573175214316	0.0	2
256	452.0496563911438	0.23953573175214316	0.0	3
257	453.76478123664856	0.23953573175214316	0.0	4
258	455.59119987487793	0.23953573175214316	0.0	5
259	457.3086543083191	0.23953573175214316	0.0	6
260	459.0504879951477	0.23972842567845395	0.00019269392631079962	0
261	460.80236411094666	0.23993445583507775	0.0002060301566237932	0
262	462.5264320373535	0.23993445583507775	0.0	1
263	464.2827501296997	0.23993445583507775	0.0	2
264	466.0126132965088	0.23993445583507775	0.0	3
265	467.76602935791016	0.23993445583507775	0.0	4
266	469.4912211894989	0.2400369598534689	0.00010250401839115297	0
267	471.17709517478943	0.2400369598534689	0.0	1
268	472.90151834487915	0.24006404602926884	2.708617579993966e-05	0
269	474.6687750816345	0.24006404602926884	0.0	1
270	476.3590750694275	0.2402972353702527	0.00023318934098384703	0
271	478.04963779449463	0.24040166194739335	0.0001044265771406594	0
272	479.7625014781952	0.24040166194739335	0.0	1
273	481.4828841686249	0.24040166194739335	0.0	2
274	483.1955523490906	0.24043887197686153	3.721002946818763e-05	0
275	484.94366812705994	0.24045865729665072	1.9785319789189515e-05	0
276	486.6543846130371	0.24071671822044458	0.00025806092379385137	0
277	488.3863961696625	0.24071671822044458	0.0	1
278	490.12616658210754	0.24071671822044458	0.0	2
279	491.8501579761505	0.2408630273749003	0.0001463091544557371	0
280	493.63026547431946	0.2408630273749003	0.0	1
281	495.36702156066895	0.2408630273749003	0.0	2
282	497.09085965156555	0.2408630273749003	0.0	3
283	498.83248805999756	0.24089466441761365	3.1637042713333896e-05	0
284	500.56930565834045	0.24096309777462122	6.843335700756903e-05	0
285	502.31748390197754	0.24155670604066987	0.0005936082660486508	0
286	504.08816289901733	0.24155670604066987	0.0	1
287	505.817666053772	0.24155670604066987	0.0	2
288	507.55447483062744	0.24155670604066987	0.0	3
289	509.2831721305847	0.24155670604066987	0.0	4
290	511.0372006893158	0.24155670604066987	0.0	5
291	512.789785861969	0.24161375006230065	5.704402163078659e-05	0
292	514.5318961143494	0.24165918572287431	4.543566057366166e-05	0
293	516.305438041687	0.24165918572287431	0.0	1
294	518.0496215820312	0.24174134468918212	8.215896630781039e-05	0
295	519.8064820766449	0.24190933738598983	0.00016799269680770057	0
296	521.5821645259857	0.24190933738598983	0.0	1
297	523.3470840454102	0.24191858513693681	9.247750946989042e-06	0
298	525.121823310852	0.24192284396960975	4.258832672937585e-06	0
299	526.8934407234192	0.24192284396960975	0.0	1
300	528.6855735778809	0.24192284396960975	0.0	2
301	530.5145943164825	0.24192284396960975	0.0	3
302	532.3715381622314	0.24192284396960975	0.0	4
303	534.2380928993225	0.24201128167208683	8.843770247707328e-05	0
304	536.0858447551727	0.2422970858487216	0.000285804176634763	0
305	537.8925960063934	0.2422970858487216	0.0	1
306	539.727950334549	0.2422970858487216	0.0	2
307	541.5787584781647	0.24231694417707086	1.9858328349275922e-05	0
308	543.4555072784424	0.24231694417707086	0.0	1
309	545.2993078231812	0.24231694417707086	0.0	2
310	547.1227104663849	0.2425706975958184	0.0002537534187475321	0
311	549.0279598236084	0.2425706975958184	0.0	1
312	550.8744509220123	0.24264202695904355	7.132936322515326e-05	0
313	552.7532393932343	0.24264202695904355	0.0	1
314	554.6455554962158	0.24264202695904355	0.0	2
315	556.4811747074127	0.24264202695904355	0.0	3
316	558.3612008094788	0.24264202695904355	0.0	4
317	560.2108886241913	0.24272861511133123	8.658815228768102e-05	0
318	562.0395579338074	0.24300631533779407	0.0002777002264628403	0
319	563.9413421154022	0.24300631533779407	0.0	1
320	565.7235884666443	0.24304649438203998	4.0179044245913786e-05	0
321	567.5097193717957	0.24304649438203998	0.0	1
322	569.3237850666046	0.24304649438203998	0.0	2
323	571.129029750824	0.24315997402063397	0.00011347963859398291	0
324	572.9293785095215	0.24315997402063397	0.0	1
325	574.7071969509125	0.24319187876140103	3.190474076705807e-05	0
326	576.5218434333801	0.24319187876140103	0.0	1
327	578.3077692985535	0.2432652767004959	7.339793909488801e-05	0
328	580.093015909195	0.24328557308020585	2.0296379709933143e-05	0
329	581.8300845623016	0.24496206864595793	0.0016764955657520841	0
330	583.549015045166	0.24496206864595793	0.0	1
331	585.3437123298645	0.24496206864595793	0.0	2
332	587.1382403373718	0.24496206864595793	0.0	3
333	588.946790933609	0.24496206864595793	0.0	4
334	590.7588403224945	0.24496206864595793	0.0	5
335	592.5540237426758	0.24496206864595793	0.0	6
336	594.3737263679504	0.24496206864595793	0.0	7
337	596.2066714763641	0.24496206864595793	0.0	8
338	598.0190861225128	0.24496206864595793	0.0	9
339	599.8195657730103	0.24497552655720445	1.3457911246517185e-05	0
340	601.6503469944	0.24499275657738986	1.7230020185415862e-05	0
341	603.447372674942	0.24499275657738986	0.0	1
342	605.2876553535461	0.24506097090871712	6.82143313272543e-05	0
343	607.1021037101746	0.24506097090871712	0.0	1
344	608.8834419250488	0.24506097090871712	0.0	2
345	610.6497232913971	0.24508640222382128	2.5431315104157415e-05	0
346	612.4440178871155	0.2450885924806245	2.1902568032305947e-06	0
347	614.2452528476715	0.2450885924806245	0.0	1
348	616.0567464828491	0.24509922739421353	1.0634913589019357e-05	0
349	617.8786997795105	0.24509922739421353	0.0	1
350	619.6442995071411	0.24510353489925987	4.307505046347027e-06	0
351	621.4172239303589	0.24510353489925987	0.0	1
352	623.1615166664124	0.24510353489925987	0.0	2
353	624.9221241474152	0.24510353489925987	0.0	3
354	626.6558971405029	0.24510353489925987	0.0	4
355	628.4187948703766	0.24510353489925987	0.0	5
356	630.213559627533	0.24510353489925987	0.0	6
357	631.9881265163422	0.24548478560014206	0.00038125070088218527	0
358	633.8067047595978	0.24548478560014206	0.0	1
359	635.584418296814	0.24548478560014206	0.0	2
360	637.3420085906982	0.24548478560014206	0.0	3
361	639.1277501583099	0.24548478560014206	0.0	4
362	640.9207785129547	0.24548478560014206	0.0	5
363	642.7447197437286	0.24548478560014206	0.0	6
364	644.5708129405975	0.24549787846858803	1.3092868445974126e-05	0
365	646.386057138443	0.24549787846858803	0.0	1
366	648.195054769516	0.24549787846858803	0.0	2
367	650.0304098129272	0.24549787846858803	0.0	3
368	651.7968237400055	0.24549787846858803	0.0	4
369	653.574613571167	0.2456665525786234	0.00016867411003537724	0
370	655.4073915481567	0.2457513155169084	8.476293828499348e-05	0
371	657.2258675098419	0.2457513155169084	0.0	1
372	659.0436465740204	0.2457513155169084	0.0	2
373	660.8342671394348	0.2457513155169084	0.0	3
374	662.6668260097504	0.2457513155169084	0.0	4
375	664.4478878974915	0.2457513155169084	0.0	5
376	666.2460441589355	0.2457513155169084	0.0	6
377	668.0723607540131	0.2457513155169084	0.0	7
378	669.8780128955841	0.2457837799899696	3.2464473061183385e-05	0
379	671.7309694290161	0.2457837799899696	0.0	1
380	673.6195373535156	0.2457837799899696	0.0	2
381	675.4658653736115	0.2462092008697169	0.00042542087974731246	0
382	677.3196828365326	0.2462092008697169	0.0	1
383	679.1628601551056	0.2462092008697169	0.0	2
384	681.0773370265961	0.2462092008697169	0.0	3
385	682.990574836731	0.2462092008697169	0.0	4
386	684.9026126861572	0.24622083356696073	1.1632697243829648e-05	0
387	686.8098318576813	0.24622083356696073	0.0	1
388	688.7717099189758	0.24622083356696073	0.0	2
389	690.642098903656	0.24622083356696073	0.0	3
390	692.5551381111145	0.24625524493495812	3.4411367997394526e-05	0
391	694.5022377967834	0.24626106128358005	5.816348621928702e-06	0
392	696.3176302909851	0.24626106128358005	0.0	1
393	698.1343243122101	0.24626108561976676	2.433618670472093e-08	2
394	699.9206116199493	0.24626108561976676	0.0	3
395	701.7555916309357	0.24626108561976676	0.0	4
396	703.6182405948639	0.24626118296451355	9.734474679112814e-08	5
397	705.4463350772858	0.24626118296451355	0.0	6
398	707.3076937198639	0.24626118296451355	0.0	7
399	709.1616499423981	0.24626118296451355	0.0	8
400	710.9866247177124	0.24626118296451355	0.0	9
401	712.8518779277802	0.24626118296451355	0.0	10
402	714.7344198226929	0.24626125597307366	7.300856011416279e-08	11
403	716.5826847553253	0.24626125597307366	0.0	12
404	718.4359679222107	0.24632764509039823	6.638911732456676e-05	0
405	720.231024980545	0.24632764509039823	0.0	1
406	722.0647947788239	0.24632764509039823	0.0	2
407	723.9284632205963	0.24636397901714513	3.6333926746900946e-05	0
408	725.781254529953	0.24636397901714513	0.0	1
409	727.6297962665558	0.24636397901714513	0.0	2
410	729.4930124282837	0.24636453874943928	5.597322941530702e-07	3
411	731.3423781394958	0.24636453874943928	0.0	4
412	733.2112717628479	0.24639456960383024	3.0030854390961093e-05	0
413	735.0855672359467	0.24639456960383024	0.0	1
414	736.9701783657074	0.24640406071664425	9.491112814008495e-06	0
415	738.8318183422089	0.24640406071664425	0.0	1
416	740.6611649990082	0.24640406071664425	0.0	2
417	742.4639506340027	0.24640406071664425	0.0	3
418	744.2866830825806	0.24640406071664425	0.0	4
419	746.1347441673279	0.24640406071664425	0.0	5
420	747.9311962127686	0.24640406071664425	0.0	6
421	749.7708432674408	0.2464177619897578	1.3701273113536638e-05	0
422	751.6129508018494	0.2464177619897578	0.0	1
423	753.4549269676208	0.2464177619897578	0.0	2
424	755.3035335540771	0.2464177619897578	0.0	3
425	757.1798553466797	0.2464264256722239	8.663682466103495e-06	0
426	759.0472118854523	0.24646336800363836	3.694233141446346e-05	0
427	760.9278907775879	0.24646336800363836	0.0	1
428	762.7767226696014	0.24646336800363836	0.0	2
429	764.6459500789642	0.24647096089388956	7.592890251206796e-06	0
430	766.4777896404266	0.24649011347282446	1.9152578934894526e-05	0
431	768.324187040329	0.24649011347282446	0.0	1
432	770.1694054603577	0.2465113833000025	2.1269827178038714e-05	0
433	772.0606338977814	0.2465113833000025	0.0	1
434	773.8971292972565	0.2465113833000025	0.0	2
435	775.7706542015076	0.2465113833000025	0.0	3
436	777.6500563621521	0.2465113833000025	0.0	4
437	779.566388130188	0.2465113833000025	0.0	5
438	781.4578456878662	0.2465113833000025	0.0	6
439	783.4032363891602	0.2465114076361892	2.433618670472093e-08	7
440	785.3702700138092	0.2465114076361892	0.0	8
441	787.3640279769897	0.2465114076361892	0.0	9
442	789.3189828395844	0.2465114076361892	0.0	10
443	791.2746572494507	0.2465114076361892	0.0	11
444	793.282176733017	0.24655725701193681	4.584937574761416e-05	0
445	795.2092292308807	0.24655725701193681	0.0	1
446	797.1715216636658	0.24690740606621311	0.0003501490542762997	0
447	799.1520643234253	0.24690740606621311	0.0	1
448	801.2012183666229	0.24690740606621311	0.0	2
449	803.1666378974915	0.24690740606621311	0.0	3
450	805.1664350032806	0.24690740606621311	0.0	4
451	807.1118011474609	0.24690740606621311	0.0	5
452	809.089775800705	0.24690740606621311	0.0	6
453	811.0619480609894	0.24690740606621311	0.0	7
454	813.0825293064117	0.24690740606621311	0.0	8
455	815.0986800193787	0.24690740606621311	0.0	9
456	817.0694465637207	0.24690740606621311	0.0	10
457	819.0353989601135	0.24693799665289823	3.059058668511416e-05	0
458	820.9982421398163	0.24693799665289823	0.0	1
459	822.8942229747772	0.247215210155627	0.00027721350272877365	0
460	824.7817969322205	0.247215210155627	0.0	1
461	826.6274449825287	0.247215210155627	0.0	2
462	828.5257039070129	0.247215210155627	0.0	3
463	830.3914303779602	0.247215210155627	0.0	4
464	832.2747371196747	0.2472334136232805	1.8203467653493677e-05	0
465	834.1094951629639	0.2472334136232805	0.0	1
466	835.9932725429535	0.2472334136232805	0.0	2
467	837.898580789566	0.2472334136232805	0.0	3
468	839.7214825153351	0.2472334136232805	0.0	4
469	841.6264624595642	0.2472334136232805	0.0	5
470	843.5654516220093	0.2472334136232805	0.0	6
471	845.4881653785706	0.2472334136232805	0.0	7
472	847.362334728241	0.2472334136232805	0.0	8
473	849.2095866203308	0.2472334136232805	0.0	9
474	851.1018767356873	0.2472334136232805	0.0	10
475	853.0150372982025	0.2472334136232805	0.0	11
476	854.905834197998	0.2472334136232805	0.0	12
477	856.8026494979858	0.2472334136232805	0.0	13
478	858.7329943180084	0.2472334136232805	0.0	14
479	860.61709856987	0.2472334136232805	0.0	15
480	862.4942758083344	0.2472334136232805	0.0	16
481	864.4171650409698	0.2472334136232805	0.0	17
482	866.3109471797943	0.24727293559048544	3.952196720494183e-05	0
483	868.1938292980194	0.24727293559048544	0.0	1
484	870.1264040470123	0.24727293559048544	0.0	2
485	871.9983592033386	0.24727293559048544	0.0	3
486	873.9137108325958	0.24727293559048544	0.0	4
487	875.8583631515503	0.24727293559048544	0.0	5
488	877.7352638244629	0.24733672073583285	6.378514534741142e-05	0
489	879.6591241359711	0.24733672073583285	0.0	1
490	881.615905046463	0.24763213770621512	0.00029541697038226733	0
491	883.4873721599579	0.24763213770621512	0.0	1
492	885.4064471721649	0.24763213770621512	0.0	2
493	887.3184304237366	0.24763213770621512	0.0	3
494	889.2023158073425	0.24763213770621512	0.0	4
495	891.0984163284302	0.24767165967342006	3.952196720494183e-05	0
496	893.0190317630768	0.24767165967342006	0.0	1
497	894.9100880622864	0.24767165967342006	0.0	2
498	896.8142325878143	0.24767165967342006	0.0	3
499	898.6833114624023	0.24767165967342006	0.0	4
500	900.562340259552	0.24767165967342006	0.0	5
501	902.4567484855652	0.24767165967342006	0.0	6
502	904.3901400566101	0.24767165967342006	0.0	7
503	906.3335723876953	0.24767165967342006	0.0	8
504	908.2558927536011	0.24767165967342006	0.0	9
505	910.1885316371918	0.24767165967342006	0.0	10
506	912.0870773792267	0.24767165967342006	0.0	11
507	913.9947617053986	0.24767165967342006	0.0	12
508	915.9198799133301	0.24767165967342006	0.0	13
509	917.783438205719	0.24767165967342006	0.0	14
510	919.7009012699127	0.24767165967342006	0.0	15
511	921.5693061351776	0.24767165967342006	0.0	16
512	923.5243945121765	0.24767165967342006	0.0	17
513	925.4553799629211	0.24767165967342006	0.0	18
514	927.3576483726501	0.24767165967342006	0.0	19
515	929.2806510925293	0.24767165967342006	0.0	20
516	931.1806633472443	0.24767165967342006	0.0	21
517	933.0981426239014	0.24767165967342006	0.0	22
518	935.0105195045471	0.24767165967342006	0.0	23
519	936.9858980178833	0.24767165967342006	0.0	24
520	938.9573106765747	0.24767165967342006	0.0	25
521	940.9138507843018	0.24767165967342006	0.0	26
522	942.8952646255493	0.24767165967342006	0.0	27
523	944.8966195583344	0.24767165967342006	0.0	28
524	946.8957459926605	0.24767165967342006	0.0	29
525	948.8230385780334	0.24767165967342006	0.0	30
526	950.7824890613556	0.24807038375635468	0.0003987240829346206	0
527	952.8161201477051	0.24807038375635468	0.0	1
528	954.8259069919586	0.24807038375635468	0.0	2
529	956.8063819408417	0.24807038375635468	0.0	3
530	958.8395531177521	0.24807038375635468	0.0	4
531	960.7645223140717	0.24807038375635468	0.0	5
532	962.7033591270447	0.24807038375635468	0.0	6
533	964.6050162315369	0.24807038375635468	0.0	7
534	966.5017757415771	0.24807038375635468	0.0	8
535	968.4012553691864	0.24808235716021232	1.197340385764023e-05	0
536	970.3097648620605	0.24808235716021232	0.0	1
537	972.1541788578033	0.24808235716021232	0.0	2
538	974.0938413143158	0.24808235716021232	0.0	3
539	976.0245032310486	0.24808235716021232	0.0	4
540	977.9226632118225	0.24808235716021232	0.0	5
541	979.78275847435	0.24808235716021232	0.0	6
542	981.6530437469482	0.24838831169943681	0.00030595453922449556	0
543	983.5303380489349	0.24838831169943681	0.0	1
544	985.3915104866028	0.24838831169943681	0.0	2
545	987.2592656612396	0.24838831169943681	0.0	3
546	989.181631565094	0.24838831169943681	0.0	4
547	991.0612120628357	0.24838831169943681	0.0	5
548	992.9516606330872	0.24838831169943681	0.0	6
549	994.7977142333984	0.24838831169943681	0.0	7
550	996.7058110237122	0.24838831169943681	0.0	8
551	998.5791296958923	0.24838831169943681	0.0	9
552	1000.4311797618866	0.24838831169943681	0.0	10
553	1002.2990500926971	0.24838831169943681	0.0	11
554	1004.1708316802979	0.24838831169943681	0.0	12
555	1006.0775272846222	0.24847285561204147	8.4543912604651e-05	0
556	1007.9538841247559	0.24847285561204147	0.0	1
557	1009.8389277458191	0.24847285561204147	0.0	2
558	1011.7415192127228	0.24847285561204147	0.0	3
559	1013.6059474945068	0.24847285561204147	0.0	4
560	1015.4993307590485	0.24847285561204147	0.0	5
561	1017.3803043365479	0.24847285561204147	0.0	6
562	1019.2429263591766	0.24847285561204147	0.0	7
563	1021.0978875160217	0.24847285561204147	0.0	8
564	1022.9590468406677	0.24847285561204147	0.0	9
565	1024.8343682289124	0.24849324933649822	2.0393724456752027e-05	0
566	1026.6913704872131	0.24849324933649822	0.0	1
567	1028.558113336563	0.24849324933649822	0.0	2
568	1030.474033355713	0.24849324933649822	0.0	3
569	1032.3501744270325	0.24849324933649822	0.0	4
570	1034.2080986499786	0.24849324933649822	0.0	5
571	1036.105604171753	0.24849324933649822	0.0	6
572	1037.9394176006317	0.24849324933649822	0.0	7
573	1039.7896687984467	0.24849324933649822	0.0	8
574	1041.7099797725677	0.24849324933649822	0.0	9
575	1043.5868203639984	0.24849324933649822	0.0	10
576	1045.4935224056244	0.24887157969497609	0.00037833035847786856	0
577	1047.402664422989	0.24887157969497609	0.0	1
578	1049.3487145900726	0.24887157969497609	0.0	2
579	1051.3148362636566	0.24887157969497609	0.0	3
580	1053.2450234889984	0.24887157969497609	0.0	4
581	1055.247001171112	0.24887157969497609	0.0	5
582	1057.2067873477936	0.24887157969497609	0.0	6
583	1059.1846277713776	0.24887157969497609	0.0	7
584	1061.1033732891083	0.24887157969497609	0.0	8
585	1063.0287232398987	0.24887157969497609	0.0	9
586	1064.9466135501862	0.24887157969497609	0.0	10
587	1066.9230344295502	0.24887157969497609	0.0	11
588	1068.8623750209808	0.2490121211731833	0.00014054147820721785	0
589	1070.8056528568268	0.2490121211731833	0.0	1
590	1072.7662725448608	0.2490121211731833	0.0	2
591	1074.689836025238	0.2490121211731833	0.0	3
592	1076.636560678482	0.2490121211731833	0.0	4
593	1078.606209039688	0.2490121211731833	0.0	5
594	1080.5961167812347	0.2490121211731833	0.0	6
595	1082.5684914588928	0.2490121211731833	0.0	7
596	1084.5115313529968	0.2490121211731833	0.0	8
597	1086.480933189392	0.2490121211731833	0.0	9
598	1088.3105025291443	0.2490121211731833	0.0	10
599	1090.1541547775269	0.2490121211731833	0.0	11
600	1091.9876730442047	0.2490121211731833	0.0	12
601	1093.8273119926453	0.2490121211731833	0.0	13
602	1095.6503834724426	0.24910265178771682	9.053061453351274e-05	0
603	1097.4882748126984	0.24910265178771682	0.0	1
604	1099.3519308567047	0.24910265178771682	0.0	2
605	1101.174557209015	0.24910265178771682	0.0	3
606	1103.0286123752594	0.24910265178771682	0.0	4
607	1104.9102804660797	0.24910265178771682	0.0	5
608	1106.7163634300232	0.24910265178771682	0.0	6
609	1108.5876834392548	0.24910265178771682	0.0	7
610	1110.4571573734283	0.24910265178771682	0.0	8
611	1112.328779220581	0.24910265178771682	0.0	9
612	1114.1782586574554	0.24910265178771682	0.0	10
613	1116.0383508205414	0.2492074677438447	0.00010481595612787942	0
614	1117.8776850700378	0.2492074677438447	0.0	1
615	1119.755114555359	0.2492074677438447	0.0	2
616	1121.5976383686066	0.2495375637802781	0.0003300960364334138	0
617	1123.4618775844574	0.2495375637802781	0.0	1
618	1125.2869255542755	0.2495375637802781	0.0	2
619	1127.1086428165436	0.2495375637802781	0.0	3
620	1128.9660813808441	0.2495375637802781	0.0	4
621	1130.8097715377808	0.2495375637802781	0.0	5
622	1132.695092201233	0.2495375637802781	0.0	6
623	1134.5304667949677	0.2495375637802781	0.0	7
624	1136.3729493618011	0.2495375637802781	0.0	8
625	1138.1905674934387	0.2495375637802781	0.0	9
626	1140.0528931617737	0.2495375637802781	0.0	10
627	1141.907717704773	0.2495375637802781	0.0	11
628	1143.7657911777496	0.2495375637802781	0.0	12
629	1145.6137311458588	0.2495375637802781	0.0	13
630	1147.4767422676086	0.2495375637802781	0.0	14
631	1149.3194773197174	0.24967900569739335	0.00014144191711523701	0
632	1151.1869332790375	0.24967900569739335	0.0	1
633	1153.0616097450256	0.24967900569739335	0.0	2
634	1154.95046043396	0.24967900569739335	0.0	3
635	1156.7426929473877	0.24967900569739335	0.0	4
636	1158.5943326950073	0.24967900569739335	0.0	5
637	1160.4415204524994	0.24967900569739335	0.0	6
638	1162.229023694992	0.24967900569739335	0.0	7
639	1164.0788288116455	0.24993628786321273	0.00025728216581938357	0
640	1165.8913359642029	0.24993628786321273	0.0	1
641	1167.702749490738	0.24993628786321273	0.0	2
642	1169.526641368866	0.24993628786321273	0.0	3
643	1171.405997991562	0.24993628786321273	0.0	4
644	1173.2696669101715	0.24997191604054525	3.562817733251955e-05	0
645	1175.0843136310577	0.24997191604054525	0.0	1
646	1176.905161857605	0.24997191604054525	0.0	2
647	1178.7094812393188	0.24997191604054525	0.0	3
648	1180.5775225162506	0.24997191604054525	0.0	4
649	1182.4545109272003	0.24997191604054525	0.0	5
650	1184.3095698356628	0.24997191604054525	0.0	6
651	1186.1410293579102	0.24997191604054525	0.0	7
652	1187.9984257221222	0.24997191604054525	0.0	8
653	1189.8256278038025	0.24997191604054525	0.0	9
654	1191.637901544571	0.24997191604054525	0.0	10
655	1193.5504686832428	0.24997191604054525	0.0	11
656	1195.3552465438843	0.24997191604054525	0.0	12
657	1197.1948001384735	0.24997191604054525	0.0	13
658	1199.0949120521545	0.24997191604054525	0.0	14
659	1201.012847661972	0.24997191604054525	0.0	15
660	1202.925666809082	0.24997191604054525	0.0	16
661	1204.8537740707397	0.24997191604054525	0.0	17
662	1206.7343266010284	0.24997191604054525	0.0	18
663	1208.6557295322418	0.24997191604054525	0.0	19
664	1210.5756936073303	0.24997191604054525	0.0	20
665	1212.5001740455627	0.24997191604054525	0.0	21
666	1214.412942647934	0.24997191604054525	0.0	22
667	1216.3440318107605	0.24997191604054525	0.0	23
668	1218.2795860767365	0.24997191604054525	0.0	24
669	1220.1862831115723	0.24997191604054525	0.0	25
670	1222.03360247612	0.24997191604054525	0.0	26
671	1223.8660671710968	0.24997191604054525	0.0	27
672	1225.7223103046417	0.24997191604054525	0.0	28
673	1227.5180702209473	0.24997191604054525	0.0	29
674	1229.3540091514587	0.24997191604054525	0.0	30
675	1231.1968491077423	0.24997191604054525	0.0	31
676	1233.0580515861511	0.24997191604054525	0.0	32
677	1234.8633961677551	0.24997191604054525	0.0	33
678	1236.71075797081	0.24997191604054525	0.0	34
679	1238.5256123542786	0.24997191604054525	0.0	35
680	1240.3317048549652	0.24997191604054525	0.0	36
681	1242.162211894989	0.24997191604054525	0.0	37
682	1244.018082857132	0.24997191604054525	0.0	38
683	1245.8932723999023	0.24997191604054525	0.0	39
684	1247.758219718933	0.24997191604054525	0.0	40
685	1249.6012043952942	0.24997191604054525	0.0	41
686	1251.453675031662	0.2500170596668785	4.514362633323277e-05	0
687	1253.2507772445679	0.2500170596668785	0.0	1
688	1255.115315437317	0.2500170596668785	0.0	2
689	1256.9757225513458	0.2500170596668785	0.0	3
690	1258.8227467536926	0.2500170596668785	0.0	4
691	1260.6417813301086	0.2500170596668785	0.0	5
692	1262.437573671341	0.2500170596668785	0.0	6
693	1264.2786407470703	0.2500170596668785	0.0	7
694	1266.1147730350494	0.2500170596668785	0.0	8
695	1267.934788942337	0.2500170596668785	0.0	9
696	1269.7989349365234	0.2500170596668785	0.0	10
697	1271.6133859157562	0.2500170596668785	0.0	11
698	1273.4256391525269	0.2500170596668785	0.0	12
699	1275.290045261383	0.2500170596668785	0.0	13
700	1277.0817291736603	0.2500170596668785	0.0	14
701	1278.910249710083	0.2500170596668785	0.0	15
702	1280.754144191742	0.2500170596668785	0.0	16
703	1282.5860226154327	0.2500170596668785	0.0	17
704	1284.4685785770416	0.2500170596668785	0.0	18
705	1286.3873581886292	0.2500170596668785	0.0	19
706	1288.2208452224731	0.2500170596668785	0.0	20
707	1290.009449481964	0.2500170596668785	0.0	21
708	1291.8525085449219	0.2500170596668785	0.0	22
709	1293.6692698001862	0.2500170596668785	0.0	23
710	1295.5026814937592	0.2500170596668785	0.0	24
711	1297.2855324745178	0.2500170596668785	0.0	25
712	1299.1309077739716	0.2500170596668785	0.0	26
713	1301.0371794700623	0.2500170596668785	0.0	27
714	1302.954259634018	0.2500170596668785	0.0	28
715	1304.8218541145325	0.2500170596668785	0.0	29
716	1306.7044661045074	0.2500170596668785	0.0	30
717	1308.55966258049	0.2500170596668785	0.0	31
718	1310.4806308746338	0.2500170596668785	0.0	32
719	1312.42911362648	0.2500170596668785	0.0	33
720	1314.3297505378723	0.2500170596668785	0.0	34
721	1316.2005634307861	0.2500170596668785	0.0	35
722	1318.135044336319	0.2500170596668785	0.0	36
723	1320.0455861091614	0.2500170596668785	0.0	37
724	1322.018440246582	0.2500170596668785	0.0	38
725	1323.9514153003693	0.2500170596668785	0.0	39
726	1325.8334987163544	0.2500170596668785	0.0	40
727	1327.782613992691	0.2500170596668785	0.0	41
728	1329.7706735134125	0.2500170596668785	0.0	42
729	1331.7013854980469	0.2500170596668785	0.0	43
730	1333.6054244041443	0.2500170596668785	0.0	44
731	1335.4867813587189	0.2500170596668785	0.0	45
732	1337.4139199256897	0.2500170596668785	0.0	46
733	1339.3310766220093	0.2500170596668785	0.0	47
734	1341.2508401870728	0.2500170596668785	0.0	48
735	1343.1198115348816	0.2500170596668785	0.0	49
736	1345.0880687236786	0.2500170596668785	0.0	50
737	1346.9530673027039	0.2500170596668785	0.0	51
738	1348.7825303077698	0.2500170596668785	0.0	52
739	1350.5883164405823	0.2500170596668785	0.0	53
740	1352.4222524166107	0.2500170596668785	0.0	54
741	1354.2465867996216	0.2500170596668785	0.0	55
742	1356.095463514328	0.2500170596668785	0.0	56
743	1357.9301793575287	0.2500170596668785	0.0	57
744	1359.8199038505554	0.2500170596668785	0.0	58
745	1361.706104516983	0.2500170596668785	0.0	59
746	1363.5380914211273	0.2500170596668785	0.0	60
747	1365.3644573688507	0.2500170596668785	0.0	61
748	1367.2109293937683	0.2500170596668785	0.0	62
749	1369.0274307727814	0.2500170596668785	0.0	63
750	1370.8855426311493	0.2500170596668785	0.0	64
751	1372.7286026477814	0.2500170596668785	0.0	65
752	1374.5373275279999	0.2500170596668785	0.0	66
753	1376.363647222519	0.2500170596668785	0.0	67
754	1378.219307899475	0.2500170596668785	0.0	68
755	1380.0932869911194	0.2500170596668785	0.0	69
756	1381.9501333236694	0.2500170596668785	0.0	70
757	1383.7959969043732	0.2500170596668785	0.0	71
758	1385.587017774582	0.2500170596668785	0.0	72
759	1387.4189915657043	0.2500170596668785	0.0	73
760	1389.2346663475037	0.2500170596668785	0.0	74
761	1391.0824255943298	0.2500170596668785	0.0	75
762	1392.92263174057	0.2500170596668785	0.0	76
763	1394.7631170749664	0.2500170596668785	0.0	77
764	1396.5984110832214	0.2500170596668785	0.0	78
765	1398.4139161109924	0.2500170596668785	0.0	79
766	1400.2434561252594	0.2500170596668785	0.0	80
767	1402.0990993976593	0.2500170596668785	0.0	81
768	1403.95747590065	0.2500170596668785	0.0	82
769	1405.8019638061523	0.2500170596668785	0.0	83
770	1407.6022131443024	0.2500170596668785	0.0	84
771	1409.4393825531006	0.2500170596668785	0.0	85
772	1411.2512109279633	0.2500170596668785	0.0	86
773	1413.0989980697632	0.2500170596668785	0.0	87
774	1414.9410190582275	0.2500170596668785	0.0	88
775	1416.815143585205	0.2500170596668785	0.0	89
776	1418.6585640907288	0.2500170596668785	0.0	90
777	1420.459014415741	0.2500170596668785	0.0	91
778	1422.283459186554	0.2500170596668785	0.0	92
779	1424.1153635978699	0.2500170596668785	0.0	93
780	1425.9231872558594	0.2500170596668785	0.0	94
781	1427.7790162563324	0.2500170596668785	0.0	95
782	1429.6100704669952	0.2500170596668785	0.0	96
783	1431.4622268676758	0.2500170596668785	0.0	97
784	1433.3129768371582	0.2500170596668785	0.0	98
785	1435.1492257118225	0.2500170596668785	0.0	99
786	1436.9630444049835	0.2500170596668785	0.0	100
787	1438.7935032844543	0.2500170596668785	0.0	101
788	1440.633929491043	0.2500170596668785	0.0	102
789	1442.4504148960114	0.2500170596668785	0.0	103
790	1444.2773640155792	0.2500170596668785	0.0	104
791	1446.1134824752808	0.2500170596668785	0.0	105
792	1447.9587261676788	0.2500170596668785	0.0	106
793	1449.8094017505646	0.2500170596668785	0.0	107
794	1451.6908988952637	0.2500170596668785	0.0	108
795	1453.533516407013	0.2500170596668785	0.0	109
796	1455.3346593379974	0.2500170596668785	0.0	110
797	1457.2689986228943	0.2500170596668785	0.0	111
798	1459.1868915557861	0.2500170596668785	0.0	112
799	1461.104787826538	0.2500170596668785	0.0	113
800	1463.0663108825684	0.2500170596668785	0.0	114
801	1465.0267481803894	0.2500170596668785	0.0	115
802	1466.9671573638916	0.2500170596668785	0.0	116
803	1468.8503606319427	0.2500170596668785	0.0	117
804	1470.7900085449219	0.2500170596668785	0.0	118
805	1472.6803061962128	0.2500220242489658	4.9645820873189805e-06	0
806	1474.5849921703339	0.2500220242489658	0.0	1
807	1476.4954950809479	0.2500220242489658	0.0	2
808	1478.4539318084717	0.2500220242489658	0.0	3
809	1480.3544485569	0.2500220242489658	0.0	4
810	1482.1862196922302	0.2500220242489658	0.0	5
811	1484.0100529193878	0.2500220242489658	0.0	6
812	1485.8826177120209	0.2500220242489658	0.0	7
813	1487.7530665397644	0.2500220242489658	0.0	8
814	1489.5514950752258	0.2500220242489658	0.0	9
815	1491.3550713062286	0.2500220242489658	0.0	10
816	1493.2387704849243	0.2500220242489658	0.0	11
817	1495.0178956985474	0.2500220242489658	0.0	12
818	1496.8513312339783	0.2500220242489658	0.0	13
819	1498.6910562515259	0.2500220242489658	0.0	14
820	1500.4873051643372	0.2500220242489658	0.0	15
821	1502.2894237041473	0.2500220242489658	0.0	16
822	1504.1301019191742	0.2500220242489658	0.0	17
823	1505.938448190689	0.2500220242489658	0.0	18
824	1507.7305436134338	0.2500220242489658	0.0	19
825	1509.5265753269196	0.2500220242489658	0.0	20
826	1511.3628325462341	0.2500220242489658	0.0	21
827	1513.1855852603912	0.2500220242489658	0.0	22
828	1514.9840593338013	0.2500220242489658	0.0	23
829	1516.8155250549316	0.2500220242489658	0.0	24
830	1518.6649210453033	0.2500220242489658	0.0	25
831	1520.4798338413239	0.2500220242489658	0.0	26
832	1522.3075766563416	0.2500220242489658	0.0	27
833	1524.1754941940308	0.2500220242489658	0.0	28
834	1526.0193009376526	0.2500220242489658	0.0	29
835	1527.8257467746735	0.2500220242489658	0.0	30
836	1529.697657585144	0.2500220242489658	0.0	31
837	1531.5111865997314	0.2500220242489658	0.0	32
838	1533.3675515651703	0.2500220242489658	0.0	33
839	1535.1858699321747	0.2500220242489658	0.0	34
840	1537.00461935997	0.2500220242489658	0.0	35
841	1538.813003063202	0.2500220242489658	0.0	36
842	1540.6431601047516	0.2500220242489658	0.0	37
843	1542.4675991535187	0.2500220242489658	0.0	38
844	1544.3796207904816	0.2500220242489658	0.0	39
845	1546.1961538791656	0.2500220242489658	0.0	40
846	1548.0058586597443	0.2500220242489658	0.0	41
847	1549.852723121643	0.2500220242489658	0.0	42
848	1551.6918880939484	0.2500220242489658	0.0	43
849	1553.5201156139374	0.2500220242489658	0.0	44
850	1555.3676173686981	0.2500220242489658	0.0	45
851	1557.2391681671143	0.2500220242489658	0.0	46
852	1559.1149411201477	0.2500220242489658	0.0	47
853	1561.0010795593262	0.2500220242489658	0.0	48
854	1562.8692820072174	0.2500220242489658	0.0	49
855	1564.7407763004303	0.2500220242489658	0.0	50
856	1566.630146741867	0.2500220242489658	0.0	51
857	1568.5182611942291	0.2500220242489658	0.0	52
858	1570.4343559741974	0.2500220242489658	0.0	53
859	1572.3471307754517	0.2500220242489658	0.0	54
860	1574.2430362701416	0.2500220242489658	0.0	55
861	1576.153058052063	0.2500220242489658	0.0	56
862	1578.0718078613281	0.2500220242489658	0.0	57
863	1579.9914524555206	0.2500220242489658	0.0	58
864	1581.9243259429932	0.2500220242489658	0.0	59
865	1583.8313245773315	0.2500220242489658	0.0	60
866	1585.7946109771729	0.2500220242489658	0.0	61
867	1587.763652086258	0.2500220242489658	0.0	62
868	1589.6914644241333	0.2500220242489658	0.0	63
869	1591.6190738677979	0.2500220242489658	0.0	64
870	1593.5329704284668	0.2500220242489658	0.0	65
871	1595.4211931228638	0.2500220242489658	0.0	66
872	1597.3582692146301	0.2500220242489658	0.0	67
873	1599.2953791618347	0.2500220242489658	0.0	68
874	1601.2246906757355	0.2500220242489658	0.0	69
875	1603.1573240756989	0.2500220242489658	0.0	70
876	1605.0223488807678	0.2500220242489658	0.0	71
877	1606.8421640396118	0.2500220242489658	0.0	72
878	1608.7340230941772	0.2500220242489658	0.0	73
879	1610.5792050361633	0.2500220242489658	0.0	74
880	1612.426551103592	0.2500220242489658	0.0	75
881	1614.3052959442139	0.2500220242489658	0.0	76
882	1616.1930673122406	0.2500220242489658	0.0	77
883	1618.0068078041077	0.2500220242489658	0.0	78
884	1619.8259885311127	0.2500220242489658	0.0	79
885	1621.6888296604156	0.2500220242489658	0.0	80
886	1623.5262160301208	0.2500220242489658	0.0	81
887	1625.3439226150513	0.2500220242489658	0.0	82
888	1627.1853971481323	0.2500220242489658	0.0	83
889	1628.9999158382416	0.2500220242489658	0.0	84
890	1630.8391683101654	0.2500220242489658	0.0	85
891	1632.6947648525238	0.2500220242489658	0.0	86
892	1634.6062083244324	0.2500220242489658	0.0	87
893	1636.4312176704407	0.2500220242489658	0.0	88
894	1638.3046081066132	0.2500220242489658	0.0	89
895	1640.1676442623138	0.2500220242489658	0.0	90
896	1642.009476184845	0.2500220242489658	0.0	91
897	1643.8159942626953	0.2500220242489658	0.0	92
898	1645.6599740982056	0.2500220242489658	0.0	93
899	1647.460305929184	0.2500220242489658	0.0	94
900	1649.298005104065	0.2500220242489658	0.0	95
901	1651.2297689914703	0.2500220242489658	0.0	96
902	1653.0851261615753	0.2500220242489658	0.0	97
903	1654.9621839523315	0.2500220242489658	0.0	98
904	1656.8342034816742	0.2500220242489658	0.0	99
905	1658.6638760566711	0.2500220242489658	0.0	100
906	1660.4832458496094	0.2500220242489658	0.0	101
907	1662.3530313968658	0.2500220242489658	0.0	102
908	1664.1538412570953	0.2500220242489658	0.0	103
909	1665.984474658966	0.2500220242489658	0.0	104
910	1667.8258228302002	0.2500220242489658	0.0	105
911	1669.6686050891876	0.2500220242489658	0.0	106
912	1671.46568775177	0.2500220242489658	0.0	107
913	1673.3259499073029	0.2500220242489658	0.0	108
914	1675.1487784385681	0.2500220242489658	0.0	109
915	1676.9707441329956	0.2500220242489658	0.0	110
916	1678.785952091217	0.2500220242489658	0.0	111
917	1680.6388909816742	0.2500220242489658	0.0	112
918	1682.43922996521	0.2500220242489658	0.0	113
919	1684.287359714508	0.2500220242489658	0.0	114
920	1686.1302449703217	0.2500220242489658	0.0	115
921	1687.9896109104156	0.2500220242489658	0.0	116
922	1689.8140926361084	0.2500220242489658	0.0	117
923	1691.6470625400543	0.2500220242489658	0.0	118
924	1693.466718196869	0.2500220242489658	0.0	119
925	1695.3022553920746	0.2500220242489658	0.0	120
926	1697.1180713176727	0.2500220242489658	0.0	121
927	1698.941559791565	0.2500220242489658	0.0	122
928	1700.8035340309143	0.2500220242489658	0.0	123
929	1702.6756479740143	0.2500220242489658	0.0	124
930	1704.5296378135681	0.2500220242489658	0.0	125
931	1706.395352602005	0.2500220242489658	0.0	126
932	1708.242264032364	0.2500220242489658	0.0	127
933	1710.043431520462	0.2500220242489658	0.0	128
934	1711.9105954170227	0.2500220242489658	0.0	129
935	1713.7061235904694	0.2500220242489658	0.0	130
936	1715.61856341362	0.2500220242489658	0.0	131
937	1717.5464363098145	0.2500220242489658	0.0	132
938	1719.5630667209625	0.2500220242489658	0.0	133
939	1721.4592597484589	0.2500220242489658	0.0	134
940	1723.3938932418823	0.2500220242489658	0.0	135
941	1725.3156695365906	0.2500220242489658	0.0	136
942	1727.195501089096	0.2500220242489658	0.0	137
943	1729.0873947143555	0.2500220242489658	0.0	138
944	1731.0422759056091	0.2500220242489658	0.0	139
945	1732.9842994213104	0.2500220242489658	0.0	140
946	1734.9355971813202	0.2500220242489658	0.0	141
947	1736.8830752372742	0.2500220242489658	0.0	142
948	1738.7470366954803	0.2500220242489658	0.0	143
949	1740.5668065547943	0.2500220242489658	0.0	144
950	1742.3907108306885	0.2500220242489658	0.0	145
951	1744.209968805313	0.2500220242489658	0.0	146
952	1746.0342926979065	0.2500220242489658	0.0	147
953	1747.8486268520355	0.2500220242489658	0.0	148
954	1749.684093952179	0.2500220242489658	0.0	149
955	1751.5265061855316	0.2500220242489658	0.0	150
956	1753.3405423164368	0.2500220242489658	0.0	151
957	1755.1531698703766	0.2500220242489658	0.0	152
958	1757.0101518630981	0.2500220242489658	0.0	153
959	1758.899739265442	0.2500220242489658	0.0	154
960	1760.738407611847	0.2500220242489658	0.0	155
961	1762.592131614685	0.2500220242489658	0.0	156
962	1764.3608531951904	0.2500220242489658	0.0	157
963	1766.246562719345	0.2500220242489658	0.0	158
964	1768.0764408111572	0.2500220242489658	0.0	159
965	1769.925422668457	0.2500220242489658	0.0	160
966	1771.7283008098602	0.2500220242489658	0.0	161
967	1773.582531929016	0.2500220242489658	0.0	162
968	1775.4430358409882	0.2500220242489658	0.0	163
969	1777.3028037548065	0.2500220242489658	0.0	164
970	1779.1057214736938	0.2500220242489658	0.0	165
971	1780.9233961105347	0.2500220242489658	0.0	166
972	1782.7071454524994	0.2500220242489658	0.0	167
973	1784.5344610214233	0.2500220242489658	0.0	168
974	1786.3474869728088	0.2500220242489658	0.0	169
975	1788.246211528778	0.2500220242489658	0.0	170
976	1790.07199716568	0.2500220242489658	0.0	171
977	1791.9396800994873	0.2500220242489658	0.0	172
978	1793.7688057422638	0.2500220242489658	0.0	173
979	1795.6211812496185	0.2500220242489658	0.0	174
980	1797.5034148693085	0.2500220242489658	0.0	175
981	1799.3184924125671	0.2500220242489658	0.0	176
982	1801.1848022937775	0.2500220242489658	0.0	177
