1	1.2508997917175293	0.06806886785528496	10000000000.06807	0
2	2.071659803390503	0.06806886785528496	0.0	1
3	2.8988404273986816	0.09383309590949586	0.0257642280542109	0
4	3.709223508834839	0.09747824904641086	0.0036451531369150053	0
5	4.549266338348389	0.09833947627358079	0.0008612272271699278	0
6	5.3915205001831055	0.09833947627358079	0.0	1
7	6.230683326721191	0.11225136691493472	0.013911890641353925	0
8	7.112215042114258	0.11225136691493472	0.0	1
9	8.010387659072876	0.11225136691493472	0.0	2
10	8.962064743041992	0.11366566440515351	0.001414297490218791	0
11	9.914402484893799	0.12126164535206091	0.007595980946907402	0
12	10.853393077850342	0.12386573901016747	0.002604093658106557	0
13	11.814753770828247	0.1340903201551909	0.010224581145023434	0
14	12.842479467391968	0.1340903201551909	0.0	1
15	13.894152641296387	0.1388601519084243	0.0047698317532333945	0
16	14.942388534545898	0.1388601519084243	0.0	1
17	15.983134746551514	0.14577883244321296	0.006918680534788668	0
18	17.081736087799072	0.14804560221743546	0.0022667697742224935	0
19	18.19104266166687	0.15169665079557915	0.0036510485781436897	0
20	19.295934915542603	0.15169665079557915	0.0	1
21	20.396581649780273	0.1535300174208159	0.0018333666252367542	0
22	21.53423237800598	0.15910983047607033	0.005579813055254429	0
23	22.676169872283936	0.15910983047607033	0.0	1
24	23.813600778579712	0.15911124197489906	1.411498828735036e-06	0
25	24.964950561523438	0.15911124197489906	0.0	1
26	26.134641647338867	0.16197862883694053	0.0028673868620414655	0
27	27.310773849487305	0.16298612263023948	0.0010074937932989525	0
28	28.443776607513428	0.16645816638709254	0.0034720437568530604	0
29	29.672588109970093	0.16645816638709254	0.0	1
30	30.91607975959778	0.17106495785751222	0.004606791470419674	0
31	32.1253604888916	0.17106495785751222	0.0	1
32	33.313706159591675	0.17502848307291666	0.00396352521540444	0
33	34.49545359611511	0.1764348591343638	0.0014063760614471399	0
34	35.7330961227417	0.1764348591343638	0.0	1
35	36.942625284194946	0.18223902749482904	0.005804168360465239	0
36	38.247556924819946	0.18223902749482904	0.0	1
37	39.55990648269653	0.18332527318829744	0.0010862456934684073	0
38	40.80633473396301	0.18469105649032472	0.0013657833020272736	0
39	42.074315309524536	0.1900975107196035	0.005406454229278795	0
40	43.345892667770386	0.1900975107196035	0.0	1
41	44.66746711730957	0.19241042190381405	0.0023129111842105365	0
42	46.05101752281189	0.19241042190381405	0.0	1
43	47.398571729660034	0.19241042190381405	0.0	2
44	48.76025438308716	0.2001867704984674	0.007776348594653343	0
45	50.1284544467926	0.2001867704984674	0.0	1
46	51.54661989212036	0.2001867704984674	0.0	2
47	52.92939805984497	0.2001867704984674	0.0	3
48	54.32618808746338	0.2011145876165022	0.0009278171180348016	0
49	55.76425051689148	0.2011145876165022	0.0	1
50	57.30176401138306	0.2088278933195026	0.0077133057030004115	0
51	58.71278190612793	0.2088278933195026	0.0	1
52	60.15049743652344	0.2093773557428728	0.0005494624233702006	0
53	61.601855516433716	0.21114489298307915	0.0017675372402063405	0
54	63.07981467247009	0.21114489298307915	0.0	1
55	64.5760145187378	0.21174015610982358	0.000595263126744433	0
56	66.08046412467957	0.21214849298650568	0.00040833687668209717	0
57	67.58863234519958	0.2153958894039075	0.003247396417401821	0
58	69.16308641433716	0.2153958894039075	0.0	1
59	70.74248552322388	0.21620626008491578	0.0008103706810082822	0
60	72.23651838302612	0.2201308839058762	0.003924623820960427	0
61	73.73419213294983	0.2201308839058762	0.0	1
62	75.17493915557861	0.2201308839058762	0.0	2
63	76.63508939743042	0.2201308839058762	0.0	3
64	78.1090247631073	0.22137081261837122	0.0012399287124950087	0
65	79.54057192802429	0.22190323971104964	0.0005324270926784225	0
66	81.05275583267212	0.22190323971104964	0.0	1
67	82.5459897518158	0.22190323971104964	0.0	2
68	84.0035674571991	0.22190323971104964	0.0	3
69	85.49322247505188	0.22315161308033044	0.0012483733692807975	0
70	86.97588300704956	0.22395178689911036	0.0008001738187799201	0
71	88.40569853782654	0.22434780966532097	0.0003960227662106186	0
72	89.86759233474731	0.2260714200885292	0.0017236104232082328	0
73	91.32551503181458	0.2260714200885292	0.0	1
74	92.85704970359802	0.2260714200885292	0.0	2
75	94.30852127075195	0.2260714200885292	0.0	3
76	95.82809376716614	0.2260714200885292	0.0	4
77	97.32832407951355	0.22626262950745116	0.00019120941892195042	0
78	98.81910610198975	0.22626262950745116	0.0	1
79	100.3601508140564	0.22745254735627243	0.0011899178488212758	0
80	101.89933347702026	0.22891855924323415	0.0014660118869617156	0
81	103.41927909851074	0.22891855924323415	0.0	1
82	104.93478155136108	0.22891855924323415	0.0	2
83	106.531010389328	0.22891855924323415	0.0	3
84	108.0749671459198	0.22981298711311304	0.0008944278698788943	0
85	109.62072014808655	0.22981298711311304	0.0	1
86	111.23698258399963	0.22981298711311304	0.0	2
87	112.77686333656311	0.22986175683126495	4.876971815190312e-05	0
88	114.3566267490387	0.22986175683126495	0.0	1
89	115.95034217834473	0.23068672922429476	0.0008249723930298103	0
90	117.52833390235901	0.2306882137316836	1.4845073888491989e-06	0
91	119.15060186386108	0.23192295883641098	0.001234745104727375	0
92	120.7353630065918	0.23225456371641995	0.0003316048800089677	0
93	122.30579471588135	0.23225456371641995	0.0	1
94	123.87491059303284	0.23225456371641995	0.0	2
95	125.48410487174988	0.2324160343151914	0.00016147059877144598	0
96	127.04595804214478	0.2324160343151914	0.0	1
97	128.63223671913147	0.23282166987514952	0.00040563555995812295	0
98	130.21504092216492	0.23304763136868273	0.00022596149353321104	0
99	131.85129761695862	0.2343960994738711	0.0013484681051883773	0
100	133.4321529865265	0.2343960994738711	0.0	1
101	135.02571058273315	0.2343960994738711	0.0	2
102	136.57680773735046	0.2343960994738711	0.0	3
103	138.2246162891388	0.23472252074611244	0.000326421272241334	0
104	139.82469129562378	0.23641605164255633	0.00169353089644389	0
105	141.41883635520935	0.23641605164255633	0.0	1
106	143.02215003967285	0.23641605164255633	0.0	2
107	144.58226823806763	0.23641605164255633	0.0	3
108	146.18632864952087	0.23670905933045505	0.000293007687898722	0
109	147.77646112442017	0.23670905933045505	0.0	1
110	149.37602162361145	0.23689481744355562	0.00018575811310056478	0
111	150.9256830215454	0.23689481744355562	0.0	1
112	152.49348258972168	0.2371978759765625	0.00030305853300688357	0
113	154.09557557106018	0.237256088135155	5.821215859250217e-05	0
114	155.72327709197998	0.2377815064060631	0.0005254182709081012	0
115	157.35528206825256	0.2377815064060631	0.0	1
116	158.95956420898438	0.23832240249171402	0.000540896085650916	0
117	160.56826424598694	0.23863290789785188	0.00031050540613786204	0
118	162.19485116004944	0.23863290789785188	0.0	1
119	163.85281205177307	0.23863290789785188	0.0	2
120	165.5333924293518	0.23863290789785188	0.0	3
121	167.21263527870178	0.23874684992399323	0.00011394202614134485	0
122	168.86635828018188	0.23874684992399323	0.0	1
123	170.58143591880798	0.23900133342834182	0.00025448350434859046	0
124	172.28937649726868	0.23914856735789225	0.00014723392955043324	0
125	173.9479649066925	0.23956252589370267	0.00041395853581041586	0
126	175.62132287025452	0.23956252589370267	0.0	1
127	177.30326533317566	0.23956252589370267	0.0	2
128	179.01693296432495	0.23956252589370267	0.0	3
129	180.66977286338806	0.2396153840912206	5.285819751793541e-05	0
130	182.37234163284302	0.2398350181762111	0.00021963408499051096	0
131	184.08113741874695	0.2398350181762111	0.0	1
132	185.6628499031067	0.24005265669389206	0.0002176385176809459	0
133	187.28333377838135	0.24005265669389206	0.0	1
134	188.88234734535217	0.24005265669389206	0.0	2
135	190.49773168563843	0.24059267667682166	0.0005400199829296015	0
136	192.09908652305603	0.24059267667682166	0.0	1
137	193.69059562683105	0.24059267667682166	0.0	2
138	195.2916660308838	0.24059267667682166	0.0	3
139	196.88181614875793	0.24059267667682166	0.0	4
140	198.47055864334106	0.2416762940621262	0.0010836173853045472	0
141	200.06006336212158	0.2416762940621262	0.0	1
142	201.64950227737427	0.2416762940621262	0.0	2
143	203.21040272712708	0.2416762940621262	0.0	3
144	204.80290818214417	0.24182082667495267	0.00014453261282645902	0
145	206.39366126060486	0.24182082667495267	0.0	1
146	207.92683911323547	0.24184842391067335	2.759723572068329e-05	0
147	209.4745693206787	0.2424029725970644	0.0005545486863910432	0
148	211.04485368728638	0.2424029725970644	0.0	1
149	212.6179440021515	0.2424029725970644	0.0	2
150	214.17478728294373	0.2424029725970644	0.0	3
151	215.71858716011047	0.24243273575340163	2.9763156337236918e-05	0
152	217.46629905700684	0.24263747609213018	0.00020474033872855402	0
153	219.04615330696106	0.24263747609213018	0.0	1
154	220.58416962623596	0.24263747609213018	0.0	2
155	222.14154744148254	0.24292342628588517	0.0002859501937549913	0
156	223.6982250213623	0.24322081448739036	0.0002973882015051832	0
157	225.26978635787964	0.24322081448739036	0.0	1
158	226.85392212867737	0.24322081448739036	0.0	2
159	228.427738904953	0.24322081448739036	0.0	3
160	230.02898621559143	0.24322081448739036	0.0	4
161	231.57330751419067	0.2436495207523425	0.0004287062649521445	0
162	233.15335130691528	0.2436495207523425	0.0	1
163	234.7304401397705	0.2436495207523425	0.0	2
164	236.32787442207336	0.2436495207523425	0.0	3
165	237.8880569934845	0.2436495207523425	0.0	4
166	239.46694898605347	0.24377869723135964	0.00012917647901714013	0
167	241.00783491134644	0.24377869723135964	0.0	1
168	242.5519893169403	0.24377869723135964	0.0	2
169	244.10983872413635	0.24394956159819828	0.0001708643668386356	0
170	245.6208577156067	0.24394956159819828	0.0	1
171	247.17627811431885	0.24394956159819828	0.0	2
172	248.74643898010254	0.24394956159819828	0.0	3
173	250.34384942054749	0.24394956159819828	0.0	4
174	251.8926763534546	0.24410003224058013	0.0001504706423818558	0
175	253.4898383617401	0.2441408196894936	4.07874489134763e-05	0
176	255.11248564720154	0.2441408196894936	0.0	1
177	256.75957775115967	0.24427252713192782	0.00013170744243420907	0
178	258.3875720500946	0.24441263055877444	0.00014010342684661614	0
179	260.0081331729889	0.24441263055877444	0.0	1
180	261.62569975852966	0.24441263055877444	0.0	2
181	263.2578501701355	0.24441263055877444	0.0	3
182	264.90134024620056	0.2445068602736867	9.42297149122695e-05	0
183	266.57840967178345	0.24451384475927035	6.984485583644284e-06	0
184	268.21964049339294	0.24491609758927682	0.00040225283000647205	0
185	269.83809065818787	0.24491609758927682	0.0	1
186	271.48311853408813	0.24530430843955592	0.0003882108502790971	0
187	273.12797498703003	0.24530430843955592	0.0	1
188	274.77204942703247	0.24530430843955592	0.0	2
189	276.4002203941345	0.24546210427413526	0.00015779583457933843	0
190	278.02239513397217	0.24546210427413526	0.0	1
191	279.6657919883728	0.24546210427413526	0.0	2
192	281.3133420944214	0.24575628009899572	0.00029417582486046534	0
193	282.9993140697479	0.24614960154848237	0.0003933214494866444	0
194	284.66540575027466	0.24614960154848237	0.0	1
195	286.34225392341614	0.24654832563141696	0.00039872408293459283	0
196	287.9646165370941	0.2465734162399073	2.5090608490346833e-05	0
197	289.5814940929413	0.2465734162399073	0.0	1
198	291.27046751976013	0.2465734162399073	0.0	2
199	292.8687014579773	0.2465734162399073	0.0	3
200	294.4049458503723	0.24669327195941737	0.00011985571951006468	0
201	295.94241642951965	0.24719936729808364	0.0005060953386662737	0
202	297.4968116283417	0.24719936729808364	0.0	1
203	299.0489640235901	0.24719936729808364	0.0	2
204	300.5482647418976	0.2475815671102472	0.00038219981216355836	0
205	302.0945589542389	0.24758643434758773	4.867237340527852e-06	0
206	303.63444900512695	0.24758643434758773	0.0	1
207	305.197313785553	0.24767888752087072	9.245317328299141e-05	0
208	306.77276134490967	0.24882918605774024	0.0011502985368695151	0
209	308.3289723396301	0.24882918605774024	0.0	1
210	309.8533809185028	0.24907807223914724	0.00024888618140700425	0
211	311.4429421424866	0.24907807223914724	0.0	1
212	313.0251462459564	0.24907807223914724	0.0	2
213	314.59755182266235	0.24907807223914724	0.0	3
214	316.1516954898834	0.24907807223914724	0.0	4
215	317.7196354866028	0.2501002164168411	0.0010221441776938622	0
216	319.24763560295105	0.2501002164168411	0.0	1
217	320.80588364601135	0.2501002164168411	0.0	2
218	322.3304536342621	0.2501002164168411	0.0	3
219	323.8726439476013	0.25054882968251596	0.0004486132656748576	0
220	325.3893311023712	0.25054882968251596	0.0	1
221	326.914972782135	0.25054882968251596	0.0	2
222	328.46323227882385	0.2511224579392818	0.0005736282567658235	0
223	330.0182478427887	0.2511224579392818	0.0	1
224	331.5876748561859	0.2511224579392818	0.0	2
225	333.10656785964966	0.2511224579392818	0.0	3
226	334.618191242218	0.2511224579392818	0.0	4
227	336.1609923839569	0.2518003180836947	0.0006778601444129007	0
228	337.68914461135864	0.25186142624850477	6.110816481008641e-05	0
229	339.2086341381073	0.25235988002454646	0.0004984537760416852	0
230	340.7464773654938	0.2536285741097239	0.0012686940851774353	0
231	342.26973366737366	0.2536285741097239	0.0	1
232	343.82587933540344	0.2536285741097239	0.0	2
233	345.34224104881287	0.2536285741097239	0.0	3
234	346.8549680709839	0.2541938793906375	0.0005653052809135861	0
235	348.3552510738373	0.2541938793906375	0.0	1
236	349.86954522132874	0.2541938793906375	0.0	2
237	351.44583773612976	0.2541938793906375	0.0	3
238	352.9251449108124	0.2541938793906375	0.0	4
239	354.46184968948364	0.25446466814007673	0.0002707887494392547	0
240	355.95872378349304	0.25446466814007673	0.0	1
241	357.4562191963196	0.25446466814007673	0.0	2
242	358.94069504737854	0.25446466814007673	0.0	3
243	360.4431834220886	0.25446466814007673	0.0	4
244	361.9385201931	0.2546420789411384	0.00017741080106165041	0
245	363.44877886772156	0.25468223364919756	4.015470805918131e-05	0
246	364.9036211967468	0.2547032844506953	2.105080149772398e-05	0
247	366.4364733695984	0.2547226560553105	1.9371604615237015e-05	0
248	367.9439251422882	0.2554263125576281	0.0007036565023175734	0
249	369.42997646331787	0.2554263125576281	0.0	1
250	370.93791675567627	0.25587908731122905	0.00045277475360094854	0
251	372.41475224494934	0.25587908731122905	0.0	1
252	373.9114592075348	0.25587908731122905	0.0	2
253	375.4334840774536	0.2559940027848385	0.00011491547360947818	0
254	376.9626793861389	0.2559940027848385	0.0	1
255	378.4767253398895	0.2562720437179152	0.0002780409330766509	0
256	380.01942205429077	0.2562720437179152	0.0	1
257	381.54787969589233	0.2573511589086797	0.0010791151907645347	0
258	383.08807253837585	0.2577140844609749	0.000362925552295168	0
259	384.6572163105011	0.2578278317976226	0.00011374733664770709	0
260	386.2487711906433	0.2581128085439095	0.0002849767462869135	0
261	387.80704975128174	0.25906727378638356	0.0009544652424740563	0
262	389.38292932510376	0.2591476075386887	8.033375230515061e-05	0
263	390.95274090766907	0.2591476075386887	0.0	1
264	392.51328444480896	0.2596033513070674	0.00045574376837870245	0
265	394.12036633491516	0.2596033513070674	0.0	1
266	395.7150638103485	0.26116802209492124	0.001564670787853828	0
267	397.3102605342865	0.26116802209492124	0.0	1
268	398.8710753917694	0.26116802209492124	0.0	2
269	400.44523668289185	0.26160699823066186	0.0004389761357406208	0
270	402.0683617591858	0.26160699823066186	0.0	1
271	403.5809073448181	0.26160699823066186	0.0	2
272	405.06223154067993	0.26167187850441087	6.488027374901284e-05	0
273	406.56465697288513	0.2617579069244044	8.60284199935557e-05	0
274	408.01976776123047	0.26264702950558216	0.000889122581177737	0
275	409.55277013778687	0.26349891772110495	0.0008518882155227891	0
276	411.0376064777374	0.26391251121411485	0.00041359349300990056	0
277	412.5152349472046	0.2639770994536234	6.458823950855619e-05	0
278	413.9795398712158	0.2643015008223684	0.0003244013687450087	0
279	415.466863155365	0.2643015008223684	0.0	1
280	416.9528663158417	0.26431785473983255	1.6353917464129175e-05	0
281	418.48105907440186	0.26431785473983255	0.0	1
282	419.98609828948975	0.264583313864384	0.00026545912455144816	0
283	421.5060205459595	0.265342894923744	0.0007595810593600261	0
284	423.0191605091095	0.2653865297065017	4.363478275765109e-05	0
285	424.4936456680298	0.2657833799030602	0.00039685019655855136	0
286	425.9585266113281	0.2657833799030602	0.0	1
287	427.47177743911743	0.26777887420410934	0.0019954943010491166	0
288	428.94584798812866	0.26983292137036485	0.0020540471662555126	0
289	430.4453020095825	0.2704056978605961	0.0005727764902312416	0
290	431.9103841781616	0.2704056978605961	0.0	1
291	433.4114987850189	0.2704056978605961	0.0	2
292	434.89878606796265	0.27092766039299243	0.0005219625323963362	0
293	436.3658456802368	0.27092766039299243	0.0	1
294	437.9318196773529	0.27109443628046503	0.0001667758874726033	0
295	439.4328656196594	0.27109443628046503	0.0	1
296	440.91049551963806	0.27109443628046503	0.0	2
297	442.4078571796417	0.27109443628046503	0.0	3
298	443.8566541671753	0.2715116558652936	0.00041721958482854316	0
299	445.412145614624	0.2715116558652936	0.0	1
300	446.8901855945587	0.2719772801254735	0.00046562426017993097	0
301	448.40088295936584	0.2719772801254735	0.0	1
302	449.86544370651245	0.2732193990947717	0.0012421189692982115	0
303	451.3368933200836	0.2732193990947717	0.0	1
304	452.80890369415283	0.2732193990947717	0.0	2
305	454.2865731716156	0.2732633259117698	4.392681699810774e-05	0
306	455.7296783924103	0.2732633259117698	0.0	1
307	457.1985676288605	0.2732633259117698	0.0	2
308	458.63309383392334	0.2732633259117698	0.0	3
309	460.0426163673401	0.2733629339239434	9.960801217356874e-05	0
310	461.4611265659332	0.27427142810973637	0.000908494185792974	0
311	462.89350962638855	0.27427142810973637	0.0	1
312	464.3185164928436	0.2747336939761513	0.00046226586641495704	0
313	465.76152205467224	0.2749975469123804	0.0002638529362290476	0
314	467.2506160736084	0.2749975469123804	0.0	1
315	468.7345459461212	0.27506388735733156	6.634044495118507e-05	0
316	470.2215030193329	0.27529004354035835	0.0002261561830267933	0
317	471.7086372375488	0.27529004354035835	0.0	1
318	473.2073349952698	0.2755339408034913	0.0002438972631329528	0
319	474.8080940246582	0.2761423941434285	0.0006084533399371983	0
320	476.34988379478455	0.2761423941434285	0.0	1
321	477.9022068977356	0.27626147110496413	0.00011907696153562464	0
322	479.42698550224304	0.27626147110496413	0.0	1
323	480.9261803627014	0.27626147110496413	0.0	2
324	482.4429819583893	0.27694152150618023	0.0006800504012161035	0
325	484.00099444389343	0.27694152150618023	0.0	1
326	485.54229974746704	0.2771398370916193	0.00019831558543909056	0
327	487.0499732494354	0.277230513723273	9.067663165368556e-05	0
328	488.5648195743561	0.277230513723273	0.0	1
329	490.0650234222412	0.27808705015045604	0.00085653642718303	0
330	491.58233094215393	0.2784327943549392	0.0003457442044831338	0
331	493.05873680114746	0.2784327943549392	0.0	1
332	494.5448377132416	0.2793207244629685	0.0008879301080293445	0
333	496.09386444091797	0.2793207244629685	0.0	1
334	497.6135597229004	0.2793207244629685	0.0	2
335	499.17851161956787	0.2793207244629685	0.0	3
336	500.69330620765686	0.2793207244629685	0.0	4
337	502.2546076774597	0.2812869423314145	0.001966217868445974	0
338	503.67549562454224	0.281395554732668	0.00010861240125348282	0
339	505.1254482269287	0.281395554732668	0.0	1
340	506.5535433292389	0.28168985223846194	0.0002942975057939612	0
341	507.96006512641907	0.2832029546466931	0.0015131024082311595	0
342	509.39338207244873	0.2832029546466931	0.0	1
343	510.83847427368164	0.2832029546466931	0.0	2
344	512.2342736721039	0.2832029546466931	0.0	3
345	513.6296806335449	0.28327890788539173	7.595323869863391e-05	0
346	515.0256731510162	0.28327890788539173	0.0	1
347	516.4602379798889	0.2837001672772129	0.00042125939182119376	0
348	517.8931429386139	0.28438652075078497	0.0006863534735720433	0
349	519.2788681983948	0.28438652075078497	0.0	1
350	520.6855778694153	0.2848622932008199	0.0004757724500349392	0
351	522.1314499378204	0.2848622932008199	0.0	1
352	523.591276884079	0.2848622932008199	0.0	2
353	524.9771392345428	0.28648802348111047	0.0016257302802905604	0
354	526.370367527008	0.2873015335302033	0.0008135100490928582	0
355	527.812262058258	0.2873015335302033	0.0	1
356	529.2043738365173	0.2873015335302033	0.0	2
357	530.6068499088287	0.2889696574477298	0.001668123917526465	0
358	531.9826972484589	0.28958300236119416	0.0006133449134643754	0
359	533.3712306022644	0.2905035916317783	0.0009205892705841379	0
360	534.7458367347717	0.2912364028857656	0.0007328112539872755	0
361	536.1708116531372	0.2912364028857656	0.0	1
362	537.5409512519836	0.2912364028857656	0.0	2
363	538.9711949825287	0.2912364028857656	0.0	3
364	540.3946921825409	0.2940587191300339	0.002822316244268319	0
365	541.7668669223785	0.2940587191300339	0.0	1
366	543.1903624534607	0.2940587191300339	0.0	2
367	544.594367980957	0.2940587191300339	0.0	3
368	545.9919767379761	0.2976815985720694	0.003622879442035487	0
369	547.3748483657837	0.2976815985720694	0.0	1
370	548.7655551433563	0.2976815985720694	0.0	2
371	550.1768507957458	0.29823841052382377	0.0005568119517543879	0
372	551.576860666275	0.29823841052382377	0.0	1
373	552.9900584220886	0.29823841052382377	0.0	2
374	554.3978893756866	0.29823841052382377	0.0	3
375	555.8296313285828	0.29823841052382377	0.0	4
376	557.1867101192474	0.29823841052382377	0.0	5
377	558.5588791370392	0.29823841052382377	0.0	6
378	559.973739862442	0.29823841052382377	0.0	7
379	561.3910577297211	0.29823841052382377	0.0	8
380	562.7933461666107	0.2998358134827926	0.0015974029589688188	0
381	564.1495130062103	0.2998358134827926	0.0	1
382	565.5127325057983	0.2998358134827926	0.0	2
383	566.9175798892975	0.2998358134827926	0.0	3
384	568.3036551475525	0.3000517484674043	0.0002159349846116987	0
385	569.7281928062439	0.3000517484674043	0.0	1
386	571.1613132953644	0.3000517484674043	0.0	2
387	572.5497255325317	0.30035524505177186	0.00030349658436756854	0
388	573.935439825058	0.30094955906723486	0.0005943140154630044	0
389	575.3176372051239	0.3011719918136962	0.00022243274646133182	0
390	576.7030425071716	0.3012117328065814	3.974099288522881e-05	0
391	578.1009683609009	0.30185956209660336	0.0006478292900219396	0
392	579.5192666053772	0.30185956209660336	0.0	1
393	580.9470167160034	0.30185956209660336	0.0	2
394	582.3734700679779	0.30185956209660336	0.0	3
395	583.765796661377	0.3043898197642544	0.0025302576676510258	0
396	585.2142913341522	0.3043898197642544	0.0	1
397	586.6605479717255	0.3047944818767444	0.0004046621124900174	0
398	588.1369893550873	0.3047944818767444	0.0	1
399	589.5580599308014	0.3047944818767444	0.0	2
400	591.0000224113464	0.3047944818767444	0.0	3
401	592.4543409347534	0.3047944818767444	0.0	4
402	593.9182958602905	0.30501852081152814	0.00022403893478373238	0
403	595.4012701511383	0.3050815515350877	6.303072355956507e-05	0
404	596.8163838386536	0.3050815515350877	0.0	1
405	598.2891879081726	0.3055316979805248	0.00045014644543711624	0
406	599.7942640781403	0.3055316979805248	0.0	1
407	601.2720036506653	0.3055316979805248	0.0	2
408	602.6789810657501	0.3055316979805248	0.0	3
409	604.1827211380005	0.3055316979805248	0.0	4
410	605.5387978553772	0.3055316979805248	0.0	5
411	606.9071877002716	0.3055316979805248	0.0	6
412	608.2866201400757	0.3055316979805248	0.0	7
413	609.6587076187134	0.3055481979151092	1.64999345843575e-05	0
414	611.0148556232452	0.3055481979151092	0.0	1
415	612.3853056430817	0.30557095224967606	2.2754334566887913e-05	0
416	613.7739100456238	0.3055940959632302	2.3143713554107936e-05	0
417	615.1500697135925	0.30593042206345944	0.00033632610022926723	0
418	616.5063614845276	0.30593042206345944	0.0	1
419	617.8695809841156	0.30651792194664573	0.0005874998831862932	0
420	619.2521176338196	0.30651792194664573	0.0	1
421	620.6384921073914	0.30651792194664573	0.0	2
422	621.9624061584473	0.30651792194664573	0.0	3
423	623.3374557495117	0.30664001659533247	0.00012209464868673248	0
424	624.6872427463531	0.30664001659533247	0.0	1
425	626.0830843448639	0.3111171205268142	0.004477103931481707	0
426	627.483211517334	0.3111171205268142	0.0	1
427	628.9381685256958	0.3111171205268142	0.0	2
428	630.3560013771057	0.3111171205268142	0.0	3
429	631.7502558231354	0.3111171205268142	0.0	4
430	633.1256139278412	0.3111171205268142	0.0	5
431	634.4689698219299	0.3111171205268142	0.0	6
432	635.8440914154053	0.3111533327726276	3.62122458134051e-05	0
433	637.2418553829193	0.3111533327726276	0.0	1
434	638.6344413757324	0.3117999695895011	0.000646636816873547	0
435	640.0280802249908	0.3117999695895011	0.0	1
436	641.4718337059021	0.3126904306609475	0.0008904610714463579	0
437	642.8461093902588	0.3126904306609475	0.0	1
438	644.2346251010895	0.3126904306609475	0.0	2
439	645.6396398544312	0.31288886792732007	0.0001984372663725864	0
440	647.012184381485	0.31288886792732007	0.0	1
441	648.413720369339	0.31288886792732007	0.0	2
442	649.7943525314331	0.31288886792732007	0.0	3
443	651.1862359046936	0.31288886792732007	0.0	4
444	652.6169517040253	0.314989762252978	0.0021008943256579093	0
445	653.9936382770538	0.314989762252978	0.0	1
446	655.4072744846344	0.314989762252978	0.0	2
447	656.8306448459625	0.31647738467373154	0.0014876224207535649	0
448	658.1833069324493	0.31647738467373154	0.0	1
449	659.5860948562622	0.31647738467373154	0.0	2
450	660.9635186195374	0.31647738467373154	0.0	3
451	662.3150277137756	0.31647738467373154	0.0	4
452	663.6577658653259	0.31647738467373154	0.0	5
453	665.0739030838013	0.31647738467373154	0.0	6
454	666.5010566711426	0.31647738467373154	0.0	7
455	667.9220106601715	0.3180274050771905	0.0015500204034589737	0
456	669.350005865097	0.3180274050771905	0.0	1
457	670.7663037776947	0.3180274050771905	0.0	2
458	672.2370812892914	0.3180274050771905	0.0	3
459	673.6860253810883	0.3184261291601251	0.00039872408293456507	0
460	675.1067569255829	0.3184261291601251	0.0	1
461	676.5759334564209	0.3184261291601251	0.0	2
462	677.9988970756531	0.3184261291601251	0.0	3
463	679.4498991966248	0.3184261291601251	0.0	4
464	680.8840456008911	0.3184262751772453	1.4601712022832558e-07	5
465	682.3338906764984	0.3184262751772453	0.0	6
466	683.814863204956	0.32154028495533044	0.003114009778085125	0
467	685.282534122467	0.32154028495533044	0.0	1
468	686.7174861431122	0.32154028495533044	0.0	2
469	688.1798894405365	0.32154028495533044	0.0	3
470	689.6663918495178	0.32154028495533044	0.0	4
471	691.1176540851593	0.32154028495533044	0.0	5
472	692.6057155132294	0.32182075950707734	0.00028047455174690095	0
473	694.0677199363708	0.32182075950707734	0.0	1
474	695.5391306877136	0.32182075950707734	0.0	2
475	696.985143661499	0.3220850991670405	0.000264339659963142	0
476	698.4822905063629	0.3222570099899073	0.00017191082286682757	0
477	699.8557648658752	0.3222570099899073	0.0	1
478	701.2104034423828	0.3242345685213567	0.001977558531449375	0
479	702.5915224552155	0.3242345685213567	0.0	1
480	703.9739565849304	0.3245019745408443	0.0002674060194876038	0
481	705.3194134235382	0.3245019745408443	0.0	1
482	706.6990628242493	0.3245019745408443	0.0	2
483	708.0410935878754	0.3271328866766971	0.0026309121358528142	0
484	709.4027218818665	0.3271328866766971	0.0	1
485	710.7625257968903	0.3271328866766971	0.0	2
486	712.1102380752563	0.3271328866766971	0.0	3
487	713.485339641571	0.3271328866766971	0.0	4
488	714.8737995624542	0.3271328866766971	0.0	5
489	716.2702627182007	0.32717759225166965	4.470557497254779e-05	0
490	717.664829492569	0.32717759225166965	0.0	1
491	719.0430994033813	0.32799377928129986	0.000816187029630211	0
492	720.4265098571777	0.32799377928129986	0.0	1
493	721.9731543064117	0.32799377928129986	0.0	2
494	723.3325011730194	0.32799377928129986	0.0	3
495	724.7457430362701	0.32799377928129986	0.0	4
496	726.158102273941	0.32799377928129986	0.0	5
497	727.5532650947571	0.32799377928129986	0.0	6
498	728.9252235889435	0.32799377928129986	0.0	7
499	730.31045794487	0.3306334281081788	0.0026396488268789486	0
500	731.7373609542847	0.3306334281081788	0.0	1
501	733.0698914527893	0.3306334281081788	0.0	2
502	734.4349946975708	0.3306334281081788	0.0	3
503	735.8336281776428	0.3306334281081788	0.0	4
504	737.1826808452606	0.3306334281081788	0.0	5
505	738.5741391181946	0.3306334281081788	0.0	6
506	739.9183487892151	0.3306334281081788	0.0	7
507	741.3274345397949	0.3306334281081788	0.0	8
508	742.6855897903442	0.3306334281081788	0.0	9
509	744.0593996047974	0.3306945119368022	6.108382862340944e-05	0
510	745.4649393558502	0.3306945119368022	0.0	1
511	746.8424997329712	0.3306945119368022	0.0	2
512	748.2054769992828	0.33071806936553033	2.3557428728115948e-05	0
513	749.6343231201172	0.3320139226350678	0.0012958532695374614	0
514	751.0006775856018	0.3320139226350678	0.0	1
515	752.3824365139008	0.3320644445586623	5.052192359450425e-05	0
516	753.8328588008881	0.332888443504224	0.000823998945561677	0
517	755.1903004646301	0.332888443504224	0.0	1
518	756.5456290245056	0.3337050929214015	0.0008166494171775174	0
519	757.9500546455383	0.3337050929214015	0.0	1
520	759.2935371398926	0.3337050929214015	0.0	2
521	760.6530692577362	0.3337050929214015	0.0	3
522	762.0339426994324	0.3337050929214015	0.0	4
523	763.3937532901764	0.3337050929214015	0.0	5
524	764.8030874729156	0.3355273379093152	0.0018222449879137237	0
525	766.1414558887482	0.3355273379093152	0.0	1
526	767.5105700492859	0.3355273379093152	0.0	2
527	768.900511264801	0.3357488458806818	0.00022150797136660794	0
528	770.2776951789856	0.3357488458806818	0.0	1
529	771.687540769577	0.3357488458806818	0.0	2
530	773.0578987598419	0.3357488458806818	0.0	3
531	774.4389815330505	0.3357488458806818	0.0	4
532	775.8278195858002	0.3357488458806818	0.0	5
533	777.254209280014	0.3357488458806818	0.0	6
534	778.6320943832397	0.3359988758628638	0.00025002998218198735	0
535	780.0534574985504	0.3359988758628638	0.0	1
536	781.4828553199768	0.3363064609265974	0.0003075850637335731	0
537	782.9379003047943	0.3363419430868097	3.548216021231898e-05	0
538	784.37437915802	0.3363419430868097	0.0	1
539	785.8253512382507	0.3363419430868097	0.0	2
540	787.2950069904327	0.3363713898727198	2.94467859101033e-05	0
541	788.7308101654053	0.33645374352852125	8.235365580144816e-05	0
542	790.2042217254639	0.33694136770148025	0.0004876241729590003	0
543	791.6594460010529	0.33694136770148025	0.0	1
544	793.0902688503265	0.33694136770148025	0.0	2
545	794.5632076263428	0.33694136770148025	0.0	3
546	796.00537276268	0.33694136770148025	0.0	4
547	797.4212183952332	0.3371631677070873	0.0002218000056070646	0
548	798.8857975006104	0.3371631677070873	0.0	1
549	800.2519056797028	0.3374505293996711	0.0002873616925837541	0
550	801.580272436142	0.3374505293996711	0.0	1
551	802.9770033359528	0.3374505293996711	0.0	2
552	804.3448696136475	0.3374505293996711	0.0	3
553	805.7260210514069	0.3374505293996711	0.0	4
554	807.1022250652313	0.33976395164380235	0.00231342224413128	0
555	808.4785919189453	0.33978037856982657	1.6426926024215582e-05	0
556	809.8389084339142	0.33978037856982657	0.0	1
557	811.221284866333	0.33978037856982657	0.0	2
558	812.5994925498962	0.33978037856982657	0.0	3
559	813.9966204166412	0.33978037856982657	0.0	4
560	815.4199094772339	0.33978037856982657	0.0	5
561	816.8206329345703	0.33978037856982657	0.0	6
562	818.1978433132172	0.3397865356250623	6.157055235711528e-06	0
563	819.5669491291046	0.33980050459622957	1.3968971167288569e-05	0
564	820.9293878078461	0.33986438708632377	6.388249009420255e-05	0
565	822.3496551513672	0.3399976763808936	0.0001332892945698494	0
566	823.7546954154968	0.34003595720257673	3.828082168311209e-05	0
567	825.0819046497345	0.3400705632600678	3.460605749106005e-05	0
568	826.4415836334229	0.3400705632600678	0.0	1
569	827.818014383316	0.3400705632600678	0.0	2
570	829.2103228569031	0.3401335696474407	6.30063873728881e-05	0
571	830.6147999763489	0.3401335696474407	0.0	1
572	832.0077052116394	0.3401335696474407	0.0	2
573	833.4100601673126	0.3403308631130383	0.0001972934655976033	0
574	834.842006444931	0.3403308631130383	0.0	1
575	836.2243931293488	0.3403308631130383	0.0	2
576	837.5852551460266	0.3403308631130383	0.0	3
577	839.0014929771423	0.3403308631130383	0.0	4
578	840.3621208667755	0.3403308631130383	0.0	5
579	841.7339775562286	0.3403308631130383	0.0	6
580	843.1130146980286	0.34040343362178527	7.257050874698301e-05	0
581	844.5107188224792	0.34056631571938545	0.00016288209760018102	0
582	845.9106311798096	0.34056631571938545	0.0	1
583	847.3338088989258	0.3422488953318132	0.001682579612427737	0
584	848.694283246994	0.3422488953318132	0.0	1
585	850.1095731258392	0.3422488953318132	0.0	2
586	851.4879779815674	0.3422488953318132	0.0	3
587	852.8855860233307	0.34228328236362393	3.4387031810745317e-05	0
588	854.2452328205109	0.3423033110452801	2.0028681656181213e-05	0
589	855.63445353508	0.34261255096970944	0.00030923992442932757	0
590	857.018128156662	0.34261255096970944	0.0	1
591	858.4295234680176	0.34261255096970944	0.0	2
592	859.8492088317871	0.34261255096970944	0.0	3
593	861.349134683609	0.34464252964731606	0.0020299786776066253	0
594	862.7976644039154	0.3447037108206863	6.118117337022833e-05	0
595	864.194338798523	0.3447037108206863	0.0	1
596	865.5866193771362	0.3447037108206863	0.0	2
597	867.0618295669556	0.3450659306235671	0.00036221980288081435	0
598	868.5443513393402	0.3450659306235671	0.0	1
599	870.0188262462616	0.3451271117969373	6.118117337017281e-05	0
600	871.4643640518188	0.3451271117969373	0.0	1
601	872.9728593826294	0.345141372802345	1.426100540774522e-05	0
602	874.4215931892395	0.345141372802345	0.0	1
603	875.8948633670807	0.345141372802345	0.0	2
604	877.394031047821	0.3451630320085103	2.1659206165258738e-05	0
605	878.8397116661072	0.345197419040321	3.4387031810689805e-05	0
606	880.3427875041962	0.345197419040321	0.0	1
607	881.8190534114838	0.3452088570480712	1.1438007750219636e-05	0
608	883.3077783584595	0.3452088570480712	0.0	1
609	884.8188896179199	0.3454111394319428	0.00020228238387159925	0
610	886.2899625301361	0.3454111394319428	0.0	1
611	887.741870880127	0.3454111394319428	0.0	2
612	889.2155451774597	0.3454111394319428	0.0	3
613	890.697557926178	0.3454111394319428	0.0	4
614	892.2370698451996	0.3454111394319428	0.0	5
615	893.7267420291901	0.3454111394319428	0.0	6
616	895.1459021568298	0.3454111394319428	0.0	7
617	896.5525770187378	0.3456229372648151	0.0002117978328722847	0
618	897.9472055435181	0.3456229372648151	0.0	1
619	899.3245394229889	0.3460216613477497	0.0003987240829346206	0
620	900.7199745178223	0.3460216613477497	0.0	1
621	902.1323218345642	0.3460216613477497	0.0	2
622	903.5085208415985	0.3460216613477497	0.0	3
623	904.9181172847748	0.34615013207735246	0.00012847072960275874	0
624	906.3172378540039	0.34615013207735246	0.0	1
625	907.7023737430573	0.3462542909564394	0.00010415887908693522	0
626	909.1301062107086	0.3462542909564394	0.0	1
627	910.5474364757538	0.3462542909564394	0.0	2
628	911.9819588661194	0.3464038611599133	0.00014957020347389216	0
629	913.404440164566	0.3466442540121611	0.00024039285224780604	0
630	914.868045091629	0.3466442540121611	0.0	1
631	916.2582738399506	0.3466442540121611	0.0	2
632	917.6914858818054	0.3466442540121611	0.0	3
633	919.1079959869385	0.346662262790321	1.8008778159883665e-05	0
634	920.5655801296234	0.3470286927535013	0.00036642996318031473	0
635	921.989098072052	0.3470286927535013	0.0	1
636	923.421897649765	0.3470286927535013	0.0	2
637	924.8691906929016	0.3470286927535013	0.0	3
638	926.2923002243042	0.3470286927535013	0.0	4
639	927.743691444397	0.3470286927535013	0.0	5
640	929.1502091884613	0.3470286927535013	0.0	6
641	930.5651936531067	0.3473142292320823	0.0002855364785810388	0
642	931.9821698665619	0.3473142292320823	0.0	1
643	933.4415409564972	0.3473142292320823	0.0	2
644	934.86039686203	0.3473142292320823	0.0	3
645	936.2903776168823	0.3473142292320823	0.0	4
646	937.7241609096527	0.3473322380102422	1.8008778159883665e-05	0
647	939.1905055046082	0.3474274168364359	9.517882619369811e-05	0
648	940.6063461303711	0.3474274168364359	0.0	1
649	942.0389838218689	0.3474274168364359	0.0	2
650	943.5469698905945	0.34746920206900417	4.1785232568258834e-05	0
651	945.0038268566132	0.34746920206900417	0.0	1
652	946.4424068927765	0.3477761300556968	0.0003069279866926289	0
653	947.8591585159302	0.3477761300556968	0.0	1
654	949.338871717453	0.34782176040576407	4.5630350067271674e-05	0
655	950.7914733886719	0.3485284102590461	0.0007066498532820042	0
656	952.2333936691284	0.3485284102590461	0.0	1
657	953.6755108833313	0.3485284102590461	0.0	2
658	955.1044435501099	0.3485284102590461	0.0	3
659	956.5612199306488	0.3485284102590461	0.0	4
660	958.0097434520721	0.3485284102590461	0.0	5
661	959.462559223175	0.3485284102590461	0.0	6
662	960.89364361763	0.3485284102590461	0.0	7
663	962.3737788200378	0.34866537431780803	0.00013696405876195694	0
664	963.7740924358368	0.34866537431780803	0.0	1
665	965.2538268566132	0.34866537431780803	0.0	2
666	966.7415339946747	0.34866537431780803	0.0	3
667	968.1946556568146	0.34870954449667313	4.417017886509944e-05	0
668	969.590069770813	0.34870954449667313	0.0	1
669	970.9977312088013	0.34897468725079744	0.00026514275412431454	0
670	972.4666543006897	0.34897468725079744	0.0	1
671	973.9183132648468	0.34897468725079744	0.0	2
672	975.4225935935974	0.3493000620670106	0.000325374816213142	0
673	976.8700666427612	0.3493000620670106	0.0	1
674	978.3247292041779	0.34948866751395535	0.00018860544694476733	0
675	979.8156368732452	0.34948866751395535	0.0	1
676	981.3589994907379	0.34948866751395535	0.0	2
677	982.8828918933868	0.34948866751395535	0.0	3
678	984.3914728164673	0.34948866751395535	0.0	4
679	985.918158531189	0.34948866751395535	0.0	5
680	987.4172742366791	0.3497721354166667	0.0002834679027113318	0
681	988.9098110198975	0.3497721354166667	0.0	1
682	990.406632900238	0.3497721354166667	0.0	2
683	991.9142949581146	0.3497721354166667	0.0	3
684	993.4449181556702	0.3497721354166667	0.0	4
685	994.9630613327026	0.3497721354166667	0.0	5
686	996.4943156242371	0.34979690965472987	2.477423806318546e-05	0
687	998.0498187541962	0.34979690965472987	0.0	1
688	999.4964611530304	0.35056958358253587	0.0007726739278060002	0
689	1000.9465930461884	0.35056958358253587	0.0	1
690	1002.3809871673584	0.35056958358253587	0.0	2
691	1003.8568880558014	0.35056958358253587	0.0	3
692	1005.3181836605072	0.35056958358253587	0.0	4
693	1006.7990419864655	0.3508679208953225	0.0002983373127866118	0
694	1008.2247672080994	0.3508679208953225	0.0	1
695	1009.7026278972626	0.3508679208953225	0.0	2
696	1011.1215486526489	0.3508679208953225	0.0	3
697	1012.5432136058807	0.3508679208953225	0.0	4
698	1013.9988217353821	0.3508679208953225	0.0	5
699	1015.4683587551117	0.3508679208953225	0.0	6
700	1016.9157917499542	0.3508679208953225	0.0	7
701	1018.3568716049194	0.3508679208953225	0.0	8
702	1019.8249027729034	0.3508679208953225	0.0	9
703	1021.2736320495605	0.3508679208953225	0.0	10
704	1022.70978307724	0.3508679208953225	0.0	11
705	1024.1673591136932	0.3508679208953225	0.0	12
706	1025.5919110774994	0.3508679208953225	0.0	13
707	1027.0878322124481	0.3508679208953225	0.0	14
708	1028.5496423244476	0.3508679208953225	0.0	15
709	1030.04123711586	0.3509683076654705	0.00010038677014800879	0
710	1031.4782886505127	0.3509683076654705	0.0	1
711	1032.9344160556793	0.3509683076654705	0.0	2
712	1034.3745336532593	0.3509683076654705	0.0	3
713	1035.8298530578613	0.3519236246744792	0.0009553170090086938	0
714	1037.2547705173492	0.3519236246744792	0.0	1
715	1038.7049565315247	0.3519236246744792	0.0	2
716	1040.1616122722626	0.3519236246744792	0.0	3
717	1041.6112616062164	0.3519236246744792	0.0	4
718	1043.0177931785583	0.3519236246744792	0.0	5
719	1044.4656081199646	0.3519236246744792	0.0	6
720	1045.9534668922424	0.3519236246744792	0.0	7
721	1047.4141864776611	0.3519236246744792	0.0	8
722	1048.8616194725037	0.3519236246744792	0.0	9
723	1050.305827140808	0.3519236246744792	0.0	10
724	1051.7208046913147	0.3520240114446272	0.00010038677014800879	0
725	1053.1781995296478	0.3520240114446272	0.0	1
726	1054.6388268470764	0.3520240114446272	0.0	2
727	1056.0789024829865	0.35250645200981856	0.0004824405651913666	0
728	1057.5736961364746	0.35250645200981856	0.0	1
729	1059.0438878536224	0.35267317922491775	0.00016672721509919386	0
730	1060.5576515197754	0.35267317922491775	0.0	1
731	1062.0593547821045	0.35267317922491775	0.0	2
732	1063.5293102264404	0.35267317922491775	0.0	3
733	1065.0100722312927	0.35267317922491775	0.0	4
734	1066.4968671798706	0.35267317922491775	0.0	5
735	1068.039832830429	0.35267317922491775	0.0	6
736	1069.546834230423	0.35267317922491775	0.0	7
737	1071.0583040714264	0.35267317922491775	0.0	8
738	1072.5600321292877	0.35267317922491775	0.0	9
739	1074.0706028938293	0.3528388113116153	0.00016563208669756468	0
740	1075.551728963852	0.3528388113116153	0.0	1
741	1077.0752651691437	0.3528388113116153	0.0	2
742	1078.6057662963867	0.3528388113116153	0.0	3
743	1080.1152954101562	0.3539667205567185	0.001127909245103198	0
744	1081.6605846881866	0.3539667205567185	0.0	1
745	1083.195776939392	0.3539667205567185	0.0	2
746	1084.7423129081726	0.35412354294382975	0.00015682238711123286	0
747	1086.2665438652039	0.35412354294382975	0.0	1
748	1087.760995388031	0.35412354294382975	0.0	2
749	1089.3238735198975	0.3544742517304002	0.0003507087865704528	0
750	1090.8636519908905	0.3544742517304002	0.0	1
751	1092.4252798557281	0.3544742517304002	0.0	2
752	1093.9479835033417	0.3544742517304002	0.0	3
753	1095.4950873851776	0.35457665840404456	0.00010240667364436185	0
754	1097.0386176109314	0.35457665840404456	0.0	1
755	1098.4767801761627	0.35457665840404456	0.0	2
756	1099.8962032794952	0.35457665840404456	0.0	3
757	1101.3416018486023	0.354755553712495	0.0001788953084504441	0
758	1102.7615518569946	0.354755553712495	0.0	1
759	1104.1935772895813	0.354755553712495	0.0	2
760	1105.6558108329773	0.354755553712495	0.0	3
761	1107.075139760971	0.354755553712495	0.0	4
762	1108.5317668914795	0.354755553712495	0.0	5
763	1110.0118074417114	0.354755553712495	0.0	6
764	1111.434257030487	0.3549753824869792	0.00021982877448417648	0
765	1112.8661892414093	0.3549753824869792	0.0	1
766	1114.3512392044067	0.3549753824869792	0.0	2
767	1115.8193476200104	0.3549753824869792	0.0	3
768	1117.2628943920135	0.35504965652879533	7.427404181614694e-05	0
769	1118.722446680069	0.35504965652879533	0.0	1
770	1120.1880059242249	0.35504965652879533	0.0	2
771	1121.6549015045166	0.3550661564633797	1.64999345843575e-05	0
772	1123.1071515083313	0.3550661564633797	0.0	1
773	1124.614500284195	0.3550661564633797	0.0	2
774	1126.0492722988129	0.3550661564633797	0.0	3
775	1127.4658508300781	0.3550661564633797	0.0	4
776	1128.8983881473541	0.35508681788589014	2.0661422510448446e-05	0
777	1130.3138389587402	0.35508681788589014	0.0	1
778	1131.7501780986786	0.35508681788589014	0.0	2
779	1133.2213816642761	0.35508681788589014	0.0	3
780	1134.6590042114258	0.35508681788589014	0.0	4
781	1136.0988483428955	0.35508681788589014	0.0	5
782	1137.5171613693237	0.3554650995719946	0.00037828168610448687	0
783	1138.9898736476898	0.3554650995719946	0.0	1
784	1140.4222910404205	0.3554650995719946	0.0	2
785	1141.8163800239563	0.3554650995719946	0.0	3
786	1143.2378857135773	0.3554650995719946	0.0	4
787	1144.6612102985382	0.3554650995719946	0.0	5
788	1146.121512889862	0.3554650995719946	0.0	6
789	1147.6097741127014	0.35549768572598933	3.258615399470699e-05	0
790	1149.081954717636	0.35549768572598933	0.0	1
791	1150.4933440685272	0.35549768572598933	0.0	2
792	1151.9435243606567	0.35549768572598933	0.0	3
793	1153.3678884506226	0.35549768572598933	0.0	4
794	1154.7807893753052	0.35550912373373955	1.1438007750219636e-05	0
795	1156.219084262848	0.35550912373373955	0.0	1
796	1157.6559762954712	0.35550912373373955	0.0	2
797	1159.1198115348816	0.35550912373373955	0.0	3
798	1160.5609784126282	0.35550912373373955	0.0	4
799	1162.0018367767334	0.35550912373373955	0.0	5
800	1163.4379456043243	0.35555682265967653	4.7698925936978664e-05	0
801	1164.890438079834	0.3557690585439095	0.00021223588423296968	0
802	1166.3406298160553	0.3558781089965236	0.00010905045261411228	0
803	1167.8109459877014	0.3558781089965236	0.0	1
804	1169.2825949192047	0.3563377708909614	0.0004596618944378017	0
805	1170.7583441734314	0.3563377708909614	0.0	1
806	1172.2373473644257	0.3563377708909614	0.0	2
807	1173.6552753448486	0.3563377708909614	0.0	3
808	1175.1682679653168	0.3563377708909614	0.0	4
809	1176.6612598896027	0.3563377708909614	0.0	5
810	1178.1594500541687	0.3563377708909614	0.0	6
811	1179.6406517028809	0.3563377708909614	0.0	7
812	1181.1322119235992	0.3563377708909614	0.0	8
813	1182.6317732334137	0.3563377708909614	0.0	9
814	1184.0693759918213	0.3563377708909614	0.0	10
815	1185.6145515441895	0.3563377708909614	0.0	11
816	1187.1092488765717	0.3563377708909614	0.0	12
817	1188.6227536201477	0.35638546981689845	4.7698925937034176e-05	0
818	1190.1538372039795	0.35638546981689845	0.0	1
819	1191.7072546482086	0.35638546981689845	0.0	2
820	1193.2519516944885	0.35638546981689845	0.0	3
821	1194.7914352416992	0.35638546981689845	0.0	4
822	1196.3313088417053	0.35638546981689845	0.0	5
823	1197.8625223636627	0.35638546981689845	0.0	6
824	1199.404709815979	0.35638546981689845	0.0	7
825	1201.000655412674	0.35638546981689845	0.0	8
826	1202.57399725914	0.35638546981689845	0.0	9
827	1204.0126512050629	0.356784193899833	0.00039872408293456507	0
828	1205.4697275161743	0.356784193899833	0.0	1
829	1206.9245324134827	0.356784193899833	0.0	2
830	1208.3813133239746	0.356784193899833	0.0	3
831	1209.896431684494	0.356784193899833	0.0	4
832	1211.3437886238098	0.356784193899833	0.0	5
833	1212.7907364368439	0.356784193899833	0.0	6
834	1214.2458214759827	0.356784193899833	0.0	7
835	1215.7234811782837	0.356784193899833	0.0	8
836	1217.21670460701	0.35681663403670755	3.2440136874534176e-05	0
837	1218.6481473445892	0.35681663403670755	0.0	1
838	1220.1152548789978	0.35681663403670755	0.0	2
839	1221.5534484386444	0.35683753882108504	2.0904784377495655e-05	0
840	1222.997775554657	0.35683753882108504	0.0	1
841	1224.4890978336334	0.35683753882108504	0.0	2
842	1225.9295291900635	0.35683753882108504	0.0	3
843	1227.3936560153961	0.35686039050039875	2.2851679313706796e-05	0
844	1228.835101366043	0.35686039050039875	0.0	1
845	1230.3053064346313	0.35686039050039875	0.0	2
846	1231.781658411026	0.35686039050039875	0.0	3
847	1233.225040435791	0.35686039050039875	0.0	4
848	1234.7250723838806	0.35686039050039875	0.0	5
849	1236.1645221710205	0.35687185284433565	1.1462343936896602e-05	0
850	1237.6408052444458	0.35687185284433565	0.0	1
851	1239.1038949489594	0.35687185284433565	0.0	2
852	1240.5855913162231	0.35687185284433565	0.0	3
853	1242.0267131328583	0.35687185284433565	0.0	4
854	1243.4651579856873	0.35687375106689845	1.898222562801699e-06	0
855	1244.9289145469666	0.35687375106689845	0.0	1
856	1246.3978607654572	0.35687375106689845	0.0	2
857	1247.852360010147	0.35687375106689845	0.0	3
858	1249.3528108596802	0.35687375106689845	0.0	4
859	1250.8381023406982	0.35687375106689845	0.0	5
860	1252.3127393722534	0.35687375106689845	0.0	6
861	1253.7639186382294	0.35688331518827254	9.564121374094903e-06	0
862	1255.2297270298004	0.35688331518827254	0.0	1
863	1256.7069118022919	0.35688331518827254	0.0	2
864	1258.17169547081	0.3569545228705642	7.120768229162966e-05	0
865	1259.6132972240448	0.3569545228705642	0.0	1
866	1261.1190922260284	0.3569545228705642	0.0	2
867	1262.5705003738403	0.3569545228705642	0.0	3
868	1264.0619928836823	0.3569545228705642	0.0	4
869	1265.5507981777191	0.3569545228705642	0.0	5
870	1267.053795337677	0.3569545228705642	0.0	6
871	1268.5712122917175	0.3570920466616203	0.00013752379105613777	0
872	1270.0932397842407	0.3570920466616203	0.0	1
873	1271.5852222442627	0.3570920466616203	0.0	2
874	1273.0821371078491	0.3570920466616203	0.0	3
875	1274.6495761871338	0.3570920466616203	0.0	4
876	1276.2355856895447	0.3570920466616203	0.0	5
877	1277.815440416336	0.3570920466616203	0.0	6
878	1279.3416366577148	0.3570920466616203	0.0	7
879	1280.876910686493	0.3570920466616203	0.0	8
880	1282.462609052658	0.35715427429101876	6.222762939844806e-05	0
881	1284.0551362037659	0.3572062320496287	5.1957758609944005e-05	0
882	1285.5752947330475	0.3572062320496287	0.0	1
883	1287.10209774971	0.3572062320496287	0.0	2
884	1288.600797176361	0.3572062320496287	0.0	3
885	1290.1494240760803	0.3572062320496287	0.0	4
886	1291.6739509105682	0.35740600780626997	0.0001997757566412628	0
887	1293.233605146408	0.35740600780626997	0.0	1
888	1294.7494764328003	0.35740600780626997	0.0	2
889	1296.2854495048523	0.35740600780626997	0.0	3
890	1297.8506305217743	0.35740600780626997	0.0	4
891	1299.3667964935303	0.35740600780626997	0.0	5
892	1300.9392366409302	0.35740600780626997	0.0	6
893	1302.5104389190674	0.35750629723167116	0.0001002894254011899	0
894	1304.0091111660004	0.35750629723167116	0.0	1
895	1305.4944503307343	0.35750629723167116	0.0	2
896	1306.9578981399536	0.35763987856048146	0.00013358132881030604	0
897	1308.4357447624207	0.35763987856048146	0.0	1
898	1309.902575492859	0.35763987856048146	0.0	2
899	1311.3702657222748	0.35763987856048146	0.0	3
900	1312.8495049476624	0.35763987856048146	0.0	4
901	1314.3011009693146	0.35763987856048146	0.0	5
902	1315.7857353687286	0.35763987856048146	0.0	6
903	1317.2532596588135	0.35763987856048146	0.0	7
904	1318.7210233211517	0.35763987856048146	0.0	8
905	1320.2088994979858	0.35763987856048146	0.0	9
906	1321.6762187480927	0.35763987856048146	0.0	10
907	1323.1370985507965	0.35763987856048146	0.0	11
908	1324.610113620758	0.35763987856048146	0.0	12
909	1326.0891664028168	0.35763987856048146	0.0	13
910	1327.5686340332031	0.35763987856048146	0.0	14
911	1329.0335087776184	0.35763987856048146	0.0	15
912	1330.5332374572754	0.35763987856048146	0.0	16
913	1332.0004618167877	0.35763987856048146	0.0	17
914	1333.4851853847504	0.35763987856048146	0.0	18
915	1334.9540445804596	0.35763987856048146	0.0	19
916	1336.4097476005554	0.35763987856048146	0.0	20
917	1337.8526294231415	0.35763987856048146	0.0	21
918	1339.2871894836426	0.35763987856048146	0.0	22
919	1340.6980004310608	0.35763987856048146	0.0	23
920	1342.1492202281952	0.35763987856048146	0.0	24
921	1343.618548631668	0.35763987856048146	0.0	25
922	1345.1337294578552	0.35763987856048146	0.0	26
923	1346.5628154277802	0.35763987856048146	0.0	27
924	1347.9899063110352	0.35763987856048146	0.0	28
925	1349.4345617294312	0.35763987856048146	0.0	29
926	1350.8618083000183	0.35763987856048146	0.0	30
927	1352.3248150348663	0.35763987856048146	0.0	31
928	1353.8390662670135	0.35763987856048146	0.0	32
929	1355.3338277339935	0.35763987856048146	0.0	33
930	1356.802167415619	0.35763987856048146	0.0	34
931	1358.2617614269257	0.35763987856048146	0.0	35
932	1359.7740025520325	0.35763987856048146	0.0	36
933	1361.2531111240387	0.35763987856048146	0.0	37
934	1362.6934237480164	0.3580182575913327	0.00037837903085125024	0
935	1364.14683842659	0.3580182575913327	0.0	1
936	1365.6257939338684	0.3580182575913327	0.0	2
937	1367.099176645279	0.3580182575913327	0.0	3
938	1368.5533163547516	0.3580182575913327	0.0	4
939	1370.035367012024	0.3580182575913327	0.0	5
940	1371.538281917572	0.3580182575913327	0.0	6
941	1373.0287284851074	0.3580182575913327	0.0	7
942	1374.4652740955353	0.3580182575913327	0.0	8
943	1375.9291191101074	0.3580182575913327	0.0	9
944	1377.3917393684387	0.3580182575913327	0.0	10
945	1378.8880648612976	0.3580182575913327	0.0	11
946	1380.3544631004333	0.3580182575913327	0.0	12
947	1381.8175394535065	0.35803930839283044	2.105080149772398e-05	0
948	1383.3339550495148	0.35803930839283044	0.0	1
949	1384.8338477611542	0.35803930839283044	0.0	2
950	1386.3298602104187	0.35803930839283044	0.0	3
951	1387.8309700489044	0.35803930839283044	0.0	4
952	1389.2848405838013	0.35804332386363635	4.015470805918131e-06	0
953	1390.789957523346	0.3580465362402811	3.212376644745607e-06	0
954	1392.3346605300903	0.3580465362402811	0.0	1
955	1393.899388551712	0.3580596534449138	1.3117204632706603e-05	0
956	1395.439076423645	0.3580596534449138	0.0	1
957	1396.9782559871674	0.3580596534449138	0.0	2
958	1398.5437262058258	0.3580596534449138	0.0	3
959	1400.100013256073	0.3580596534449138	0.0	4
960	1401.630865097046	0.3580596534449138	0.0	5
961	1403.1518251895905	0.3580596534449138	0.0	6
962	1404.7154524326324	0.3580596534449138	0.0	7
963	1406.2228226661682	0.35806724633516496	7.592890251151285e-06	0
964	1407.7688298225403	0.35845837752784837	0.0003911311926834138	0
965	1409.3728132247925	0.35845837752784837	0.0	1
966	1410.8704555034637	0.35845837752784837	0.0	2
967	1412.3357253074646	0.35845837752784837	0.0	3
968	1413.8014469146729	0.35845837752784837	0.0	4
969	1415.2672209739685	0.35845837752784837	0.0	5
970	1416.721301317215	0.35845837752784837	0.0	6
971	1418.2194681167603	0.35845837752784837	0.0	7
972	1419.673350095749	0.3584659704180996	7.592890251206796e-06	0
973	1421.1150424480438	0.3584659704180996	0.0	1
974	1422.5981767177582	0.3584659704180996	0.0	2
975	1424.071665763855	0.3584659704180996	0.0	3
976	1425.5339031219482	0.3584659704180996	0.0	4
977	1427.0468440055847	0.3584659704180996	0.0	5
978	1428.541776895523	0.3584659704180996	0.0	6
979	1430.033282995224	0.3584659704180996	0.0	7
980	1431.515874862671	0.3584659704180996	0.0	8
981	1432.9967486858368	0.3584659704180996	0.0	9
982	1434.4902091026306	0.35852768698757725	6.171656947767667e-05	0
983	1435.9915981292725	0.35852768698757725	0.0	1
984	1437.4854745864868	0.35852768698757725	0.0	2
985	1438.9659671783447	0.35852768698757725	0.0	3
986	1440.437487602234	0.35852768698757725	0.0	4
987	1441.9307086467743	0.35852768698757725	0.0	5
988	1443.4179723262787	0.35852768698757725	0.0	6
989	1444.8994274139404	0.35852768698757725	0.0	7
990	1446.3768289089203	0.35852768698757725	0.0	8
991	1447.8591322898865	0.35852768698757725	0.0	9
992	1449.3337841033936	0.3589264110705119	0.0003987240829346206	0
993	1450.7862706184387	0.3589264110705119	0.0	1
994	1452.2547643184662	0.3589264110705119	0.0	2
995	1453.72789311409	0.3589264110705119	0.0	3
996	1455.1889064311981	0.3589264110705119	0.0	4
997	1456.7095050811768	0.3589264110705119	0.0	5
998	1458.168830871582	0.3589264110705119	0.0	6
999	1459.6554341316223	0.3589264110705119	0.0	7
1000	1461.1652238368988	0.3589264110705119	0.0	8
1001	1462.6598320007324	0.3589264110705119	0.0	9
1002	1464.109279870987	0.3589449065724058	1.8495501893922572e-05	0
1003	1465.5774149894714	0.3589449065724058	0.0	1
1004	1467.0385224819183	0.3589449065724058	0.0	2
1005	1468.5174915790558	0.3589449065724058	0.0	3
1006	1469.9846546649933	0.3589449065724058	0.0	4
1007	1471.4673254489899	0.3589449065724058	0.0	5
1008	1472.9533233642578	0.3589449065724058	0.0	6
1009	1474.5296919345856	0.3589449065724058	0.0	7
1010	1476.0691199302673	0.3589449065724058	0.0	8
1011	1477.5736982822418	0.3589449065724058	0.0	9
1012	1479.0898880958557	0.3589449065724058	0.0	10
1013	1480.642394542694	0.3589449065724058	0.0	11
1014	1482.186910867691	0.3589449065724058	0.0	12
1015	1483.7309229373932	0.3589449065724058	0.0	13
1016	1485.3042378425598	0.3589449065724058	0.0	14
1017	1486.8513741493225	0.3589449065724058	0.0	15
1018	1488.4027528762817	0.3589449065724058	0.0	16
1019	1489.9802422523499	0.3589449065724058	0.0	17
1020	1491.5704972743988	0.3589449065724058	0.0	18
1021	1493.131031036377	0.3589449065724058	0.0	19
1022	1494.7141807079315	0.3589449065724058	0.0	20
1023	1496.2694804668427	0.3589449065724058	0.0	21
1024	1497.864371061325	0.3589449065724058	0.0	22
1025	1499.4163649082184	0.3589449065724058	0.0	23
1026	1500.9557807445526	0.3589449065724058	0.0	24
1027	1502.553352355957	0.3589449065724058	0.0	25
1028	1504.0825972557068	0.3589449065724058	0.0	26
1029	1505.6215841770172	0.3589449065724058	0.0	27
1030	1507.2169194221497	0.3589449065724058	0.0	28
1031	1508.775712966919	0.3589449065724058	0.0	29
1032	1510.3489587306976	0.3589526698159639	7.763243558112087e-06	0
1033	1511.8404386043549	0.3589526698159639	0.0	1
1034	1513.3014516830444	0.3589526698159639	0.0	2
1035	1514.7650101184845	0.3589526698159639	0.0	3
1036	1516.244159936905	0.3589526698159639	0.0	4
1037	1517.7403852939606	0.3589526698159639	0.0	5
1038	1519.2178015708923	0.3589526698159639	0.0	6
1039	1520.6820154190063	0.3589526698159639	0.0	7
1040	1522.1452407836914	0.3589526698159639	0.0	8
1041	1523.6534354686737	0.3589526698159639	0.0	9
1042	1525.1480345726013	0.3589526698159639	0.0	10
1043	1526.6238269805908	0.3589526698159639	0.0	11
1044	1528.1068270206451	0.3589526698159639	0.0	12
1045	1529.5930757522583	0.3589526698159639	0.0	13
1046	1531.078397989273	0.3589526698159639	0.0	14
1047	1532.5731365680695	0.3589526698159639	0.0	15
1048	1534.0525317192078	0.3589526698159639	0.0	16
1049	1535.5452964305878	0.3589526698159639	0.0	17
1050	1537.0329189300537	0.3589526698159639	0.0	18
1051	1538.5335893630981	0.3589526698159639	0.0	19
1052	1540.0455808639526	0.3589526698159639	0.0	20
1053	1541.603410243988	0.3589526698159639	0.0	21
1054	1543.0969986915588	0.3589526698159639	0.0	22
1055	1544.5969622135162	0.3589526698159639	0.0	23
1056	1546.0869941711426	0.3589526698159639	0.0	24
1057	1547.5891690254211	0.3589526698159639	0.0	25
1058	1549.0526361465454	0.3589526698159639	0.0	26
1059	1550.5260035991669	0.3589526698159639	0.0	27
1060	1552.0130560398102	0.3589526698159639	0.0	28
1061	1553.5349562168121	0.3589526698159639	0.0	29
1062	1555.0200073719025	0.3589526698159639	0.0	30
1063	1556.4980609416962	0.3589526698159639	0.0	31
1064	1557.9679729938507	0.3589526698159639	0.0	32
1065	1559.4730100631714	0.3589526698159639	0.0	33
1066	1560.9558329582214	0.3589526698159639	0.0	34
1067	1562.4361262321472	0.3589526698159639	0.0	35
1068	1563.930831193924	0.3589526698159639	0.0	36
1069	1565.41650056839	0.3589526698159639	0.0	37
1070	1566.888397693634	0.3589526698159639	0.0	38
1071	1568.3629355430603	0.3589526698159639	0.0	39
1072	1569.8483262062073	0.3589526698159639	0.0	40
1073	1571.3300716876984	0.3589526698159639	0.0	41
1074	1572.773657798767	0.3589526698159639	0.0	42
1075	1574.260784626007	0.3589526698159639	0.0	43
1076	1575.7369136810303	0.3589526698159639	0.0	44
1077	1577.2033522129059	0.3589526698159639	0.0	45
1078	1578.6725177764893	0.3589526698159639	0.0	46
1079	1580.153929233551	0.3589526698159639	0.0	47
1080	1581.66726064682	0.3589526698159639	0.0	48
1081	1583.1742916107178	0.3589526698159639	0.0	49
1082	1584.6669313907623	0.3589526698159639	0.0	50
1083	1586.129854440689	0.3589526698159639	0.0	51
1084	1587.6742660999298	0.3589526698159639	0.0	52
1085	1589.1793129444122	0.3589526698159639	0.0	53
1086	1590.6432654857635	0.3589526698159639	0.0	54
1087	1592.1266100406647	0.3589526698159639	0.0	55
1088	1593.6639194488525	0.3589526698159639	0.0	56
1089	1595.1745390892029	0.3589526698159639	0.0	57
1090	1596.734878540039	0.3589526698159639	0.0	58
1091	1598.2176041603088	0.3589526698159639	0.0	59
1092	1599.7635142803192	0.3589526698159639	0.0	60
1093	1601.317406654358	0.3589526698159639	0.0	61
1094	1602.8761444091797	0.3589526698159639	0.0	62
1095	1604.4369542598724	0.3589526698159639	0.0	63
1096	1605.9963948726654	0.3589526698159639	0.0	64
1097	1607.5253677368164	0.3589526698159639	0.0	65
1098	1609.1102249622345	0.3589526698159639	0.0	66
1099	1610.6737651824951	0.3589526698159639	0.0	67
1100	1612.2256708145142	0.3589526698159639	0.0	68
1101	1613.7623150348663	0.3589526698159639	0.0	69
1102	1615.3620283603668	0.3589526698159639	0.0	70
1103	1616.9023990631104	0.3589526698159639	0.0	71
1104	1618.5013318061829	0.3589526698159639	0.0	72
1105	1619.9860994815826	0.3589526698159639	0.0	73
1106	1621.5065190792084	0.3589526698159639	0.0	74
1107	1622.9783191680908	0.3589526698159639	0.0	75
1108	1624.4739928245544	0.3589526698159639	0.0	76
1109	1625.9329619407654	0.3589526698159639	0.0	77
1110	1627.494787454605	0.3589526698159639	0.0	78
1111	1628.9540436267853	0.3589526698159639	0.0	79
1112	1630.4766850471497	0.3589526698159639	0.0	80
1113	1632.0144724845886	0.3589526698159639	0.0	81
1114	1633.5335667133331	0.3589526698159639	0.0	82
1115	1635.010552406311	0.3589526698159639	0.0	83
1116	1636.48202252388	0.3589526698159639	0.0	84
1117	1637.9658241271973	0.3589526698159639	0.0	85
1118	1639.4647841453552	0.3589526698159639	0.0	86
1119	1640.9293456077576	0.3589526698159639	0.0	87
1120	1642.436598777771	0.3589526698159639	0.0	88
1121	1643.9172751903534	0.3589526698159639	0.0	89
1122	1645.3986740112305	0.3589526698159639	0.0	90
1123	1646.9065737724304	0.3589526698159639	0.0	91
1124	1648.3858790397644	0.3589526698159639	0.0	92
1125	1649.8611397743225	0.3589526698159639	0.0	93
1126	1651.3212225437164	0.3589526698159639	0.0	94
1127	1652.8261423110962	0.3589526698159639	0.0	95
1128	1654.3306958675385	0.3589526698159639	0.0	96
1129	1655.82928109169	0.3589526698159639	0.0	97
1130	1657.32404088974	0.3589526698159639	0.0	98
1131	1658.861899614334	0.3589526698159639	0.0	99
1132	1660.3993594646454	0.3589526698159639	0.0	100
1133	1661.853732585907	0.3589526698159639	0.0	101
1134	1663.3124732971191	0.3589526698159639	0.0	102
1135	1664.8040158748627	0.3589526698159639	0.0	103
1136	1666.2990655899048	0.3589526698159639	0.0	104
1137	1667.7723252773285	0.3589526698159639	0.0	105
1138	1669.2582137584686	0.3589526698159639	0.0	106
1139	1670.696256160736	0.3589526698159639	0.0	107
1140	1672.222808122635	0.3589526698159639	0.0	108
1141	1673.678801059723	0.3589526698159639	0.0	109
1142	1675.1168522834778	0.3589526698159639	0.0	110
1143	1676.605227947235	0.3589526698159639	0.0	111
1144	1678.1085093021393	0.3589526698159639	0.0	112
1145	1679.5700426101685	0.3589526698159639	0.0	113
1146	1681.0645949840546	0.3589526698159639	0.0	114
1147	1682.5254073143005	0.3589526698159639	0.0	115
1148	1684.0828785896301	0.3589526698159639	0.0	116
1149	1685.5954813957214	0.3589526698159639	0.0	117
1150	1687.105789899826	0.3589526698159639	0.0	118
1151	1688.619597196579	0.3589526698159639	0.0	119
1152	1690.1355504989624	0.3589526698159639	0.0	120
1153	1691.6846959590912	0.3589526698159639	0.0	121
1154	1693.214207649231	0.3589526698159639	0.0	122
1155	1694.7497873306274	0.3589526698159639	0.0	123
1156	1696.3304431438446	0.3589526698159639	0.0	124
1157	1697.8896112442017	0.3589526698159639	0.0	125
1158	1699.4464139938354	0.3589526698159639	0.0	126
1159	1701.0345623493195	0.3589526698159639	0.0	127
1160	1702.586246728897	0.3589526698159639	0.0	128
1161	1704.1540656089783	0.3589526698159639	0.0	129
1162	1705.727135181427	0.3589526698159639	0.0	130
1163	1707.2831304073334	0.3589526698159639	0.0	131
1164	1708.8393309116364	0.3589526698159639	0.0	132
1165	1710.4181005954742	0.3589526698159639	0.0	133
1166	1711.9892363548279	0.3589526698159639	0.0	134
1167	1713.5114314556122	0.3589526698159639	0.0	135
1168	1715.0584568977356	0.3589526698159639	0.0	136
1169	1716.5995981693268	0.3589526698159639	0.0	137
1170	1718.166731595993	0.3589526698159639	0.0	138
1171	1719.7688143253326	0.3589526698159639	0.0	139
1172	1721.2462153434753	0.3589612361536832	8.566337719284611e-06	0
1173	1722.7405784130096	0.3589612361536832	0.0	1
1174	1724.2214698791504	0.3589612361536832	0.0	2
1175	1725.7177572250366	0.3589612361536832	0.0	3
1176	1727.1742181777954	0.3589612361536832	0.0	4
1177	1728.6957201957703	0.3589612361536832	0.0	5
1178	1730.1660294532776	0.3589612361536832	0.0	6
1179	1731.67515873909	0.3589612361536832	0.0	7
1180	1733.2137913703918	0.3589612361536832	0.0	8
1181	1734.715175628662	0.3589612361536832	0.0	9
1182	1736.2138464450836	0.3589612361536832	0.0	10
1183	1737.7183084487915	0.3589612361536832	0.0	11
1184	1739.1783368587494	0.3589612361536832	0.0	12
1185	1740.6819231510162	0.3589612361536832	0.0	13
1186	1742.1504459381104	0.3589612361536832	0.0	14
1187	1743.6711194515228	0.3589612361536832	0.0	15
1188	1745.126424074173	0.3589612361536832	0.0	16
1189	1746.6031000614166	0.3589612361536832	0.0	17
1190	1748.069040775299	0.3589612361536832	0.0	18
1191	1749.5477499961853	0.3589612361536832	0.0	19
1192	1750.9898793697357	0.3589612361536832	0.0	20
1193	1752.4721705913544	0.3589612361536832	0.0	21
1194	1753.9470326900482	0.3589612361536832	0.0	22
1195	1755.3976294994354	0.3589612361536832	0.0	23
1196	1756.890251159668	0.3589612361536832	0.0	24
1197	1758.3539860248566	0.3589612361536832	0.0	25
1198	1759.8140330314636	0.3589612361536832	0.0	26
1199	1761.305044412613	0.3589612361536832	0.0	27
1200	1762.8217766284943	0.3589612361536832	0.0	28
1201	1764.3434345722198	0.3589612361536832	0.0	29
1202	1765.8326387405396	0.3589612361536832	0.0	30
1203	1767.3782985210419	0.3589612361536832	0.0	31
1204	1768.8859055042267	0.3589612361536832	0.0	32
1205	1770.386162519455	0.3589612361536832	0.0	33
1206	1771.8786923885345	0.3589612361536832	0.0	34
1207	1773.3367943763733	0.3589612361536832	0.0	35
1208	1774.8210844993591	0.3589612361536832	0.0	36
1209	1776.3108141422272	0.3589612361536832	0.0	37
1210	1777.8273758888245	0.3589612361536832	0.0	38
1211	1779.2740769386292	0.3589612361536832	0.0	39
1212	1780.8013734817505	0.3589612361536832	0.0	40
1213	1782.2939908504486	0.3589612361536832	0.0	41
1214	1783.7830111980438	0.3589612361536832	0.0	42
1215	1785.2969574928284	0.3589612361536832	0.0	43
1216	1786.7734365463257	0.3589612361536832	0.0	44
1217	1788.2519409656525	0.3589612361536832	0.0	45
1218	1789.8571212291718	0.3589612361536832	0.0	46
1219	1791.3537225723267	0.3589612361536832	0.0	47
1220	1792.8395631313324	0.3589612361536832	0.0	48
1221	1794.3166689872742	0.3589612361536832	0.0	49
1222	1795.8036749362946	0.3589612361536832	0.0	50
1223	1797.3488910198212	0.3589612361536832	0.0	51
1224	1798.8431174755096	0.3589612361536832	0.0	52
1225	1800.338173866272	0.3589612361536832	0.0	53
