1	0.9873743057250977	0.04943921881619443	10000000000.049438	0
2	1.817579984664917	0.053490542909175015	0.0040513240929805835	0
3	2.4662163257598877	0.053490542909175015	0.0	1
4	3.1045775413513184	0.053490542909175015	0.0	2
5	3.7567944526672363	0.053490542909175015	0.0	3
6	4.390116453170776	0.07307797299617785	0.01958743008700284	0
7	5.049340724945068	0.07307797299617785	0.0	1
8	5.709237098693848	0.07307797299617785	0.0	2
9	6.411167144775391	0.07307797299617785	0.0	3
10	7.089820623397827	0.0901199048786072	0.017041931882429348	0
11	7.784427642822266	0.0901199048786072	0.0	1
12	8.550614356994629	0.0901199048786072	0.0	2
13	9.32302451133728	0.0901199048786072	0.0	3
14	10.087644815444946	0.0901199048786072	0.0	4
15	10.840427160263062	0.1010725943095376	0.010952689430930404	0
16	11.62717080116272	0.1010725943095376	0.0	1
17	12.45048189163208	0.1010725943095376	0.0	2
18	13.260254383087158	0.1010725943095376	0.0	3
19	14.053335666656494	0.1010725943095376	0.0	4
20	14.902910709381104	0.1010725943095376	0.0	5
21	15.71007251739502	0.1010725943095376	0.0	6
22	16.52947998046875	0.10199791088438871	0.0009253165748511066	0
23	17.370137691497803	0.10617446291009396	0.0041765520257052435	0
24	18.21121883392334	0.11561777945340536	0.009443316543311403	0
25	19.038328170776367	0.11561777945340536	0.0	1
26	19.90044903755188	0.12392620226602996	0.008308422812624602	0
27	20.784899473190308	0.12589748206131005	0.0019712797952800842	0
28	21.660422325134277	0.12589748206131005	0.0	1
29	22.570743083953857	0.12589748206131005	0.0	2
30	23.520776987075806	0.13198528867779355	0.006087806616483504	0
31	24.437002182006836	0.13198528867779355	0.0	1
32	25.43943953514099	0.13198528867779355	0.0	2
33	26.43682098388672	0.13198528867779355	0.0	3
34	27.475900173187256	0.13517768531324761	0.0031923966354540645	0
35	28.481606483459473	0.13800764312014055	0.0028299578068929354	0
36	29.516819953918457	0.13800764312014055	0.0	1
37	30.5375759601593	0.13800764312014055	0.0	2
38	31.57168221473694	0.13800764312014055	0.0	3
39	32.59983587265015	0.14061665268796103	0.0026090095678204805	0
40	33.62396693229675	0.14101537677089562	0.00039872408293459283	0
41	34.64511585235596	0.14101537677089562	0.0	1
42	35.70242238044739	0.1437634676457212	0.0027480908748255817	0
43	36.82995796203613	0.144901756274453	0.001138288628731804	0
44	37.89124417304993	0.144901756274453	0.0	1
45	38.96625733375549	0.1452085017397453	0.00030674546529230184	0
46	40.02919292449951	0.1454660272674317	0.000257525527686403	0
47	41.10270810127258	0.14860825485399845	0.003142227586566737	0
48	42.26233124732971	0.15112056458395634	0.00251230972995789	0
49	43.33736276626587	0.15736610619455244	0.006245541610596095	0
50	44.44542169570923	0.15736610619455244	0.0	1
51	45.53971004486084	0.15736610619455244	0.0	2
52	46.586763858795166	0.15736610619455244	0.0	3
53	47.73119783401489	0.16197524610698888	0.004609139912436444	0
54	48.74173283576965	0.16197524610698888	0.0	1
55	49.79605984687805	0.16346434086703798	0.0014890947600491033	0
56	50.876128911972046	0.1638197587057354	0.00035541783869741383	0
57	51.90156602859497	0.16798455635326331	0.004164797647527918	0
58	52.94223952293396	0.170881499514055	0.0028969431607916984	0
59	53.970853090286255	0.170881499514055	0.0	1
60	55.011027812957764	0.1741417697742225	0.0032602702601674804	0
61	56.06610059738159	0.1741417697742225	0.0	1
62	57.12225127220154	0.17544604336435904	0.0013042735901365454	0
63	58.210179805755615	0.17586634147680547	0.0004202981124464267	0
64	59.26423525810242	0.179460090503358	0.003593749026552545	0
65	60.355037450790405	0.18418986489327902	0.004729774389921004	0
66	61.455111026763916	0.18788070313668137	0.0036908382434023557	0
67	62.54750084877014	0.18884952672930996	0.0009688235926285926	0
68	63.628657817840576	0.18969763066780054	0.0008481039384905797	0
69	64.73250007629395	0.18969763066780054	0.0	1
70	65.80570864677429	0.18969763066780054	0.0	2
71	66.93357014656067	0.19405784789454994	0.004360217226749397	0
72	68.05270218849182	0.19494363641814944	0.0008857885235994956	0
73	69.21723699569702	0.20204006846061354	0.007096432042464101	0
74	70.34671640396118	0.20204006846061354	0.0	1
75	71.47730231285095	0.20297168202377391	0.0009316135631603772	0
76	72.61045742034912	0.20297168202377391	0.0	1
77	73.73862838745117	0.20590124784284042	0.002929565819066504	0
78	74.8740246295929	0.20590124784284042	0.0	1
79	76.03788709640503	0.21003095270914324	0.004129704866302819	0
80	77.20685601234436	0.21467651172498006	0.004645559015836825	0
81	78.37767219543457	0.21467651172498006	0.0	1
82	79.60188865661621	0.21631925299977572	0.0016427412747956616	0
83	80.86603021621704	0.21631925299977572	0.0	1
84	82.12999081611633	0.2201280852444054	0.0038088322446296896	0
85	83.41341757774353	0.2201280852444054	0.0	1
86	84.75045824050903	0.2229908238947867	0.00286273865038128	0
87	86.0606062412262	0.2229908238947867	0.0	1
88	87.36692428588867	0.22305874619187352	6.79222970868254e-05	0
89	88.71916508674622	0.22305874619187352	0.0	1
90	90.05325984954834	0.22326017680921054	0.00020143061733701728	0
91	91.4040515422821	0.22467749198658044	0.0014173151773698989	0
92	92.79023170471191	0.22467749198658044	0.0	1
93	94.17033505439758	0.22480481891540818	0.00012732692882774788	0
94	95.53537034988403	0.22480481891540818	0.0	1
95	96.91041016578674	0.22480481891540818	0.0	2
96	98.31490206718445	0.2256803132320325	0.0008754943166243145	0
97	99.69466543197632	0.22683764492685904	0.001157331694826541	0
98	101.12040877342224	0.22774932715311005	0.0009116822262510149	0
99	102.53735446929932	0.22774932715311005	0.0	1
100	103.95828580856323	0.2284269682718426	0.0006776411187325582	0
101	105.40931510925293	0.2284269682718426	0.0	1
102	106.85819149017334	0.2284269682718426	0.0	2
103	108.31012988090515	0.2284269682718426	0.0	3
104	109.76653838157654	0.2287071994617225	0.0002802311898798815	0
105	111.21415114402771	0.22979424824935207	0.0010870487876295798	0
106	112.67797899246216	0.22982812422124202	3.387597188994618e-05	0
107	114.16693878173828	0.22982812422124202	0.0	1
108	115.72413945198059	0.22982812422124202	0.0	2
109	117.23723316192627	0.23193125747607657	0.0021031332548345494	0
110	118.759033203125	0.23193125747607657	0.0	1
111	120.22885322570801	0.2323028223746511	0.000371564898574539	0
112	121.73394703865051	0.2323028223746511	0.0	1
113	123.26291704177856	0.2323028223746511	0.0	2
114	124.81937050819397	0.23372782778701903	0.0014250054123679246	0
115	126.38698720932007	0.23372782778701903	0.0	1
116	127.97872352600098	0.23372782778701903	0.0	2
117	129.54159569740295	0.23372782778701903	0.0	3
118	131.1201741695404	0.23429551801422946	0.0005676902272104267	0
119	132.69592952728271	0.23443009712669458	0.00013457911246511634	0
120	134.30783009529114	0.23443009712669458	0.0	1
121	135.78592658042908	0.23443009712669458	0.0	2
122	137.29767227172852	0.234830719432192	0.0004006223054974223	0
123	138.79820609092712	0.23496291359836025	0.00013219416616824797	0
124	140.27792119979858	0.23605307741788775	0.0010901638195275065	0
125	141.84404802322388	0.23605307741788775	0.0	1
126	143.35594296455383	0.23605307741788775	0.0	2
127	144.8531632423401	0.23605307741788775	0.0	3
128	146.35445857048035	0.23605307741788775	0.0	4
129	147.8990409374237	0.23605307741788775	0.0	5
130	149.41563272476196	0.23653787859318928	0.0004848011753015302	0
131	150.94115471839905	0.23656861519699462	3.073660380534249e-05	0
132	152.47730445861816	0.23656861519699462	0.0	1
133	154.0390145778656	0.23706108227110745	0.0004924670741128234	0
134	155.63379049301147	0.23742546799460476	0.00036438572349731246	0
135	157.21856665611267	0.2377472410551859	0.00032177306058114863	0
136	158.76945781707764	0.237871185254062	0.00012394419887609698	0
137	160.3456449508667	0.23813216652026017	0.0002609812661981681	0
138	161.89100766181946	0.23813216652026017	0.0	1
139	163.4498689174652	0.23815019963460676	1.8033114346588386e-05	0
140	165.00702810287476	0.23949365448533444	0.0013434548507276767	0
141	166.5923309326172	0.23949365448533444	0.0	1
142	168.15576362609863	0.23949365448533444	0.0	2
143	169.79399800300598	0.2397470915336548	0.00025343704832037073	0
144	171.3989372253418	0.2397470915336548	0.0	1
145	172.97340488433838	0.2397470915336548	0.0	2
146	174.58694076538086	0.24018171149197567	0.0004346199583208643	0
147	176.20995020866394	0.24018171149197567	0.0	1
148	177.87475776672363	0.24018171149197567	0.0	2
149	179.50125217437744	0.24086777293130732	0.0006860614393316422	0
150	181.1344301700592	0.24086777293130732	0.0	1
151	182.83585047721863	0.24086777293130732	0.0	2
152	184.5000193119049	0.24154862642668462	0.0006808534953773038	0
153	186.16369938850403	0.24154862642668462	0.0	1
154	187.82422947883606	0.24154862642668462	0.0	2
155	189.47939491271973	0.24154862642668462	0.0	3
156	191.08985543251038	0.24162893584280304	8.030941611841813e-05	0
157	192.7122459411621	0.24174175840435605	0.00011282256155301096	0
158	194.36830806732178	0.24175611675451056	1.4358350154508592e-05	0
159	195.99566292762756	0.24175611675451056	0.0	1
160	197.62678170204163	0.241992859178753	0.00023674242424243097	0
161	199.2367296218872	0.24212101353792864	0.00012815435917565288	0
162	200.8597400188446	0.24242353667482805	0.00030252313689940746	0
163	202.50338220596313	0.24242353667482805	0.0	1
164	204.14015674591064	0.24297976455810158	0.0005562278832735301	0
165	205.76114416122437	0.24297976455810158	0.0	1
166	207.42460894584656	0.24368510025730164	0.0007053356992000603	0
167	209.03846836090088	0.24368510025730164	0.0	1
168	210.66909646987915	0.24368510025730164	0.0	2
169	212.30884313583374	0.24368510025730164	0.0	3
170	213.95736026763916	0.2438362036405378	0.0001511033832361508	0
171	215.5826518535614	0.2438362036405378	0.0	1
172	217.237140417099	0.2438362036405378	0.0	2
173	218.86966347694397	0.24486703583688446	0.0010308321963466704	0
174	220.49790167808533	0.24486703583688446	0.0	1
175	222.17680144309998	0.24486703583688446	0.0	2
176	223.8683385848999	0.24486703583688446	0.0	3
177	225.5333731174469	0.24486703583688446	0.0	4
178	227.2750859260559	0.24486703583688446	0.0	5
179	228.95311403274536	0.24486703583688446	0.0	6
180	230.62982153892517	0.24508316551098983	0.0002161296741053642	0
181	232.3308970928192	0.24508316551098983	0.0	1
182	234.09597873687744	0.24508316551098983	0.0	2
183	235.83887553215027	0.24531822873834977	0.000235063227359944	0
184	237.58007383346558	0.24531822873834977	0.0	1
185	239.3013997077942	0.24531822873834977	0.0	2
186	241.0146381855011	0.24537510240667365	5.68736683238813e-05	0
187	242.73929738998413	0.24543224377305123	5.714136637757772e-05	0
188	244.43918776512146	0.24543224377305123	0.0	1
189	246.16312503814697	0.24543224377305123	0.0	2
190	247.92693328857422	0.24545913525935756	2.689148630632965e-05	0
191	249.75273752212524	0.24573943945779755	0.00028030419843999566	0
192	251.60886597633362	0.24573943945779755	0.0	1
193	253.24629545211792	0.24573943945779755	0.0	2
194	254.91307377815247	0.24573943945779755	0.0	3
195	256.57186460494995	0.24580152107007575	6.208161227819198e-05	0
196	258.24531722068787	0.24617972974762012	0.0003782086775443727	0
197	259.93196964263916	0.24617972974762012	0.0	1
198	261.55570125579834	0.24617972974762012	0.0	2
199	263.22039222717285	0.24617972974762012	0.0	3
200	264.8690416812897	0.24620657256155304	2.6842813932920206e-05	0
201	266.55520510673523	0.24620657256155304	0.0	1
202	268.26174688339233	0.24620657256155304	0.0	2
203	269.9266493320465	0.24620657256155304	0.0	3
204	271.5744676589966	0.24620657256155304	0.0	4
205	273.2452049255371	0.24620657256155304	0.0	5
206	274.9260594844818	0.24628006784539475	7.349528384170689e-05	0
207	276.6197226047516	0.24641153192596194	0.0001314640805671896	0
208	278.3294334411621	0.24641153192596194	0.0	1
209	279.9767715930939	0.24670427191580693	0.00029273998984499783	0
210	281.6510419845581	0.24670427191580693	0.0	1
211	283.30127358436584	0.24670427191580693	0.0	2
212	284.9692647457123	0.24670427191580693	0.0	3
213	286.6182007789612	0.24688453005071273	0.00018025813490579745	0
214	288.28322410583496	0.24688453005071273	0.0	1
215	289.91304564476013	0.24688932427949312	4.794228780385934e-06	0
216	291.5438711643219	0.24688932427949312	0.0	1
217	293.1653633117676	0.24745302337208433	0.0005636990925912133	0
218	294.80896615982056	0.24748845685992324	3.543348783890954e-05	0
219	296.4035847187042	0.24772325238922946	0.00023479552930621983	0
220	298.0273542404175	0.24772325238922946	0.0	1
221	299.66738843917847	0.24772325238922946	0.0	2
222	301.33583879470825	0.2477586858770684	3.5433487838937294e-05	0
223	302.9498333930969	0.2477586858770684	0.0	1
224	304.55671215057373	0.24776898008404355	1.0294206975153264e-05	0
225	306.16900086402893	0.24776898008404355	0.0	1
226	307.8070752620697	0.24790073619885117	0.0001317561148076185	0
227	309.4466805458069	0.24790073619885117	0.0	1
228	311.08567905426025	0.24790073619885117	0.0	2
229	312.7312819957733	0.24790073619885117	0.0	3
230	314.3847451210022	0.24790073619885117	0.0	4
231	316.0386252403259	0.24790073619885117	0.0	5
232	317.6667494773865	0.24790073619885117	0.0	6
233	319.29869079589844	0.2480878814745938	0.00018714527574262285	0
234	320.8938994407654	0.2480878814745938	0.0	1
235	322.5483753681183	0.2480878814745938	0.0	2
236	324.2144708633423	0.2480878814745938	0.0	3
237	325.9337115287781	0.2483424136513158	0.0002545321767219999	0
238	327.64958357810974	0.2483424136513158	0.0	1
239	329.42454957962036	0.2483769710364334	3.455738511762285e-05	0
240	331.1154727935791	0.2483769710364334	0.0	1
241	332.84726643562317	0.2483769710364334	0.0	2
242	334.5761933326721	0.2483769710364334	0.0	3
243	336.31348633766174	0.2483769710364334	0.0	4
244	338.03188586235046	0.2483769710364334	0.0	5
245	339.73032116889954	0.2485017913380308	0.00012482030159738366	0
246	341.43130922317505	0.24864393900456042	0.0001421476665296184	0
247	343.1068904399872	0.24864393900456042	0.0	1
248	344.8310058116913	0.24865165357574512	7.714571184702645e-06	0
249	346.53553581237793	0.24865165357574512	0.0	1
250	348.29509973526	0.24865165357574512	0.0	2
251	350.0061297416687	0.24865165357574512	0.0	3
252	351.7049980163574	0.2487365625311503	8.490895540519405e-05	0
253	353.4216847419739	0.2487365625311503	0.0	1
254	355.10697388648987	0.2487365625311503	0.0	2
255	356.814471244812	0.2487365625311503	0.0	3
256	358.5969274044037	0.2487365625311503	0.0	4
257	360.3032352924347	0.2487382417280328	1.6791968824869663e-06	0
258	362.032066822052	0.2487382417280328	0.0	1
259	363.7767062187195	0.2487382417280328	0.0	2
260	365.4450514316559	0.2487382417280328	0.0	3
261	367.06311202049255	0.24896138022390848	0.00022313849587568546	0
262	368.730007648468	0.24896138022390848	0.0	1
263	370.35409021377563	0.24896138022390848	0.0	2
264	371.96658396720886	0.24896138022390848	0.0	3
265	373.5816397666931	0.24896138022390848	0.0	4
266	375.2225592136383	0.24896138022390848	0.0	5
267	376.86278319358826	0.24896138022390848	0.0	6
268	378.4952516555786	0.2491589170513731	0.00019753682746462276	0
269	380.1251413822174	0.2491589170513731	0.0	1
270	381.8028507232666	0.2491589170513731	0.0	2
271	383.4458763599396	0.2491589170513731	0.0	3
272	385.12653374671936	0.24916006085214812	1.1438007750108614e-06	0
273	386.7501599788666	0.24916006085214812	0.0	1
274	388.41603899002075	0.24916006085214812	0.0	2
275	390.05902433395386	0.24916006085214812	0.0	3
276	391.6503484249115	0.24918130634313945	2.1245490991333993e-05	0
277	393.26549196243286	0.24918130634313945	0.0	1
278	394.9107391834259	0.24918130634313945	0.0	2
279	396.5333321094513	0.24918130634313945	0.0	3
280	398.2215175628662	0.24920418235863986	2.2876015500411517e-05	0
281	399.8129153251648	0.24920418235863986	0.0	1
282	401.4659490585327	0.2492265473142195	2.2364955579640133e-05	0
283	403.0637605190277	0.2492265473142195	0.0	1
284	404.72484827041626	0.2492265473142195	0.0	2
285	406.34597611427307	0.2492265473142195	0.0	3
286	407.95025277137756	0.2495489531156549	0.0003224058014353881	0
287	409.5655403137207	0.2495489531156549	0.0	1
288	411.192542552948	0.2495489531156549	0.0	2
289	412.81754875183105	0.2495489531156549	0.0	3
290	414.4502820968628	0.2495489531156549	0.0	4
291	416.11405897140503	0.2495489531156549	0.0	5
292	417.7804493904114	0.2495489531156549	0.0	6
293	419.42468762397766	0.24959317196689343	4.421885123853664e-05	0
294	421.03825759887695	0.24959317196689343	0.0	1
295	422.69558572769165	0.24959317196689343	0.0	2
296	424.34979605674744	0.24962003911701305	2.6867150119624927e-05	0
297	425.96672654151917	0.24962003911701305	0.0	1
298	427.5730299949646	0.2496215479605886	1.5088435755539198e-06	0
299	429.20286417007446	0.2496215479605886	0.0	1
300	430.82539916038513	0.2497338594622209	0.00011231150163229509	0
301	432.4544131755829	0.2497338594622209	0.0	1
302	434.0825231075287	0.2497338594622209	0.0	2
303	435.71793270111084	0.2497338594622209	0.0	3
304	437.34976506233215	0.2497338594622209	0.0	4
305	438.99261474609375	0.2497338594622209	0.0	5
306	440.59445548057556	0.2497338594622209	0.0	6
307	442.2014572620392	0.2497338594622209	0.0	7
308	443.806743144989	0.2497338594622209	0.0	8
309	445.4032027721405	0.2497338594622209	0.0	9
310	446.9792172908783	0.24974785276957487	1.3993307353965534e-05	0
311	448.5782642364502	0.2501881917317708	0.00044033896219594637	0
312	450.22341680526733	0.2501881917317708	0.0	1
313	451.86611127853394	0.2501881917317708	0.0	2
314	453.5018789768219	0.2501881917317708	0.0	3
315	455.13045358657837	0.2501881917317708	0.0	4
316	456.7997291088104	0.2501881917317708	0.0	5
317	458.46025466918945	0.2501881917317708	0.0	6
318	460.1026349067688	0.2501881917317708	0.0	7
319	461.78366255760193	0.2501881917317708	0.0	8
320	463.46105217933655	0.2501881917317708	0.0	9
321	465.20167899131775	0.25021505888189044	2.6867150119624927e-05	0
322	466.8892922401428	0.25021505888189044	0.0	1
323	468.5810663700104	0.25021505888189044	0.0	2
324	470.3068540096283	0.25021505888189044	0.0	3
325	472.00752425193787	0.2502435808927058	2.8522010815379417e-05	0
326	473.726056098938	0.2502435808927058	0.0	1
327	475.45190143585205	0.2502611759556918	1.7595062985986676e-05	0
328	477.1428225040436	0.2502611759556918	0.0	1
329	478.8894793987274	0.2502611759556918	0.0	2
330	480.56530952453613	0.2502611759556918	0.0	3
331	482.32777214050293	0.2502611759556918	0.0	4
332	483.9818272590637	0.2502611759556918	0.0	5
333	485.6085774898529	0.2502611759556918	0.0	6
334	487.2383916378021	0.2502611759556918	0.0	7
335	488.8705816268921	0.25027906305291814	1.7887097226332305e-05	0
336	490.48219323158264	0.25027906305291814	0.0	1
337	492.0942208766937	0.25027906305291814	0.0	2
338	493.701318025589	0.25027906305291814	0.0	3
339	495.3280951976776	0.2502830298513507	3.9667984325642e-06	0
340	496.9451184272766	0.2502830298513507	0.0	1
341	498.5950882434845	0.2502830298513507	0.0	2
342	500.20229744911194	0.2503098483290969	2.6818477746215486e-05	0
343	501.82286071777344	0.2503098483290969	0.0	1
344	503.41604804992676	0.2503098483290969	0.0	2
345	505.05001854896545	0.2503098483290969	0.0	3
346	506.64510440826416	0.2503098483290969	0.0	4
347	508.26243019104004	0.25031807396020234	8.225631105418518e-06	0
348	509.87433791160583	0.25031807396020234	0.0	1
349	511.46502161026	0.25031807396020234	0.0	2
350	513.0532665252686	0.25031807396020234	0.0	3
351	514.6544568538666	0.25031807396020234	0.0	4
352	516.3021416664124	0.25031807396020234	0.0	5
353	517.9089369773865	0.25031807396020234	0.0	6
354	519.5075225830078	0.25031807396020234	0.0	7
355	521.1269297599792	0.25031807396020234	0.0	8
356	522.7065842151642	0.25031807396020234	0.0	9
357	524.3068516254425	0.25032878188235147	1.070792214913352e-05	0
358	525.9346213340759	0.2503518525873455	2.307070499402153e-05	0
359	527.5775835514069	0.2503518525873455	0.0	1
360	529.1646928787231	0.2503518525873455	0.0	2
361	530.8109629154205	0.2503518525873455	0.0	3
362	532.426600933075	0.2507262161473908	0.0003743635600453321	0
363	534.0544872283936	0.2507262161473908	0.0	1
364	535.6587595939636	0.2507262161473908	0.0	2
365	537.262467622757	0.2507262161473908	0.0	3
366	538.9238743782043	0.2507262161473908	0.0	4
367	540.5220844745636	0.2507262161473908	0.0	5
368	542.1362855434418	0.2507262161473908	0.0	6
369	543.7270987033844	0.2507262161473908	0.0	7
370	545.318544626236	0.2507262161473908	0.0	8
371	546.9207394123077	0.2507262161473908	0.0	9
372	548.5211520195007	0.2507262161473908	0.0	10
373	550.1178226470947	0.2507262161473908	0.0	11
374	551.766978263855	0.2507262161473908	0.0	12
375	553.4635758399963	0.2507262161473908	0.0	13
376	555.1786572933197	0.25074534439013907	1.9128242748245317e-05	0
377	556.8625495433807	0.25074782668118273	2.4822910436594903e-06	0
378	558.5575914382935	0.2507838929098759	3.606622869317677e-05	0
379	560.2801156044006	0.25078520706395785	1.314154081943908e-06	0
380	561.9618077278137	0.25078520706395785	0.0	1
381	563.7020802497864	0.250847045314369	6.183825041117252e-05	0
382	565.4299778938293	0.250847045314369	0.0	1
383	567.1517195701599	0.250847045314369	0.0	2
384	568.8703553676605	0.250847045314369	0.0	3
385	570.5947062969208	0.25086955628706886	2.2510972699840703e-05	0
386	572.3189747333527	0.25086955628706886	0.0	1
387	574.0390625	0.25086955628706886	0.0	2
388	575.7785677909851	0.25112494023032544	0.00025538394325658187	0
389	577.5154402256012	0.25112494023032544	0.0	1
390	579.2066013813019	0.25112494023032544	0.0	2
391	580.9524846076965	0.25112494023032544	0.0	3
392	582.6427218914032	0.2511826169928105	5.767676248508158e-05	0
393	584.4244239330292	0.2511826169928105	0.0	1
394	586.1274106502533	0.2511826169928105	0.0	2
395	587.8154680728912	0.2511826169928105	0.0	3
396	589.5644814968109	0.2512707869972339	8.81700044233491e-05	0
397	591.2509214878082	0.2512707869972339	0.0	1
398	592.968584060669	0.2512707869972339	0.0	2
399	594.6067292690277	0.2512707869972339	0.0	3
400	596.235609292984	0.2512707869972339	0.0	4
401	597.9315679073334	0.2512836851761862	1.2898178952336359e-05	0
402	599.554033279419	0.2512836851761862	0.0	1
403	601.1636555194855	0.2512836851761862	0.0	2
404	602.7892000675201	0.2512836851761862	0.0	3
405	604.4186222553253	0.2515666906913502	0.0002830055151639699	0
406	606.0407469272614	0.2515666906913502	0.0	1
407	607.6883885860443	0.25157391853880084	7.227847450663738e-06	0
408	609.3119430541992	0.25157391853880084	0.0	1
409	610.9559161663055	0.25157391853880084	0.0	2
410	612.5700578689575	0.2515934361605363	1.951762173546534e-05	0
411	614.1874661445618	0.25162757983047995	3.4143669943642596e-05	0
412	615.8330707550049	0.25162757983047995	0.0	1
413	617.443222284317	0.2523539176588043	0.0007263378283243749	0
414	619.0381174087524	0.2523539176588043	0.0	1
415	620.6485176086426	0.2523539176588043	0.0	2
416	622.2659606933594	0.2524032957816238	4.937812281946563e-05	0
417	623.8454833030701	0.2524654260662754	6.213028465162918e-05	0
418	625.4143617153168	0.2524654260662754	0.0	1
419	627.0210106372833	0.25270027026795505	0.00023484420167962927	0
420	628.6293215751648	0.2527654182397578	6.514797180273701e-05	0
421	630.242714881897	0.2527654182397578	0.0	1
422	631.8474650382996	0.2527654182397578	0.0	2
423	633.4497153759003	0.2527654182397578	0.0	3
424	635.0184533596039	0.2527654182397578	0.0	4
425	636.5877509117126	0.2527654182397578	0.0	5
426	638.2190220355988	0.2527654182397578	0.0	6
427	639.7843508720398	0.2527654182397578	0.0	7
428	641.376015663147	0.2527849358614932	1.951762173540983e-05	0
429	643.0115492343903	0.2529373533988113	0.0001524175373180947	0
430	644.5878806114197	0.25297945500180674	4.210160299544796e-05	0
431	646.1711840629578	0.25297945500180674	0.0	1
432	647.740713596344	0.25297945500180674	0.0	2
433	649.3266611099243	0.2529899438982755	1.0488896468763276e-05	0
434	650.9185173511505	0.2530267645487565	3.6820650480995365e-05	0
435	652.5193905830383	0.2530267645487565	0.0	1
436	654.1337039470673	0.25306828208327103	4.151753451453466e-05	0
437	655.7445385456085	0.2533177523331589	0.00024947024988786204	0
438	657.3260686397552	0.2533177523331589	0.0	1
439	658.9148142337799	0.2533177523331589	0.0	2
440	660.4995748996735	0.2533778140419408	6.0061708781922185e-05	0
441	662.0702402591705	0.25338034500535783	2.530963417013421e-06	0
442	663.5981678962708	0.2534267541133996	4.640910804176723e-05	0
443	665.178554058075	0.25348971182839913	6.295771499953418e-05	0
444	666.7577109336853	0.25348971182839913	0.0	1
445	668.3059158325195	0.25348971182839913	0.0	2
446	669.8935694694519	0.25348971182839913	0.0	3
447	671.4978795051575	0.25349078262061403	1.0707922148966986e-06	0
448	673.0341358184814	0.25349078262061403	0.0	1
449	674.6207733154297	0.25349630693499553	5.524314381499806e-06	0
450	676.2112448215485	0.25349630693499553	0.0	1
451	677.8062105178833	0.25352042409601777	2.4117161022241262e-05	0
452	679.354971408844	0.25352042409601777	0.0	1
453	680.9341206550598	0.25352042409601777	0.0	2
454	682.5179028511047	0.25352042409601777	0.0	3
455	684.1259272098541	0.2535227603699412	2.3362739234311647e-06	0
456	685.7134103775024	0.2535227603699412	0.0	1
457	687.3532409667969	0.2535229793956215	2.190256803147328e-07	2
458	688.9101979732513	0.25354626912629585	2.3289730674336262e-05	0
459	690.5712199211121	0.25354626912629585	0.0	1
460	692.1907999515533	0.25354626912629585	0.0	2
461	693.9310355186462	0.25381226364695475	0.0002659945206588965	0
462	695.5305087566376	0.25381226364695475	0.0	1
463	697.182553768158	0.25381226364695475	0.0	2
464	698.79585313797	0.25381226364695475	0.0	3
465	700.4267520904541	0.25381226364695475	0.0	4
466	702.0381882190704	0.2538637103456439	5.144669868917262e-05	0
467	703.6541831493378	0.2538637103456439	0.0	1
468	705.2979388237	0.2538637103456439	0.0	2
469	706.9556932449341	0.2538637103456439	0.0	3
470	708.6395120620728	0.2538637103456439	0.0	4
471	710.2233519554138	0.2538637103456439	0.0	5
472	711.7772150039673	0.25399831379429577	0.0001346034486518488	0
473	713.3271625041962	0.25399831379429577	0.0	1
474	714.86345911026	0.25399831379429577	0.0	2
475	716.4122278690338	0.25399831379429577	0.0	3
476	717.9940702915192	0.25399831379429577	0.0	4
477	719.5376164913177	0.25399831379429577	0.0	5
478	721.0792591571808	0.25399831379429577	0.0	6
479	722.6101226806641	0.25399831379429577	0.0	7
480	724.1225430965424	0.25399831379429577	0.0	8
481	725.6784996986389	0.25399831379429577	0.0	9
482	727.2159340381622	0.25399831379429577	0.0	10
483	728.8063435554504	0.25399831379429577	0.0	11
484	730.3974721431732	0.2540798886921227	8.15748978269526e-05	0
485	731.9439635276794	0.2540798886921227	0.0	1
486	733.4751794338226	0.2540798886921227	0.0	2
487	734.9934062957764	0.25415197247713567	7.20837850129441e-05	0
488	736.5394511222839	0.25417093036657695	1.8957889441284514e-05	0
489	738.1108994483948	0.25417093036657695	0.0	1
490	739.6437277793884	0.25417093036657695	0.0	2
491	741.1818056106567	0.2542101359633548	3.920559677783597e-05	0
492	742.7018232345581	0.2542101359633548	0.0	1
493	744.2384300231934	0.2542101359633548	0.0	2
494	745.79518699646	0.2542101359633548	0.0	3
495	747.3341639041901	0.2542101359633548	0.0	4
496	748.8895838260651	0.25423593232125946	2.5796357904672718e-05	0
497	750.4626488685608	0.25425627737334283	2.034505208337034e-05	0
498	751.9835414886475	0.25425627737334283	0.0	1
499	753.5070722103119	0.25425627737334283	0.0	2
500	755.0183517932892	0.25425627737334283	0.0	3
501	756.5059878826141	0.25425627737334283	0.0	4
502	758.0457375049591	0.25425627737334283	0.0	5
503	759.5929701328278	0.25431049839731606	5.422102397323325e-05	0
504	761.1270213127136	0.25431049839731606	0.0	1
505	762.653092622757	0.25431049839731606	0.0	2
506	764.2015085220337	0.2544070400499651	9.654165264905146e-05	0
507	765.7163636684418	0.2544070400499651	0.0	1
508	767.2258861064911	0.2544070400499651	0.0	2
509	768.7170906066895	0.25448326098671753	7.622093675241359e-05	0
510	770.2551212310791	0.25448326098671753	0.0	1
511	771.7621958255768	0.25448326098671753	0.0	2
512	773.319504737854	0.25448326098671753	0.0	3
513	774.8503098487854	0.25448326098671753	0.0	4
514	776.4512553215027	0.25448326098671753	0.0	5
515	778.0121848583221	0.25448326098671753	0.0	6
516	779.639164686203	0.25448326098671753	0.0	7
517	781.2232236862183	0.25448326098671753	0.0	8
518	782.8308689594269	0.25454001297410783	5.675198739030218e-05	0
519	784.4663550853729	0.25454001297410783	0.0	1
520	786.1397595405579	0.25454001297410783	0.0	2
521	787.7191126346588	0.25454001297410783	0.0	3
522	789.3311901092529	0.25454001297410783	0.0	4
523	790.9792175292969	0.25454001297410783	0.0	5
524	792.5673925876617	0.25454001297410783	0.0	6
525	794.1634032726288	0.25454001297410783	0.0	7
526	795.7763879299164	0.25454001297410783	0.0	8
527	797.3865075111389	0.25454001297410783	0.0	9
528	799.0388922691345	0.25454001297410783	0.0	10
529	800.6505529880524	0.25454001297410783	0.0	11
530	802.2653186321259	0.2546197383217454	7.972534763756034e-05	0
531	803.8700115680695	0.2546197383217454	0.0	1
532	805.4724910259247	0.2546197383217454	0.0	2
533	807.058676481247	0.2546197383217454	0.0	3
534	808.623242855072	0.2546197383217454	0.0	4
535	810.2214593887329	0.2546197383217454	0.0	5
536	811.8041899204254	0.2546197383217454	0.0	6
537	813.4330866336823	0.2546197383217454	0.0	7
538	814.9499821662903	0.2546197383217454	0.0	8
539	816.4630491733551	0.2546197383217454	0.0	9
540	817.9947829246521	0.2546197383217454	0.0	10
541	819.5300765037537	0.25480980393989233	0.00019006561814693956	0
542	821.0674479007721	0.25480980393989233	0.0	1
543	822.622878074646	0.25480980393989233	0.0	2
544	824.1872329711914	0.25480980393989233	0.0	3
545	825.6908481121063	0.25480980393989233	0.0	4
546	827.2103869915009	0.2548657284969348	5.5924557042452694e-05	0
547	828.7552030086517	0.2548657284969348	0.0	1
548	830.2848300933838	0.2548657284969348	0.0	2
549	831.8150610923767	0.2548657284969348	0.0	3
550	833.3731117248535	0.2548657284969348	0.0	4
551	834.8958847522736	0.2548657284969348	0.0	5
552	836.4789628982544	0.2548657284969348	0.0	6
553	837.9956421852112	0.2548657284969348	0.0	7
554	839.5007061958313	0.2548657284969348	0.0	8
555	841.0380444526672	0.2548657284969348	0.0	9
556	842.5648350715637	0.2548657284969348	0.0	10
557	844.1316120624542	0.2548657284969348	0.0	11
558	845.6919207572937	0.25486640991016246	6.814132276766749e-07	12
559	847.2448506355286	0.25486640991016246	0.0	13
560	848.7620432376862	0.25486640991016246	0.0	14
561	850.2985048294067	0.2548930336984151	2.662378825263323e-05	0
562	851.8517627716064	0.2548930336984151	0.0	1
563	853.3953831195831	0.2548930336984151	0.0	2
564	854.9651520252228	0.2551490260463392	0.0002559923479241166	0
565	856.5145709514618	0.2551490260463392	0.0	1
566	858.0867142677307	0.2551490260463392	0.0	2
567	859.6277666091919	0.2551490260463392	0.0	3
568	861.1341972351074	0.2551490260463392	0.0	4
569	862.710086107254	0.2551490260463392	0.0	5
570	864.2764177322388	0.2551679109272204	1.8884880881198107e-05	0
571	865.8499095439911	0.2551679109272204	0.0	1
572	867.3816840648651	0.2551679109272204	0.0	2
573	868.9135348796844	0.25518550599020634	1.7595062985931165e-05	0
574	870.478408575058	0.25518550599020634	0.0	1
575	872.0216286182404	0.25518550599020634	0.0	2
576	873.5409822463989	0.25518550599020634	0.0	3
577	875.0898842811584	0.2552062647574636	2.075876725726733e-05	0
578	876.6109135150909	0.2552062647574636	0.0	1
579	878.1314136981964	0.25548289419171155	0.0002766294342479436	0
580	879.6275510787964	0.25548289419171155	0.0	1
581	881.134537935257	0.25548289419171155	0.0	2
582	882.6661341190338	0.25548289419171155	0.0	3
583	884.1868603229523	0.25548289419171155	0.0	4
584	885.7049720287323	0.25548289419171155	0.0	5
585	887.2203133106232	0.25548289419171155	0.0	6
586	888.7730114459991	0.25548289419171155	0.0	7
587	890.3565855026245	0.25548289419171155	0.0	8
588	891.862277507782	0.25548289419171155	0.0	9
589	893.3986165523529	0.25548289419171155	0.0	10
590	894.9627397060394	0.25548289419171155	0.0	11
591	896.4756474494934	0.25548289419171155	0.0	12
592	898.0572237968445	0.25548289419171155	0.0	13
593	899.6504921913147	0.2554829915364583	9.734474676337257e-08	14
594	901.2269785404205	0.2554829915364583	0.0	15
595	902.7784557342529	0.2554829915364583	0.0	16
596	904.4281511306763	0.2554829915364583	0.0	17
597	906.0260195732117	0.25555624345843303	7.32519219747152e-05	0
598	907.6455807685852	0.25558036061945527	2.4117161022241262e-05	0
599	909.2709612846375	0.25558036061945527	0.0	1
600	910.877566576004	0.2555898030598958	9.442440440543542e-06	0
601	912.4560439586639	0.25560253088554125	1.2727825645431068e-05	0
602	914.0553891658783	0.25560253088554125	0.0	1
603	915.6601617336273	0.25566702178030304	6.449089476179282e-05	0
604	917.2591073513031	0.25566702178030304	0.0	1
605	918.8543257713318	0.25566702178030304	0.0	2
606	920.5121846199036	0.25566702178030304	0.0	3
607	922.1848073005676	0.2557236764229466	5.665464264353881e-05	0
608	923.7635793685913	0.2557236764229466	0.0	1
609	925.4070024490356	0.2557236764229466	0.0	2
610	926.942108631134	0.2557236764229466	0.0	3
611	928.4709827899933	0.2557236764229466	0.0	4
612	929.9871828556061	0.2557236764229466	0.0	5
613	931.4952642917633	0.2557236764229466	0.0	6
614	933.048481464386	0.2557236764229466	0.0	7
615	934.582058429718	0.2557256963264429	2.019903496297548e-06	0
616	936.094269990921	0.2557256963264429	0.0	1
617	937.6341485977173	0.25572810560892645	2.409282483573083e-06	0
618	939.1679790019989	0.25572810560892645	0.0	1
619	940.7163259983063	0.25572810560892645	0.0	2
620	942.2569589614868	0.25572810560892645	0.0	3
621	943.8386766910553	0.25572810560892645	0.0	4
622	945.4181869029999	0.25572810560892645	0.0	5
623	946.9708948135376	0.25572810560892645	0.0	6
624	948.5571041107178	0.25572810560892645	0.0	7
625	950.0921783447266	0.2557295414439419	1.435835015439757e-06	0
626	951.673713684082	0.2557295414439419	0.0	1
627	953.2599651813507	0.2557295414439419	0.0	2
628	954.8067662715912	0.2557333378890675	3.796445125603398e-06	0
629	956.3595678806305	0.25574957012559807	1.6232236530577815e-05	0
630	957.9157357215881	0.25576125149521534	1.1681369617266846e-05	0
631	959.4952602386475	0.25576125149521534	0.0	1
632	961.0902223587036	0.25576125149521534	0.0	2
633	962.6548857688904	0.25576125149521534	0.0	3
634	964.2271921634674	0.25576125149521534	0.0	4
635	965.806408405304	0.2561320619720021	0.0003708104767867759	0
636	967.3648362159729	0.2561320619720021	0.0	1
637	968.9351353645325	0.2561320619720021	0.0	2
638	970.5265455245972	0.2561320619720021	0.0	3
639	972.1066136360168	0.2561320619720021	0.0	4
640	973.6827428340912	0.2561320619720021	0.0	5
641	975.2622878551483	0.2561399468964937	7.884924491607936e-06	0
642	976.8317496776581	0.2561399468964937	0.0	1
643	978.4018397331238	0.2561399468964937	0.0	2
644	979.9767978191376	0.2561399468964937	0.0	3
645	981.5233676433563	0.2561399468964937	0.0	4
646	983.1255643367767	0.25614858624277315	8.63934627942653e-06	0
647	984.6779625415802	0.25614858624277315	0.0	1
648	986.2343299388885	0.25614858624277315	0.0	2
649	987.8075058460236	0.2561514092404306	2.822997657470072e-06	0
650	989.3840253353119	0.2561514092404306	0.0	1
651	990.9385457038879	0.2561514092404306	0.0	2
652	992.5128557682037	0.2561514092404306	0.0	3
653	994.1269569396973	0.2561514092404306	0.0	4
654	995.7571640014648	0.2561514092404306	0.0	5
655	997.3944909572601	0.2561625795501271	1.1170309696495462e-05	0
656	999.0269894599915	0.2561625795501271	0.0	1
657	1000.6468448638916	0.2561625795501271	0.0	2
658	1002.2477939128876	0.2561625795501271	0.0	3
659	1003.9185428619385	0.2561625795501271	0.0	4
660	1005.5749666690826	0.2561625795501271	0.0	5
661	1007.2129874229431	0.2561625795501271	0.0	6
662	1008.8235275745392	0.2564615009313945	0.0002989213812674141	0
663	1010.4569075107574	0.2564615009313945	0.0	1
664	1012.083309173584	0.2564615009313945	0.0	2
665	1013.7122242450714	0.2564615009313945	0.0	3
666	1015.341705083847	0.2564615009313945	0.0	4
667	1016.9386417865753	0.2564615009313945	0.0	5
668	1018.5710167884827	0.2564615009313945	0.0	6
669	1020.2044196128845	0.2564665871944154	5.086263020870341e-06	0
670	1021.8344495296478	0.2564665871944154	0.0	1
671	1023.4595222473145	0.2564665871944154	0.0	2
672	1025.0977103710175	0.2564665871944154	0.0	3
673	1026.7562613487244	0.25654397626812947	7.738907371407366e-05	0
674	1028.4239590168	0.25654397626812947	0.0	1
675	1030.0378324985504	0.25654397626812947	0.0	2
676	1031.6921277046204	0.25654397626812947	0.0	3
677	1033.230187177658	0.25654397626812947	0.0	4
678	1034.7793052196503	0.25654397626812947	0.0	5
679	1036.2900171279907	0.25654397626812947	0.0	6
680	1037.852647304535	0.25654397626812947	0.0	7
681	1039.3907845020294	0.25655794523929676	1.3968971167288569e-05	0
682	1040.9819467067719	0.2565604762027138	2.530963417068932e-06	0
683	1042.5338633060455	0.256575759327963	1.5283125249176965e-05	0
684	1044.1106629371643	0.256575759327963	0.0	1
685	1045.6836092472076	0.256575759327963	0.0	2
686	1047.247023820877	0.256575759327963	0.0	3
687	1048.779040336609	0.256575759327963	0.0	4
688	1050.2972440719604	0.256575759327963	0.0	5
689	1051.8620607852936	0.256575759327963	0.0	6
690	1053.4230222702026	0.2565834008905876	7.641562624616238e-06	0
691	1054.989399433136	0.2565834008905876	0.0	1
692	1056.4711067676544	0.2565834008905876	0.0	2
693	1058.0144176483154	0.2565834008905876	0.0	3
694	1059.5850763320923	0.2565834008905876	0.0	4
695	1061.1779928207397	0.25660496275200606	2.1561861418439854e-05	0
696	1062.7150485515594	0.25660496275200606	0.0	1
697	1064.2792863845825	0.25660496275200606	0.0	2
698	1065.834154844284	0.25660496275200606	0.0	3
699	1067.4074845314026	0.25660496275200606	0.0	4
700	1068.9607338905334	0.25660496275200606	0.0	5
701	1070.503680229187	0.25660496275200606	0.0	6
702	1072.0458889007568	0.25660496275200606	0.0	7
703	1073.6063129901886	0.25660496275200606	0.0	8
704	1075.1421341896057	0.25660496275200606	0.0	9
705	1076.7143187522888	0.25660496275200606	0.0	10
706	1078.2850551605225	0.25660496275200606	0.0	11
707	1079.8949966430664	0.25660496275200606	0.0	12
708	1081.4495182037354	0.25660496275200606	0.0	13
709	1083.0219869613647	0.25660496275200606	0.0	14
710	1084.5566856861115	0.25660496275200606	0.0	15
711	1086.137789964676	0.2566126286508174	7.665898811348715e-06	0
712	1087.7643752098083	0.2566126286508174	0.0	1
713	1089.3406162261963	0.2566126286508174	0.0	2
714	1090.8907706737518	0.2566126286508174	0.0	3
715	1092.4904685020447	0.2566193941107207	6.765459903301796e-06	0
716	1094.0702481269836	0.2566193941107207	0.0	1
717	1095.5998997688293	0.2566193941107207	0.0	2
718	1097.18111038208	0.2566193941107207	0.0	3
719	1098.7142012119293	0.2566193941107207	0.0	4
720	1100.2816579341888	0.2566193941107207	0.0	5
721	1101.8521616458893	0.2566193941107207	0.0	6
722	1103.38955783844	0.2566193941107207	0.0	7
723	1104.9663395881653	0.2566193941107207	0.0	8
724	1106.5418124198914	0.2566193941107207	0.0	9
725	1108.123285293579	0.2566193941107207	0.0	10
726	1109.7451412677765	0.2566193941107207	0.0	11
727	1111.30726480484	0.2566193941107207	0.0	12
728	1112.906540632248	0.2566193941107207	0.0	13
729	1114.4659340381622	0.2566193941107207	0.0	14
730	1116.058165550232	0.25663569935581143	1.6305245090719733e-05	0
731	1117.6548318862915	0.25663569935581143	0.0	1
732	1119.262164592743	0.25663569935581143	0.0	2
733	1120.9345746040344	0.25663569935581143	0.0	3
734	1122.562950372696	0.25663569935581143	0.0	4
735	1124.147890329361	0.25663569935581143	0.0	5
736	1125.7606256008148	0.25663569935581143	0.0	6
737	1127.4231140613556	0.25663569935581143	0.0	7
738	1129.0285074710846	0.25663569935581143	0.0	8
739	1130.6821820735931	0.25663569935581143	0.0	9
740	1132.3113467693329	0.25663569935581143	0.0	10
741	1133.9996151924133	0.25663827899160185	2.579635790422863e-06	0
742	1135.6463208198547	0.25663827899160185	0.0	1
743	1137.2761099338531	0.25663827899160185	0.0	2
744	1138.9104924201965	0.25663827899160185	0.0	3
745	1140.5413482189178	0.25663827899160185	0.0	4
746	1142.1994009017944	0.25663827899160185	0.0	5
747	1143.8847177028656	0.25663827899160185	0.0	6
748	1145.5716485977173	0.25663827899160185	0.0	7
749	1147.108379125595	0.25663827899160185	0.0	8
750	1148.6468369960785	0.25663827899160185	0.0	9
751	1150.2445549964905	0.25665772360477723	1.9444613175378933e-05	0
752	1151.7885177135468	0.25665772360477723	0.0	1
753	1153.37197971344	0.25665772360477723	0.0	2
754	1154.9076745510101	0.25665772360477723	0.0	3
755	1156.460687637329	0.25665772360477723	0.0	4
756	1158.0217702388763	0.25665772360477723	0.0	5
757	1159.5883457660675	0.25665772360477723	0.0	6
758	1161.1577718257904	0.25665772360477723	0.0	7
759	1162.733140707016	0.25665772360477723	0.0	8
760	1164.3013532161713	0.25665772360477723	0.0	9
761	1165.886440038681	0.25666412402188	6.4004171027587375e-06	0
762	1167.4531707763672	0.25666412402188	0.0	1
763	1169.0374164581299	0.25666412402188	0.0	2
764	1170.5906846523285	0.25666412402188	0.0	3
765	1172.1694071292877	0.2566652921588417	1.1681369617155823e-06	0
766	1173.7300481796265	0.2566652921588417	0.0	1
767	1175.3134980201721	0.2566652921588417	0.0	2
768	1176.9411573410034	0.2566654138397752	1.2168093349584908e-07	3
769	1178.4866535663605	0.2566654138397752	0.0	4
770	1180.049420118332	0.2566654138397752	0.0	5
771	1181.654078245163	0.2566654138397752	0.0	6
772	1183.2040421962738	0.2566654138397752	0.0	7
773	1184.7524855136871	0.2566693076296476	3.893789872422282e-06	0
774	1186.316853761673	0.2566693076296476	0.0	1
775	1187.9089851379395	0.2566693076296476	0.0	2
776	1189.5220510959625	0.2566693076296476	0.0	3
777	1191.1138236522675	0.2566693076296476	0.0	4
778	1192.688900232315	0.2568053225771282	0.0001360149474805561	0
779	1194.2544238567352	0.2568053225771282	0.0	1
780	1195.8495197296143	0.2568053225771282	0.0	2
781	1197.4133257865906	0.2568053225771282	0.0	3
782	1198.9606590270996	0.2568053225771282	0.0	4
783	1200.5142407417297	0.2568053225771282	0.0	5
784	1202.071347951889	0.2568053225771282	0.0	6
785	1203.6588397026062	0.2568053225771282	0.0	7
786	1205.225118637085	0.2568053225771282	0.0	8
787	1206.820515871048	0.2568053225771282	0.0	9
788	1208.3828427791595	0.2568053225771282	0.0	10
789	1209.959501504898	0.2568053225771282	0.0	11
790	1211.5067179203033	0.2568053225771282	0.0	12
791	1213.1192107200623	0.2568053225771282	0.0	13
792	1214.7833168506622	0.2568053225771282	0.0	14
793	1216.3937549591064	0.2568053225771282	0.0	15
794	1218.0387618541718	0.2568053225771282	0.0	16
795	1219.6746621131897	0.2568053225771282	0.0	17
796	1221.355062007904	0.2568053225771282	0.0	18
797	1223.0186097621918	0.2568053225771282	0.0	19
798	1224.6628832817078	0.2568256432930248	2.0320715896637864e-05	0
799	1226.3220896720886	0.2568256432930248	0.0	1
800	1227.9419901371002	0.2568256432930248	0.0	2
801	1229.5881178379059	0.2568256432930248	0.0	3
802	1231.2113540172577	0.2568256432930248	0.0	4
803	1232.7989072799683	0.2568256432930248	0.0	5
804	1234.4552063941956	0.2568256432930248	0.0	6
805	1236.1609373092651	0.2568256432930248	0.0	7
806	1237.8024125099182	0.2568256432930248	0.0	8
807	1239.501519203186	0.25682953708289724	3.893789872422282e-06	0
808	1241.1240103244781	0.2568780147668087	4.847768391147422e-05	0
809	1242.81547164917	0.2568780147668087	0.0	1
810	1244.4789650440216	0.2568780147668087	0.0	2
811	1246.1511900424957	0.2568780147668087	0.0	3
812	1247.8797709941864	0.2568780147668087	0.0	4
813	1249.562982559204	0.2568780147668087	0.0	5
814	1251.218820810318	0.2568780147668087	0.0	6
815	1252.918707370758	0.2568780147668087	0.0	7
816	1254.4732275009155	0.2568780147668087	0.0	8
817	1256.0424926280975	0.2568780147668087	0.0	9
818	1257.654757976532	0.2568780147668087	0.0	10
819	1259.2716722488403	0.2568780147668087	0.0	11
820	1260.851902961731	0.2568780147668087	0.0	12
821	1262.450929403305	0.2568780147668087	0.0	13
822	1264.006980895996	0.2568780147668087	0.0	14
823	1265.5600430965424	0.2568780147668087	0.0	15
824	1267.182118177414	0.2568780147668087	0.0	16
825	1268.7505857944489	0.2568780147668087	0.0	17
826	1270.3164265155792	0.2568780147668087	0.0	18
827	1271.882046699524	0.2568780147668087	0.0	19
828	1273.4783701896667	0.2568780147668087	0.0	20
829	1275.0314149856567	0.2568780147668087	0.0	21
830	1276.5881617069244	0.2568780147668087	0.0	22
831	1278.1744449138641	0.2568780147668087	0.0	23
832	1279.71808385849	0.2568780147668087	0.0	24
833	1281.310216665268	0.2568780147668087	0.0	25
834	1282.9280941486359	0.2568780147668087	0.0	26
835	1284.5109083652496	0.2568780147668087	0.0	27
836	1286.1475620269775	0.256886581104528	8.566337719284611e-06	0
837	1287.8202250003815	0.256886581104528	0.0	1
838	1289.410860300064	0.256886581104528	0.0	2
839	1290.9797477722168	0.256886581104528	0.0	3
840	1292.5631756782532	0.256886581104528	0.0	4
841	1294.1387226581573	0.256886581104528	0.0	5
842	1295.7537627220154	0.256886581104528	0.0	6
843	1297.3598821163177	0.2568873598625025	7.787579744955586e-07	7
844	1298.9231505393982	0.2568873598625025	0.0	8
845	1300.490552663803	0.2568873598625025	0.0	9
846	1302.0597848892212	0.2568873598625025	0.0	10
847	1303.6389589309692	0.2568873598625025	0.0	11
848	1305.2145555019379	0.2568873598625025	0.0	12
849	1306.8158638477325	0.2568873598625025	0.0	13
850	1308.3903863430023	0.2568873598625025	0.0	14
851	1309.9787039756775	0.25690398147802035	1.662161551785335e-05	0
852	1311.531653881073	0.25690398147802035	0.0	1
853	1313.111215353012	0.25690398147802035	0.0	2
854	1314.7297701835632	0.25690398147802035	0.0	3
855	1316.2816467285156	0.25690398147802035	0.0	4
856	1317.8473098278046	0.25690398147802035	0.0	5
857	1319.415295124054	0.25690398147802035	0.0	6
858	1321.0274670124054	0.25690398147802035	0.0	7
859	1322.5988862514496	0.25690398147802035	0.0	8
860	1324.2141098976135	0.25690398147802035	0.0	9
861	1325.7766115665436	0.25690398147802035	0.0	10
862	1327.3707163333893	0.25690398147802035	0.0	11
863	1328.939078092575	0.25690398147802035	0.0	12
864	1330.5115027427673	0.25691152569589815	7.5442178777973545e-06	0
865	1332.061110496521	0.25691152569589815	0.0	1
866	1333.600508928299	0.25691152569589815	0.0	2
867	1335.1606504917145	0.25691152569589815	0.0	3
868	1336.75106215477	0.25691152569589815	0.0	4
869	1338.3338568210602	0.25729117020845793	0.0003796445125597847	0
870	1339.9395241737366	0.25729117020845793	0.0	1
871	1341.55096077919	0.25729117020845793	0.0	2
872	1343.1669709682465	0.25729117020845793	0.0	3
873	1344.773530960083	0.25729117020845793	0.0	4
874	1346.396377325058	0.25729117020845793	0.0	5
875	1347.9977660179138	0.25729117020845793	0.0	6
876	1349.6750674247742	0.25729117020845793	0.0	7
877	1351.3178238868713	0.25729117020845793	0.0	8
878	1352.9514894485474	0.25729117020845793	0.0	9
879	1354.6075146198273	0.2573053338691188	1.4163660660870825e-05	0
880	1356.2506935596466	0.2573053338691188	0.0	1
881	1357.9043598175049	0.2573053338691188	0.0	2
882	1359.5587248802185	0.2573053338691188	0.0	3
883	1361.2109506130219	0.2573102497788327	4.915909713909539e-06	0
884	1362.8566329479218	0.2573102497788327	0.0	1
885	1364.5196080207825	0.2573102497788327	0.0	2
886	1366.1541953086853	0.2573102497788327	0.0	3
887	1367.8367910385132	0.2573102497788327	0.0	4
888	1369.4021997451782	0.2573102497788327	0.0	5
889	1370.970309972763	0.2573102497788327	0.0	6
890	1372.5387136936188	0.2573102497788327	0.0	7
891	1374.0822908878326	0.2573102497788327	0.0	8
892	1375.6491289138794	0.2573102497788327	0.0	9
893	1377.2112345695496	0.2573102497788327	0.0	10
894	1378.7352471351624	0.2573102497788327	0.0	11
895	1380.3124482631683	0.2573102497788327	0.0	12
896	1381.8828761577606	0.2573102497788327	0.0	13
897	1383.4351859092712	0.2573102497788327	0.0	14
898	1384.9790198802948	0.2573102497788327	0.0	15
899	1386.5643801689148	0.2573102497788327	0.0	16
900	1388.117347240448	0.2573102497788327	0.0	17
901	1389.6513469219208	0.2573102497788327	0.0	18
902	1391.1980075836182	0.2573102497788327	0.0	19
903	1392.7391095161438	0.2573102497788327	0.0	20
904	1394.2899224758148	0.2573102497788327	0.0	21
905	1395.846842288971	0.2573102497788327	0.0	22
906	1397.3861198425293	0.2573102497788327	0.0	23
907	1398.9332377910614	0.2573102497788327	0.0	24
908	1400.541707277298	0.2573102497788327	0.0	25
909	1402.0774796009064	0.2573102497788327	0.0	26
910	1403.6293556690216	0.2573102497788327	0.0	27
911	1405.1744587421417	0.2573102497788327	0.0	28
912	1406.7205579280853	0.2573102497788327	0.0	29
913	1408.2874374389648	0.2573102497788327	0.0	30
914	1409.8457741737366	0.2573138758706514	3.6260918186981073e-06	0
915	1411.3980550765991	0.2573138758706514	0.0	1
916	1412.9587125778198	0.2573138758706514	0.0	2
917	1414.511482477188	0.2573138758706514	0.0	3
918	1416.0960710048676	0.2573138758706514	0.0	4
919	1417.6686668395996	0.2573138758706514	0.0	5
920	1419.215688943863	0.2573138758706514	0.0	6
921	1420.7440674304962	0.2573138758706514	0.0	7
922	1422.2795808315277	0.2573138758706514	0.0	8
923	1423.8633832931519	0.2573138758706514	0.0	9
924	1425.4180834293365	0.2573138758706514	0.0	10
925	1426.9657363891602	0.2573138758706514	0.0	11
926	1428.488888502121	0.2573138758706514	0.0	12
927	1430.0785510540009	0.2573138758706514	0.0	13
928	1431.6097304821014	0.2573138758706514	0.0	14
929	1433.1791899204254	0.2573138758706514	0.0	15
930	1434.7532784938812	0.2573138758706514	0.0	16
931	1436.3678982257843	0.2573138758706514	0.0	17
932	1438.006237745285	0.2573138758706514	0.0	18
933	1439.5689451694489	0.2573138758706514	0.0	19
934	1441.2677459716797	0.2573138758706514	0.0	20
935	1442.8829143047333	0.2573138758706514	0.0	21
936	1444.5094590187073	0.2573138758706514	0.0	22
937	1446.1833126544952	0.2573138758706514	0.0	23
938	1447.7729470729828	0.2573138758706514	0.0	24
939	1449.3814661502838	0.2573138758706514	0.0	25
940	1451.0390660762787	0.2573138758706514	0.0	26
941	1452.655037164688	0.2573138758706514	0.0	27
942	1454.304067850113	0.2573138758706514	0.0	28
943	1455.9489350318909	0.2573147763095594	9.004389079914077e-07	29
944	1457.581925868988	0.2573147763095594	0.0	30
945	1459.25834608078	0.2573147763095594	0.0	31
946	1460.9164416790009	0.2573147763095594	0.0	32
947	1462.509804725647	0.2573147763095594	0.0	33
948	1464.126121520996	0.2573147763095594	0.0	34
949	1465.743157863617	0.2573147763095594	0.0	35
950	1467.3801934719086	0.2573147763095594	0.0	36
951	1469.0430216789246	0.2573147763095594	0.0	37
952	1470.6899137496948	0.2573147763095594	0.0	38
953	1472.3365006446838	0.2573147763095594	0.0	39
954	1473.9828367233276	0.2573147763095594	0.0	40
955	1475.5415346622467	0.2573147763095594	0.0	41
956	1477.1388986110687	0.2573147763095594	0.0	42
957	1478.6955349445343	0.2573147763095594	0.0	43
958	1480.2835519313812	0.2573147763095594	0.0	44
959	1481.8301136493683	0.2573147763095594	0.0	45
960	1483.3853657245636	0.2573147763095594	0.0	46
961	1484.9915933609009	0.2573147763095594	0.0	47
962	1486.5744171142578	0.2573147763095594	0.0	48
963	1488.1268413066864	0.2573147763095594	0.0	49
964	1489.715470790863	0.2573147763095594	0.0	50
965	1491.2460570335388	0.2573163824978818	1.606188322400559e-06	0
966	1492.8150024414062	0.2573163824978818	0.0	1
967	1494.3665301799774	0.2573163824978818	0.0	2
968	1495.9221739768982	0.2573163824978818	0.0	3
969	1497.4834356307983	0.2573163824978818	0.0	4
970	1499.018417596817	0.2573163824978818	0.0	5
971	1500.5904490947723	0.2573163824978818	0.0	6
972	1502.1488568782806	0.2573163824978818	0.0	7
973	1503.6947753429413	0.2573163824978818	0.0	8
974	1505.2866530418396	0.2573163824978818	0.0	9
975	1506.8061809539795	0.2573163824978818	0.0	10
976	1508.3496997356415	0.2573163824978818	0.0	11
977	1509.8855383396149	0.2573163824978818	0.0	12
978	1511.4305381774902	0.2573163824978818	0.0	13
979	1513.005299091339	0.2573163824978818	0.0	14
980	1514.5343527793884	0.2573163824978818	0.0	15
981	1516.130695104599	0.2573163824978818	0.0	16
982	1517.7864394187927	0.2573163824978818	0.0	17
983	1519.3244843482971	0.2573163824978818	0.0	18
984	1520.8877639770508	0.2573163824978818	0.0	19
985	1522.4391930103302	0.25731703957492275	6.570770409441984e-07	20
986	1523.9778242111206	0.2573183050566313	1.265481708534466e-06	0
987	1525.5382294654846	0.2573183050566313	0.0	1
988	1527.0749583244324	0.2573183050566313	0.0	2
989	1528.606850385666	0.2573183050566313	0.0	3
990	1530.1901333332062	0.2573183050566313	0.0	4
991	1531.7986149787903	0.2573183050566313	0.0	5
992	1533.3345894813538	0.2573183050566313	0.0	6
993	1534.8798832893372	0.2573183050566313	0.0	7
994	1536.4368300437927	0.2573183050566313	0.0	8
995	1537.9817824363708	0.2573183050566313	0.0	9
996	1539.534840106964	0.2573183050566313	0.0	10
997	1541.0857889652252	0.2573183050566313	0.0	11
998	1542.6346340179443	0.2573183050566313	0.0	12
999	1544.2359805107117	0.2573183050566313	0.0	13
1000	1545.7556965351105	0.2573183050566313	0.0	14
1001	1547.2580626010895	0.2573183050566313	0.0	15
1002	1548.837998867035	0.2573190838146058	7.787579744955586e-07	16
1003	1550.3748569488525	0.2573190838146058	0.0	17
1004	1551.9272758960724	0.25770427697773374	0.0003851931631279615	0
1005	1553.564292192459	0.25770427697773374	0.0	1
1006	1555.0904524326324	0.25770427697773374	0.0	2
1007	1556.613543510437	0.25770427697773374	0.0	3
1008	1558.1636865139008	0.25770427697773374	0.0	4
1009	1559.7341656684875	0.25770427697773374	0.0	5
1010	1561.358600139618	0.25770427697773374	0.0	6
1011	1562.9546282291412	0.25770427697773374	0.0	7
1012	1564.5794887542725	0.25770427697773374	0.0	8
1013	1566.2052099704742	0.25770427697773374	0.0	9
1014	1567.781982421875	0.25770427697773374	0.0	10
1015	1569.3712933063507	0.25808786395253935	0.00038358697480561643	0
1016	1571.0473749637604	0.25808786395253935	0.0	1
1017	1572.6666176319122	0.25808786395253935	0.0	2
1018	1574.2775259017944	0.25808786395253935	0.0	3
1019	1575.9159283638	0.25808786395253935	0.0	4
1020	1577.5557324886322	0.25808786395253935	0.0	5
1021	1579.2098033428192	0.25808786395253935	0.0	6
1022	1580.8475511074066	0.25808786395253935	0.0	7
1023	1582.4737632274628	0.25808786395253935	0.0	8
1024	1584.0953629016876	0.25808786395253935	0.0	9
1025	1585.6907947063446	0.25808786395253935	0.0	10
1026	1587.314665555954	0.25808786395253935	0.0	11
1027	1588.8822298049927	0.25808786395253935	0.0	12
1028	1590.4277698993683	0.25808786395253935	0.0	13
1029	1591.9615423679352	0.25808786395253935	0.0	14
1030	1593.5277721881866	0.25808786395253935	0.0	15
1031	1595.0669085979462	0.25808786395253935	0.0	16
1032	1596.6839849948883	0.25808786395253935	0.0	17
1033	1598.2439115047455	0.25808786395253935	0.0	18
1034	1599.794536113739	0.25808786395253935	0.0	19
1035	1601.3304724693298	0.2580919280957187	4.064143179327573e-06	0
1036	1602.8917796611786	0.2580919280957187	0.0	1
1037	1604.499888420105	0.2580919280957187	0.0	2
1038	1606.055293083191	0.2580919280957187	0.0	3
1039	1607.618618965149	0.2580919280957187	0.0	4
1040	1609.1389708518982	0.2580919280957187	0.0	5
1041	1610.679069519043	0.2580919280957187	0.0	6
1042	1612.2555723190308	0.2580919280957187	0.0	7
1043	1613.838080406189	0.2580919280957187	0.0	8
1044	1615.3758518695831	0.2580919280957187	0.0	9
1045	1616.9474041461945	0.25809645462644537	4.526530726689515e-06	0
1046	1618.530063867569	0.2581005917781848	4.13715173941398e-06	0
1047	1620.0892078876495	0.2581005917781848	0.0	1
1048	1621.6281025409698	0.2581005917781848	0.0	2
1049	1623.1788930892944	0.2581005917781848	0.0	3
1050	1624.7267837524414	0.2581005917781848	0.0	4
1051	1626.23087143898	0.2581005917781848	0.0	5
1052	1627.810907125473	0.2581005917781848	0.0	6
1053	1629.3307332992554	0.2581005917781848	0.0	7
1054	1630.847470998764	0.2581005917781848	0.0	8
1055	1632.3636202812195	0.2581005917781848	0.0	9
1056	1633.897957086563	0.2581005917781848	0.0	10
1057	1635.430251121521	0.2581005917781848	0.0	11
1058	1636.9355120658875	0.2581042422061902	3.6504280054305838e-06	0
1059	1638.5171160697937	0.2581042422061902	0.0	1
1060	1640.101282119751	0.2581042422061902	0.0	2
1061	1641.6484372615814	0.2581042422061902	0.0	3
1062	1643.2169544696808	0.2581042422061902	0.0	4
1063	1644.7625036239624	0.2581042422061902	0.0	5
1064	1646.3720443248749	0.2581042422061902	0.0	6
1065	1647.941687822342	0.2581042422061902	0.0	7
1066	1649.485425710678	0.2581042422061902	0.0	8
1067	1651.0385711193085	0.2581042422061902	0.0	9
1068	1652.638798713684	0.2581042422061902	0.0	10
1069	1654.1947491168976	0.2581042422061902	0.0	11
1070	1655.8470990657806	0.2581042422061902	0.0	12
1071	1657.4838197231293	0.2581067244972339	2.4822910436594903e-06	0
1072	1659.1162660121918	0.2581067244972339	0.0	1
1073	1660.7625596523285	0.2581067244972339	0.0	2
1074	1662.4193704128265	0.2581067244972339	0.0	3
1075	1664.0422921180725	0.2581067244972339	0.0	4
1076	1665.7281818389893	0.2581067244972339	0.0	5
1077	1667.3598477840424	0.2581067244972339	0.0	6
1078	1669.0149981975555	0.2581067244972339	0.0	7
1079	1670.6306672096252	0.258507371138918	0.00040064664168409925	0
1080	1672.2430863380432	0.258507371138918	0.0	1
1081	1673.8555843830109	0.258507371138918	0.0	2
1082	1675.4781498908997	0.258507371138918	0.0	3
1083	1677.136046886444	0.258507371138918	0.0	4
1084	1678.78307056427	0.258507371138918	0.0	5
1085	1680.4015941619873	0.258507371138918	0.0	6
1086	1682.0172369480133	0.258507371138918	0.0	7
1087	1683.6590847969055	0.258507371138918	0.0	8
1088	1685.3072726726532	0.258507371138918	0.0	9
1089	1686.9560983181	0.258507371138918	0.0	10
1090	1688.5416221618652	0.258507371138918	0.0	11
1091	1690.1781432628632	0.258507371138918	0.0	12
1092	1691.780201435089	0.258507371138918	0.0	13
1093	1693.435735464096	0.258507371138918	0.0	14
1094	1694.9983553886414	0.258507371138918	0.0	15
1095	1696.5339484214783	0.258507371138918	0.0	16
1096	1698.1259579658508	0.258507371138918	0.0	17
1097	1699.7049310207367	0.258507371138918	0.0	18
1098	1701.2610726356506	0.258507371138918	0.0	19
1099	1702.8479154109955	0.258507371138918	0.0	20
1100	1704.3856267929077	0.258507371138918	0.0	21
1101	1705.9221994876862	0.258507371138918	0.0	22
1102	1707.473070859909	0.2585074684836648	9.734474681888372e-08	23
1103	1709.017215013504	0.2585078091902786	3.4070661381058187e-07	24
1104	1710.5536589622498	0.2585078091902786	0.0	25
1105	1712.0921757221222	0.2585078091902786	0.0	26
1106	1713.6299636363983	0.2585078091902786	0.0	27
1107	1715.1723749637604	0.2585078091902786	0.0	28
1108	1716.7272534370422	0.2585078091902786	0.0	29
1109	1718.284820318222	0.2585078091902786	0.0	30
1110	1719.875732421875	0.2585078091902786	0.0	31
1111	1721.4456396102905	0.2585078091902786	0.0	32
1112	1722.97101688385	0.2585078091902786	0.0	33
1113	1724.5875082015991	0.2585078091902786	0.0	34
1114	1726.1541182994843	0.2585078091902786	0.0	35
1115	1727.7173852920532	0.2585078091902786	0.0	36
1116	1729.2871840000153	0.2585078091902786	0.0	37
1117	1730.886214017868	0.2585078091902786	0.0	38
1118	1732.4586598873138	0.2585078091902786	0.0	39
1119	1734.025054693222	0.2585078091902786	0.0	40
1120	1735.5744316577911	0.2585078091902786	0.0	41
1121	1737.0855371952057	0.2585078091902786	0.0	42
1122	1738.6237244606018	0.2585078091902786	0.0	43
1123	1740.172477722168	0.2585078091902786	0.0	44
1124	1741.7019350528717	0.2585078091902786	0.0	45
1125	1743.310289144516	0.2585078091902786	0.0	46
1126	1744.8965389728546	0.2585078091902786	0.0	47
1127	1746.4305787086487	0.25850822290545256	4.1371517395250024e-07	48
1128	1747.9742617607117	0.25850822290545256	0.0	49
1129	1749.5059022903442	0.25850822290545256	0.0	50
1130	1751.0976603031158	0.25850822290545256	0.0	51
1131	1752.670051574707	0.25850822290545256	0.0	52
1132	1754.2461619377136	0.25850822290545256	0.0	53
1133	1755.7835221290588	0.25850822290545256	0.0	54
1134	1757.350646495819	0.25850822290545256	0.0	55
1135	1758.9014604091644	0.25850822290545256	0.0	56
1136	1760.466799736023	0.25850822290545256	0.0	57
1137	1762.0693154335022	0.25850822290545256	0.0	58
1138	1763.6137247085571	0.25850822290545256	0.0	59
1139	1765.1636564731598	0.25850822290545256	0.0	60
1140	1766.693553686142	0.25850822290545256	0.0	61
1141	1768.2616455554962	0.25850822290545256	0.0	62
1142	1769.8301508426666	0.25850822290545256	0.0	63
1143	1771.3666174411774	0.25850822290545256	0.0	64
1144	1772.938078403473	0.25850822290545256	0.0	65
1145	1774.457864522934	0.25850999944708186	1.77654162930585e-06	0
1146	1776.0094618797302	0.25850999944708186	0.0	1
1147	1777.5982353687286	0.25850999944708186	0.0	2
1148	1779.190636396408	0.25850999944708186	0.0	3
1149	1780.7654654979706	0.25850999944708186	0.0	4
1150	1782.3454201221466	0.25850999944708186	0.0	5
1151	1783.949290752411	0.25850999944708186	0.0	6
1152	1785.546700000763	0.25850999944708186	0.0	7
1153	1787.1239278316498	0.25850999944708186	0.0	8
1154	1788.7955055236816	0.25850999944708186	0.0	9
1155	1790.4069874286652	0.25850999944708186	0.0	10
1156	1792.0134372711182	0.25850999944708186	0.0	11
1157	1793.6696465015411	0.25850999944708186	0.0	12
1158	1795.2851371765137	0.25850999944708186	0.0	13
1159	1796.9077544212341	0.25850999944708186	0.0	14
1160	1798.5178878307343	0.25850999944708186	0.0	15
1161	1800.136926651001	0.25850999944708186	0.0	16
