1	3.009077787399292	0.06739681273752635	10000000000.067396	0
2	5.087669372558594	0.06980500057617775	0.0024081878386514044	0
3	7.100558757781982	0.06980500057617775	0.0	1
4	9.209323406219482	0.06980500057617775	0.0	2
5	11.384756565093994	0.07081343566416833	0.0010084350879905751	0
6	13.516544580459595	0.07081343566416833	0.0	1
7	15.744450092315674	0.08155521436458177	0.010741778700413443	0
8	18.04543399810791	0.08155521436458177	0.0	1
9	20.494622468948364	0.08782665016132978	0.006271435796748007	0
10	23.0707426071167	0.08782665016132978	0.0	1
11	25.679827451705933	0.09259401582078285	0.004767365659453071	0
12	28.393727779388428	0.11113304951189514	0.01853903369111229	0
13	31.138965845108032	0.11166838405363391	0.0005353345417387773	0
14	33.96280002593994	0.11166838405363391	0.0	1
15	36.987630128860474	0.11274887351369657	0.0010804894600626586	0
16	40.00557518005371	0.12338897135514657	0.010640097841449994	0
17	43.09075379371643	0.13266609462896503	0.009277123273818466	0
18	46.19315314292908	0.13269179847712692	2.5703848161889864e-05	0
19	49.380728006362915	0.13269179847712692	0.0	1
20	52.58922362327576	0.13269179847712692	0.0	2
21	55.8566370010376	0.14195281780318708	0.00926101932606016	0
22	59.21272659301758	0.14195281780318708	0.0	1
23	62.61773157119751	0.14195281780318708	0.0	2
24	66.03010725975037	0.14195281780318708	0.0	3
25	69.47812128067017	0.14449719561646315	0.002544377813276072	0
26	72.933025598526	0.14449719561646315	0.0	1
27	76.39355874061584	0.15223337411162796	0.007736178495164808	0
28	79.85757684707642	0.15223337411162796	0.0	1
29	83.40257406234741	0.15223337411162796	0.0	2
30	86.98006415367126	0.15223337411162796	0.0	3
31	90.58797574043274	0.15223337411162796	0.0	4
32	94.28491878509521	0.15656755919344523	0.004334185081817266	0
33	97.95534133911133	0.15656755919344523	0.0	1
34	101.62160205841064	0.15656755919344523	0.0	2
35	105.34934496879578	0.1613407950312312	0.004773235837785966	0
36	109.145174741745	0.1737800979384595	0.012439302907228306	0
37	112.86601948738098	0.1737800979384595	0.0	1
38	116.64456462860107	0.1737800979384595	0.0	2
39	120.33591985702515	0.1737800979384595	0.0	3
40	124.0770103931427	0.1737800979384595	0.0	4
41	127.87634801864624	0.1737800979384595	0.0	5
42	131.68553042411804	0.1737800979384595	0.0	6
43	135.60620260238647	0.17488003523503348	0.0010999372965739829	0
44	139.47226119041443	0.17550183318595725	0.0006217979509237637	0
45	143.31270146369934	0.1784182921150662	0.002916458929108967	0
46	147.19728350639343	0.1819788354624473	0.0035605433473810955	0
47	151.10351753234863	0.1819788354624473	0.0	1
48	155.04967856407166	0.1819788354624473	0.0	2
49	159.00285482406616	0.1819788354624473	0.0	3
50	163.04873847961426	0.1819788354624473	0.0	4
51	167.0428638458252	0.18380426800731864	0.0018254325448713304	0
52	171.0341489315033	0.18474467241354983	0.0009404044062311934	0
53	175.09510350227356	0.18532452477093994	0.0005798523573901093	0
54	179.1753385066986	0.18532452477093994	0.0	1
55	183.24588704109192	0.1875044462696606	0.0021799214987206494	0
56	187.33384776115417	0.18841554571676514	0.0009110994471045464	0
57	191.36402869224548	0.18841554571676514	0.0	1
58	195.43948459625244	0.18841554571676514	0.0	2
59	199.50392198562622	0.19016945211374925	0.0017539063969841118	0
60	203.6115210056305	0.19016945211374925	0.0	1
61	207.7499816417694	0.19129931905196418	0.0011298669382149296	0
62	211.97655153274536	0.1927915018484723	0.001492182796508118	0
63	216.13073205947876	0.1927915018484723	0.0	1
64	220.36897945404053	0.19516117984741874	0.00236967799894644	0
65	224.64347982406616	0.19516117984741874	0.0	1
66	228.85806035995483	0.19547883090593957	0.0003176510585208292	0
67	233.084486246109	0.19547883090593957	0.0	1
68	237.34283757209778	0.19823077785760648	0.002751946951666917	0
69	241.56967163085938	0.19823077785760648	0.0	1
70	245.81656765937805	0.19823077785760648	0.0	2
71	250.08501529693604	0.1986343227618434	0.00040354490423691325	0
72	254.32668685913086	0.20036436261217827	0.0017300398503348746	0
73	258.6216814517975	0.20066792156809715	0.00030355895591888116	0
74	262.8782744407654	0.20122800456121123	0.0005600829931140805	0
75	267.14616775512695	0.20469385338863072	0.0034658488274194876	0
76	271.37361764907837	0.20469385338863072	0.0	1
77	275.66244888305664	0.20469385338863072	0.0	2
78	279.88458609580994	0.2049069803640973	0.00021312697546657655	0
79	284.1572904586792	0.2049069803640973	0.0	1
80	288.3350782394409	0.20558408109055162	0.0006771007264543272	0
81	292.6097011566162	0.20558408109055162	0.0	1
82	296.94213342666626	0.20776580314475468	0.0021817220542030558	0
83	301.2781620025635	0.2096670794960679	0.001901276351313208	0
84	305.63898396492004	0.2096670794960679	0.0	1
85	309.9938762187958	0.21047198291574165	0.0008049034196737637	0
86	314.3543322086334	0.21047198291574165	0.0	1
87	318.7543478012085	0.21047198291574165	0.0	2
88	323.24268221855164	0.21273711845861867	0.0022651355428770226	0
89	327.6685793399811	0.21273711845861867	0.0	1
90	332.08202505111694	0.213096108801174	0.0003589903425553209	0
91	336.5519185066223	0.213096108801174	0.0	1
92	341.11276364326477	0.2132115097091831	0.00011540090800910008	0
93	345.5194466114044	0.2132115097091831	0.0	1
94	350.04055881500244	0.21441304977940623	0.0012015400702231338	0
95	354.479266166687	0.21441304977940623	0.0	1
96	358.92951941490173	0.21441304977940623	0.0	2
97	363.3403742313385	0.21576918039890314	0.0013561306194969092	0
98	367.7170572280884	0.21576918039890314	0.0	1
99	372.2303807735443	0.21657037246952138	0.0008011920706182396	0
100	376.68394112586975	0.21657037246952138	0.0	1
101	381.10737681388855	0.21657037246952138	0.0	2
102	385.5591359138489	0.21806194895653033	0.0014915764870089554	0
103	389.9758138656616	0.21806194895653033	0.0	1
104	394.3964374065399	0.21806194895653033	0.0	2
105	398.90817070007324	0.21950388155666767	0.0014419326001373356	0
106	403.30801796913147	0.21950388155666767	0.0	1
107	407.70561480522156	0.21950388155666767	0.0	2
108	412.02675557136536	0.21950388155666767	0.0	3
109	416.37924242019653	0.2214482793744826	0.0019443978178149413	0
110	420.78167152404785	0.2214482793744826	0.0	1
111	425.1670014858246	0.2214482793744826	0.0	2
112	429.641907453537	0.2216575112707424	0.00020923189625979277	0
113	434.0499153137207	0.2216575112707424	0.0	1
114	438.48888087272644	0.2216575112707424	0.0	2
115	442.8564751148224	0.22260476881161576	0.000947257540873353	0
116	447.2640471458435	0.22260476881161576	0.0	1
117	451.6731333732605	0.22260476881161576	0.0	2
118	456.0226926803589	0.22406773851407286	0.001462969702457101	0
119	460.3366451263428	0.22406773851407286	0.0	1
120	464.72308111190796	0.22406773851407286	0.0	2
121	469.0344774723053	0.22406773851407286	0.0	3
122	473.3473689556122	0.22406773851407286	0.0	4
123	477.7462794780731	0.2246697854737357	0.0006020469596628442	0
124	482.1090712547302	0.22466980384675084	1.8373015137074233e-08	1
125	486.490816116333	0.22532283592338953	0.0006530320766386932	0
126	490.86484837532043	0.22532283592338953	0.0	1
127	495.25165939331055	0.22589623935247027	0.0005734034290807433	0
128	499.5638041496277	0.22589623935247027	0.0	1
129	503.96428775787354	0.22613132208101294	0.0002350827285426682	0
130	508.3351469039917	0.22613132208101294	0.0	1
131	512.6770272254944	0.22613132208101294	0.0	2
132	517.0006716251373	0.22645749821855246	0.0003261761375395189	0
133	521.3598041534424	0.22654861000056442	9.111178201196002e-05	0
134	525.6856355667114	0.22654861000056442	0.0	1
135	530.0230736732483	0.22718698041113222	0.0006383704105678012	0
136	534.4145743846893	0.22718698041113222	0.0	1
137	538.7928886413574	0.22718698041113222	0.0	2
138	543.2362987995148	0.22718698041113222	0.0	3
139	547.5841286182404	0.22718698041113222	0.0	4
140	551.9812331199646	0.22739806798191978	0.0002110875707875548	0
141	556.4186613559723	0.22739806798191978	0.0	1
142	560.7897982597351	0.22742842020290863	3.03522209888496e-05	0
143	565.1944000720978	0.22742842020290863	0.0	1
144	569.6326766014099	0.2279441323644924	0.0005157121615837756	0
145	573.9948749542236	0.2279441323644924	0.0	1
146	578.3843958377838	0.2279441323644924	0.0	2
147	582.8586812019348	0.2279441323644924	0.0	3
148	587.2995917797089	0.22814897311013696	0.0002048407456445578	0
149	591.6915400028229	0.22851345698421507	0.0003644838740781142	0
150	596.1262226104736	0.22896892402919927	0.000455467044984198	0
151	600.6193997859955	0.22910488434113485	0.000135960311935579	0
152	605.059947013855	0.22910488434113485	0.0	1
153	609.5028209686279	0.22922208580462636	0.0001172014634915064	0
154	613.9053771495819	0.22960413428116533	0.0003820484765389709	0
155	618.3245782852173	0.22960413428116533	0.0	1
156	622.7578234672546	0.23002276343082104	0.0004186291496557082	0
157	627.2532167434692	0.23002276343082104	0.0	1
158	631.6906912326813	0.23002276343082104	0.0	2
159	636.1241497993469	0.23012912481538794	0.00010636138456690536	0
160	640.6280779838562	0.23012912481538794	0.0	1
161	645.0413827896118	0.23029012754694084	0.00016100273155289502	0
162	649.5274078845978	0.23029012754694084	0.0	1
163	654.0656814575195	0.23069806360179296	0.0004079360548521205	0
164	658.5691888332367	0.2309139281565134	0.0002158645547204463	0
165	663.0800685882568	0.2309139281565134	0.0	1
166	667.537371635437	0.2309139281565134	0.0	2
167	672.1055734157562	0.2314097974617606	0.0004958693052471985	0
168	676.574579000473	0.23148323440322094	7.343694146033641e-05	0
169	681.0721573829651	0.23148323440322094	0.0	1
170	685.5411047935486	0.23258164673953943	0.0010984123363184939	0
171	690.0223822593689	0.23258164673953943	0.0	1
172	694.4694955348969	0.23258164673953943	0.0	2
173	698.929365158081	0.2326298575312312	4.821079169176068e-05	0
174	703.3866808414459	0.2326298575312312	0.0	1
175	707.9926960468292	0.2326298575312312	0.0	2
176	712.4544551372528	0.2326298575312312	0.0	3
177	717.0401246547699	0.2326298575312312	0.0	4
178	721.5303387641907	0.23334849964488635	0.0007186421136551602	0
179	726.0177419185638	0.23334849964488635	0.0	1
180	730.5805571079254	0.2334456561488749	9.715650398856024e-05	0
181	735.1438827514648	0.2334456561488749	0.0	1
182	739.6123471260071	0.2334456561488749	0.0	2
183	744.1076798439026	0.23345408936281795	8.433213943032092e-06	0
184	748.6641881465912	0.23353895431968694	8.486495686899076e-05	0
185	753.1703088283539	0.23398288311117174	0.00044392879148480446	0
186	757.7835476398468	0.23398288311117174	0.0	1
187	762.3251492977142	0.23430163655060016	0.0003187534394284153	0
188	766.8632702827454	0.23455307126260536	0.0002514347120051996	0
189	771.3432278633118	0.23455307126260536	0.0	1
190	775.8721022605896	0.23455307126260536	0.0	2
191	780.3485543727875	0.23504747072664245	0.000494399464037093	0
192	784.8651840686798	0.23567336585993942	0.000625895133296972	0
193	789.3635718822479	0.23567336585993942	0.0	1
194	793.8484861850739	0.23590973469954093	0.000236368839601514	0
195	798.3237681388855	0.2364750723749812	0.0005653376754402584	0
196	802.8045837879181	0.2364750723749812	0.0	1
197	807.3930568695068	0.23704649151842827	0.0005714191434470772	0
198	811.9250643253326	0.23704649151842827	0.0	1
199	816.439334154129	0.2370883636199014	4.1872101473133805e-05	0
200	820.9226539134979	0.23738848682199165	0.0003001232020902467	0
201	825.3991267681122	0.23740015368659692	1.1666864605269778e-05	0
202	829.8703854084015	0.23740015368659692	0.0	1
203	834.4041588306427	0.23740015368659692	0.0	2
204	838.9258334636688	0.2375721986002408	0.00017204491364389285	0
205	843.410929441452	0.23757471570331315	2.51710307233588e-06	0
206	847.9351916313171	0.2377925645436672	0.00021784884035405683	0
207	852.4083988666534	0.23829286174555991	0.0005002972018927077	0
208	856.850798368454	0.23833767352945326	4.4811783893344836e-05	0
209	861.3298156261444	0.23833767352945326	0.0	1
210	865.8492138385773	0.23833767352945326	0.0	2
211	870.4225010871887	0.23869427538004215	0.00035660185058888905	0
212	874.8661305904388	0.23869427538004215	0.0	1
213	879.3736176490784	0.2388254954540751	0.00013122007403296165	0
214	883.8543763160706	0.23952039963218694	0.000694904178111827	0
215	888.3299160003662	0.23952039963218694	0.0	1
216	892.7769062519073	0.23952039963218694	0.0	2
217	897.2508273124695	0.23952855725090308	8.157618716142512e-06	0
218	901.6990325450897	0.23952855725090308	0.0	1
219	906.1416711807251	0.23952855725090308	0.0	2
220	910.6247746944427	0.23996456727286838	0.00043601002196530514	0
221	915.086660861969	0.23996456727286838	0.0	1
222	919.5769894123077	0.24048016919636137	0.000515601923492981	0
223	924.1027195453644	0.24057128097837335	9.111178201198777e-05	0
224	928.5995032787323	0.24057128097837335	0.0	1
225	933.109614610672	0.24057128097837335	0.0	2
226	937.5803525447845	0.2411037309567373	0.0005324499783639358	0
227	942.0633754730225	0.24171037117018174	0.0006066402134444482	0
228	946.5245938301086	0.24171037117018174	0.0	1
229	951.0480694770813	0.24171037117018174	0.0	2
230	955.5401403903961	0.24171037117018174	0.0	3
231	960.0498151779175	0.24171037117018174	0.0	4
232	964.5487003326416	0.24181715513409655	0.00010678396391480827	0
233	969.0400474071503	0.24181715513409655	0.0	1
234	973.5619692802429	0.24204632175176852	0.000229166617671972	0
235	978.0274829864502	0.24274212620762153	0.0006958044558530163	0
236	982.55983543396	0.24274212620762153	0.0	1
237	986.9936788082123	0.24274212620762153	0.0	2
238	991.4603080749512	0.24274212620762153	0.0	3
239	995.934588432312	0.24274212620762153	0.0	4
240	1000.4354906082153	0.24274212620762153	0.0	5
241	1004.9338464736938	0.24274212620762153	0.0	6
242	1009.4215724468231	0.24313527198529689	0.0003931457776753522	0
243	1013.8538472652435	0.24320262745875038	6.73554734534898e-05	0
244	1018.3137767314911	0.24320262745875038	0.0	1
245	1022.7830457687378	0.2437737893799857	0.0005711619212353247	0
246	1027.3219516277313	0.24395311000761966	0.0001793206276339554	0
247	1031.8555495738983	0.24395311000761966	0.0	1
248	1036.4083564281464	0.24458119152971666	0.0006280815220970071	0
249	1040.9912395477295	0.24458119152971666	0.0	1
250	1045.440649986267	0.24458119152971666	0.0	2
251	1049.9176518917084	0.24458119152971666	0.0	3
252	1054.3459887504578	0.24501095472653897	0.0004297631968223081	0
253	1058.8683710098267	0.2450109730995541	1.8373015137074233e-08	1
254	1063.38734126091	0.2450109730995541	0.0	2
255	1067.882036447525	0.2450109730995541	0.0	3
256	1072.368942975998	0.2452928518976238	0.0002818787980696791	0
257	1076.8894698619843	0.2452928518976238	0.0	1
258	1081.3739247322083	0.2452928518976238	0.0	2
259	1085.8520002365112	0.24555461224413005	0.0002617603465062679	0
260	1090.3454682826996	0.24555461224413005	0.0	1
261	1094.8640775680542	0.24555461224413005	0.0	2
262	1099.3193945884705	0.24566613644594748	0.00011152420181742562	0
263	1103.8332097530365	0.24582379528874737	0.0001576588427998904	0
264	1108.305537223816	0.24582379528874737	0.0	1
265	1112.7815070152283	0.24605261281913193	0.00022881753038456187	0
266	1117.2554969787598	0.24615223130714742	9.96184880154849e-05	0
267	1121.8181369304657	0.24618434733758843	3.2116030441009524e-05	0
268	1126.2751867771149	0.24633065165704018	0.0001463043194517566	0
269	1130.8157374858856	0.24633065165704018	0.0	1
270	1135.3213303089142	0.24636616669527958	3.551503823939761e-05	0
271	1139.7355983257294	0.24636616669527958	0.0	1
272	1144.1832406520844	0.24642540129604718	5.923460076759368e-05	0
273	1148.604258298874	0.24642540129604718	0.0	1
274	1153.0117571353912	0.24642540129604718	0.0	2
275	1157.4699485301971	0.24661515779627297	0.0001897565002257906	0
276	1161.805998802185	0.24661515779627297	0.0	1
277	1166.2817342281342	0.2466356988271843	2.054103091134185e-05	0
278	1170.6609036922455	0.24695090627469332	0.00031520744750901386	0
279	1175.0575141906738	0.24695090627469332	0.0	1
280	1179.4445099830627	0.24695090627469332	0.0	2
281	1183.8737092018127	0.24695090627469332	0.0	3
282	1188.2306513786316	0.24708085861068257	0.00012995233598925293	0
283	1192.5387201309204	0.24708085861068257	0.0	1
284	1196.9338581562042	0.24708140980113635	5.511904537791601e-07	2
285	1201.4241960048676	0.24712638694216588	4.4977141029522993e-05	0
286	1205.8629932403564	0.24712638694216588	0.0	1
287	1210.2646853923798	0.24712638694216588	0.0	2
288	1214.6637425422668	0.2471765269004459	5.0139958280015495e-05	0
289	1219.104725599289	0.24718703626509822	1.050936465232799e-05	0
290	1223.4250905513763	0.247266352571399	7.931630630078623e-05	0
291	1227.7882742881775	0.2476035157719841	0.0003371632005851055	0
292	1232.1778869628906	0.2476035157719841	0.0	1
293	1236.5100727081299	0.2476035157719841	0.0	2
294	1240.851369380951	0.24882372282557572	0.0012202070535916043	0
295	1245.139431476593	0.24882372282557572	0.0	1
296	1249.5290682315826	0.24882372282557572	0.0	2
297	1253.9679145812988	0.24892953301968881	0.00010581019411309844	0
298	1258.362018585205	0.24892953301968881	0.0	1
299	1262.7246315479279	0.2493901261358933	0.00046059311620447185	0
300	1267.148817539215	0.2493901261358933	0.0	1
301	1271.5372004508972	0.25003865682382603	0.0006485306879327468	0
302	1275.9783391952515	0.25003865682382603	0.0	1
303	1280.3989799022675	0.25003865682382603	0.0	2
304	1284.8583393096924	0.2502063840789152	0.0001677272550891784	0
305	1289.2576141357422	0.2502063840789152	0.0	1
306	1293.7072603702545	0.2506593707668573	0.00045298668794208075	0
307	1298.1309847831726	0.2506593707668573	0.0	1
308	1302.5410373210907	0.2506593707668573	0.0	2
309	1306.9934442043304	0.2506593707668573	0.0	3
310	1311.3886592388153	0.2507901866345575	0.00013081586770019582	0
311	1315.7857434749603	0.25087483111524495	8.464448068745689e-05	0
312	1320.234251499176	0.25155922592870444	0.000684394813459499	0
313	1324.610592365265	0.25155922592870444	0.0	1
314	1329.0186941623688	0.25155922592870444	0.0	2
315	1333.3958759307861	0.25155922592870444	0.0	3
316	1337.8146188259125	0.2518683702812218	0.0003091443525173321	0
317	1342.2343673706055	0.2519260799217339	5.77096405121047e-05	0
318	1346.669183254242	0.2519778734513753	5.179352964140849e-05	0
319	1351.0851879119873	0.25210350812880983	0.0001256346774345385	0
320	1355.5115973949432	0.25255480449936035	0.00045129637055052463	0
321	1359.8723466396332	0.25257916711741796	2.436261805760509e-05	0
322	1364.314356803894	0.25257916711741796	0.0	1
323	1368.7105383872986	0.2526362704484309	5.710333101294207e-05	0
324	1373.0449352264404	0.25326723653390276	0.0006309660854718624	0
325	1377.466474056244	0.2533841991481976	0.00011696261429483545	0
326	1381.8621201515198	0.2533841991481976	0.0	1
327	1386.2118828296661	0.2533841991481976	0.0	2
328	1390.6565413475037	0.2533841991481976	0.0	3
329	1395.0457880496979	0.2533841991481976	0.0	4
330	1399.4145560264587	0.2538380861138809	0.00045388696568332554	0
331	1403.8059694766998	0.25501465725654726	0.0011765711426663383	0
332	1408.216562986374	0.25501465725654726	0.0	1
333	1412.6090552806854	0.25501465725654726	0.0	2
334	1416.9490430355072	0.25501465725654726	0.0	3
335	1421.3060388565063	0.25501465725654726	0.0	4
336	1425.623563528061	0.25501465725654726	0.0	5
337	1429.9631490707397	0.25501465725654726	0.0	6
338	1434.322027683258	0.25501465725654726	0.0	7
339	1438.6449301242828	0.25501465725654726	0.0	8
340	1442.9582734107971	0.25501465725654726	0.0	9
341	1447.3302500247955	0.2552405351045116	0.00022587784796435084	0
342	1451.694694519043	0.2552405351045116	0.0	1
343	1456.0719470977783	0.2552405351045116	0.0	2
344	1460.4467523097992	0.25554014386217827	0.0002996087576666584	0
345	1464.7956926822662	0.25554014386217827	0.0	1
346	1469.174617767334	0.25554014386217827	0.0	2
347	1473.5253970623016	0.25554014386217827	0.0	3
348	1477.920339345932	0.25554014386217827	0.0	4
349	1482.2948009967804	0.25554014386217827	0.0	5
350	1486.6385779380798	0.2555965122725862	5.636841040790319e-05	0
351	1491.011566400528	0.25561707167651265	2.0559403926478925e-05	0
352	1495.3815877437592	0.2556842801658451	6.720848933244872e-05	0
353	1499.667597770691	0.25589854626824954	0.00021426610240443678	0
354	1504.0253205299377	0.25605280610325104	0.0001542598350015023	0
355	1508.4230897426605	0.25605280610325104	0.0	1
356	1512.8320066928864	0.25669198492648443	0.0006391788232333884	0
357	1517.194364786148	0.25669198492648443	0.0	1
358	1521.5120480060577	0.25669198492648443	0.0	2
359	1525.8135297298431	0.25669198492648443	0.0	3
360	1530.119708776474	0.2569669187248363	0.0002749337983518618	0
361	1534.4580655097961	0.2569730001928432	6.081468006902124e-06	0
362	1538.7459824085236	0.25697487424038606	1.8740475428713488e-06	0
363	1543.1624064445496	0.25737084946239086	0.0003959752220047963	0
364	1547.4719460010529	0.25737084946239086	0.0	1
365	1551.8710033893585	0.25750223489356	0.0001313854311691398	0
366	1556.2255787849426	0.25750223489356	0.0	1
367	1560.4798877239227	0.2575812204855885	7.898559202851319e-05	0
368	1564.7597777843475	0.2575812204855885	0.0	1
369	1569.086890220642	0.258209522483867	0.0006283019982785132	0
370	1573.407245874405	0.258209522483867	0.0	1
371	1577.693338394165	0.258209522483867	0.0	2
372	1582.0281157493591	0.25840243914269456	0.0001929166588275355	0
373	1586.2748980522156	0.25851095017003123	0.00010851102733666629	0
374	1590.5498094558716	0.25851095017003123	0.0	1
375	1594.7975916862488	0.25851095017003123	0.0	2
376	1599.0495443344116	0.25889926384472833	0.000388313674697105	0
377	1603.36656498909	0.25889926384472833	0.0	1
378	1607.6998782157898	0.2590223814190905	0.00012311757436217485	0
379	1611.9512691497803	0.25905142915600543	2.904773691492224e-05	0
380	1616.2814610004425	0.25905142915600543	0.0	1
381	1620.5890798568726	0.25905142915600543	0.0	2
382	1624.8561778068542	0.2591556776438328	0.00010424848782736307	0
383	1629.0693407058716	0.2591556776438328	0.0	1
384	1633.3349788188934	0.2591556776438328	0.0	2
385	1637.6179976463318	0.2591556776438328	0.0	3
386	1641.8864178657532	0.25962676175167443	0.000471084107841635	0
387	1646.1546280384064	0.25962676175167443	0.0	1
388	1650.3724052906036	0.25962676175167443	0.0	2
389	1654.620374917984	0.259633523021241	6.761269566557537e-06	0
390	1658.8870887756348	0.259720721351031	8.719832979003916e-05	0
391	1663.1061363220215	0.259720721351031	0.0	1
392	1667.4315962791443	0.25980516372855206	8.444237752103234e-05	0
393	1671.7515740394592	0.2598856191617907	8.045543323864646e-05	0
394	1675.9676823616028	0.2598856191617907	0.0	1
395	1680.2284200191498	0.26016459502347045	0.0002789758616797422	0
396	1684.4567008018494	0.26016459502347045	0.0	1
397	1688.6541562080383	0.2601803223244186	1.5727300948176204e-05	0
398	1692.9143059253693	0.2601803223244186	0.0	1
399	1697.1021926403046	0.2601803223244186	0.0	2
400	1701.3462135791779	0.2605344621909806	0.0003541398665619644	0
401	1705.5153300762177	0.2605734129830486	3.8950792068004336e-05	0
402	1709.7449038028717	0.2605734129830486	0.0	1
403	1713.9176661968231	0.26068346734365594	0.00011005436060734786	0
404	1718.0983691215515	0.2608007239261928	0.00011725658253686211	0
405	1722.2999730110168	0.2609675692765559	0.00016684535036309844	0
406	1726.5517466068268	0.2609675692765559	0.0	1
407	1730.746323108673	0.26142724374200405	0.0004596744654481455	0
408	1735.0855753421783	0.26162278774199466	0.00019554399999061056	0
409	1739.2640426158905	0.26162278774199466	0.0	1
410	1743.4753432273865	0.26162278774199466	0.0	2
411	1747.6364164352417	0.26171024329399645	8.745555200179167e-05	0
412	1751.8141281604767	0.26173866634839704	2.8423054400594783e-05	0
413	1756.0308332443237	0.26173866634839704	0.0	1
414	1760.240718126297	0.2617489001178225	1.023376942543841e-05	0
415	1764.4533004760742	0.2617618347204715	1.2934602649006255e-05	0
416	1768.6207468509674	0.2617635985299236	1.7638094521044145e-06	0
417	1772.8251707553864	0.2619994529251016	0.00023585439517798124	0
418	1776.9318730831146	0.26216174176771334	0.00016228884261176857	0
419	1781.086299419403	0.26217752418770696	1.5782419993615182e-05	0
420	1785.222694158554	0.26217752418770696	0.0	1
421	1789.4055547714233	0.2624628387396053	0.0002853145518983413	0
422	1793.5950515270233	0.2624628387396053	0.0	1
423	1797.7595794200897	0.26260559706713765	0.00014275832753235518	0
424	1801.8993735313416	0.26320352847141215	0.0005979314042744988	0
425	1806.128125667572	0.26320352847141215	0.0	1
426	1810.3121314048767	0.26320352847141215	0.0	2
427	1814.544296503067	0.26320352847141215	0.0	3
428	1818.8700029850006	0.2633775760437048	0.0001740475722926682	0
429	1823.070812702179	0.2634766249682514	9.904892454659642e-05	0
430	1827.2959594726562	0.2634766249682514	0.0	1
431	1831.5497379302979	0.2635250011170793	4.837614882791108e-05	0
432	1835.8564295768738	0.2635250011170793	0.0	1
433	1840.186556339264	0.2636174908752258	9.248975814646343e-05	0
434	1844.429560661316	0.26385564189729455	0.0002381510220687555	0
435	1848.6283099651337	0.26463873654801323	0.0007830946507186853	0
436	1853.13547706604	0.26463873654801323	0.0	1
437	1857.42844247818	0.26463873654801323	0.0	2
438	1861.717012166977	0.2651726379945722	0.0005339014465589598	0
439	1865.977308511734	0.2651726379945722	0.0	1
440	1870.2692613601685	0.2651726379945722	0.0	2
441	1874.5266530513763	0.2651726379945722	0.0	3
442	1878.7930176258087	0.2651726379945722	0.0	4
443	1882.9936051368713	0.2651726379945722	0.0	5
444	1887.2489233016968	0.2651726379945722	0.0	6
445	1891.5209016799927	0.2651726379945722	0.0	7
446	1895.7754378318787	0.2651914703350768	1.8832340504593148e-05	0
447	1899.9706377983093	0.2652069955328586	1.5525197781807165e-05	0
448	1904.1901977062225	0.26522099577038494	1.4000237526345938e-05	0
449	1908.3660833835602	0.26532785322636027	0.00010685745597532881	0
450	1912.6270544528961	0.2653381972338764	1.0344007516149833e-05	0
451	1916.8002116680145	0.26578412868401	0.0004459314501336076	0
452	1920.9575006961823	0.26578412868401	0.0	1
453	1925.129857301712	0.26578412868401	0.0	2
454	1929.2185266017914	0.2659158815754816	0.00013175289147160374	0
455	1933.3872385025024	0.2659158815754816	0.0	1
456	1937.5719549655914	0.2659158815754816	0.0	2
457	1941.6976237297058	0.26599589605635726	8.001448087563423e-05	0
458	1945.8176481723785	0.2660171536348585	2.1257578501243657e-05	0
459	1949.9641835689545	0.2660171536348585	0.0	1
460	1954.12726688385	0.2660171536348585	0.0	2
461	1958.2885205745697	0.2660171536348585	0.0	3
462	1962.4667131900787	0.26642538365795265	0.00040823002309414713	0
463	1966.6171431541443	0.2665231464714404	9.776281348772287e-05	0
464	1970.7766292095184	0.2666614217832819	0.0001382753118415181	0
465	1974.930651664734	0.26671012864638205	4.870686310015637e-05	0
466	1979.1047987937927	0.26679411169852496	8.39830521429108e-05	0
467	1983.2644312381744	0.26679411169852496	0.0	1
468	1987.4164097309113	0.2667992928887906	5.181190265657332e-06	0
469	1991.4877548217773	0.26698844307951725	0.00018915019072662798	0
470	1995.5980079174042	0.26713480251801436	0.0001463594384971123	0
471	1999.7088358402252	0.26727232453623573	0.0001375220182213699	0
472	2003.8171663284302	0.26727232453623573	0.0	1
473	2007.93807888031	0.26727232453623573	0.0	2
474	2012.041071176529	0.2676481996796922	0.0003758751434564944	0
475	2016.2433919906616	0.2676481996796922	0.0	1
476	2020.4114718437195	0.2676481996796922	0.0	2
477	2024.5935158729553	0.2676481996796922	0.0	3
478	2028.780940771103	0.2676481996796922	0.0	4
479	2032.8806056976318	0.2676481996796922	0.0	5
480	2036.994038105011	0.26777767431728816	0.0001294746375959388	0
481	2041.1371297836304	0.2680317731164867	0.0002540987991985211	0
482	2045.3295812606812	0.2680317731164867	0.0	1
483	2049.4966809749603	0.2680317731164867	0.0	2
484	2053.6568751335144	0.26804044517962633	8.672063139647523e-06	0
485	2057.7629392147064	0.26804044517962633	0.0	1
486	2061.788806915283	0.26812804771574916	8.760253612283275e-05	0
487	2065.944224357605	0.2682303854100034	0.00010233769425421757	0
488	2070.164986371994	0.2682303854100034	0.0	1
489	2074.261599779129	0.26830531056568896	7.4925155685579e-05	0
490	2078.3506321907043	0.26830531056568896	0.0	1
491	2082.45423913002	0.26831365191455636	8.341348867402232e-06	0
492	2086.565718650818	0.26831365191455636	0.0	1
493	2090.65558886528	0.26831365191455636	0.0	2
494	2094.7958686351776	0.26836792580123986	5.4273886683497974e-05	0
495	2098.9109604358673	0.26836792580123986	0.0	1
496	2102.960034608841	0.2684828673838708	0.00011494158263092302	0
497	2107.0857214927673	0.2684828673838708	0.0	1
498	2111.150053501129	0.2684828673838708	0.0	2
499	2115.273704767227	0.2685671444042557	8.427702038493745e-05	0
500	2119.3468046188354	0.2685671444042557	0.0	1
501	2123.415776491165	0.2685671444042557	0.0	2
502	2127.493770837784	0.26871320987451086	0.00014606547025514116	0
503	2131.605000257492	0.2688217209018475	0.00010851102733666629	0
504	2135.713601589203	0.2688217209018475	0.0	1
505	2139.7897565364838	0.2688217209018475	0.0	2
506	2143.902084827423	0.26887130966967376	4.9588767826236335e-05	0
507	2147.988492488861	0.2689204758581521	4.916618847833343e-05	0
508	2152.113428592682	0.2689204758581521	0.0	1
509	2156.2273840904236	0.26914352426178695	0.00022304840363485123	0
510	2160.2973070144653	0.2693302124684866	0.0001866882066996478	0
511	2164.363236427307	0.26987679129548275	0.000546578826996158	0
512	2168.4937086105347	0.26987679129548275	0.0	1
513	2172.602195739746	0.26987679129548275	0.0	2
514	2176.7003741264343	0.26987679129548275	0.0	3
515	2180.8557426929474	0.26987679129548275	0.0	4
516	2184.9791736602783	0.26987679129548275	0.0	5
517	2189.0809700489044	0.27012633358692995	0.0002495422914471912	0
518	2193.2167599201202	0.27012633358692995	0.0	1
519	2197.3745727539062	0.27012633358692995	0.0	2
520	2201.5435304641724	0.2703095676667858	0.00018323407985587625	0
521	2205.6825666427612	0.27115016985485024	0.000840602188064421	0
522	2209.7887070178986	0.27119448556733516	4.431571248492139e-05	0
523	2213.9159100055695	0.2713871082579207	0.00019262269058550885	0
524	2217.946837425232	0.2713871082579207	0.0	1
525	2222.030112504959	0.2713871082579207	0.0	2
526	2226.1023733615875	0.2713974890114671	1.0380753546423982e-05	0
527	2230.2121517658234	0.27140516893178995	7.679920322856137e-06	0
528	2234.3280816078186	0.27140516893178995	0.0	1
529	2238.394488811493	0.27194399434640276	0.0005388254146128091	0
530	2242.5160553455353	0.27194399434640276	0.0	1
531	2246.6586191654205	0.27194399434640276	0.0	2
532	2250.7950789928436	0.27194399434640276	0.0	3
533	2255.031930923462	0.27194399434640276	0.0	4
534	2259.161545753479	0.2720332688269021	8.927448049933506e-05	0
535	2263.3128774166107	0.27232196401358366	0.0002886951866815646	0
536	2267.485888004303	0.2723464368697321	2.4472856148427535e-05	0
537	2271.6423416137695	0.2723464368697321	0.0	1
538	2275.7333512306213	0.2723464368697321	0.0	2
539	2279.8537690639496	0.2723464368697321	0.0	3
540	2283.937180519104	0.2723464368697321	0.0	4
541	2288.079468011856	0.2723464368697321	0.0	5
542	2292.184199333191	0.2723464368697321	0.0	6
543	2296.3776030540466	0.2723464368697321	0.0	7
544	2300.493534564972	0.27274127296479905	0.0003948360950669638	0
545	2304.5906896591187	0.27274127296479905	0.0	1
546	2308.692172765732	0.27274127296479905	0.0	2
547	2312.732631444931	0.27275962760691036	1.8354642111306774e-05	0
548	2316.840009212494	0.27275962760691036	0.0	1
549	2320.940116882324	0.27284206732578264	8.243971887228474e-05	0
550	2325.133280515671	0.27284206732578264	0.0	1
551	2329.261892557144	0.2729223941479154	8.03268221327702e-05	0
552	2333.4082934856415	0.2738870509341135	0.0009646567861980593	0
553	2337.5553913116455	0.2738870509341135	0.0	1
554	2341.6479983329773	0.2738870509341135	0.0	2
555	2345.748492002487	0.2738870509341135	0.0	3
556	2349.8416559696198	0.27389787264002297	1.0821705909491719e-05	0
557	2353.9000380039215	0.27389787264002297	0.0	1
558	2357.9519765377045	0.27389787264002297	0.0	2
559	2362.05957198143	0.27389787264002297	0.0	3
560	2366.1682171821594	0.27632064865268474	0.002422776012661776	0
561	2370.2263600826263	0.27632064865268474	0.0	1
562	2374.3492352962494	0.27632064865268474	0.0	2
563	2378.4865877628326	0.27632064865268474	0.0	3
564	2382.601098060608	0.27632064865268474	0.0	4
565	2386.724172592163	0.27632064865268474	0.0	5
566	2390.815194129944	0.27632064865268474	0.0	6
567	2394.9282047748566	0.27632064865268474	0.0	7
568	2399.102008342743	0.2763290267475824	8.37809489767638e-06	0
569	2403.2057795524597	0.27642061622798764	9.158948040521864e-05	0
570	2407.268752336502	0.27642061622798764	0.0	1
571	2411.3512239456177	0.27642061622798764	0.0	2
572	2415.471610069275	0.27642061622798764	0.0	3
573	2419.6107630729675	0.27642061622798764	0.0	4
574	2423.7060379981995	0.27642373964055916	3.123412571526263e-06	0
575	2427.84063911438	0.27645265876636815	2.8919125808990476e-05	0
576	2431.946449995041	0.27645265876636815	0.0	1
577	2436.068586587906	0.27645265876636815	0.0	2
578	2440.1164634227753	0.27691835958077776	0.00046570081440960864	0
579	2444.346378803253	0.27691835958077776	0.0	1
580	2448.532413482666	0.27691835958077776	0.0	2
581	2452.639127254486	0.27691835958077776	0.0	3
582	2456.7852380275726	0.27691835958077776	0.0	4
583	2460.8521025180817	0.27691835958077776	0.0	5
584	2464.967643737793	0.27691835958077776	0.0	6
585	2469.0652134418488	0.2770059253708703	8.75657900925586e-05	0
586	2473.140697956085	0.27715794369802643	0.00015201832715611152	0
587	2477.312510728836	0.27715794369802643	0.0	1
588	2481.452321767807	0.27739159333138924	0.00023364963336280908	0
589	2485.577029466629	0.2773963151962767	4.721864887480276e-06	0
590	2489.7153351306915	0.2775435565394999	0.00014724134322319227	0
591	2493.8330233097076	0.2776542723286518	0.00011071578915189395	0
592	2497.9596128463745	0.27769092649382904	3.665416517723008e-05	0
593	2502.060637950897	0.27773153085725844	4.060436342939733e-05	0
594	2506.2104263305664	0.2777723740698845	4.0843212626040515e-05	0
595	2510.3632616996765	0.2779967269575933	0.0002243528877088341	0
596	2514.5296676158905	0.2779967269575933	0.0	1
597	2518.64692902565	0.2780776968352555	8.096987766220698e-05	0
598	2522.8062722682953	0.2780946000091718	1.690317391628282e-05	0
599	2526.8947019577026	0.2781408265152299	4.6226506058122396e-05	0
600	2530.930764436722	0.2781885228624981	4.7696347268200157e-05	0
601	2535.0369188785553	0.2781885228624981	0.0	1
602	2539.1392118930817	0.2781885228624981	0.0	2
603	2543.310213327408	0.2781890189339065	4.96071408395693e-07	3
604	2547.4419090747833	0.2781890189339065	0.0	4
605	2551.588982105255	0.2781890189339065	0.0	5
606	2555.721414089203	0.278548174633598	0.0003591556996914713	0
607	2559.8289732933044	0.278548174633598	0.0	1
608	2563.9991869926453	0.278548174633598	0.0	2
609	2568.1659817695618	0.278548174633598	0.0	3
610	2572.3523001670837	0.278548174633598	0.0	4
611	2576.5840775966644	0.278548174633598	0.0	5
612	2580.8533811569214	0.27858554534636515	3.737071276715964e-05	0
613	2585.0458583831787	0.2786736439538964	8.809860753122845e-05	0
614	2589.2490272521973	0.27876651954536047	9.287559146409219e-05	0
615	2593.4500544071198	0.27876651954536047	0.0	1
616	2597.677872657776	0.2792931452779293	0.0005266257325688417	0
617	2601.863418340683	0.2792931452779293	0.0	1
618	2606.108165502548	0.2792931452779293	0.0	2
619	2610.3366832733154	0.2792931452779293	0.0	3
620	2614.521707057953	0.27932395682429634	3.0811546367026654e-05	0
621	2618.7724170684814	0.27932395682429634	0.0	1
622	2622.953052997589	0.279333786387389	9.829563092644822e-06	0
623	2627.2420752048492	0.2795017341186597	0.00016794773127071227	0
624	2631.3908710479736	0.27989280374562575	0.0003910696269660563	0
625	2635.570734977722	0.27989280374562575	0.0	1
626	2639.7817816734314	0.27989280374562575	0.0	2
627	2643.9537847042084	0.28001860378019644	0.0001258000345706889	0
628	2648.150886297226	0.28001860378019644	0.0	1
629	2652.300362586975	0.28001860378019644	0.0	2
630	2656.47487616539	0.28001860378019644	0.0	3
631	2660.6544482707977	0.28001860378019644	0.0	4
632	2664.726049184799	0.28006040238960905	4.1798609412613263e-05	0
633	2668.881430387497	0.28006040238960905	0.0	1
634	2672.9652948379517	0.28049268268950367	0.00043228029989461625	0
635	2677.0729739665985	0.28049268268950367	0.0	1
636	2681.1245114803314	0.28049268268950367	0.0	2
637	2685.2010219097137	0.28049268268950367	0.0	3
638	2689.303365945816	0.2817830930338934	0.001290410344389703	0
639	2693.4105195999146	0.2817830930338934	0.0	1
640	2697.5331892967224	0.2817830930338934	0.0	2
641	2701.667539358139	0.282342092019115	0.0005589989852216037	0
642	2705.9267344474792	0.282342092019115	0.0	1
643	2710.067894935608	0.282342092019115	0.0	2
644	2714.180843114853	0.282342092019115	0.0	3
645	2718.283665895462	0.282342092019115	0.0	4
646	2722.341146707535	0.282342092019115	0.0	5
647	2726.4305498600006	0.28331742352710154	0.0009753315079865654	0
648	2730.5102343559265	0.28331742352710154	0.0	1
649	2734.620351791382	0.2833456444783357	2.8220951234170233e-05	0
650	2738.676443338394	0.2833456444783357	0.0	1
651	2742.7615447044373	0.2834035378489991	5.789337066336442e-05	0
652	2746.9280853271484	0.2834035378489991	0.0	1
653	2750.965168952942	0.2834035378489991	0.0	2
654	2755.010137319565	0.2834035378489991	0.0	3
655	2759.0472526550293	0.2844916796698619	0.001088141820862809	0
656	2763.1507756710052	0.2844916796698619	0.0	1
657	2767.214325904846	0.2844916796698619	0.0	2
658	2771.3131687641144	0.2844916796698619	0.0	3
659	2775.385570526123	0.2856620039873852	0.0011703243175233413	0
660	2779.413739681244	0.2856620039873852	0.0	1
661	2783.4891657829285	0.2856620039873852	0.0	2
662	2787.503173351288	0.2860746435341097	0.00041263954672449144	0
663	2791.428565263748	0.2860746435341097	0.0	1
664	2795.5074927806854	0.2860746435341097	0.0	2
665	2799.4348578453064	0.2860746435341097	0.0	3
666	2803.4352633953094	0.28607569079597195	1.0472618622303642e-06	0
667	2807.457753419876	0.2869349599674048	0.0008592691714328637	0
668	2811.469118833542	0.2869349599674048	0.0	1
669	2815.505349636078	0.2869349599674048	0.0	2
670	2819.5408210754395	0.2869349599674048	0.0	3
671	2823.594505548477	0.2869349599674048	0.0	4
672	2827.6242773532867	0.28750884109487884	0.0005738811274740296	0
673	2831.6187303066254	0.28750884109487884	0.0	1
674	2835.663038253784	0.28750884109487884	0.0	2
675	2839.692761182785	0.28750884109487884	0.0	3
676	2843.740948200226	0.28750884109487884	0.0	4
677	2847.728499174118	0.287520783554711	1.1942459832159358e-05	0
678	2851.767724752426	0.287520783554711	0.0	1
679	2855.807923078537	0.287520783554711	0.0	2
680	2859.9124732017517	0.287520783554711	0.0	3
681	2863.993740797043	0.2875865222028334	6.573864812237096e-05	0
682	2868.016102552414	0.2875865222028334	0.0	1
683	2872.0664989948273	0.2875865222028334	0.0	2
684	2876.1331975460052	0.28819360336864086	0.0006070811658074882	0
685	2880.1910881996155	0.28819360336864086	0.0	1
686	2884.2089524269104	0.28819360336864086	0.0	2
687	2888.2483892440796	0.28819360336864086	0.0	3
688	2892.2442338466644	0.28819360336864086	0.0	4
689	2896.2712066173553	0.28823861725570066	4.501388705979714e-05	0
690	2900.272577524185	0.28823861725570066	0.0	1
691	2904.2429416179657	0.28823861725570066	0.0	2
692	2908.330132484436	0.28823861725570066	0.0	3
693	2912.3023982048035	0.28823861725570066	0.0	4
694	2916.2885546684265	0.28828903280920753	5.041555350687732e-05	0
695	2920.317451477051	0.28828903280920753	0.0	1
696	2924.372041940689	0.28828903280920753	0.0	2
697	2928.3706970214844	0.28828903280920753	0.0	3
698	2932.3856258392334	0.28828903280920753	0.0	4
699	2936.4262952804565	0.28828903280920753	0.0	5
700	2940.4690811634064	0.28828903280920753	0.0	6
701	2944.5159351825714	0.2883186684826065	2.963567339897555e-05	0
702	2948.5899074077606	0.2883569027270846	3.8234244478074775e-05	0
703	2952.6334524154663	0.2883569027270846	0.0	1
704	2956.6293404102325	0.2883569027270846	0.0	2
705	2960.66561961174	0.2883569027270846	0.0	3
706	2964.7109773159027	0.28839978534438965	4.2882617305062265e-05	0
707	2968.7483859062195	0.28839978534438965	0.0	1
708	2972.8354122638702	0.28842017939118003	2.0394046790384035e-05	0
709	2976.8824512958527	0.28842017939118003	0.0	1
710	2980.884431362152	0.2884207857006792	6.063094991626272e-07	2
711	2984.942041873932	0.2885951639872441	0.0001743782865649135	0
712	2988.9560599327087	0.2885951639872441	0.0	1
713	2992.981785058975	0.2887371506481412	0.00014198666089709766	0
714	2996.98171210289	0.2887371506481412	0.0	1
715	3001.0806233882904	0.2894837013717734	0.0007465507236322222	0
716	3005.1534283161163	0.2899875445655855	0.0005038431938120813	0
717	3009.244953393936	0.2900205057547223	3.296118913681534e-05	0
718	3013.2541909217834	0.2900205057547223	0.0	1
719	3017.2434372901917	0.2900205057547223	0.0	2
720	3021.308523416519	0.2900205057547223	0.0	3
721	3025.3136913776398	0.2900205057547223	0.0	4
722	3029.337035894394	0.29024750435660934	0.00022699860188701848	0
723	3033.4690392017365	0.29024750435660934	0.0	1
724	3037.4932386875153	0.29024750435660934	0.0	2
725	3041.5241916179657	0.29035706264580824	0.00010955828919889665	0
726	3045.5519065856934	0.2905490973999097	0.00019203475410145554	0
727	3049.5586647987366	0.2905490973999097	0.0	1
728	3053.571389436722	0.29057492985917743	2.583245926773836e-05	0
729	3057.637757062912	0.29057492985917743	0.0	1
730	3061.6762754917145	0.2907000684652036	0.0001251386060261428	0
731	3065.6202697753906	0.2907000684652036	0.0	1
732	3069.609107017517	0.2907388171541052	3.87486889016353e-05	0
733	3073.647629737854	0.2907388171541052	0.0	1
734	3077.729436635971	0.2907388171541052	0.0	2
735	3081.7328550815582	0.2907388171541052	0.0	3
736	3085.822018623352	0.2911591182481374	0.00042030109403218274	0
737	3089.801523923874	0.2911591182481374	0.0	1
738	3093.820595741272	0.2911591182481374	0.0	2
739	3097.85862660408	0.2911591182481374	0.0	3
740	3101.84730052948	0.2912730676879515	0.00011394943981413164	0
741	3105.86922454834	0.2912730676879515	0.0	1
742	3109.9084792137146	0.29129081602056367	1.7748332612144146e-05	0
743	3113.948617219925	0.29129081602056367	0.0	1
744	3118.0250103473663	0.29129081602056367	0.0	2
745	3122.0741913318634	0.29133606875682005	4.525273625638482e-05	0
746	3126.1139788627625	0.29134723955001696	1.117079319690184e-05	0
747	3130.1293721199036	0.29134723955001696	0.0	1
748	3134.1925990581512	0.2913548643512944	7.624801277417159e-06	0
749	3138.286201953888	0.2913548643512944	0.0	1
750	3142.321023464203	0.2913723003426494	1.7435991355008174e-05	0
751	3146.340574502945	0.2913723003426494	0.0	1
752	3150.4050261974335	0.2913723003426494	0.0	2
753	3154.4669749736786	0.2913887993102329	1.6498967583544744e-05	0
754	3158.469839334488	0.2913887993102329	0.0	1
755	3162.439499616623	0.2924686732742888	0.0010798739640558996	0
756	3166.599960565567	0.2924686732742888	0.0	1
757	3170.7218866348267	0.2925227083117757	5.403503748685479e-05	0
758	3174.790490627289	0.2925227083117757	0.0	1
759	3178.8894941806793	0.2925563125564419	3.36042446661966e-05	0
760	3182.932923555374	0.2925563125564419	0.0	1
761	3187.029668569565	0.2925620081911311	5.6956346892178544e-06	0
762	3191.078442335129	0.2925620081911311	0.0	1
763	3195.130266427994	0.29262699354563326	6.498535450216725e-05	0
764	3199.1760308742523	0.29262699354563326	0.0	1
765	3203.180858850479	0.29262699354563326	0.0	2
766	3207.197237253189	0.2926331852517309	6.191706097613547e-06	0
767	3211.2570996284485	0.2926518338620842	1.8648610353333428e-05	0
768	3215.241419315338	0.2926518338620842	0.0	1
769	3219.2942736148834	0.2926518338620842	0.0	2
770	3223.323873758316	0.2926582276713482	6.393809263982586e-06	0
771	3227.4178006649017	0.2926593300522558	1.1023809076138313e-06	0
772	3231.4564921855927	0.29268670584479417	2.737579253836442e-05	0
773	3235.566479444504	0.29268670584479417	0.0	1
774	3239.674591779709	0.29268670584479417	0.0	2
775	3243.7854237556458	0.29268670584479417	0.0	3
776	3247.8870828151703	0.2927860119915525	9.930614675834892e-05	0
777	3251.9882798194885	0.2927860119915525	0.0	1
778	3256.1055777072906	0.2927860119915525	0.0	2
779	3260.1958389282227	0.2932648127657473	0.0004788007741947653	0
780	3264.2540888786316	0.2932648127657473	0.0	1
781	3268.3165171146393	0.2932648127657473	0.0	2
782	3272.405891418457	0.29333005534246126	6.524257671397526e-05	0
783	3276.48935174942	0.2934055316886006	7.547634613935816e-05	0
784	3280.5861191749573	0.2935302477152788	0.00012471602667818438	0
785	3284.638781309128	0.2935302477152788	0.0	1
786	3288.719482421875	0.2935302477152788	0.0	2
787	3292.837844848633	0.2935302477152788	0.0	3
788	3296.8929755687714	0.2935302477152788	0.0	4
789	3301.0219962596893	0.2935302477152788	0.0	5
790	3305.145304918289	0.2935302477152788	0.0	6
791	3309.2660117149353	0.2935302477152788	0.0	7
792	3313.3619525432587	0.2935302477152788	0.0	8
793	3317.445039987564	0.29353206664377635	1.8189284975433928e-06	0
794	3321.566485643387	0.29353206664377635	0.0	1
795	3325.6901679039	0.29353206664377635	0.0	2
796	3329.8173689842224	0.2935347491039848	2.682460208458526e-06	0
797	3333.950127840042	0.2935347491039848	0.0	1
798	3338.0490317344666	0.29353956283394794	4.813729963137892e-06	0
799	3342.1915316581726	0.2935657994995485	2.623666560053195e-05	0
800	3346.339733362198	0.2935657994995485	0.0	1
801	3350.488929271698	0.2935657994995485	0.0	2
802	3354.619737148285	0.2935657994995485	0.0	3
803	3358.7523789405823	0.2935657994995485	0.0	4
804	3362.9109592437744	0.2935657994995485	0.0	5
805	3367.1149616241455	0.2935657994995485	0.0	6
806	3371.214553117752	0.2935657994995485	0.0	7
807	3375.338028907776	0.2935657994995485	0.0	8
808	3379.4371519088745	0.2935657994995485	0.0	9
809	3383.5852720737457	0.2935657994995485	0.0	10
810	3387.725694179535	0.2935657994995485	0.0	11
811	3391.881515264511	0.2935657994995485	0.0	12
812	3396.0872716903687	0.2935657994995485	0.0	13
813	3400.1590065956116	0.2935657994995485	0.0	14
814	3404.227529525757	0.2935657994995485	0.0	15
815	3408.299458026886	0.2935657994995485	0.0	16
816	3412.413874387741	0.2935657994995485	0.0	17
817	3416.430096387863	0.2935657994995485	0.0	18
818	3420.5126905441284	0.2935657994995485	0.0	19
819	3424.651517868042	0.2935657994995485	0.0	20
820	3428.7270114421844	0.29405301511467113	0.0004872156151226603	0
821	3432.765898704529	0.29405301511467113	0.0	1
822	3436.8971540927887	0.294083220351539	3.0205236867864027e-05	0
823	3440.9930517673492	0.2941272972148273	4.40768632882782e-05	0
824	3445.0539774894714	0.2941272972148273	0.0	1
825	3449.120959997177	0.2941272972148273	0.0	2
826	3453.1930451393127	0.2941272972148273	0.0	3
827	3457.2905144691467	0.2941272972148273	0.0	4
828	3461.386711835861	0.2941678464592113	4.054924438401386e-05	0
829	3465.561760902405	0.2941678464592113	0.0	1
830	3469.667471408844	0.2941678464592113	0.0	2
831	3473.7524976730347	0.2941678464592113	0.0	3
832	3477.866592168808	0.2946823643748119	0.0005145179156005875	0
833	3481.932682991028	0.2946823643748119	0.0	1
834	3485.954212665558	0.2946823643748119	0.0	2
835	3490.0360457897186	0.2946823643748119	0.0	3
836	3494.128713607788	0.2946823643748119	0.0	4
837	3498.28466796875	0.2946823643748119	0.0	5
838	3502.420753479004	0.2947312733410784	4.890896626652541e-05	0
839	3506.502714395523	0.2947312733410784	0.0	1
840	3510.588240623474	0.2947312733410784	0.0	2
841	3514.6298789978027	0.2947312733410784	0.0	3
842	3518.6785690784454	0.2947312733410784	0.0	4
843	3522.673638343811	0.2947312733410784	0.0	5
844	3526.8058528900146	0.2947312733410784	0.0	6
845	3530.9325456619263	0.2947344702457104	3.1969046320190486e-06	0
846	3535.014884710312	0.2947344702457104	0.0	1
847	3539.128562450409	0.2947344702457104	0.0	2
848	3543.2452993392944	0.29474657806267873	1.210781696830976e-05	0
849	3547.3334612846375	0.29475771210984536	1.1134047166627692e-05	0
850	3551.41038107872	0.29476021083990256	2.498730057198806e-06	0
851	3555.480439901352	0.29476021083990256	0.0	1
852	3559.496725797653	0.29476021083990256	0.0	2
853	3563.5769867897034	0.29476021083990256	0.0	3
854	3567.6640706062317	0.2947605966732202	3.858333176287587e-07	4
855	3571.7421412467957	0.2947605966732202	0.0	5
856	3575.789754629135	0.29479671802095875	3.612134773856024e-05	0
857	3579.8551955223083	0.2953595937123721	0.0005628756914133337	0
858	3583.991202354431	0.2953595937123721	0.0	1
859	3588.0990731716156	0.2953595937123721	0.0	2
860	3592.199193716049	0.2953595937123721	0.0	3
861	3596.308441877365	0.2953595937123721	0.0	4
862	3600.4540915489197	0.2953659324025907	6.338690218599119e-06	0
