1	7.221687078475952	0.08114147243694969	10000000000.081142	0
2	11.855919599533081	0.1030304396030488	0.021888967166099116	0
3	16.5607750415802	0.1030304396030488	0.0	1
4	21.335482835769653	0.1030304396030488	0.0	2
5	26.143002033233643	0.1030304396030488	0.0	3
6	31.126973628997803	0.1030304396030488	0.0	4
7	36.29132342338562	0.1030304396030488	0.0	5
8	41.516602516174316	0.1030304396030488	0.0	6
9	46.77972483634949	0.10474823383880193	0.00171779423575312	0
10	51.98400688171387	0.10474823383880193	0.0	1
11	57.02392554283142	0.11638332231442373	0.011635088475621808	0
12	62.24938178062439	0.11638332231442373	0.0	1
13	67.52371859550476	0.11638332231442373	0.0	2
14	72.75904273986816	0.11638332231442373	0.0	3
15	77.99125361442566	0.11638332231442373	0.0	4
16	83.21833801269531	0.11638332231442373	0.0	5
17	88.45887184143066	0.1203789845925365	0.003995662278112766	0
18	93.81743717193604	0.1203789845925365	0.0	1
19	99.09172654151917	0.1203789845925365	0.0	2
20	104.31839942932129	0.12285077980955561	0.00247179521701911	0
21	109.55469179153442	0.1323340391265851	0.00948325931702948	0
22	114.81116795539856	0.1323340391265851	0.0	1
23	120.15567016601562	0.1323340391265851	0.0	2
24	125.41011309623718	0.13765649950554543	0.005322460378960336	0
25	130.55374431610107	0.13765649950554543	0.0	1
26	135.71918058395386	0.13765649950554543	0.0	2
27	140.95018410682678	0.14421824731430613	0.006561747808760704	0
28	146.23033905029297	0.14421824731430613	0.0	1
29	151.55241775512695	0.1471395291598858	0.0029212818455796596	0
30	156.8629503250122	0.1471395291598858	0.0	1
31	162.20396947860718	0.14868140177580336	0.0015418726159175666	0
32	167.54287838935852	0.14947546511655252	0.0007940633407491626	0
33	172.83168625831604	0.14947546511655252	0.0	1
34	178.1656928062439	0.1500020632895987	0.0005265981730461777	0
35	183.5959062576294	0.1508926676383297	0.0008906043487310056	0
36	188.9440860748291	0.15710276512407811	0.0062100974857484115	0
37	194.36898469924927	0.16283792016880833	0.005735155044730211	0
38	199.80630493164062	0.16283792016880833	0.0	1
39	205.3374207019806	0.16283792016880833	0.0	2
40	210.86488103866577	0.16283792016880833	0.0	3
41	216.3609640598297	0.16554253823350956	0.0027046180647012363	0
42	221.865487575531	0.16554253823350956	0.0	1
43	227.36937022209167	0.16554253823350956	0.0	2
44	232.91801190376282	0.16554253823350956	0.0	3
45	238.38167715072632	0.16554253823350956	0.0	4
46	243.81775832176208	0.16595523289927944	0.0004126946657698749	0
47	249.29230546951294	0.16742724212517873	0.0014720092258992956	0
48	254.75193333625793	0.16742724212517873	0.0	1
49	260.2616653442383	0.16742724212517873	0.0	2
50	265.77191138267517	0.16913358078600052	0.0017063386608217879	0
51	271.31930351257324	0.16913358078600052	0.0	1
52	276.8652925491333	0.17093468745884444	0.0018011066728439162	0
53	282.47632336616516	0.17093468745884444	0.0	1
54	288.01833939552307	0.17122106764562012	0.000286380186775681	0
55	293.5770835876465	0.17122106764562012	0.0	1
56	299.1544306278229	0.17317457847893777	0.0019535108333176565	0
57	304.69088315963745	0.17317457847893777	0.0	1
58	310.2814507484436	0.17317457847893777	0.0	2
59	315.85986852645874	0.17439770684193445	0.0012231283629966783	0
60	321.5122654438019	0.17494564527204998	0.0005479384301155243	0
61	327.13213896751404	0.17498075610395658	3.511083190660402e-05	0
62	332.7290005683899	0.17498075610395658	0.0	1
63	338.34093976020813	0.17498075610395658	0.0	2
64	343.9450788497925	0.17597174142083083	0.0009909853168742488	0
65	349.6018407344818	0.17597174142083083	0.0	1
66	355.24854850769043	0.1763468265246369	0.0003750851038060721	0
67	360.90472412109375	0.1763468265246369	0.0	1
68	366.52741599082947	0.17745499493198752	0.0011081684073506182	0
69	372.16453552246094	0.1774915572320891	3.6562300101572465e-05	0
70	377.7788088321686	0.1774915572320891	0.0	1
71	383.42010021209717	0.17819070557669514	0.0006991483446060487	0
72	389.0071301460266	0.17819070557669514	0.0	1
73	394.6203923225403	0.17819070557669514	0.0	2
74	400.2644591331482	0.1784568570738166	0.00026615149712144737	0
75	405.9393119812012	0.1784568570738166	0.0	1
76	411.55576038360596	0.17873517150695176	0.00027831443313516835	0
77	417.2347457408905	0.17928050096891932	0.0005453294619675586	0
78	422.86741399765015	0.18040215516937275	0.0011216542004534313	0
79	428.4751822948456	0.18065643769872253	0.0002542825293497808	0
80	434.0796263217926	0.18065643769872253	0.0	1
81	439.734934091568	0.18065643769872253	0.0	2
82	445.4072391986847	0.1811376820839291	0.00048124438520658064	0
83	450.9939126968384	0.1811376820839291	0.0	1
84	456.59550189971924	0.18255855920873157	0.001420877124802461	0
85	462.185010433197	0.18255855920873157	0.0	1
86	467.83323550224304	0.18255855920873157	0.0	2
87	473.462366104126	0.18275154935961957	0.00019299015088800053	0
88	479.06001353263855	0.18320659382525586	0.0004550444656362951	0
89	484.6723175048828	0.18356143186639262	0.0003548380411367569	0
90	490.3020076751709	0.18356143186639262	0.0	1
91	495.89370608329773	0.18443104504534166	0.0008696131789490413	0
92	501.6202893257141	0.18443104504534166	0.0	1
93	507.2153387069702	0.18443104504534166	0.0	2
94	512.8482446670532	0.18443104504534166	0.0	3
95	518.4955012798309	0.18443104504534166	0.0	4
96	524.1331334114075	0.18443104504534166	0.0	5
97	529.749785900116	0.18443104504534166	0.0	6
98	535.4245150089264	0.18538565179226557	0.0009546067469239083	0
99	541.0753724575043	0.18538565179226557	0.0	1
100	546.7265923023224	0.18538565179226557	0.0	2
101	552.3455312252045	0.18538565179226557	0.0	3
102	557.9767475128174	0.18538565179226557	0.0	4
103	563.5659101009369	0.18538565179226557	0.0	5
104	569.1113946437836	0.18538565179226557	0.0	6
105	574.779935836792	0.18633228465062462	0.0009466328583590533	0
106	580.403993844986	0.18633228465062462	0.0	1
107	586.0614111423492	0.18644932075697998	0.000117036106355356	0
108	591.7558813095093	0.18644932075697998	0.0	1
109	597.4091181755066	0.18657229134722117	0.00012297059024118928	0
110	603.0578398704529	0.18677731582301701	0.00020502447579584526	0
111	608.6434354782104	0.18693436835631774	0.00015705253330072777	0
112	614.2968564033508	0.18753637856995034	0.0006020102136325978	0
113	619.9299201965332	0.18813265640286347	0.0005962778329131335	0
114	625.5868320465088	0.18813265640286347	0.0	1
115	631.317259311676	0.18813265640286347	0.0	2
116	636.9423892498016	0.18925026853998908	0.0011176121371256065	0
117	642.6065163612366	0.18925026853998908	0.0	1
118	648.2723915576935	0.1893049282599902	5.465972000112673e-05	0
119	653.9628021717072	0.1893049282599902	0.0	1
120	659.6640510559082	0.1893049282599902	0.0	2
121	665.3759393692017	0.18941147337470837	0.00010654511471816508	0
122	671.0737133026123	0.1894199065886514	8.433213943032092e-06	0
123	676.794017791748	0.19015918159829356	0.0007392750096421596	0
124	682.3537023067474	0.19136325714460414	0.001204075546310579	0
125	687.9090526103973	0.19136327551761928	1.8373015137074233e-08	1
126	693.619779586792	0.19136327551761928	0.0	2
127	699.3464164733887	0.19136327551761928	0.0	3
128	705.0369400978088	0.19402030747314306	0.0026570319555237754	0
129	710.7607116699219	0.19402030747314306	0.0	1
130	716.4672799110413	0.19402030747314306	0.0	2
131	722.1555731296539	0.19402030747314306	0.0	3
132	727.8385951519012	0.19402030747314306	0.0	4
133	733.5217020511627	0.1948210953374285	0.000800787864285446	0
134	739.1779055595398	0.1952511892485231	0.00043009391109460893	0
135	744.8388752937317	0.1952511892485231	0.0	1
136	750.5623970031738	0.19544787237545153	0.00019668312692841528	0
137	756.2343564033508	0.19544787237545153	0.0	1
138	761.9746162891388	0.1959172110468562	0.0004693386714046677	0
139	767.6208057403564	0.1959172110468562	0.0	1
140	773.349178314209	0.19608346846073524	0.00016625741387904514	0
141	779.0697717666626	0.19608346846073524	0.0	1
142	784.8099408149719	0.19608346846073524	0.0	2
143	790.5184104442596	0.19659828034457782	0.0005148118838425864	0
144	796.1972880363464	0.19673835621190172	0.00014007586732389665	0
145	801.8817775249481	0.19673835621190172	0.0	1
146	807.6666648387909	0.1967909581542087	5.260194230696791e-05	0
147	813.3930497169495	0.1967909581542087	0.0	1
148	819.157924413681	0.19709416802284016	0.00030320986863147104	0
149	824.8157303333282	0.19709416802284016	0.0	1
150	830.6338455677032	0.19739300511387153	0.0002988370910313731	0
151	836.3424096107483	0.19739300511387153	0.0	1
152	842.1108458042145	0.19881961461939343	0.0014266095055218975	0
153	847.8205013275146	0.19881961461939343	0.0	1
154	853.562814950943	0.19881961461939343	0.0	2
155	859.2705085277557	0.19881961461939343	0.0	3
156	865.0024828910828	0.19901308246867475	0.00019346784928131466	0
157	870.7619349956512	0.19901308246867475	0.0	1
158	876.4708864688873	0.19902337135714554	1.0288888470794122e-05	0
159	882.200254201889	0.1991054987347607	8.212737761514877e-05	0
160	887.904045343399	0.19930649952024382	0.00020100078548312972	0
161	893.5265436172485	0.19971561144806405	0.0004091119278202271	0
162	899.1985883712769	0.20034716547001993	0.0006315540219558879	0
163	904.8689031600952	0.20101048643512945	0.0006633209651095151	0
164	910.4858374595642	0.20101048643512945	0.0	1
165	916.1772549152374	0.20224377507549104	0.0012332886403615961	0
166	921.7669863700867	0.20224377507549104	0.0	1
167	927.4069271087646	0.20224377507549104	0.0	2
168	933.0566549301147	0.20224377507549104	0.0	3
169	938.6178364753723	0.20224377507549104	0.0	4
170	944.2947463989258	0.20352481518216625	0.0012810401066752075	0
171	949.8431086540222	0.20352481518216625	0.0	1
172	955.3982231616974	0.20352481518216625	0.0	2
173	960.9295206069946	0.20352481518216625	0.0	3
174	966.5810871124268	0.20352481518216625	0.0	4
175	972.1180903911591	0.20352481518216625	0.0	5
176	977.708093881607	0.20449797867436786	0.0009731634922016119	0
177	983.3110127449036	0.20493002012506584	0.00043204145069797306	0
178	988.8200142383575	0.20493002012506584	0.0	1
179	994.4195573329926	0.20493002012506584	0.0	2
180	999.9452073574066	0.20493002012506584	0.0	3
181	1005.5030317306519	0.20493002012506584	0.0	4
182	1011.1183474063873	0.20493002012506584	0.0	5
183	1016.7464394569397	0.20538965784448374	0.0004596377194178991	0
184	1022.3040883541107	0.20564149676282173	0.0002518389183379932	0
185	1027.8611240386963	0.20567728739628802	3.579063346628719e-05	0
186	1033.394651889801	0.20577569326530518	9.840586901715964e-05	0
187	1038.9585359096527	0.2067376124722494	0.0009619192069442173	0
188	1044.5554537773132	0.2067376124722494	0.0	1
189	1050.1354703903198	0.20717211590697435	0.00043450343472495323	0
190	1055.574265241623	0.20717211590697435	0.0	1
191	1061.129537820816	0.2077962839768494	0.0006241680698750585	0
192	1066.6969304084778	0.2077962839768494	0.0	1
193	1072.2468900680542	0.20782628711055087	3.0003133701467233e-05	0
194	1077.757776260376	0.2084495181566545	0.0006232310461036228	0
195	1083.2806158065796	0.2084495181566545	0.0	1
196	1088.7647993564606	0.2084969205356807	4.740237902620126e-05	0
197	1094.2573482990265	0.20891400635206578	0.00041708581638508213	0
198	1099.7547924518585	0.2094511230762718	0.0005371167242060326	0
199	1105.2918152809143	0.2094511230762718	0.0	1
200	1110.8031265735626	0.21008631495522276	0.000635191878950947	0
201	1116.3117957115173	0.2104768885107804	0.00039057355555763285	0
202	1121.829223871231	0.2107115119139449	0.0002346234031645189	0
203	1127.2922985553741	0.21088344658949804	0.00017193467555312592	0
204	1132.7772648334503	0.21218890443327626	0.0013054578437782238	0
205	1138.3318877220154	0.21271429917383164	0.0005253947405553794	0
206	1143.8640177249908	0.21336440994106526	0.0006501107672336193	0
207	1149.4036934375763	0.21336440994106526	0.0	1
208	1154.8814806938171	0.21336440994106526	0.0	2
209	1160.3641967773438	0.21336440994106526	0.0	3
210	1165.8738386631012	0.21513246355969673	0.001768053618631471	0
211	1171.3728876113892	0.21513246355969673	0.0	1
212	1176.935662984848	0.21573921401123194	0.0006067504515352151	0
213	1182.4362080097198	0.21573921401123194	0.0	1
214	1187.8984823226929	0.21675994523959588	0.0010207312283639358	0
215	1193.4179861545563	0.2171942281981393	0.00043428295854341936	0
216	1198.8682670593262	0.2175569666357804	0.00036273843764109137	0
217	1204.3559329509735	0.2175569666357804	0.0	1
218	1209.7340185642242	0.2178994580107522	0.00034249137497180393	0
219	1215.220092535019	0.21845382699616195	0.0005543689854097533	0
220	1220.7306470870972	0.2191542981978571	0.0007004712016951409	0
221	1226.2252278327942	0.2191542981978571	0.0	1
222	1231.7227129936218	0.21980295749689568	0.0006486592990385953	0
223	1237.2008922100067	0.21980295749689568	0.0	1
224	1242.668645143509	0.22110960958665712	0.0013066520897614398	0
225	1248.17254281044	0.22110960958665712	0.0	1
226	1253.6138486862183	0.22110960958665712	0.0	2
227	1259.1034293174744	0.22110960958665712	0.0	3
228	1264.5501458644867	0.22110960958665712	0.0	4
229	1269.9292676448822	0.22110960958665712	0.0	5
230	1275.4059705734253	0.22110960958665712	0.0	6
231	1280.8448202610016	0.22334143485310995	0.002231825266452825	0
232	1286.244423866272	0.22334143485310995	0.0	1
233	1291.6760349273682	0.22334143485310995	0.0	2
234	1297.0069451332092	0.22394588867775436	0.0006044538246444131	0
235	1302.451010942459	0.22394588867775436	0.0	1
236	1307.8523693084717	0.22394588867775436	0.0	2
237	1313.1698503494263	0.22574682999346216	0.0018009413157077936	0
238	1318.5316660404205	0.22580940848298275	6.25784895205983e-05	0
239	1323.8487622737885	0.2263687565554918	0.0005593480725090416	0
240	1329.2850904464722	0.2263687565554918	0.0	1
241	1334.6261050701141	0.2263687565554918	0.0	2
242	1340.0118117332458	0.2263687565554918	0.0	3
243	1345.3900570869446	0.22712254624708383	0.0007537896915920383	0
244	1350.7422544956207	0.22712254624708383	0.0	1
245	1356.059084892273	0.2277766807046301	0.0006541344575462793	0
246	1361.3341913223267	0.22815759005423125	0.0003809093496011384	0
247	1366.6743919849396	0.22853399801512642	0.00037640796089516426	0
248	1372.0315868854523	0.22853399801512642	0.0	1
249	1377.3596765995026	0.22853399801512642	0.0	2
250	1382.7331953048706	0.22853399801512642	0.0	3
251	1388.0721862316132	0.2288007190757168	0.00026672106059039136	0
252	1393.4115517139435	0.2288007190757168	0.0	1
253	1398.6915023326874	0.22927365885808623	0.0004729397823694248	0
254	1404.0704684257507	0.22927365885808623	0.0	1
255	1409.4383721351624	0.22950675730099526	0.00023309844290902992	0
256	1414.854295015335	0.22950675730099526	0.0	1
257	1420.153068780899	0.23000481299504252	0.0004980556940472614	0
258	1425.4931149482727	0.23010626878457066	0.00010145578952813761	0
259	1430.8990290164948	0.23017498386114352	6.871507657285614e-05	0
260	1436.2872595787048	0.23052105797406494	0.000346074112921424	0
261	1441.707335472107	0.23132320544146975	0.0008021474674048124	0
262	1447.129355430603	0.23132320544146975	0.0	1
263	1452.5724093914032	0.23132320544146975	0.0	2
264	1458.0481507778168	0.23132320544146975	0.0	3
265	1463.458126783371	0.2314257084928601	0.00010250305139034022	0
266	1468.8386716842651	0.2318374661348585	0.00041175764199841147	0
267	1474.2344868183136	0.23214892548728175	0.0003114593524232434	0
268	1479.630678653717	0.23214892548728175	0.0	1
269	1484.9254138469696	0.23214892548728175	0.0	2
270	1490.1744720935822	0.2329468655342226	0.0007979400469408648	0
271	1495.563606262207	0.2329468655342226	0.0	1
272	1500.9208076000214	0.2329468655342226	0.0	2
273	1506.2059173583984	0.23297269799349038	2.5832459267766117e-05	0
274	1511.624413728714	0.23344391071243792	0.000471212718947539	0
275	1516.9663701057434	0.23344391071243792	0.0	1
276	1522.336844921112	0.23344391071243792	0.0	2
277	1527.6908583641052	0.23344391071243792	0.0	3
278	1532.9926104545593	0.23405350898131774	0.000609598268879824	0
279	1538.3295102119446	0.23405350898131774	0.0	1
280	1543.6570167541504	0.23411976207386365	6.625309254590372e-05	0
281	1548.9701943397522	0.23411976207386365	0.0	1
282	1554.2875690460205	0.23411976207386365	0.0	2
283	1559.6377613544464	0.23411976207386365	0.0	3
284	1564.9657278060913	0.2344600854330505	0.0003403233591868504	0
285	1570.2183113098145	0.2344600854330505	0.0	1
286	1575.5378243923187	0.2344600854330505	0.0	2
287	1580.8346123695374	0.23473095879505945	0.0002708733620089554	0
288	1586.1690664291382	0.23479528272101707	6.432392595762115e-05	0
289	1591.5146622657776	0.2351899350859328	0.00039465236491573186	0
290	1596.8804416656494	0.23563700566300422	0.0004470705770714123	0
291	1602.2539746761322	0.23595708195952175	0.0003200762965175352	0
292	1607.5293431282043	0.23595708195952175	0.0	1
293	1612.8600025177002	0.23614441322175084	0.00018733126222908458	0
294	1618.1630413532257	0.23738633717922186	0.001241923957471025	0
295	1623.4917538166046	0.23738633717922186	0.0	1
296	1628.8208882808685	0.23738633717922186	0.0	2
297	1634.0735597610474	0.23738633717922186	0.0	3
298	1639.3817148208618	0.23738633717922186	0.0	4
299	1644.6119575500488	0.2374239834872159	3.764630799404922e-05	0
300	1649.9014320373535	0.2376295407804504	0.00020555729323448735	0
301	1655.2194213867188	0.2392298671439927	0.0016003263635422926	0
302	1660.5887048244476	0.2392298671439927	0.0	1
303	1665.8648087978363	0.2392298671439927	0.0	2
304	1671.157815694809	0.2392298671439927	0.0	3
305	1676.4708478450775	0.2393186455530836	8.877840909091161e-05	0
306	1681.7311849594116	0.2393186455530836	0.0	1
307	1687.046527147293	0.2393186455530836	0.0	2
308	1692.3611068725586	0.2393186455530836	0.0	3
309	1697.6725006103516	0.23965040708722155	0.00033176153413794207	0
310	1703.0327095985413	0.23965040708722155	0.0	1
311	1708.3497867584229	0.23971236089422787	6.195380700632636e-05	0
312	1713.71470785141	0.23985743422166617	0.00014507332743829426	0
313	1719.0292506217957	0.24083269223759218	0.0009752580159260171	0
314	1724.3603961467743	0.24104344909410746	0.00021075685651528175	0
315	1729.6704542636871	0.24104344909410746	0.0	1
316	1734.9649336338043	0.24104344909410746	0.0	2
317	1740.2707602977753	0.24104344909410746	0.0	3
318	1745.682625055313	0.2412038455161612	0.0001603964220537324	0
319	1750.987532377243	0.2412038455161612	0.0	1
320	1756.3005640506744	0.24172620870922074	0.0005223631930595385	0
321	1761.6365213394165	0.24191456886029689	0.00018836015107615012	0
322	1766.9626982212067	0.24191456886029689	0.0	1
323	1772.230920791626	0.2428531910840608	0.0009386222237639241	0
324	1777.5474643707275	0.2428531910840608	0.0	1
325	1782.891360759735	0.2428531910840608	0.0	2
326	1788.193187236786	0.2428531910840608	0.0	3
327	1793.5772602558136	0.2428531910840608	0.0	4
328	1798.8443686962128	0.24351759605706277	0.0006644049730019641	0
329	1804.2186436653137	0.24351759605706277	0.0	1
330	1809.547152519226	0.24351759605706277	0.0	2
331	1814.8686397075653	0.24358513526066752	6.753920360474952e-05	0
332	1820.2144038677216	0.24358513526066752	0.0	1
333	1825.5940146446228	0.2438992035812387	0.0003140683205711814	0
334	1830.950222492218	0.24392733266739727	2.812908615856813e-05	0
335	1836.3013746738434	0.2446973824773762	0.0007700498099789399	0
336	1841.6874709129333	0.2446973824773762	0.0	1
337	1847.0985748767853	0.2446973824773762	0.0	2
338	1852.4637036323547	0.24549677399251205	0.0007993915151358333	0
339	1857.801361322403	0.24549677399251205	0.0	1
340	1863.1803500652313	0.24549677399251205	0.0	2
341	1868.6001138687134	0.24549677399251205	0.0	3
342	1873.910168170929	0.24549677399251205	0.0	4
343	1879.2229273319244	0.24612250376867287	0.0006257297761608216	0
344	1884.5123987197876	0.24650352335636477	0.00038101958769190536	0
345	1889.7605051994324	0.24650352335636477	0.0	1
346	1895.0616810321808	0.24650352335636477	0.0	2
347	1900.418455839157	0.24666423211967564	0.00016070876331086836	0
348	1905.774650335312	0.24666423211967564	0.0	1
349	1911.1028804779053	0.24690954861764375	0.0002453164979681066	0
350	1916.4687457084656	0.24690954861764375	0.0	1
351	1921.7986552715302	0.24700409615348434	9.45475358405945e-05	0
352	1927.2093608379364	0.24700409615348434	0.0	1
353	1932.5493404865265	0.24700409615348434	0.0	2
354	1937.8554029464722	0.24700411452649948	1.8373015137074233e-08	3
355	1943.1857647895813	0.24779088378024344	0.000786769253743963	0
356	1948.5387933254242	0.24779088378024344	0.0	1
357	1953.8564727306366	0.24779088378024344	0.0	2
358	1959.1958417892456	0.2479202849257789	0.00012940114553544602	0
359	1964.4904100894928	0.2479202849257789	0.0	1
360	1969.8231706619263	0.2479202849257789	0.0	2
361	1975.127754688263	0.24861974561164207	0.0006994606858631847	0
362	1980.4550681114197	0.24891900528202138	0.0002992596703793038	0
363	1985.8335626125336	0.24891900528202138	0.0	1
364	1991.1932256221771	0.24891900528202138	0.0	2
365	1996.4508965015411	0.2490852443228853	0.00016623904086393582	0
366	2001.7575132846832	0.2500886314249699	0.0010033871020845853	0
367	2007.0877587795258	0.2500886314249699	0.0	1
368	2012.4222564697266	0.2500886314249699	0.0	2
369	2017.72780418396	0.2500886314249699	0.0	3
370	2022.9765975475311	0.2500886314249699	0.0	4
371	2028.255197763443	0.25069067838463277	0.0006020469596628719	0
372	2033.595564365387	0.25069067838463277	0.0	1
373	2038.929104566574	0.2508740410755945	0.0001833626909617525	0
374	2044.254076719284	0.2508740410755945	0.0	1
375	2049.5974836349487	0.2508740410755945	0.0	2
376	2054.8654611110687	0.2509897726978759	0.00011573162228140088	0
377	2060.1450638771057	0.2509897726978759	0.0	1
378	2065.4616339206696	0.2533888291480095	0.002399056450133552	0
379	2070.7325060367584	0.2533888291480095	0.0	1
380	2076.0004127025604	0.2533888291480095	0.0	2
381	2081.2250740528107	0.2533888291480095	0.0	3
382	2086.5168118476868	0.2533888291480095	0.0	4
383	2091.8260884284973	0.2533888291480095	0.0	5
384	2097.113765001297	0.2533888291480095	0.0	6
385	2102.4339911937714	0.2534435256140409	5.469646603140088e-05	0
386	2107.7175908088684	0.253700913182947	0.00025738756890614223	0
387	2112.953526496887	0.253700913182947	0.0	1
388	2118.2719960212708	0.25415683955330937	0.0004559263703623473	0
389	2123.5508522987366	0.25415683955330937	0.0	1
390	2128.8658628463745	0.25415683955330937	0.0	2
391	2134.0803003311157	0.25415683955330937	0.0	3
392	2139.3015916347504	0.25415683955330937	0.0	4
393	2144.538340806961	0.25415683955330937	0.0	5
394	2149.833333969116	0.254268253517036	0.00011141396372665868	0
395	2155.0992534160614	0.25448632283357164	0.00021806931653561845	0
396	2160.3626143932343	0.25448632283357164	0.0	1
397	2165.6219913959503	0.254541735847193	5.541301362133044e-05	0
398	2170.8948760032654	0.25486669936573414	0.0003249635185411659	0
399	2176.1586768627167	0.25486669936573414	0.0	1
400	2181.404813528061	0.25486669936573414	0.0	2
401	2186.693300962448	0.25487261547660484	5.916110870696212e-06	0
402	2191.9366543293	0.25487261547660484	0.0	1
403	2197.2139341831207	0.25541445406569835	0.0005418385890935129	0
404	2202.476249694824	0.25541445406569835	0.0	1
405	2207.7542848587036	0.25541445406569835	0.0	2
406	2213.036341905594	0.25553891287016484	0.00012445880446648738	0
407	2218.264371395111	0.25553891287016484	0.0	1
408	2223.5577692985535	0.2559261976560148	0.00038728478584998394	0
409	2228.875250816345	0.2559261976560148	0.0	1
410	2234.1828005313873	0.2559261976560148	0.0	2
411	2239.460978746414	0.25611086483105056	0.00018466717503573538	0
412	2244.7339951992035	0.25628897283968616	0.0001781080086356024	0
413	2250.0242309570312	0.25628897283968616	0.0	1
414	2255.285567045212	0.25628897283968616	0.0	2
415	2260.6031839847565	0.25628897283968616	0.0	3
416	2265.9236855506897	0.25628897283968616	0.0	4
417	2271.244573354721	0.2566514356821004	0.0003624628424142573	0
418	2276.5510001182556	0.2566514356821004	0.0	1
419	2281.8799839019775	0.2566514356821004	0.0	2
420	2287.2090632915497	0.256743080281551	9.16445994506021e-05	0
421	2292.525676727295	0.256743080281551	0.0	1
422	2297.8917350769043	0.256743080281551	0.0	2
423	2303.190927028656	0.2582432185936089	0.0015001383120578637	0
424	2308.4879426956177	0.2582432185936089	0.0	1
425	2313.801820755005	0.2582432185936089	0.0	2
426	2319.111299276352	0.2583446927561522	0.00010147416254330244	0
427	2324.455701828003	0.2583446927561522	0.0	1
428	2329.7152457237244	0.2583446927561522	0.0	2
429	2335.1160361766815	0.25923650053737396	0.0008918077812217762	0
430	2340.4364361763	0.25923650053737396	0.0	1
431	2345.74329161644	0.25923650053737396	0.0	2
432	2351.1210293769836	0.25923650053737396	0.0	3
433	2356.4841372966766	0.2604900362404049	0.001253535703030939	0
434	2361.7898092269897	0.2604900362404049	0.0	1
435	2367.1575360298157	0.2604900362404049	0.0	2
436	2372.5265629291534	0.2604900362404049	0.0	3
437	2377.833442211151	0.2604900362404049	0.0	4
438	2383.1736001968384	0.26104265978937763	0.0005526235489727305	0
439	2388.4891571998596	0.26104265978937763	0.0	1
440	2393.844381093979	0.26104265978937763	0.0	2
441	2399.1774246692657	0.26104265978937763	0.0	3
442	2404.453697681427	0.26104265978937763	0.0	4
443	2409.70663690567	0.26210024728608516	0.001057587496707535	0
444	2415.0412731170654	0.26210024728608516	0.0	1
445	2420.385807275772	0.26210024728608516	0.0	2
446	2425.714686870575	0.26242074616195066	0.00032049887586549364	0
447	2430.990141391754	0.26242074616195066	0.0	1
448	2436.3329684734344	0.2625247374275662	0.00010399126561555505	0
449	2441.649665117264	0.26253289504628236	8.157618716142512e-06	0
450	2447.0267283916473	0.2628488006683662	0.0003159056220838341	0
451	2452.419629096985	0.26394506336191487	0.0010962626935486774	0
452	2457.731939315796	0.26394506336191487	0.0	1
453	2463.1244611740112	0.26394506336191487	0.0	2
454	2468.4126496315002	0.26394506336191487	0.0	3
455	2473.6874725818634	0.26394506336191487	0.0	4
456	2478.987820625305	0.26394506336191487	0.0	5
457	2484.2716915607452	0.26394506336191487	0.0	6
458	2489.534022331238	0.26394506336191487	0.0	7
459	2494.799882888794	0.26432760790986226	0.00038254454794739434	0
460	2500.0454561710358	0.2643663565987639	3.87486889016353e-05	0
461	2505.329627752304	0.2644761353641443	0.00010977876538043052	0
462	2510.6100268363953	0.2644761353641443	0.0	1
463	2515.934080839157	0.26492965486952513	0.0004535195053808061	0
464	2521.194926738739	0.2661044989487696	0.0011748440792444526	0
465	2526.5454845428467	0.2661044989487696	0.0	1
466	2531.87757897377	0.2661044989487696	0.0	2
467	2537.198124408722	0.2661044989487696	0.0	3
468	2542.4663343429565	0.2661044989487696	0.0	4
469	2547.695672750473	0.2661044989487696	0.0	5
470	2553.037358522415	0.26630665723420566	0.0002021582854360715	0
471	2558.327072620392	0.26630665723420566	0.0	1
472	2563.5658371448517	0.266754003406504	0.0004473461722983574	0
473	2568.819619655609	0.2678026616178601	0.0010486582113560794	0
474	2574.017394065857	0.2678026616178601	0.0	1
475	2579.2935576438904	0.2678026616178601	0.0	2
476	2584.5357217788696	0.2678026616178601	0.0	3
477	2589.7582581043243	0.2678038191178131	1.1574999529972985e-06	0
478	2595.024609565735	0.26811316557349674	0.0003093464556836456	0
479	2600.282162427902	0.26811316557349674	0.0	1
480	2605.521509170532	0.2681892666021504	7.610102865368562e-05	0
481	2610.8044848442078	0.2685902209112545	0.0004009543091040846	0
482	2616.0073821544647	0.26896080462635463	0.00037058371510012567	0
483	2621.254159450531	0.26896080462635463	0.0	1
484	2626.5236954689026	0.2703188276664095	0.0013580230400548898	0
485	2631.7825062274933	0.2703188276664095	0.0	1
486	2637.0338015556335	0.2703188276664095	0.0	2
487	2642.250791311264	0.27074381387929897	0.0004249862128894444	0
488	2647.431200504303	0.27074381387929897	0.0	1
489	2652.6374294757843	0.27074381387929897	0.0	2
490	2657.8985109329224	0.27085745097785596	0.00011363709855699566	0
491	2663.1267268657684	0.27085745097785596	0.0	1
492	2668.2603793144226	0.2709722823223962	0.0001148313445402116	0
493	2673.492306470871	0.271368992465006	0.00039671014260983517	0
494	2678.6077275276184	0.27157864694061373	0.00020965447560772343	0
495	2683.780049800873	0.2719710394246689	0.0003923924840551485	0
496	2688.9375767707825	0.2719710394246689	0.0	1
497	2694.1330902576447	0.2719710394246689	0.0	2
498	2699.3460063934326	0.2723285782990292	0.00035753887436029697	0
499	2704.6029114723206	0.2723285782990292	0.0	1
500	2709.8412976264954	0.2723285782990292	0.0	2
501	2715.1114678382874	0.2730229680327175	0.0006943897336882943	0
502	2720.338289499283	0.27357906408154914	0.0005560960488316669	0
503	2725.5041086673737	0.27357906408154914	0.0	1
504	2730.766769886017	0.27357906408154914	0.0	2
505	2736.07385802269	0.2740086435482202	0.0004295794666710484	0
506	2741.2885134220123	0.2740086435482202	0.0	1
507	2746.444315433502	0.274698017448779	0.0006893739005587873	0
508	2751.6605360507965	0.27530006440844185	0.0006020469596628719	0
509	2756.866452932358	0.27530006440844185	0.0	1
510	2762.089509010315	0.27530006440844185	0.0	2
511	2767.387660741806	0.27530006440844185	0.0	3
512	2772.6099560260773	0.27530006440844185	0.0	4
513	2777.8421714305878	0.27530006440844185	0.0	5
514	2783.0798518657684	0.27555318943783863	0.0002531250293967835	0
515	2788.305087327957	0.27780886287792556	0.002255673440086925	0
516	2793.491549730301	0.27780886287792556	0.0	1
517	2798.6184804439545	0.27780886287792556	0.0	2
518	2803.81414103508	0.27780886287792556	0.0	3
519	2809.0053341388702	0.27780886287792556	0.0	4
520	2814.2191429138184	0.2781782156010122	0.0003693527230866356	0
521	2819.424075126648	0.2783177770239125	0.00013956142290033613	0
522	2824.600035429001	0.27844131717762266	0.00012354015371013327	0
523	2829.7854001522064	0.27844131717762266	0.0	1
524	2834.9596087932587	0.280793834780441	0.002352517602818349	0
525	2840.106546640396	0.280793834780441	0.0	1
526	2845.21448636055	0.280793834780441	0.0	2
527	2850.342625141144	0.280793834780441	0.0	3
528	2855.4946553707123	0.280793834780441	0.0	4
529	2860.508767604828	0.2814915500298672	0.0006977152494261896	0
530	2865.6680386066437	0.2814915500298672	0.0	1
531	2870.786299467087	0.2814915500298672	0.0	2
532	2875.8889899253845	0.2814915500298672	0.0	3
533	2881.055653333664	0.2814915500298672	0.0	4
534	2886.1620905399323	0.2814915500298672	0.0	5
535	2891.308378458023	0.28202363254792856	0.0005320825180613609	0
536	2896.39781165123	0.28202363254792856	0.0	1
537	2901.466878890991	0.28202363254792856	0.0	2
538	2906.56823182106	0.28202363254792856	0.0	3
539	2911.634479522705	0.2821529602014035	0.00012932765347495323	0
540	2916.750518321991	0.2821529602014035	0.0	1
541	2921.8526260852814	0.28329769090885576	0.0011447307074522461	0
542	2926.9408152103424	0.28329769090885576	0.0	1
543	2932.0388402938843	0.28329769090885576	0.0	2
544	2937.154871225357	0.2837098895032172	0.0004121985943614237	0
545	2942.301420211792	0.28438221324573865	0.0006723237425214634	0
546	2947.3996653556824	0.28438221324573865	0.0	1
547	2952.4903666973114	0.28438221324573865	0.0	2
548	2957.652756690979	0.28451225744680353	0.0001300442010648828	0
549	2962.798803329468	0.28451225744680353	0.0	1
550	2967.9364902973175	0.2855353220480885	0.0010230646012849842	0
551	2973.026439666748	0.28566602767769794	0.00013070562960942889	0
552	2978.1380412578583	0.28566602767769794	0.0	1
553	2983.2730934619904	0.28652593990466024	0.0008599122269623005	0
554	2988.4242441654205	0.28652593990466024	0.0	1
555	2993.5409078598022	0.28652593990466024	0.0	2
556	2998.6492278575897	0.28652593990466024	0.0	3
557	3003.734477996826	0.28652593990466024	0.0	4
558	3008.7768037319183	0.28652593990466024	0.0	5
559	3013.8709738254547	0.2876774870007243	0.0011515470960640761	0
560	3019.0114340782166	0.28767756049278487	7.349206054829693e-08	1
561	3024.0969347953796	0.28767756049278487	0.0	2
562	3029.2105882167816	0.28819121487667443	0.0005136543838895613	0
563	3034.288873910904	0.28819121487667443	0.0	1
564	3039.3478763103485	0.28819121487667443	0.0	2
565	3044.435158729553	0.28819121487667443	0.0	3
566	3049.547353029251	0.28819121487667443	0.0	4
567	3054.635754585266	0.2883321726487244	0.00014095777204997662	0
568	3059.7207040786743	0.2883321726487244	0.0	1
569	3064.8035800457	0.2887997291376618	0.0004675564889373707	0
570	3069.884814977646	0.2887997291376618	0.0	1
571	3074.8182306289673	0.28910903884731526	0.0003093097096534825	0
572	3079.8754765987396	0.28910903884731526	0.0	1
573	3084.959756374359	0.28910903884731526	0.0	2
574	3090.0707125663757	0.28910903884731526	0.0	3
575	3095.166012763977	0.28925291792877034	0.00014387908145507833	0
576	3100.2383699417114	0.28925291792877034	0.0	1
577	3105.3435287475586	0.2895094603389807	0.0002565424102103364	0
578	3110.394093990326	0.2895094603389807	0.0	1
579	3115.3515009880066	0.28988072385564045	0.0003712635166597811	0
580	3120.323838710785	0.28988072385564045	0.0	1
581	3125.2454795837402	0.28988072385564045	0.0	2
582	3130.273413181305	0.28988072385564045	0.0	3
583	3135.3356952667236	0.28988072385564045	0.0	4
584	3140.3155694007874	0.28988072385564045	0.0	5
585	3145.2841742038727	0.28988072385564045	0.0	6
586	3150.323540687561	0.29025417376110024	0.0003734499054597884	0
587	3155.382474422455	0.29048277081530327	0.000228597054203028	0
588	3160.3279988765717	0.29048277081530327	0.0	1
589	3165.276869058609	0.29050081311615744	1.80423008541708e-05	0
590	3170.2658774852753	0.29089908496505307	0.00039827184889562606	0
591	3175.272293806076	0.2910243338091699	0.00012524884411685422	0
592	3180.300995826721	0.2910243338091699	0.0	1
593	3185.3116266727448	0.2910243338091699	0.0	2
594	3190.331936597824	0.2914675276800497	0.0004431938708797656	0
595	3195.31001162529	0.2917073690195101	0.00023984133946042263	0
596	3200.2916843891144	0.2917073690195101	0.0	1
597	3205.262789964676	0.29224360383899006	0.0005362348194799527	0
598	3210.2262966632843	0.2923924620075444	0.0001488581685543111	0
599	3215.136560201645	0.2923924620075444	0.0	1
600	3220.116507291794	0.2923924620075444	0.0	2
601	3225.048270702362	0.2923924620075444	0.0	3
602	3230.026085615158	0.29265372628264225	0.0002612642750978722	0
603	3235.041638612747	0.29336474359501996	0.0007110173123777153	0
604	3240.027489423752	0.29336474359501996	0.0	1
605	3245.0068089962006	0.29336474359501996	0.0	2
606	3249.9686629772186	0.29336474359501996	0.0	3
607	3254.970618724823	0.29336474359501996	0.0	4
608	3259.9526221752167	0.29336474359501996	0.0	5
609	3264.9580833911896	0.29336474359501996	0.0	6
610	3269.96479344368	0.2935071528352649	0.00014240924024494506	0
611	3274.9397225379944	0.29359552703802305	8.837420275814578e-05	0
612	3279.9264328479767	0.29359552703802305	0.0	1
613	3284.8806943893433	0.29359552703802305	0.0	2
614	3289.8534235954285	0.29359552703802305	0.0	3
615	3294.8177235126495	0.2947372445709945	0.0011417175329714313	0
616	3299.762303352356	0.2947372445709945	0.0	1
617	3304.5985794067383	0.2947372445709945	0.0	2
618	3309.4455275535583	0.2951897168145131	0.00045247224351863125	0
619	3314.431837081909	0.2951897168145131	0.0	1
620	3319.42027258873	0.2956576958827984	0.0004679790682852736	0
621	3324.4298985004425	0.29579176377417593	0.00013406789137754282	0
622	3329.3538801670074	0.2958993377777412	0.00010757400356525837	0
623	3334.2920932769775	0.2964108608918761	0.0005115231141349375	0
624	3339.262904405594	0.2964108608918761	0.0	1
625	3344.237168073654	0.2964108608918761	0.0	2
626	3349.1940791606903	0.29686180817513924	0.0004509472832631145	0
627	3354.1062989234924	0.29686180817513924	0.0	1
628	3359.014992713928	0.29686180817513924	0.0	2
629	3363.903561115265	0.29686180817513924	0.0	3
630	3368.8070590496063	0.29686180817513924	0.0	4
631	3373.6664209365845	0.2979339103537967	0.0010721021786574414	0
632	3378.55367064476	0.2979339103537967	0.0	1
633	3383.4637880325317	0.2979339103537967	0.0	2
634	3388.371016740799	0.2979339103537967	0.0	3
635	3393.2577226161957	0.2979339103537967	0.0	4
636	3398.1398627758026	0.2979339103537967	0.0	5
637	3403.015320301056	0.2979339103537967	0.0	6
638	3407.979887008667	0.2979339103537967	0.0	7
639	3412.8677730560303	0.30123590863231864	0.003301998278521956	0
640	3417.7419674396515	0.3018379555919815	0.0006020469596628719	0
641	3422.622938156128	0.3018379555919815	0.0	1
642	3427.5281071662903	0.3018379555919815	0.0	2
643	3432.4240515232086	0.3018379555919815	0.0	3
644	3437.3404853343964	0.3018379555919815	0.0	4
645	3442.2896904945374	0.3018379555919815	0.0	5
646	3447.15682387352	0.3022674064475467	0.00042945085556517215	0
647	3452.023478746414	0.3022674064475467	0.0	1
648	3456.868473291397	0.3022674064475467	0.0	2
649	3461.739389896393	0.3033682807678921	0.0011008743203453908	0
650	3466.6543316841125	0.3033682807678921	0.0	1
651	3471.4994888305664	0.3033682807678921	0.0	2
652	3476.415187358856	0.3033682807678921	0.0	3
653	3481.317430496216	0.30380487872634143	0.00043659795844935845	0
654	3486.1785871982574	0.30544533175491984	0.0016404530285784036	0
655	3491.0061223506927	0.30544533175491984	0.0	1
656	3495.7857739925385	0.30544533175491984	0.0	2
657	3500.5735805034637	0.3058796882055238	0.00043435645060396766	0
658	3505.4188373088837	0.3058796882055238	0.0	1
659	3510.243782043457	0.3058796882055238	0.0	2
660	3515.127975463867	0.30741706861924295	0.0015373804137191471	0
661	3519.935124397278	0.30741706861924295	0.0	1
662	3524.764529466629	0.3085353605579282	0.0011182919386852341	0
663	3529.6592144966125	0.3090569704573676	0.0005216098994393903	0
664	3534.5115752220154	0.3090569704573676	0.0	1
665	3539.3601195812225	0.3090569704573676	0.0	2
666	3544.182787179947	0.3090569704573676	0.0	3
667	3549.0054659843445	0.3090569704573676	0.0	4
668	3553.8446810245514	0.3090569704573676	0.0	5
669	3558.7166895866394	0.3090569704573676	0.0	6
670	3563.550265312195	0.3090569704573676	0.0	7
671	3568.3882400989532	0.30940399996707557	0.00034702950970799673	0
672	3573.1635138988495	0.30940399996707557	0.0	1
673	3577.9279379844666	0.30940399996707557	0.0	2
674	3582.7497804164886	0.309448683139863	4.468317278744083e-05	0
675	3587.529556274414	0.310093318748589	0.000644635608725963	0
676	3592.3162729740143	0.310093318748589	0.0	1
677	3597.1690833568573	0.310093318748589	0.0	2
678	3601.9467492103577	0.310093318748589	0.0	3
