1	2.2662625312805176	0.04016512435003622	10000000000.040165	0
2	3.7296504974365234	0.04016512435003622	0.0	1
3	5.263608455657959	0.04837472951247131	0.008209605162435088	0
4	6.803637742996216	0.04837472951247131	0.0	1
5	8.303078174591064	0.04837472951247131	0.0	2
6	9.826887369155884	0.04843345885532294	5.872934285163639e-05	0
7	11.374045133590698	0.05052679292700651	0.002093334071683564	0
8	12.977849006652832	0.05052679292700651	0.0	1
9	14.600813865661621	0.05959846455242747	0.009071671625420961	0
10	16.152095556259155	0.05959846455242747	0.0	1
11	17.742928743362427	0.05959846455242747	0.0	2
12	19.395523071289062	0.05959846455242747	0.0	3
13	21.06596326828003	0.06444164645879977	0.004843181906372299	0
14	22.68136978149414	0.0644822691952443	4.06227364445344e-05	0
15	24.40073323249817	0.08152911549659467	0.017046846301350366	0
16	26.17763352394104	0.08152911549659467	0.0	1
17	27.96958565711975	0.08152911549659467	0.0	2
18	29.7955265045166	0.08152911549659467	0.0	3
19	31.744736433029175	0.08152911549659467	0.0	4
20	33.767022132873535	0.08790023408691112	0.0063711185903164574	0
21	35.79893946647644	0.08790023408691112	0.0	1
22	37.89749073982239	0.09135685966073713	0.0034566255738260054	0
23	40.02610993385315	0.0916710565924142	0.0003141969316770715	0
24	42.1583776473999	0.0916710565924142	0.0	1
25	44.37984013557434	0.09415416040024364	0.0024831038078294426	0
26	46.55182361602783	0.09483005769420717	0.0006758972939635288	0
27	48.786641120910645	0.09951409254355434	0.004684034849347166	0
28	50.99514150619507	0.10611047348582837	0.0065963809422740355	0
29	53.19024348258972	0.10611047348582837	0.0	1
30	55.442102909088135	0.10931196218510122	0.0032014886992728503	0
31	57.72301936149597	0.10931196218510122	0.0	1
32	59.98805475234985	0.10931196218510122	0.0	2
33	62.224246978759766	0.11486549078879911	0.005553528603697885	0
34	64.52426838874817	0.11880533584695778	0.00393984505815867	0
35	66.75548529624939	0.11880533584695778	0.0	1
36	68.94516348838806	0.11880533584695778	0.0	2
37	71.17817664146423	0.12429191318353495	0.005486577336577175	0
38	73.41673874855042	0.13288233583049555	0.008590422646960597	0
39	75.65150713920593	0.13288233583049555	0.0	1
40	77.86379742622375	0.13288233583049555	0.0	2
41	80.067458152771	0.13288233583049555	0.0	3
42	82.26471662521362	0.13288233583049555	0.0	4
43	84.43335843086243	0.13288233583049555	0.0	5
44	86.64264965057373	0.1345076494946098	0.001625313664114253	0
45	88.82312512397766	0.1365920588741957	0.0020844093795858998	0
46	90.99104022979736	0.14205914244172374	0.005467083567528036	0
47	93.16522693634033	0.14386697363810394	0.0018078311963801996	0
48	95.34949564933777	0.14386697363810394	0.0	1
49	97.6183865070343	0.14432301024655705	0.0004560366084531142	0
50	99.76537442207336	0.1463166753044335	0.001993665057876459	0
51	101.97760224342346	0.1463166753044335	0.0	1
52	104.14859390258789	0.1463166753044335	0.0	2
53	106.31709313392639	0.15031943875289264	0.0040027634484591235	0
54	108.4748604297638	0.15031943875289264	0.0	1
55	110.64271116256714	0.15031943875289264	0.0	2
56	112.81622695922852	0.15031943875289264	0.0	3
57	114.9707384109497	0.15031943875289264	0.0	4
58	117.16751766204834	0.15684489985677869	0.006525461103886049	0
59	119.34703350067139	0.15684489985677869	0.0	1
60	121.5097496509552	0.15684489985677869	0.0	2
61	123.74409365653992	0.15684489985677869	0.0	3
62	125.92346477508545	0.15700707846129966	0.00016217860452097388	0
63	128.12571811676025	0.15700707846129966	0.0	1
64	130.3113033771515	0.15700707846129966	0.0	2
65	132.46979427337646	0.15700707846129966	0.0	3
66	134.72573900222778	0.15759705435002447	0.0005899758887248086	0
67	136.87799406051636	0.15922075118880757	0.0016236968387831063	0
68	139.05832839012146	0.15981072707753236	0.0005899758887247808	0
69	141.2077178955078	0.16169048862813254	0.0018797615506001841	0
70	143.3677999973297	0.16169048862813254	0.0	1
71	145.5853717327118	0.16169048862813254	0.0	2
72	147.7680220603943	0.16169048862813254	0.0	3
73	149.96883392333984	0.16169048862813254	0.0	4
74	152.14658308029175	0.16169048862813254	0.0	5
75	154.32290410995483	0.16246568288234686	0.0007751942542143231	0
76	156.53500413894653	0.16254823283930991	8.254995696305167e-05	0
77	158.74708461761475	0.16254823283930991	0.0	1
78	160.97149467468262	0.16386205040497065	0.0013138175656607354	0
79	163.18929076194763	0.16471224330693107	0.0008501929019604226	0
80	165.38109397888184	0.16544159688840496	0.000729353581473885	0
81	167.5907769203186	0.16544159688840496	0.0	1
82	169.76832818984985	0.16608808817165863	0.0006464912832536696	0
83	171.99043154716492	0.16718221959545265	0.0010941314237940258	0
84	174.18460083007812	0.16815883721449804	0.0009766176190453835	0
85	176.39144611358643	0.16815883721449804	0.0	1
86	178.61160159111023	0.16824491479036538	8.607757586734377e-05	0
87	180.81617736816406	0.16824491479036538	0.0	1
88	183.01291513442993	0.1689277846435694	0.0006828698532040101	0
89	185.272319316864	0.1693934119659185	0.00046562732234911586	0
90	187.58663535118103	0.1707995171865593	0.001406105220640802	0
91	189.80773496627808	0.1707995171865593	0.0	1
92	192.0864703655243	0.1709904128137229	0.00019089562716359532	0
93	194.40452814102173	0.17339117795426323	0.0024007651405403285	0
94	196.6912078857422	0.1745667385810976	0.0011755606268343821	0
95	198.98517775535583	0.1745667385810976	0.0	1
96	201.29243302345276	0.1745667385810976	0.0	2
97	203.55209517478943	0.1751499899462861	0.0005832513651884974	0
98	205.8628273010254	0.1751499899462861	0.0	1
99	208.11868834495544	0.1778574190823017	0.002707429136015599	0
100	210.4171199798584	0.1778574190823017	0.0	1
101	212.7775719165802	0.1778574190823017	0.0	2
102	215.131192445755	0.1779148347545718	5.7415672270078044e-05	0
103	217.45128345489502	0.18003678939056855	0.0021219546359967645	0
104	219.77340745925903	0.18003678939056855	0.0	1
105	222.08132600784302	0.18003678939056855	0.0	2
106	224.37712025642395	0.18103334173102612	0.0009965523404575627	0
107	226.7020354270935	0.1834892075439306	0.0024558658129044952	0
108	229.05202436447144	0.18487429403526678	0.0013850864913361738	0
109	231.39812231063843	0.18487429403526678	0.0	1
110	233.72477746009827	0.18487429403526678	0.0	2
111	236.08396887779236	0.1863081425087485	0.0014338484734817136	0
112	238.4430491924286	0.1863081425087485	0.0	1
113	240.83425164222717	0.1863081425087485	0.0	2
114	243.15398573875427	0.18704896085166128	0.0007408183429127857	0
115	245.51536560058594	0.18704896085166128	0.0	1
116	247.87966084480286	0.18704896085166128	0.0	2
117	250.29621696472168	0.18931955318003085	0.0022705923283695695	0
118	252.69075298309326	0.18931955318003085	0.0	1
119	255.0841681957245	0.18931955318003085	0.0	2
120	257.438764333725	0.18931955318003085	0.0	3
121	259.8540768623352	0.19139265396880645	0.0020731007887755948	0
122	262.187050819397	0.1929938622370748	0.0016012082682683448	0
123	264.5669438838959	0.1929938622370748	0.0	1
124	266.94315814971924	0.1929938622370748	0.0	2
125	269.3196749687195	0.19334528289739802	0.0003514206603232317	0
126	271.7072033882141	0.19551245352362093	0.002167170626222903	0
127	274.114693403244	0.19551245352362093	0.0	1
128	276.4836881160736	0.19551245352362093	0.0	2
129	278.9021282196045	0.19551245352362093	0.0	3
130	281.29879879951477	0.19642889951812725	0.0009164459945063264	0
131	283.7545907497406	0.1965392662199917	0.00011036670186445607	0
132	286.17862486839294	0.1968081369233519	0.00026887070336018004	0
133	288.5801122188568	0.1975962474072001	0.00078811048384822	0
134	291.0341672897339	0.1980412785795925	0.00044503117239239054	0
135	293.4999384880066	0.20024245765681442	0.002201179077221921	0
136	295.89692306518555	0.20024245765681442	0.0	1
137	298.26953291893005	0.20024245765681442	0.0	2
138	300.6815207004547	0.20024245765681442	0.0	3
139	303.0466277599335	0.2014982532407059	0.001255795583891467	0
140	305.47030305862427	0.20270376188219635	0.0012055086414904659	0
141	307.8270137310028	0.20270376188219635	0.0	1
142	310.19086360931396	0.20373957735597908	0.0010358154737827308	0
143	312.53501749038696	0.20373957735597908	0.0	1
144	314.89475202560425	0.20373957735597908	0.0	2
145	317.2515151500702	0.20373957735597908	0.0	3
146	319.65035581588745	0.20439847042444312	0.0006588930684640337	0
147	322.0438463687897	0.20549206903079847	0.001093598606355356	0
148	324.4036638736725	0.20586785230917934	0.00037578327838086456	0
149	326.76419973373413	0.206229653723049	0.0003618014138696557	0
150	329.1305978298187	0.206229653723049	0.0	1
151	331.4958870410919	0.21038349847489277	0.0041538447518437716	0
152	333.87846064567566	0.21038349847489277	0.0	1
153	336.25312328338623	0.21038349847489277	0.0	2
154	338.63339853286743	0.21038349847489277	0.0	3
155	341.045184135437	0.21038349847489277	0.0	4
156	343.41533064842224	0.21282685226449616	0.002443353789603392	0
157	345.8974840641022	0.21282685226449616	0.0	1
158	348.2940595149994	0.21282685226449616	0.0	2
159	350.643657207489	0.21282685226449616	0.0	3
160	353.0419490337372	0.21282685226449616	0.0	4
161	355.47756242752075	0.2141349007034072	0.0013080484389110525	0
162	357.8766942024231	0.21426248292044514	0.00012758221703793038	0
163	360.2783966064453	0.215894135274778	0.001631652354332852	0
164	362.65614008903503	0.215894135274778	0.0	1
165	365.03747177124023	0.215894135274778	0.0	2
166	367.4414644241333	0.21675610527943445	0.0008619700046564593	0
167	369.84943294525146	0.21686952190180991	0.0001134166223754618	0
168	372.250333070755	0.21711035538408716	0.00024083348227724177	0
169	374.67343378067017	0.21750903143931555	0.0003986760552283919	0
170	377.08214688301086	0.21800877745075445	0.0004997460114389007	0
171	379.48919105529785	0.21867274147139337	0.0006639640206389241	0
172	381.9258909225464	0.21893112118311633	0.00025837971172296137	0
173	384.3423590660095	0.22052474139613748	0.0015936202130211463	0
174	386.77411937713623	0.22052474139613748	0.0	1
175	389.1993598937988	0.22052474139613748	0.0	2
176	391.5982620716095	0.22061394238457632	8.920098843884228e-05	0
177	393.9975187778473	0.22096168844187425	0.0003477460572979263	0
178	396.4425973892212	0.22110782740418988	0.00014613896231563395	0
179	398.8324565887451	0.2211784165283056	7.058912411572749e-05	0
180	401.2377164363861	0.22128242616693633	0.00010400963863071988	0
181	403.63315415382385	0.222042554548747	0.0007601283818106652	0
182	405.977089881897	0.22218415537632638	0.00014160082757938564	0
183	408.4124336242676	0.2226136429779218	0.00042948760159541854	0
184	410.8152587413788	0.22393598562260122	0.001322342644679425	0
185	413.1871473789215	0.22393598562260122	0.0	1
186	415.60213565826416	0.22393598562260122	0.0	2
187	417.9907851219177	0.22393598562260122	0.0	3
188	420.4448401927948	0.22439441072302077	0.0004584251004195461	0
189	422.8592035770416	0.22666327598796845	0.0022688652649476837	0
190	425.22348976135254	0.22666327598796845	0.0	1
191	427.5871489048004	0.22666327598796845	0.0	2
192	430.01344203948975	0.226967220777205	0.00030394478923653767	0
193	432.3680651187897	0.2271686073960058	0.000201386618800814	0
194	434.7920639514923	0.22793218990466022	0.000763582508654409	0
195	437.2148962020874	0.22898940994106526	0.0010572200364050433	0
196	439.68233346939087	0.23031357151424217	0.001324161573176913	0
197	442.1018886566162	0.23031357151424217	0.0	1
198	444.51197481155396	0.23031357151424217	0.0	2
199	446.9168403148651	0.23065661407966775	0.0003430425654255831	0
200	449.3080084323883	0.23278900458825633	0.002132390508588572	0
201	451.80917143821716	0.23278900458825633	0.0	1
202	454.25310587882996	0.23278900458825633	0.0	2
203	456.63073658943176	0.23278900458825633	0.0	3
204	459.03466391563416	0.23278900458825633	0.0	4
205	461.46823477745056	0.23436546440514938	0.0015764598168930555	0
206	463.8438968658447	0.23436546440514938	0.0	1
207	466.25588274002075	0.23436546440514938	0.0	2
208	468.6743845939636	0.23468012066220462	0.0003146562570552347	0
209	471.15399861335754	0.23468012066220462	0.0	1
210	473.64250326156616	0.2356707752648066	0.0009906546026019758	0
211	476.01336884498596	0.2356707752648066	0.0	1
212	478.39978098869324	0.23627214242290978	0.0006013671581031887	0
213	480.8963143825531	0.23627214242290978	0.0	1
214	483.2811872959137	0.23748448582602724	0.0012123434031174607	0
215	485.77628111839294	0.23858076689259106	0.0010962810665638145	0
216	488.24248576164246	0.23923144722329356	0.0006506803307025077	0
217	490.70739245414734	0.23923144722329356	0.0	1
218	493.1175847053528	0.23924704591313592	1.5598689842355462e-05	0
219	495.51870799064636	0.2395274548699955	0.00028040895685957357	0
220	497.9234380722046	0.24036140602658412	0.0008339511565886304	0
221	500.3092565536499	0.24141164431724113	0.0010502382906570074	0
222	502.7226629257202	0.24141164431724113	0.0	1
223	505.19239950180054	0.24166938097343468	0.00025773665619355235	0
224	507.6402955055237	0.24166938097343468	0.0	1
225	510.0677225589752	0.24166938097343468	0.0	2
226	512.5258376598358	0.24302918619595687	0.0013598052225221868	0
227	514.9957282543182	0.24302918619595687	0.0	1
228	517.4156138896942	0.24302918619595687	0.0	2
229	519.832930803299	0.24302918619595687	0.0	3
230	522.2999169826508	0.24302918619595687	0.0	4
231	524.7843222618103	0.24302918619595687	0.0	5
232	527.2082788944244	0.24302918619595687	0.0	6
233	529.6553092002869	0.243697247398969	0.0006680612030121325	0
234	532.1502096652985	0.243697247398969	0.0	1
235	534.6688680648804	0.24401732369548654	0.0003200762965175352	0
236	537.1022262573242	0.24514252388785934	0.001125200192372805	0
237	539.5897476673126	0.24514252388785934	0.0	1
238	542.116229057312	0.24514252388785934	0.0	2
239	544.6352396011353	0.24583717084375942	0.0006946469559000745	0
240	547.0714304447174	0.24583717084375942	0.0	1
241	549.5751030445099	0.24602711107413644	0.00018994023037702257	0
242	552.0140721797943	0.2460521167477235	2.500567358706962e-05	0
243	554.506786108017	0.24651388573689606	0.0004617689891725507	0
244	557.0250527858734	0.24674461406085377	0.00023072832395770737	0
245	559.5581567287445	0.24720737519284317	0.0004627611319893976	0
246	562.0870242118835	0.24720737519284317	0.0	1
247	564.5975668430328	0.24730262090325858	9.524571041541474e-05	0
248	567.05060505867	0.24730262090325858	0.0	1
249	569.8623480796814	0.24746582839662665	0.00016320749336806717	0
250	572.3640353679657	0.2484860268075519	0.001020198410925266	0
251	574.8351106643677	0.2484860268075519	0.0	1
252	577.301460981369	0.2484860268075519	0.0	2
253	579.7620704174042	0.24866270172100768	0.00017667491345577102	0
254	582.2715046405792	0.24877819449409241	0.00011549277308472994	0
255	584.8080518245697	0.24970535195641744	0.0009271574623250234	0
256	587.252019405365	0.24997306515982465	0.0002677132034072105	0
257	589.7590892314911	0.24997306515982465	0.0	1
258	592.2643101215363	0.25140599498255006	0.001432929822725415	0
259	594.7512192726135	0.25236547057848246	0.000959475595932402	0
260	597.3490436077118	0.25236547057848246	0.0	1
261	599.823344707489	0.2524662098204207	0.00010073924193820805	0
262	602.3208084106445	0.25285048143178995	0.0003842716113692801	0
263	604.8798739910126	0.25285048143178995	0.0	1
264	607.3633506298065	0.2535777956085848	0.0007273141767948355	0
265	609.8795053958893	0.2535777956085848	0.0	1
266	612.3935668468475	0.2535777956085848	0.0	2
267	614.8588674068451	0.2535777956085848	0.0	3
268	617.3675727844238	0.2537243204042181	0.00014652479563331822	0
269	619.8723616600037	0.25542402640657924	0.0016997060023611343	0
270	622.4608745574951	0.25542402640657924	0.0	1
271	625.0425691604614	0.25840918203924595	0.002985155632666714	0
272	627.64794754982	0.25840918203924595	0.0	1
273	630.2092719078064	0.25840918203924595	0.0	2
274	632.7725374698639	0.2585310686215947	0.00012188658234874028	0
275	635.3607244491577	0.2585310686215947	0.0	1
276	637.9139902591705	0.2585310686215947	0.0	2
277	640.4519948959351	0.2585310686215947	0.0	3
278	643.1048686504364	0.25960827849845725	0.0010772098768625504	0
279	645.6922085285187	0.25982598035469034	0.000217701856233099	0
280	648.2585525512695	0.2601478020876449	0.0003218217329545303	0
281	650.8779940605164	0.26190988447636027	0.0017620823887153914	0
282	653.502560377121	0.2623182982296057	0.00040841375324540685	0
283	656.1572334766388	0.2634117682248551	0.001093469995249452	0
284	658.7842135429382	0.2634117682248551	0.0	1
285	661.3713192939758	0.2634117682248551	0.0	2
286	663.9623107910156	0.2634117682248551	0.0	3
287	666.6002192497253	0.2634117682248551	0.0	4
288	669.1963057518005	0.2634117682248551	0.0	5
289	671.8319199085236	0.2637328550372046	0.00032108681234949144	0
290	674.4625318050385	0.2649298202266613	0.0011969651894566669	0
291	677.1558883190155	0.2649298202266613	0.0	1
292	679.7786800861359	0.26516944108994017	0.00023962086327888876	0
293	682.3891286849976	0.26516944108994017	0.0	1
294	684.9907352924347	0.2654905462753048	0.00032110518536460075	0
295	687.6604371070862	0.26590065034594185	0.000410104070637074	0
296	690.3071885108948	0.26590065034594185	0.0	1
297	692.9150919914246	0.26590065034594185	0.0	2
298	695.5857148170471	0.2660828922829809	0.00018224193703902936	0
299	698.209400177002	0.2661069976788268	2.4105395845908095e-05	0
300	700.8257014751434	0.26759927234041053	0.0014922746615837479	0
301	703.4570581912994	0.26759927234041053	0.0	1
302	706.1015145778656	0.2680555294250452	0.0004562570846346481	0
303	708.7481184005737	0.2680555294250452	0.0	1
304	711.3742189407349	0.2684024486966624	0.0003469192716172298	0
305	714.0264863967896	0.2691947849739897	0.0007923362773272769	0
306	716.6605212688446	0.2691947849739897	0.0	1
307	719.2803485393524	0.2694237311154801	0.00022894614149043813	0
308	721.9695873260498	0.2702749712793028	0.000851240163822653	0
309	724.6127512454987	0.27083018542340836	0.0005552141441055869	0
310	727.2270710468292	0.27083018542340836	0.0	1
311	729.8493440151215	0.27117491830622553	0.00034473288281716696	0
312	732.4443702697754	0.27117491830622553	0.0	1
313	735.1437773704529	0.2713898642101896	0.0002149459039640922	0
314	737.7924876213074	0.2714259671849131	3.610297472345092e-05	0
315	740.405326128006	0.2714259671849131	0.0	1
316	743.0198078155518	0.2714259671849131	0.0	2
317	745.6731560230255	0.27231195072033976	0.0008859835354266821	0
318	748.2196424007416	0.27231195072033976	0.0	1
319	750.7357978820801	0.27231195072033976	0.0	2
320	753.2730114459991	0.27307661723688664	0.0007646665165468858	0
321	755.8288128376007	0.27307661723688664	0.0	1
322	758.4022369384766	0.27307661723688664	0.0	2
323	761.0112383365631	0.2738530241100993	0.0007764068732126761	0
324	763.5868368148804	0.2738530241100993	0.0	1
325	766.188045501709	0.27440465551625526	0.0005516314061559391	0
326	768.79052567482	0.27440465551625526	0.0	1
327	771.3876960277557	0.2752201234196267	0.0008154679033714474	0
328	773.9392228126526	0.2752201234196267	0.0	1
329	776.518431186676	0.2752201234196267	0.0	2
330	779.1163215637207	0.2778546484316206	0.0026345250119939045	0
331	781.6985261440277	0.2778546484316206	0.0	1
332	784.2376525402069	0.2778546484316206	0.0	2
333	786.7973613739014	0.2778546484316206	0.0	3
334	789.3608958721161	0.2778546484316206	0.0	4
335	791.9541766643524	0.27899612711539545	0.0011414786837748436	0
336	794.5383560657501	0.27899612711539545	0.0	1
337	797.152952671051	0.27899612711539545	0.0	2
338	799.7177817821503	0.27899612711539545	0.0	3
339	802.2528133392334	0.27899612711539545	0.0	4
340	804.7970659732819	0.2797821981945646	0.0007860710791691705	0
341	807.4042356014252	0.2797821981945646	0.0	1
342	809.9673285484314	0.2797822165675798	1.837301516482981e-08	2
343	812.52716588974	0.2807993283119638	0.0010171117443840139	0
344	815.0590558052063	0.2807993283119638	0.0	1
345	817.6896529197693	0.2807993283119638	0.0	2
346	820.2749626636505	0.28080535466092527	6.026348961463146e-06	0
347	822.865375995636	0.2826417191497968	0.0018363644888715336	0
348	825.4573006629944	0.2826417191497968	0.0	1
349	828.0876171588898	0.2826417191497968	0.0	2
350	830.7211401462555	0.2826417191497968	0.0	3
351	833.2756690979004	0.2826417191497968	0.0	4
352	835.8444519042969	0.2827678131526095	0.00012609400281271554	0
353	838.4194827079773	0.2838660417587767	0.0010982286061672064	0
354	841.0184800624847	0.28434100257281003	0.0004749608140333095	0
355	843.6201293468475	0.28434100257281003	0.0	1
356	846.1823115348816	0.2850888761535314	0.0007478735807213699	0
357	848.7548863887787	0.2850888761535314	0.0	1
358	851.4167001247406	0.2850888761535314	0.0	2
359	853.9798340797424	0.2850888761535314	0.0	3
360	856.4996702671051	0.28523156098900326	0.0001426848354718624	0
361	859.0546808242798	0.2856261582348736	0.00039459724587032063	0
362	861.5913639068604	0.28770370529330974	0.0020775470584361577	0
363	864.1389007568359	0.28770370529330974	0.0	1
364	866.69975233078	0.28770370529330974	0.0	2
365	869.252215385437	0.28770370529330974	0.0	3
366	871.7992744445801	0.28770370529330974	0.0	4
367	874.3979387283325	0.28770370529330974	0.0	5
368	876.9605665206909	0.28770370529330974	0.0	6
369	879.6101791858673	0.28795864925120407	0.0002549439578943269	0
370	882.2063763141632	0.2884822434362771	0.0005235941850730286	0
371	884.7855982780457	0.2884822434362771	0.0	1
372	887.3387508392334	0.28894686024279426	0.00046461680651715964	0
373	889.9147019386292	0.2890991357921621	0.00015227554936786403	0
374	892.5074238777161	0.2891986807881171	9.954499595499211e-05	0
375	895.1088969707489	0.2891986807881171	0.0	1
376	897.6668055057526	0.2891986807881171	0.0	2
377	900.2913715839386	0.2893819699870184	0.00018328919890125972	0
378	902.9016289710999	0.28954602263908225	0.00016405265206387298	0
379	905.4776844978333	0.28954602263908225	0.0	1
380	908.1110491752625	0.28997639214540377	0.00043036950632152626	0
381	910.7218818664551	0.2912714324896053	0.0012950403442015257	0
382	913.2380743026733	0.2912714324896053	0.0	1
383	915.7766773700714	0.29169017187735174	0.00041873938774644737	0
384	918.3748586177826	0.2917162983048615	2.6126427509765016e-05	0
385	920.940012216568	0.29264303318783863	0.0009267348829771205	0
386	923.4817514419556	0.29264303318783863	0.0	1
387	926.0506627559662	0.29264303318783863	0.0	2
388	928.6372609138489	0.29344718331389225	0.0008041501260536155	0
389	931.1918647289276	0.29344718331389225	0.0	1
390	933.738264799118	0.29410392673958646	0.0006567434256942173	0
391	936.3710753917694	0.29410392673958646	0.0	1
392	938.9755659103394	0.29410392673958646	0.0	2
393	941.5232298374176	0.29410392673958646	0.0	3
394	944.0869376659393	0.29410392673958646	0.0	4
395	946.6558406352997	0.29480698853641446	0.0007030617968279973	0
396	949.2490117549896	0.29480698853641446	0.0	1
397	951.7733962535858	0.29541452902760007	0.0006075404911856097	0
398	954.3109619617462	0.29541452902760007	0.0	1
399	956.8972752094269	0.29541452902760007	0.0	2
400	959.4777870178223	0.29541452902760007	0.0	3
401	962.1037633419037	0.29673128627568107	0.001316757248081002	0
402	964.6730537414551	0.29673128627568107	0.0	1
403	967.3129925727844	0.29673128627568107	0.0	2
404	969.8893353939056	0.29673128627568107	0.0	3
405	972.4767065048218	0.29673128627568107	0.0	4
406	975.04456615448	0.29673128627568107	0.0	5
407	977.5606071949005	0.2981336434012361	0.0014023571255550316	0
408	980.1829957962036	0.2981336434012361	0.0	1
409	982.7420699596405	0.2981336434012361	0.0	2
410	985.2942221164703	0.2981336434012361	0.0	3
411	987.8414771556854	0.2989247486865499	0.0007911052853137868	0
412	990.4055044651031	0.29904797649900283	0.0001232278124529418	0
413	992.9409554004669	0.29904797649900283	0.0	1
414	995.4980843067169	0.29996183189837633	0.0009138553993734977	0
415	998.0744957923889	0.29996183189837633	0.0	1
416	1000.6886525154114	0.29996183189837633	0.0	2
417	1003.2676560878754	0.30051818516941975	0.0005563532710434194	0
418	1005.8611023426056	0.3005237521930031	5.5670235833416015e-06	0
419	1008.4692363739014	0.30084878920360475	0.0003250370106016587	0
420	1011.0418775081635	0.30084878920360475	0.0	1
421	1013.6709773540497	0.3021143592315435	0.001265570027938756	0
422	1016.3075189590454	0.3021143592315435	0.0	1
423	1018.8043372631073	0.3021143592315435	0.0	2
424	1021.3810601234436	0.30220615081511515	9.179158357164319e-05	0
425	1023.9617021083832	0.30254891778531384	0.0003427669701986935	0
426	1026.524310350418	0.3028606343599488	0.00031171657463496816	0
427	1029.1037216186523	0.30418757025840987	0.0013269358984610569	0
428	1031.6955840587616	0.30418757025840987	0.0	1
429	1034.3050906658173	0.30418757025840987	0.0	2
430	1036.8950734138489	0.3044154875110532	0.00022791725264331708	0
431	1039.4756817817688	0.3044154875110532	0.0	1
432	1042.0945763587952	0.3045574925449654	0.00014200503391220698	0
433	1044.7117824554443	0.30465227893000263	9.478638503723769e-05	0
434	1047.3121218681335	0.3055729139719578	0.0009206350419551645	0
435	1049.9293677806854	0.3055729139719578	0.0	1
436	1052.5306160449982	0.3055729139719578	0.0	2
437	1055.1178948879242	0.3061431021233914	0.0005701881514336149	0
438	1057.702929019928	0.30665499269782887	0.0005118905744374569	0
439	1060.283371925354	0.30665499269782887	0.0	1
440	1062.8977813720703	0.30665499269782887	0.0	2
441	1065.5198047161102	0.3068040345965345	0.00014904189870562634	0
442	1068.1295001506805	0.30736360314522504	0.0005595685486905477	0
443	1070.7281920909882	0.30736360314522504	0.0	1
444	1073.3892645835876	0.30736360314522504	0.0	2
445	1076.0230946540833	0.3084215581022351	0.0010579549570100544	0
446	1078.6234257221222	0.3084215581022351	0.0	1
447	1081.2592899799347	0.30882480903823	0.00040325093599491435	0
448	1083.9376385211945	0.30882480903823	0.0	1
449	1086.5998919010162	0.3093398781442843	0.0005150691060543111	0
450	1089.2073287963867	0.3093398781442843	0.0	1
451	1091.8768904209137	0.3103261783423013	0.0009863001980169872	0
452	1094.5507128238678	0.3103261783423013	0.0	1
453	1097.2184488773346	0.3103261783423013	0.0	2
454	1099.8541159629822	0.3103261783423013	0.0	3
455	1102.5776016712189	0.31061426721948376	0.00028808887718245746	0
456	1105.2308149337769	0.3109007025253048	0.00028643530582100896	0
457	1107.9183418750763	0.3109007025253048	0.0	1
458	1110.5348358154297	0.3109007025253048	0.0	2
459	1113.2414500713348	0.3132593934612056	0.0023586909359008534	0
460	1115.970629453659	0.3132593934612056	0.0	1
461	1118.6693069934845	0.3132593934612056	0.0	2
462	1121.367342710495	0.3132593934612056	0.0	3
463	1124.0915837287903	0.3132593934612056	0.0	4
464	1126.7987735271454	0.3132593934612056	0.0	5
465	1129.5244841575623	0.3132593934612056	0.0	6
466	1132.1961688995361	0.3134342310731487	0.00017483761194309055	0
467	1134.8872261047363	0.3134342310731487	0.0	1
468	1137.5874781608582	0.31347759138884707	4.336031569834864e-05	0
469	1140.3735618591309	0.31372217296621013	0.00024458157736306774	0
470	1143.1410508155823	0.31456744190011665	0.0008452689339065178	0
471	1145.892495393753	0.3145959935656231	2.8551665506471036e-05	0
472	1148.6169171333313	0.31482833871491195	0.00023234514928882621	0
473	1151.3358252048492	0.31482833871491195	0.0	1
474	1154.0780041217804	0.31482833871491195	0.0	2
475	1156.7624862194061	0.316798477126919	0.0019701384120070498	0
476	1159.49342751503	0.316798477126919	0.0	1
477	1162.2552437782288	0.316798477126919	0.0	2
478	1165.0152840614319	0.316798477126919	0.0	3
479	1167.7476098537445	0.316798477126919	0.0	4
480	1170.4982166290283	0.316798477126919	0.0	5
481	1173.2535243034363	0.316798477126919	0.0	6
482	1175.9658255577087	0.316798477126919	0.0	7
483	1178.7268183231354	0.3173269217879854	0.0005284446610663851	0
484	1181.4240970611572	0.3173269217879854	0.0	1
485	1184.1215081214905	0.3173269217879854	0.0	2
486	1186.8405425548553	0.3173269217879854	0.0	3
487	1189.5871546268463	0.3173269217879854	0.0	4
488	1192.2992310523987	0.31758451146005795	0.0002575896720725668	0
489	1195.0011653900146	0.31758451146005795	0.0	1
490	1197.7000534534454	0.3177963523244657	0.00021184086440773076	0
491	1200.4814269542694	0.3177963523244657	0.0	1
492	1203.1723248958588	0.3181653559602649	0.00036900363579922546	0
493	1205.9160826206207	0.3181653559602649	0.0	1
494	1208.631855726242	0.31847710928093015	0.0003117533206652423	0
495	1211.3668203353882	0.31847710928093015	0.0	1
496	1214.0749468803406	0.3185270103900135	4.990110908337231e-05	0
497	1216.8812243938446	0.3185270103900135	0.0	1
498	1219.574670791626	0.31891302743781985	0.0003860170478063307	0
499	1222.213077545166	0.31899842521212746	8.539777430760509e-05	0
500	1224.8477375507355	0.31899842521212746	0.0	1
501	1227.5274591445923	0.3191139547312425	0.00011552951911503184	0
502	1230.1831436157227	0.31917734163342865	6.338690218615772e-05	0
503	1232.807507276535	0.3203268309517986	0.001149489318369945	0
504	1235.442254781723	0.3203268309517986	0.0	1
505	1238.0564920902252	0.3203268309517986	0.0	2
506	1240.6441597938538	0.3203268309517986	0.0	3
507	1243.3035559654236	0.3203268309517986	0.0	4
508	1245.8879113197327	0.3204888441991835	0.00016201324738490674	0
509	1248.5441336631775	0.3204888441991835	0.0	1
510	1251.1637892723083	0.32097113584625225	0.0004822916470687555	0
511	1253.7719478607178	0.3219990325505155	0.0010278967042632314	0
512	1256.3571422100067	0.3219990325505155	0.0	1
513	1258.9651985168457	0.3220682253254816	6.919277496614251e-05	0
514	1261.6047716140747	0.3220682253254816	0.0	1
515	1264.2533881664276	0.3226557208571644	0.0005874955316827468	0
516	1266.93674659729	0.3226557208571644	0.0	1
517	1269.5803401470184	0.32339042098604004	0.0007347001288756649	0
518	1272.2083594799042	0.32339042098604004	0.0	1
519	1274.8223407268524	0.3237199961313779	0.00032957514533787924	0
520	1277.4606943130493	0.3237199961313779	0.0	1
521	1280.120203256607	0.3245778689536612	0.0008578728222832788	0
522	1282.7162137031555	0.3247029156946117	0.00012504674095048518	0
523	1285.3511397838593	0.3247029156946117	0.0	1
524	1288.0078527927399	0.3247029156946117	0.0	2
525	1290.6712219715118	0.3247029156946117	0.0	3
526	1293.3295283317566	0.3247029156946117	0.0	4
527	1295.9675760269165	0.3247029156946117	0.0	5
528	1298.6109111309052	0.3247029156946117	0.0	6
529	1301.2443451881409	0.3254619049494845	0.0007589892548728328	0
530	1303.8690507411957	0.3254619049494845	0.0	1
531	1306.4670372009277	0.3254619049494845	0.0	2
532	1309.0761549472809	0.3254619049494845	0.0	3
533	1311.726026058197	0.32558735589676774	0.00012545094728322326	0
534	1314.2875046730042	0.32558735589676774	0.0	1
535	1316.9174580574036	0.3257199723199503	0.00013261642318257438	0
536	1319.525137424469	0.32578637239661723	6.640007666691705e-05	0
537	1322.1492369174957	0.3272981040812199	0.0015117316846026685	0
538	1324.7793958187103	0.3272981040812199	0.0	1
539	1327.440390586853	0.3272981040812199	0.0	2
540	1330.0884990692139	0.3272981040812199	0.0	3
541	1332.7198457717896	0.3272981040812199	0.0	4
542	1335.3595871925354	0.3272981040812199	0.0	5
543	1338.033294916153	0.3272981040812199	0.0	6
544	1340.6915962696075	0.3272981040812199	0.0	7
545	1343.3720955848694	0.3272981040812199	0.0	8
546	1346.0002641677856	0.3272981040812199	0.0	9
547	1348.6478719711304	0.3272981040812199	0.0	10
548	1351.292340517044	0.3275096142313554	0.00021151015013548546	0
549	1353.9585840702057	0.3275096142313554	0.0	1
550	1356.6138179302216	0.32780082652110926	0.0002912122897538727	0
551	1359.2818667888641	0.32792635096045303	0.00012552443934377155	0
552	1361.9395604133606	0.3283700225297261	0.00044367156927305196	0
553	1364.6216943264008	0.3283700225297261	0.0	1
554	1367.317129611969	0.3285493799033903	0.0001793573736642018	0
555	1369.9992368221283	0.32866994362864993	0.00012056372525964809	0
556	1372.6591494083405	0.3288939106830411	0.00022396705439114983	0
557	1375.3329360485077	0.3295167558958271	0.000622845212785994	0
558	1377.9883830547333	0.3295167558958271	0.0	1
559	1380.6778886318207	0.32977144263150965	0.0002546867356825744	0
560	1383.334510087967	0.32977144263150965	0.0	1
561	1386.02263879776	0.3302244476924669	0.0004530050609572456	0
562	1388.675415277481	0.3302244476924669	0.0	1
563	1391.370911359787	0.3302244476924669	0.0	2
564	1394.0146203041077	0.3302244476924669	0.0	3
565	1396.6264290809631	0.3302244476924669	0.0	4
566	1399.291598558426	0.33068910124501427	0.0004646535525473783	0
567	1401.9796025753021	0.33116510932090987	0.00047600807589559535	0
568	1404.6319737434387	0.33122551979464554	6.041047373567254e-05	0
569	1407.2980263233185	0.3312898620936183	6.434229897278598e-05	0
570	1409.960282087326	0.33211554539340005	0.000825683299781721	0
571	1412.6446461677551	0.33211554539340005	0.0	1
572	1415.3470571041107	0.33216316824860775	4.762285520770737e-05	0
573	1418.0692529678345	0.33216316824860775	0.0	1
574	1420.7104885578156	0.3321755149147727	1.2346666164952946e-05	0
575	1423.3854432106018	0.3328707498071568	0.0006952348923841001	0
576	1426.0763432979584	0.3329820167867625	0.00011126697960567311	0
577	1428.752709388733	0.3329820167867625	0.0	1
578	1431.4245929718018	0.33421124499078114	0.001229228204018662	0
579	1434.2433640956879	0.335044057020432	0.0008328120296508534	0
580	1436.90220952034	0.335044057020432	0.0	1
581	1439.552990913391	0.335044057020432	0.0	2
582	1442.1828227043152	0.335044057020432	0.0	3
583	1444.7862510681152	0.335044057020432	0.0	4
584	1447.4233827590942	0.335044057020432	0.0	5
585	1450.0867636203766	0.335044057020432	0.0	6
586	1452.7266685962677	0.3358949480969672	0.0008508910765351874	0
587	1455.3889186382294	0.3358949480969672	0.0	1
588	1457.995757341385	0.3359705714272276	7.562333026039925e-05	0
589	1460.6169910430908	0.3359705714272276	0.0	1
590	1463.346518278122	0.3359705714272276	0.0	2
591	1466.0057249069214	0.3359705714272276	0.0	3
592	1468.6563410758972	0.3359705714272276	0.0	4
593	1471.3434302806854	0.33627593093862884	0.0003053595114012597	0
594	1474.0238151550293	0.33627593093862884	0.0	1
595	1476.7097692489624	0.33627593093862884	0.0	2
596	1479.3843939304352	0.3362815898272878	5.658888658943706e-06	0
597	1482.003428697586	0.3365568175938817	0.0002752277665938885	0
598	1484.7053260803223	0.3365568175938817	0.0	1
599	1487.3908777236938	0.3365568175938817	0.0	2
600	1490.02707529068	0.3370851152708271	0.0005282976769453995	0
601	1492.742194890976	0.3370851152708271	0.0	1
602	1495.3938281536102	0.3370851152708271	0.0	2
603	1498.1129777431488	0.3370851152708271	0.0	3
604	1500.7591524124146	0.3370851152708271	0.0	4
605	1503.450704574585	0.33734652653004593	0.00026141125921885777	0
606	1506.1135144233704	0.33734652653004593	0.0	1
607	1508.7031004428864	0.3373734981162515	2.697158620557083e-05	0
608	1511.3691203594208	0.3373734981162515	0.0	1
609	1514.0427372455597	0.33809316911875376	0.0007196710025022535	0
610	1516.6747334003448	0.3394374858895244	0.001344316770770626	0
611	1519.320238828659	0.3394374858895244	0.0	1
612	1522.0076406002045	0.33983092563544176	0.00039343974591737885	0
613	1524.6728684902191	0.33983092563544176	0.0	1
614	1527.3100063800812	0.33983092563544176	0.0	2
615	1529.9556357860565	0.3399277881711883	9.686253574653358e-05	0
616	1532.588228225708	0.3399277881711883	0.0	1
617	1535.2623889446259	0.3399277881711883	0.0	2
618	1537.8563032150269	0.3399277881711883	0.0	3
619	1540.5230062007904	0.3402009949061183	0.00027320673493003156	0
620	1543.1588060855865	0.340342062916259	0.00014106801014068804	0
621	1545.8711140155792	0.3408379138484911	0.0004958509322320892	0
622	1548.6092636585236	0.3408379138484911	0.0	1
623	1551.2394309043884	0.3408379138484911	0.0	2
624	1553.9037284851074	0.3408379138484911	0.0	3
625	1556.5602838993073	0.34111009169457407	0.000272177846082966	0
626	1559.1918594837189	0.34111009169457407	0.0	1
627	1561.8709225654602	0.34155086032745713	0.00044076863288305956	0
628	1564.5646798610687	0.3418717266636251	0.00032086633616795757	0
629	1567.2384827136993	0.3418717266636251	0.0	1
630	1569.9236471652985	0.3420553465767986	0.000183619913173505	0
631	1572.6101803779602	0.3420553465767986	0.0	1
632	1575.2746098041534	0.3420553465767986	0.0	2
633	1577.998700618744	0.3420553465767986	0.0	3
634	1580.7062466144562	0.3426826748052754	0.0006273282284768311	0
635	1583.427402496338	0.34273055488269494	4.788007741951539e-05	0
636	1586.1396515369415	0.34273055488269494	0.0	1
637	1588.912828207016	0.34273055488269494	0.0	2
638	1591.6348505020142	0.3429642596351031	0.00023370475240813704	0
639	1594.3212842941284	0.3432182849422411	0.0002540253071380283	0
640	1597.0063185691833	0.34371556896965305	0.0004972840274119483	0
641	1599.726365327835	0.34371556896965305	0.0	1
642	1602.386121749878	0.34371556896965305	0.0	2
643	1605.1075398921967	0.34371556896965305	0.0	3
644	1607.8361113071442	0.34371556896965305	0.0	4
645	1610.5504877567291	0.34371556896965305	0.0	5
646	1613.3004751205444	0.34371556896965305	0.0	6
647	1616.080108165741	0.34371556896965305	0.0	7
648	1618.8506319522858	0.34371556896965305	0.0	8
649	1621.64741563797	0.3449715850297261	0.0012560160600730286	0
650	1624.3868458271027	0.3449715850297261	0.0	1
651	1627.1732332706451	0.3449715850297261	0.0	2
652	1629.9689486026764	0.34509424327871013	0.0001226582489840533	0
653	1632.7384088039398	0.34509424327871013	0.0	1
654	1635.5174052715302	0.34509424327871013	0.0	2
655	1638.285462141037	0.34509424327871013	0.0	3
656	1641.115641117096	0.34509424327871013	0.0	4
657	1643.9075083732605	0.34516648597418725	7.224269547712048e-05	0
658	1646.699452638626	0.34516648597418725	0.0	1
659	1649.425624370575	0.3455875219888245	0.0004210360146372216	0
660	1652.1874597072601	0.3455875219888245	0.0	1
661	1654.984679698944	0.3457155819042557	0.0001280599154312445	0
662	1657.7832951545715	0.3457155819042557	0.0	1
663	1660.5472605228424	0.3457155819042557	0.0	2
664	1663.2832193374634	0.3457155819042557	0.0	3
665	1666.027381658554	0.34585047658131396	0.00013489467705823932	0
666	1668.7757289409637	0.34585047658131396	0.0	1
667	1671.5240716934204	0.34613015061756847	0.00027967403625450693	0
668	1674.2982251644135	0.34613015061756847	0.0	1
669	1677.056057214737	0.3462843369605095	0.00015418634294100952	0
670	1679.8087685108185	0.3462843369605095	0.0	1
671	1682.6133770942688	0.3462843369605095	0.0	2
672	1685.3884043693542	0.34665940369130044	0.00037506673079096275	0
673	1688.1362597942352	0.34665940369130044	0.0	1
674	1690.9105455875397	0.34665940369130044	0.0	2
675	1693.6871168613434	0.34665940369130044	0.0	3
676	1696.4774045944214	0.3469422011401264	0.0002827974488259777	0
677	1699.2478876113892	0.3469422011401264	0.0	1
678	1701.9723725318909	0.3469422011401264	0.0	2
679	1704.7636668682098	0.3469422011401264	0.0	3
680	1707.4343132972717	0.3469422011401264	0.0	4
681	1710.1509342193604	0.3469422011401264	0.0	5
682	1712.7841618061066	0.34730558263329697	0.0003633814931705559	0
683	1715.4391210079193	0.3479680400666955	0.0006624574333985445	0
684	1718.075672864914	0.3479680400666955	0.0	1
685	1720.7743029594421	0.3479680400666955	0.0	2
686	1723.4994270801544	0.3479680400666955	0.0	3
687	1726.207073688507	0.3479680400666955	0.0	4
688	1728.935082435608	0.3479680400666955	0.0	5
689	1731.6382353305817	0.3479680400666955	0.0	6
690	1734.3512678146362	0.3489578678836168	0.000989827816921307	0
691	1737.0679132938385	0.3489578678836168	0.0	1
692	1739.7524218559265	0.3489578678836168	0.0	2
693	1742.5037071704865	0.3489578678836168	0.0	3
694	1745.1755380630493	0.3494120120715119	0.00045414418789507804	0
695	1747.8641705513	0.3494120120715119	0.0	1
696	1750.5370001792908	0.3499346508597983	0.0005226387882864003	0
697	1753.2406446933746	0.3499346508597983	0.0	1
698	1755.9460859298706	0.3499346508597983	0.0	2
699	1758.6245024204254	0.3499964576826836	6.180682288531303e-05	0
700	1761.2698125839233	0.3499964576826836	0.0	1
701	1764.0404732227325	0.3502987672735739	0.00030230959089028175	0
702	1766.7030248641968	0.3512230034264938	0.0009242361529199217	0
703	1769.396700143814	0.3512230034264938	0.0	1
704	1772.1469616889954	0.3512230034264938	0.0	2
705	1774.8647153377533	0.3512230034264938	0.0	3
706	1777.5847747325897	0.3515565838891293	0.00033358046263548546	0
707	1780.2962000370026	0.3515565838891293	0.0	1
708	1783.0680367946625	0.3515565838891293	0.0	2
709	1785.800341129303	0.3515565838891293	0.0	3
710	1788.5273241996765	0.3515565838891293	0.0	4
711	1791.2362024784088	0.352631919718449	0.001075335829319679	0
712	1793.9431421756744	0.352631919718449	0.0	1
713	1796.6680557727814	0.352631919718449	0.0	2
714	1799.467992067337	0.352631919718449	0.0	3
715	1802.1910181045532	0.352631919718449	0.0	4
716	1804.9154431819916	0.352631919718449	0.0	5
717	1807.6310522556305	0.352631919718449	0.0	6
718	1810.3505368232727	0.352631919718449	0.0	7
719	1813.0669751167297	0.352631919718449	0.0	8
720	1815.7493419647217	0.352631919718449	0.0	9
721	1818.490080833435	0.352828400742211	0.00019648102376201848	0
722	1821.1904881000519	0.3536037052345161	0.0007753044923051178	0
723	1823.9539241790771	0.3537970260996764	0.00019332086516027358	0
724	1826.6767690181732	0.3537970260996764	0.0	1
725	1829.399847984314	0.35420575219417894	0.0004087260945025428	0
726	1832.1164255142212	0.3551992178680953	0.0009934656739163383	0
727	1834.9034543037415	0.3551992178680953	0.0	1
728	1837.623420715332	0.3551992178680953	0.0	2
729	1840.3523290157318	0.3551992178680953	0.0	3
730	1843.1116585731506	0.3551992178680953	0.0	4
731	1845.8910653591156	0.3551992178680953	0.0	5
732	1848.6768071651459	0.3551992178680953	0.0	6
733	1851.4348475933075	0.3551992178680953	0.0	7
734	1854.1562707424164	0.3551992178680953	0.0	8
735	1856.8849868774414	0.3559160594262681	0.0007168415581728094	0
736	1859.5878148078918	0.3559704435510423	5.43841247742094e-05	0
737	1862.2624156475067	0.3559704435510423	0.0	1
738	1864.9837019443512	0.3559704435510423	0.0	2
739	1867.6875023841858	0.35663911106355356	0.0006686675125112673	0
740	1870.362600326538	0.35663911106355356	0.0	1
741	1873.0690310001373	0.35663911106355356	0.0	2
742	1875.7844023704529	0.35663911106355356	0.0	3
743	1878.524513244629	0.35663911106355356	0.0	4
744	1881.241767168045	0.35663911106355356	0.0	5
745	1883.9727036952972	0.35668225090307043	4.313983951687028e-05	0
746	1886.7613875865936	0.35668225090307043	0.0	1
747	1889.4777300357819	0.3569028005766481	0.00022054967357765243	0
748	1892.1542837619781	0.3569028005766481	0.0	1
749	1894.902312040329	0.3569028005766481	0.0	2
750	1897.6309735774994	0.3569028005766481	0.0	3
751	1900.2940316200256	0.3569028005766481	0.0	4
752	1903.0305185317993	0.35727658119638017	0.0003737806197320892	0
753	1905.7641780376434	0.35727658119638017	0.0	1
754	1908.4412441253662	0.35727658119638017	0.0	2
755	1911.1277856826782	0.3574417546023668	0.00016517340598665164	0
756	1913.7713696956635	0.3574417546023668	0.0	1
757	1916.443425655365	0.35851312186041917	0.001071367258052347	0
758	1919.1706595420837	0.35888396279773105	0.00037084093731187817	0
759	1921.8874678611755	0.35888396279773105	0.0	1
760	1924.6030766963959	0.35888396279773105	0.0	2
761	1927.319172859192	0.35906159310797336	0.00017763031024231601	0
762	1930.0259945392609	0.3592094958797411	0.00014790277176773836	0
763	1932.7729241847992	0.3595633968971064	0.0003539010173653212	0
764	1935.4535579681396	0.3595633968971064	0.0	1
765	1938.1517791748047	0.3595633968971064	0.0	2
766	1940.8477215766907	0.35974444458816224	0.00018104769105581342	0
767	1943.563383102417	0.3600646862418159	0.0003202416536536856	0
768	1946.311514377594	0.3600646862418159	0.0	1
769	1949.0585901737213	0.3601492388574278	8.455261561185479e-05	0
770	1951.7560620307922	0.36138342777553056	0.0012341889181027854	0
771	1954.4613585472107	0.36138342777553056	0.0	1
772	1957.211109161377	0.36138342777553056	0.0	2
773	1959.924080133438	0.36147624824794927	9.282047241870872e-05	0
774	1962.660372018814	0.36147624824794927	0.0	1
775	1965.3874113559723	0.3623779590843242	0.0009017108363749138	0
776	1968.121886730194	0.3623779590843242	0.0	1
777	1970.8095638751984	0.3623779590843242	0.0	2
778	1973.6385188102722	0.3623779590843242	0.0	3
779	1976.4447174072266	0.3623779590843242	0.0	4
780	1979.1896996498108	0.362940761283677	0.0005628021993528409	0
781	1981.9572806358337	0.362940761283677	0.0	1
782	1984.7056770324707	0.362940761283677	0.0	2
783	1987.3929772377014	0.3635721683215119	0.0006314070378348746	0
784	1990.1302497386932	0.3635721683215119	0.0	1
785	1992.8722381591797	0.3636061583994958	3.399007798388087e-05	0
786	1995.5655286312103	0.3636061583994958	0.0	1
787	1998.3038430213928	0.3636061583994958	0.0	2
788	2001.035040140152	0.3636061583994958	0.0	3
789	2003.7424387931824	0.3644028858274383	0.0007967274279425118	0
790	2006.4823858737946	0.3644028858274383	0.0	1
791	2009.248289823532	0.3644028858274383	0.0	2
792	2011.9501032829285	0.3645896291531833	0.00018674332574503127	0
793	2014.6753323078156	0.3645896291531833	0.0	1
794	2017.410068511963	0.3645896291531833	0.0	2
795	2020.1320643424988	0.3645896291531833	0.0	3
796	2022.8107271194458	0.3645896291531833	0.0	4
797	2025.527399778366	0.3645896291531833	0.0	5
798	2028.176059961319	0.3645896291531833	0.0	6
799	2030.8793637752533	0.3645896291531833	0.0	7
800	2033.5384588241577	0.3645896291531833	0.0	8
801	2036.2376308441162	0.36482741271494956	0.00023778356176623605	0
802	2038.950457572937	0.36513416857550046	0.0003067558605509002	0
803	2041.5962903499603	0.36513416857550046	0.0	1
804	2044.3148567676544	0.36513416857550046	0.0	2
805	2046.9712677001953	0.3653807344384971	0.0002465658629966505	0
806	2049.6795156002045	0.3654050970565548	2.43626180576606e-05	0
807	2052.3207516670227	0.3654050970565548	0.0	1
808	2055.030333518982	0.3659629017957932	0.0005578047392384433	0
809	2057.7046592235565	0.3659629017957932	0.0	1
810	2060.414330482483	0.36707527762360775	0.001112375827814538	0
811	2063.1021213531494	0.36707527762360775	0.0	1
812	2065.788369655609	0.36707527762360775	0.0	2
813	2068.4787361621857	0.36707527762360775	0.0	3
814	2071.257379770279	0.36707527762360775	0.0	4
815	2073.9613575935364	0.3673158538836732	0.0002405762600654615	0
816	2076.69655919075	0.3673158538836732	0.0	1
817	2079.3756623268127	0.3673158538836732	0.0	2
818	2082.141833782196	0.3673158538836732	0.0	3
819	2084.8665380477905	0.3673158538836732	0.0	4
820	2087.583682537079	0.3673696500719634	5.37961882902116e-05	0
821	2090.2794783115387	0.3673696500719634	0.0	1
822	2093.0139384269714	0.36769860053478703	0.0003289504628236073	0
823	2095.7362143993378	0.36769860053478703	0.0	1
824	2098.48237490654	0.36769860053478703	0.0	2
825	2101.1839106082916	0.36769860053478703	0.0	3
826	2103.912667274475	0.36769860053478703	0.0	4
827	2106.6604223251343	0.3678387498941714	0.00014014935938438944	0
828	2109.4156262874603	0.36790415782802155	6.540793385012567e-05	0
829	2112.1722033023834	0.3682194020215608	0.0003152441935392325	0
830	2114.9544410705566	0.3682194020215608	0.0	1
831	2117.7018439769745	0.36884617905958383	0.000626777038023052	0
832	2120.4669981002808	0.36884617905958383	0.0	1
833	2123.2057921886444	0.36884617905958383	0.0	2
834	2125.944493293762	0.3689031354064758	5.69563468919565e-05	0
835	2128.700113773346	0.3689031354064758	0.0	1
836	2131.4473054409027	0.3689031354064758	0.0	2
837	2134.2270214557648	0.36927008126458083	0.0003669458581050389	0
838	2137.0113859176636	0.36927008126458083	0.0	1
839	2139.8517122268677	0.3695148465720951	0.00024476530751427195	0
840	2142.6412789821625	0.3699885029020545	0.0004736563299593821	0
841	2145.4790575504303	0.3699885029020545	0.0	1
842	2148.2602050304413	0.37089488048427155	0.0009063775822170661	0
843	2151.087546825409	0.37140925141575104	0.0005143709314794909	0
844	2153.925493955612	0.37193409496585267	0.000524843550101628	0
845	2156.711473464966	0.37193409496585267	0.0	1
846	2159.575420856476	0.37193409496585267	0.0	2
847	2162.3276765346527	0.3722078528912365	0.0002737579253838107	0
848	2165.184725522995	0.3722078528912365	0.0	1
849	2168.0336349010468	0.3722078528912365	0.0	2
850	2170.900390625	0.3722078528912365	0.0	3
851	2173.8325877189636	0.3722078528912365	0.0	4
852	2176.7124304771423	0.3722078528912365	0.0	5
853	2179.534443616867	0.3722078528912365	0.0	6
854	2182.406562566757	0.3722078528912365	0.0	7
855	2185.2965247631073	0.37250273978401566	0.0002948868927791781	0
856	2188.1624147892	0.37250273978401566	0.0	1
857	2191.038526535034	0.37250273978401566	0.0	2
858	2193.897783756256	0.37250273978401566	0.0	3
859	2196.7589044570923	0.37250273978401566	0.0	4
860	2199.655601501465	0.3752157726896448	0.0027130329056291314	0
861	2202.3875250816345	0.3752157726896448	0.0	1
862	2205.197110414505	0.3752157726896448	0.0	2
863	2207.9831731319427	0.3752157726896448	0.0	3
864	2210.7592644691467	0.3752157726896448	0.0	4
865	2213.5111689567566	0.3752157726896448	0.0	5
866	2216.297433614731	0.3752157726896448	0.0	6
867	2219.0867445468903	0.3752157726896448	0.0	7
868	2221.825308561325	0.3755727971195816	0.00035702442993679195	0
869	2224.5885133743286	0.3755727971195816	0.0	1
870	2227.369062423706	0.3755727971195816	0.0	2
871	2230.150232553482	0.3755727971195816	0.0	3
872	2232.999434232712	0.37574098370004894	0.00016818658046735546	0
873	2235.7346317768097	0.3760813989243114	0.0003404152242624803	0
874	2238.504531145096	0.376390873991101	0.00030947506678957737	0
875	2241.2514655590057	0.376390873991101	0.0	1
876	2244.049374818802	0.3765589870795078	0.00016811308840680717	0
877	2246.829921722412	0.3765589870795078	0.0	1
878	2249.552593231201	0.3765589870795078	0.0	2
879	2252.3235750198364	0.3765589870795078	0.0	3
880	2255.0990540981293	0.37678449746716963	0.0002255103876618314	0
881	2257.894646167755	0.37678449746716963	0.0	1
882	2260.7274639606476	0.37678449746716963	0.0	2
883	2263.501984357834	0.37678449746716963	0.0	3
884	2266.261594772339	0.37678449746716963	0.0	4
885	2269.0357525348663	0.3770053411089893	0.00022084364181967908	0
886	2271.7996327877045	0.3778806682956427	0.0008753271866533963	0
887	2274.5942599773407	0.3778806682956427	0.0	1
888	2277.354191303253	0.3778806682956427	0.0	2
889	2280.1660182476044	0.3778806682956427	0.0	3
890	2282.956157684326	0.3778806682956427	0.0	4
891	2285.721556186676	0.37811790066695516	0.0002372323713124569	0
892	2288.5232396125793	0.37811790066695516	0.0	1
893	2291.3386833667755	0.37815938693511064	4.148626815547729e-05	0
894	2294.1053149700165	0.37939184878979154	0.0012324618546808996	0
895	2296.891048192978	0.37939184878979154	0.0	1
896	2299.655128955841	0.37939184878979154	0.0	2
897	2302.4521157741547	0.37939184878979154	0.0	3
898	2305.236196041107	0.37939184878979154	0.0	4
899	2308.074939966202	0.37939184878979154	0.0	5
900	2310.847933292389	0.37939184878979154	0.0	6
901	2313.6393144130707	0.37939184878979154	0.0	7
902	2316.4140253067017	0.37939184878979154	0.0	8
903	2319.2445228099823	0.37939184878979154	0.0	9
904	2322.032038450241	0.37939184878979154	0.0	10
905	2324.810789823532	0.37939184878979154	0.0	11
906	2327.6096687316895	0.3794660757709023	7.422698111075876e-05	0
907	2330.481500864029	0.3794660757709023	0.0	1
908	2333.2213950157166	0.3794660757709023	0.0	2
909	2336.0258321762085	0.3794660757709023	0.0	3
910	2338.786638021469	0.38047240255540715	0.0010063267845048518	0
911	2341.5617191791534	0.38047240255540715	0.0	1
912	2344.333370447159	0.38054809937772804	7.569682232089203e-05	0
913	2347.1238334178925	0.38054809937772804	0.0	1
914	2349.9038605690002	0.38054809937772804	0.0	2
915	2352.6991996765137	0.38056529651988635	1.7197142158309475e-05	0
916	2355.4726877212524	0.38056529651988635	0.0	1
917	2358.2388916015625	0.38056529651988635	0.0	2
918	2361.0672018527985	0.38056529651988635	0.0	3
919	2363.8188910484314	0.38071408119638017	0.00014878467649381832	0
920	2366.6107449531555	0.38071408119638017	0.0	1
921	2369.357124567032	0.38101716245390577	0.0003030812575255948	0
922	2372.166541814804	0.38109289602225693	7.573356835116618e-05	0
923	2374.96688914299	0.38109289602225693	0.0	1
924	2377.7867369651794	0.38109289602225693	0.0	2
925	2380.5793087482452	0.3811027439583647	9.84793610775414e-06	0
926	2383.3753774166107	0.3811027439583647	0.0	1
927	2386.1667869091034	0.3811027439583647	0.0	2
928	2389.007061958313	0.3811027439583647	0.0	3
929	2391.816811323166	0.3811027439583647	0.0	4
930	2394.5784764289856	0.3811027439583647	0.0	5
931	2397.4308540821075	0.3817973541682345	0.0006946102098698281	0
932	2400.2316434383392	0.3817973541682345	0.0	1
933	2403.0996737480164	0.3817973541682345	0.0	2
934	2405.9029216766357	0.3817973541682345	0.0	3
935	2408.7497131824493	0.3817973541682345	0.0	4
936	2411.550819158554	0.3817973541682345	0.0	5
937	2414.376535654068	0.38196061678064797	0.00016326261241345064	0
938	2417.167106151581	0.38196061678064797	0.0	1
939	2420.014713048935	0.38196061678064797	0.0	2
940	2422.852082014084	0.38196061678064797	0.0	3
941	2425.636512041092	0.3824152754129666	0.00045465863231863857	0
942	2428.4395315647125	0.3824152754129666	0.0	1
943	2431.2949602603912	0.3824152754129666	0.0	2
944	2434.0790135860443	0.3824152754129666	0.0	3
945	2436.917457818985	0.3824152754129666	0.0	4
946	2439.6969299316406	0.3824152754129666	0.0	5
947	2442.4571239948273	0.3828568157124849	0.0004415402995183171	0
948	2445.23942899704	0.3828568157124849	0.0	1
949	2448.0789606571198	0.3828568157124849	0.0	2
950	2450.9068388938904	0.3828568157124849	0.0	3
951	2453.7267515659332	0.3828568157124849	0.0	4
952	2456.5219650268555	0.3828568157124849	0.0	5
953	2459.3626341819763	0.3828568157124849	0.0	6
954	2462.1855778694153	0.3834214552133504	0.0005646395008654936	0
955	2464.948692560196	0.3834214552133504	0.0	1
956	2467.782333135605	0.3834428781489878	2.1422935637394058e-05	0
957	2470.61123251915	0.3834428781489878	0.0	1
958	2473.3938250541687	0.3834428781489878	0.0	2
959	2476.1864426136017	0.3834428781489878	0.0	3
960	2478.9953072071075	0.3834428781489878	0.0	4
961	2481.839973926544	0.3834428781489878	0.0	5
962	2484.599809885025	0.3834428781489878	0.0	6
963	2487.405986070633	0.3834428781489878	0.0	7
964	2490.1841728687286	0.3834428781489878	0.0	8
965	2493.0481288433075	0.3834428781489878	0.0	9
966	2495.8196909427643	0.3836773545680313	0.00023447641904350558	0
967	2498.6084508895874	0.38421608811756847	0.0005387335495371515	0
968	2501.4569268226624	0.38421608811756847	0.0	1
969	2504.215413093567	0.38421608811756847	0.0	2
970	2507.085433244705	0.38421608811756847	0.0	3
971	2509.8493762016296	0.3847976675383805	0.0005815794208120506	0
972	2512.6750016212463	0.3847976675383805	0.0	1
973	2515.4522607326508	0.3847976675383805	0.0	2
974	2518.3033792972565	0.3847976675383805	0.0	3
975	2521.1259026527405	0.3847976675383805	0.0	4
976	2523.953775405884	0.3847976675383805	0.0	5
977	2526.74383687973	0.3847976675383805	0.0	6
978	2529.588193178177	0.3847976675383805	0.0	7
979	2532.487862110138	0.3847976675383805	0.0	8
980	2535.3393886089325	0.3856029567913719	0.0008052892529913924	0
981	2538.1748554706573	0.3856029567913719	0.0	1
982	2541.0161373615265	0.3856778819470575	7.4925155685579e-05	0
983	2543.865479707718	0.3856778819470575	0.0	1
984	2546.698079109192	0.3856778819470575	0.0	2
985	2549.576090335846	0.3856778819470575	0.0	3
986	2552.3611166477203	0.3856778819470575	0.0	4
987	2555.1715030670166	0.3878181544791353	0.002140272532077825	0
988	2557.968564271927	0.3878181544791353	0.0	1
989	2560.754925251007	0.3878181544791353	0.0	2
990	2563.5490329265594	0.3878181544791353	0.0	3
991	2566.384187936783	0.3878181544791353	0.0	4
992	2569.17133975029	0.3878181544791353	0.0	5
993	2571.934102296829	0.3878181544791353	0.0	6
994	2574.768794775009	0.3878181544791353	0.0	7
995	2577.660987854004	0.3878181544791353	0.0	8
996	2580.4840939044952	0.3878181544791353	0.0	9
997	2583.3591527938843	0.38857802563873417	0.0007598711595988572	0
998	2586.246744632721	0.38857802563873417	0.0	1
999	2589.0980966091156	0.38857802563873417	0.0	2
1000	2591.922357082367	0.38857802563873417	0.0	3
1001	2594.761019706726	0.38857802563873417	0.0	4
1002	2597.5988075733185	0.38857802563873417	0.0	5
1003	2600.5000007152557	0.38857802563873417	0.0	6
1004	2603.3108084201813	0.38857802563873417	0.0	7
1005	2606.154885530472	0.38857802563873417	0.0	8
1006	2609.0332238674164	0.38857802563873417	0.0	9
1007	2611.8687374591827	0.3896384425797712	0.0010604169410370345	0
1008	2614.816480398178	0.3896384425797712	0.0	1
1009	2617.6943633556366	0.3896384425797712	0.0	2
1010	2620.566682577133	0.3896384425797712	0.0	3
1011	2623.519075870514	0.3896384425797712	0.0	4
1012	2626.419676542282	0.3896384425797712	0.0	5
1013	2629.3365359306335	0.3896384425797712	0.0	6
1014	2632.2518594264984	0.3896384425797712	0.0	7
1015	2635.1499197483063	0.3896384425797712	0.0	8
1016	2637.984341621399	0.390431862864991	0.0007934202852197814	0
1017	2640.825413942337	0.390431862864991	0.0	1
1018	2643.6829268932343	0.390431862864991	0.0	2
1019	2646.579700946808	0.390431862864991	0.0	3
1020	2649.465963602066	0.390431862864991	0.0	4
1021	2652.3195400238037	0.390431862864991	0.0	5
1022	2655.225827217102	0.39117332426343315	0.000741461398442167	0
1023	2658.0992863178253	0.39117332426343315	0.0	1
1024	2661.0275115966797	0.39117332426343315	0.0	2
1025	2663.923799753189	0.392064709465307	0.0008913852018738733	0
1026	2666.8047246932983	0.392064709465307	0.0	1
1027	2669.6767432689667	0.392064709465307	0.0	2
1028	2672.5170505046844	0.392064709465307	0.0	3
1029	2675.3469474315643	0.392064709465307	0.0	4
1030	2678.263125896454	0.392064709465307	0.0	5
1031	2681.1420571804047	0.392064709465307	0.0	6
1032	2684.0876088142395	0.392064709465307	0.0	7
1033	2687.0032167434692	0.392064709465307	0.0	8
1034	2689.859256029129	0.3930626214088839	0.0009979119435769013	0
1035	2692.811772108078	0.3930626214088839	0.0	1
1036	2695.6690282821655	0.3930626214088839	0.0	2
1037	2698.56898021698	0.3930626214088839	0.0	3
1038	2701.428568124771	0.3930626214088839	0.0	4
1039	2704.3132321834564	0.3930626214088839	0.0	5
1040	2707.168389558792	0.3930626214088839	0.0	6
1041	2710.1630482673645	0.3930626214088839	0.0	7
1042	2712.964973449707	0.3930626214088839	0.0	8
1043	2715.78271484375	0.39336640084098434	0.000303779432100415	0
1044	2718.6398301124573	0.39336640084098434	0.0	1
1045	2721.443336248398	0.39336640084098434	0.0	2
1046	2724.2390854358673	0.39336640084098434	0.0	3
1047	2727.0369956493378	0.3943724336572471	0.0010060328162627696	0
1048	2729.8362214565277	0.3943724336572471	0.0	1
1049	2732.654197216034	0.3943724336572471	0.0	2
1050	2735.455663204193	0.3943724336572471	0.0	3
1051	2738.262410879135	0.3943724336572471	0.0	4
1052	2741.0781569480896	0.3943724336572471	0.0	5
1053	2743.9016840457916	0.3943724336572471	0.0	6
1054	2746.70463180542	0.3943724336572471	0.0	7
1055	2749.523572206497	0.3943724336572471	0.0	8
1056	2752.323245048523	0.3943724336572471	0.0	9
1057	2755.141117334366	0.3943724336572471	0.0	10
1058	2757.948071718216	0.3943724336572471	0.0	11
1059	2760.769190788269	0.3943724336572471	0.0	12
1060	2763.649245738983	0.39500593521880645	0.0006335015615593353	0
1061	2766.4652609825134	0.39500593521880645	0.0	1
1062	2769.326571702957	0.39536137956944234	0.00035544435063589175	0
1063	2772.104675769806	0.39536137956944234	0.0	1
1064	2774.926935195923	0.39536137956944234	0.0	2
1065	2777.7635712623596	0.39536137956944234	0.0	3
1066	2780.6588344573975	0.39536137956944234	0.0	4
1067	2783.5965180397034	0.39536137956944234	0.0	5
1068	2786.4169199466705	0.39536137956944234	0.0	6
1069	2789.241139650345	0.39536137956944234	0.0	7
1070	2792.0826456546783	0.39536137956944234	0.0	8
1071	2794.8929908275604	0.39536137956944234	0.0	9
1072	2797.676671266556	0.39536137956944234	0.0	10
1073	2800.4565291404724	0.39536137956944234	0.0	11
1074	2803.302808046341	0.39536137956944234	0.0	12
1075	2806.08673620224	0.39536137956944234	0.0	13
1076	2808.867850780487	0.39536137956944234	0.0	14
1077	2811.6515924930573	0.39536137956944234	0.0	15
1078	2814.464415073395	0.3959066906583948	0.0005453110889524493	0
1079	2817.278618812561	0.3959066906583948	0.0	1
1080	2820.093143939972	0.3959066906583948	0.0	2
1081	2822.9605252742767	0.39652343603015877	0.0006167453717639826	0
1082	2825.780665874481	0.39652343603015877	0.0	1
1083	2828.6120145320892	0.39652343603015877	0.0	2
1084	2831.420881509781	0.39652343603015877	0.0	3
1085	2834.2102365493774	0.39652343603015877	0.0	4
1086	2837.058147907257	0.39652343603015877	0.0	5
1087	2839.849617242813	0.39652343603015877	0.0	6
1088	2842.7035315036774	0.39652343603015877	0.0	7
1089	2845.469980239868	0.39652343603015877	0.0	8
1090	2848.260535478592	0.39652343603015877	0.0	9
1091	2851.0122396945953	0.39659244507497365	6.900904481488279e-05	0
1092	2853.7829072475433	0.39659244507497365	0.0	1
1093	2856.5084006786346	0.39659244507497365	0.0	2
1094	2859.3115754127502	0.39678271601962295	0.00019027094464929561	0
1095	2862.086544752121	0.39678271601962295	0.0	1
1096	2864.884884595871	0.39688703799951086	0.00010432197988791136	0
1097	2867.723845243454	0.39688703799951086	0.0	1
1098	2870.501491546631	0.39710887378414733	0.00022183578463647047	0
1099	2873.3024134635925	0.39710887378414733	0.0	1
1100	2876.155754804611	0.39710887378414733	0.0	2
1101	2878.949305295944	0.39710887378414733	0.0	3
1102	2881.748767375946	0.39710887378414733	0.0	4
1103	2884.5732927322388	0.39710887378414733	0.0	5
1104	2887.40061545372	0.39759359066921285	0.000484716885065517	0
1105	2890.199051141739	0.39759359066921285	0.0	1
1106	2893.040557384491	0.39759359066921285	0.0	2
1107	2895.8545095920563	0.39802421739774607	0.00043062672853322326	0
1108	2898.677537918091	0.39802421739774607	0.0	1
1109	2901.568193435669	0.39802421739774607	0.0	2
1110	2904.4067435264587	0.39802421739774607	0.0	3
1111	2907.1954238414764	0.39802421739774607	0.0	4
1112	2910.0003418922424	0.39802421739774607	0.0	5
1113	2912.7916173934937	0.39802421739774607	0.0	6
1114	2915.5432324409485	0.39802421739774607	0.0	7
1115	2918.3183794021606	0.39802421739774607	0.0	8
1116	2921.130141019821	0.39802421739774607	0.0	9
1117	2923.9838502407074	0.39802421739774607	0.0	10
1118	2926.811264514923	0.39802421739774607	0.0	11
1119	2929.6154961586	0.39802421739774607	0.0	12
1120	2932.4845049381256	0.39802421739774607	0.0	13
1121	2935.331021785736	0.39802421739774607	0.0	14
1122	2938.085139989853	0.39802421739774607	0.0	15
1123	2940.8674302101135	0.39806401334850994	3.979595076386566e-05	0
1124	2943.6717035770416	0.3989219964088839	0.0008579830603739902	0
1125	2946.4692730903625	0.3989219964088839	0.0	1
1126	2949.2627770900726	0.3992283113170718	0.000306314908187888	0
1127	2952.0398466587067	0.3997621943906156	0.0005338830735437949	0
1128	2954.9075622558594	0.3997621943906156	0.0	1
1129	2957.7458188533783	0.3997621943906156	0.0	2
1130	2960.5463387966156	0.3997621943906156	0.0	3
1131	2963.4120812416077	0.3997621943906156	0.0	4
1132	2966.210560798645	0.3997621943906156	0.0	5
1133	2969.0707683563232	0.3997621943906156	0.0	6
1134	2971.9186975955963	0.3997621943906156	0.0	7
1135	2974.708338737488	0.3998701542274985	0.00010795983688288713	0
1136	2977.5358777046204	0.3998701542274985	0.0	1
1137	2980.4043979644775	0.3998701542274985	0.0	2
1138	2983.2462527751923	0.3998701542274985	0.0	3
1139	2986.0880086421967	0.3998701542274985	0.0	4
1140	2988.9286375045776	0.3998701542274985	0.0	5
1141	2991.799691438675	0.3998701542274985	0.0	6
1142	2994.5696227550507	0.3998701542274985	0.0	7
1143	2997.407694339752	0.3998701542274985	0.0	8
1144	3000.2476420402527	0.3998701542274985	0.0	9
1145	3003.0605092048645	0.4000724043780102	0.00020225015051172912	0
1146	3005.881732940674	0.4000724043780102	0.0	1
1147	3008.6763076782227	0.4000724043780102	0.0	2
1148	3011.5153477191925	0.4000724043780102	0.0	3
1149	3014.3470573425293	0.4013133178196493	0.0012409134416390688	0
1150	3017.2298545837402	0.4013133178196493	0.0	1
1151	3020.06715965271	0.4014022432128612	8.892539321192494e-05	0
1152	3022.870619535446	0.4014022432128612	0.0	1
1153	3025.697265148163	0.4014022432128612	0.0	2
1154	3028.7126252651215	0.4014022432128612	0.0	3
1155	3031.5326998233795	0.4014022432128612	0.0	4
1156	3034.3839445114136	0.4014022432128612	0.0	5
1157	3037.1768112182617	0.4014022432128612	0.0	6
1158	3040.0054540634155	0.4014022432128612	0.0	7
1159	3042.8962128162384	0.4014022432128612	0.0	8
1160	3045.751256465912	0.4014022432128612	0.0	9
1161	3048.5788397789	0.4014458607507714	4.3617537910156656e-05	0
1162	3051.4031574726105	0.4014458607507714	0.0	1
1163	3054.2407100200653	0.4014458607507714	0.0	2
1164	3057.0471460819244	0.4014458607507714	0.0	3
1165	3059.8373353481293	0.4014458607507714	0.0	4
1166	3062.682335615158	0.4014458607507714	0.0	5
1167	3065.5295219421387	0.4014458607507714	0.0	6
1168	3068.335176229477	0.4014458607507714	0.0	7
1169	3071.1733255386353	0.4014458607507714	0.0	8
1170	3073.9776883125305	0.4014458607507714	0.0	9
1171	3076.8120748996735	0.4014458607507714	0.0	10
1172	3079.661857366562	0.4014458607507714	0.0	11
1173	3082.46959400177	0.4014458607507714	0.0	12
1174	3085.301323413849	0.4014458607507714	0.0	13
1175	3088.165384054184	0.4014458607507714	0.0	14
1176	3091.055793762207	0.4014458607507714	0.0	15
1177	3093.9659445285797	0.4014458607507714	0.0	16
1178	3096.866709947586	0.40149987741524307	5.401666447168996e-05	0
1179	3099.748383283615	0.40149987741524307	0.0	1
1180	3102.661473274231	0.40149987741524307	0.0	2
1181	3105.5322766304016	0.40149987741524307	0.0	3
1182	3108.417313814163	0.40149987741524307	0.0	4
1183	3111.3332028388977	0.4019370081911311	0.0004371307758880283	0
1184	3114.229625225067	0.4019370081911311	0.0	1
1185	3117.0889146327972	0.4019370081911311	0.0	2
1186	3119.9775195121765	0.4019370081911311	0.0	3
1187	3122.8970625400543	0.4019370081911311	0.0	4
1188	3125.794383764267	0.40199113509369355	5.412690256245689e-05	0
1189	3128.6934757232666	0.40199113509369355	0.0	1
1190	3131.6067123413086	0.40199113509369355	0.0	2
1191	3134.5257320404053	0.40199113509369355	0.0	3
1192	3137.409079313278	0.40199113509369355	0.0	4
1193	3140.285625934601	0.40199113509369355	0.0	5
1194	3143.168262243271	0.40199113509369355	0.0	6
1195	3146.1241106987	0.4024457937260122	0.00045465863231863857	0
1196	3149.050612449646	0.4024457937260122	0.0	1
1197	3151.934818506241	0.4024457937260122	0.0	2
1198	3154.8331665992737	0.40270683752492853	0.00026104379891633833	0
1199	3157.8153471946716	0.40270683752492853	0.0	1
1200	3160.7050037384033	0.4031719687758692	0.00046513125094066465	0
1201	3163.6402928829193	0.4031719687758692	0.0	1
1202	3166.527871131897	0.4031719687758692	0.0	2
1203	3169.402292728424	0.4031719687758692	0.0	3
1204	3172.2773373126984	0.4032259854403409	5.401666447168996e-05	0
1205	3175.1471292972565	0.4032259854403409	0.0	1
1206	3178.056305408478	0.4032259854403409	0.0	2
1207	3180.990630865097	0.4032259854403409	0.0	3
1208	3183.875069618225	0.4032259854403409	0.0	4
1209	3186.8197774887085	0.4032259854403409	0.0	5
1210	3189.6759881973267	0.4032259854403409	0.0	6
1211	3192.569184064865	0.40322602218637116	3.674603027414847e-08	7
1212	3195.4459788799286	0.40322602218637116	0.0	8
1213	3198.3338792324066	0.40322602218637116	0.0	9
1214	3201.2451338768005	0.40322602218637116	0.0	10
1215	3204.1087687015533	0.40322602218637116	0.0	11
1216	3207.0314378738403	0.40322602218637116	0.0	12
1217	3209.884661436081	0.4032420434555614	1.602126919025837e-05	0
1218	3212.7646157741547	0.403844053669194	0.0006020102136325978	0
1219	3215.650587081909	0.403844053669194	0.0	1
1220	3218.5480279922485	0.403844053669194	0.0	2
1221	3221.3826627731323	0.403844053669194	0.0	3
1222	3224.3069450855255	0.403844053669194	0.0	4
1223	3227.08948302269	0.403844053669194	0.0	5
1224	3229.8875613212585	0.403844053669194	0.0	6
1225	3232.679160118103	0.403844053669194	0.0	7
1226	3235.47385263443	0.403844053669194	0.0	8
1227	3238.2690460681915	0.403844053669194	0.0	9
1228	3241.08940243721	0.403844053669194	0.0	10
1229	3243.960794687271	0.403844053669194	0.0	11
1230	3246.766479730606	0.403844053669194	0.0	12
1231	3249.566687822342	0.403844053669194	0.0	13
1232	3252.41641330719	0.40422136190783037	0.00037730823863635354	0
1233	3255.188499689102	0.40422136190783037	0.0	1
1234	3257.943159341812	0.40422136190783037	0.0	2
1235	3260.7812139987946	0.40422136190783037	0.0	3
1236	3263.6606743335724	0.40422136190783037	0.0	4
1237	3266.4887459278107	0.40422136190783037	0.0	5
1238	3269.3118584156036	0.40422136190783037	0.0	6
1239	3272.0905821323395	0.40422136190783037	0.0	7
1240	3274.8791790008545	0.40422136190783037	0.0	8
1241	3277.662850856781	0.40422136190783037	0.0	9
1242	3280.480207681656	0.40422136190783037	0.0	10
1243	3283.2758610248566	0.4044892404683737	0.00026787856054333314	0
1244	3286.051513195038	0.4044892404683737	0.0	1
1245	3288.8480360507965	0.4044892404683737	0.0	2
1246	3291.6117079257965	0.4044892404683737	0.0	3
1247	3294.450544118881	0.4044892404683737	0.0	4
1248	3297.2070899009705	0.4048520707710905	0.00036283030271677674	0
1249	3300.051012992859	0.4048520707710905	0.0	1
1250	3302.8061532974243	0.4048520707710905	0.0	2
1251	3305.657848596573	0.4048520707710905	0.0	3
1252	3308.4659984111786	0.4048520707710905	0.0	4
1253	3311.2785012722015	0.4048520707710905	0.0	5
1254	3314.0544707775116	0.4048520707710905	0.0	6
1255	3316.8885581493378	0.4048520707710905	0.0	7
1256	3319.7841420173645	0.40486651196097984	1.4441189889358164e-05	0
1257	3322.60476231575	0.40486651196097984	0.0	1
1258	3325.3718814849854	0.40486651196097984	0.0	2
1259	3328.153838634491	0.40486651196097984	0.0	3
1260	3330.975190639496	0.40486651196097984	0.0	4
1261	3333.716991662979	0.40486651196097984	0.0	5
1262	3336.4968190193176	0.40486651196097984	0.0	6
1263	3339.265241622925	0.40486651196097984	0.0	7
1264	3342.005476474762	0.40486651196097984	0.0	8
1265	3344.7628104686737	0.40486651196097984	0.0	9
1266	3347.600716114044	0.40486651196097984	0.0	10
1267	3350.3776783943176	0.40486651196097984	0.0	11
1268	3353.133364915848	0.40486651196097984	0.0	12
1269	3355.921201944351	0.40486651196097984	0.0	13
1270	3358.684160709381	0.40486651196097984	0.0	14
1271	3361.4439091682434	0.40486651196097984	0.0	15
1272	3364.247282743454	0.40486651196097984	0.0	16
1273	3367.044325351715	0.40486651196097984	0.0	17
1274	3369.839640378952	0.40486651196097984	0.0	18
1275	3372.655728816986	0.40486651196097984	0.0	19
1276	3375.4426012039185	0.40486651196097984	0.0	20
1277	3378.219579935074	0.40486651196097984	0.0	21
1278	3381.0854914188385	0.40486651196097984	0.0	22
1279	3383.881462574005	0.40486651196097984	0.0	23
1280	3386.682742357254	0.40500780044730206	0.0001412884863222219	0
1281	3389.52551817894	0.40500780044730206	0.0	1
1282	3392.298413515091	0.40500780044730206	0.0	2
1283	3395.047878742218	0.40500780044730206	0.0	3
1284	3397.8568732738495	0.40500780044730206	0.0	4
1285	3400.6643562316895	0.40500780044730206	0.0	5
1286	3403.4539153575897	0.40500780044730206	0.0	6
1287	3406.2617104053497	0.40500780044730206	0.0	7
1288	3409.1276893615723	0.40500780044730206	0.0	8
1289	3411.911964893341	0.40500780044730206	0.0	9
1290	3414.706377029419	0.40500780044730206	0.0	10
1291	3417.545022249222	0.40500780044730206	0.0	11
1292	3420.321534872055	0.40500780044730206	0.0	12
1293	3423.095354318619	0.40500780044730206	0.0	13
1294	3425.8903992176056	0.40500780044730206	0.0	14
1295	3428.6813127994537	0.40500780044730206	0.0	15
1296	3431.517484664917	0.40500780044730206	0.0	16
1297	3434.3186633586884	0.40500780044730206	0.0	17
1298	3437.095442056656	0.40500780044730206	0.0	18
1299	3439.9590017795563	0.40500780044730206	0.0	19
1300	3442.826893568039	0.40500780044730206	0.0	20
1301	3445.619967699051	0.40500780044730206	0.0	21
1302	3448.398187160492	0.40500780044730206	0.0	22
1303	3451.144708633423	0.40500780044730206	0.0	23
1304	3453.987498998642	0.40500780044730206	0.0	24
1305	3456.7855088710785	0.40500780044730206	0.0	25
1306	3459.591186285019	0.40500780044730206	0.0	26
1307	3462.381705760956	0.40500780044730206	0.0	27
1308	3465.169150352478	0.40500780044730206	0.0	28
1309	3467.9794726371765	0.40500780044730206	0.0	29
1310	3470.8009617328644	0.40500780044730206	0.0	30
1311	3473.5846586227417	0.40500780044730206	0.0	31
1312	3476.3309569358826	0.4050455018743415	3.7701427039460444e-05	0
1313	3479.100480556488	0.4050455018743415	0.0	1
1314	3481.8998939990997	0.4050455018743415	0.0	2
1315	3484.6665399074554	0.4050455018743415	0.0	3
1316	3487.458275079727	0.4050455018743415	0.0	4
1317	3490.3069903850555	0.4050455018743415	0.0	5
1318	3493.1146988868713	0.4050455018743415	0.0	6
1319	3495.913920402527	0.4050455018743415	0.0	7
1320	3498.788449525833	0.4050455018743415	0.0	8
1321	3501.6265721321106	0.4050455018743415	0.0	9
1322	3504.454826116562	0.4050693867940059	2.3884919664374227e-05	0
1323	3507.3598353862762	0.4050693867940059	0.0	1
1324	3510.2254581451416	0.4050693867940059	0.0	2
1325	3513.0562958717346	0.4050693867940059	0.0	3
1326	3515.965551137924	0.4050693867940059	0.0	4
1327	3518.7643694877625	0.4050693867940059	0.0	5
1328	3521.6074504852295	0.4050693867940059	0.0	6
1329	3524.4245460033417	0.4050693867940059	0.0	7
1330	3527.2472772598267	0.4050693867940059	0.0	8
1331	3530.0757398605347	0.40517624424998117	0.0001068574559752733	0
1332	3532.929794549942	0.40517624424998117	0.0	1
1333	3535.7773399353027	0.40517624424998117	0.0	2
1334	3538.681925058365	0.40517624424998117	0.0	3
1335	3541.5119047164917	0.40517624424998117	0.0	4
1336	3544.3081073760986	0.40517624424998117	0.0	5
1337	3547.1113979816437	0.40517624424998117	0.0	6
1338	3549.9022126197815	0.40517624424998117	0.0	7
1339	3552.6899225711823	0.40517624424998117	0.0	8
1340	3555.441283941269	0.40517624424998117	0.0	9
1341	3558.2246680259705	0.40517624424998117	0.0	10
1342	3561.0480029582977	0.4052594005164434	8.31562664622143e-05	0
1343	3563.8515362739563	0.4058541717621162	0.0005947712456728094	0
1344	3566.695135116577	0.4058541717621162	0.0	1
1345	3569.5106751918793	0.4058541717621162	0.0	2
1346	3572.336505651474	0.4058541717621162	0.0	3
1347	3575.149487733841	0.4058541717621162	0.0	4
1348	3577.9677584171295	0.4058541717621162	0.0	5
1349	3580.733603477478	0.4058541717621162	0.0	6
1350	3583.555991411209	0.4061995109544326	0.0003453391923163851	0
1351	3586.4074609279633	0.4061995109544326	0.0	1
1352	3589.273042201996	0.4061995109544326	0.0	2
1353	3592.0717318058014	0.4061995109544326	0.0	3
1354	3594.9440960884094	0.4061995109544326	0.0	4
1355	3597.7543897628784	0.4061995109544326	0.0	5
1356	3600.635372400284	0.4061995109544326	0.0	6
