1	4.785003662109375	0.07244454601455495	10000000000.072445	0
2	7.926657438278198	0.07244454601455495	0.0	1
3	11.143570899963379	0.07251564039658667	7.109438203171947e-05	0
4	14.337172746658325	0.07678802784202617	0.004272387445439493	0
5	17.626163482666016	0.0795044092296621	0.002716381387635941	0
6	20.9703471660614	0.0795044092296621	0.0	1
7	24.441741943359375	0.0795044092296621	0.0	2
8	27.96529507637024	0.08943725622683531	0.0099328469971732	0
9	31.522061347961426	0.10653797680179015	0.017100720574954847	0
10	35.194056272506714	0.10653797680179015	0.0	1
11	38.95746827125549	0.10835322150977386	0.001815244707983707	0
12	42.88391637802124	0.10835322150977386	0.0	1
13	46.822120904922485	0.10835322150977386	0.0	2
14	50.84177112579346	0.11688550275036687	0.008532281240593007	0
15	54.82968020439148	0.12239545974869243	0.0055099569983255575	0
16	58.813913345336914	0.1224917159749398	9.625622624737096e-05	0
17	62.96777606010437	0.1224917159749398	0.0	1
18	67.11562538146973	0.1238665778833581	0.001374861908418304	0
19	71.4745602607727	0.12818792022760198	0.004321342344243875	0
20	75.76616501808167	0.13181966819510554	0.003631747967503568	0
21	80.21215295791626	0.14149948202795756	0.009679813832852019	0
22	84.59179997444153	0.14149948202795756	0.0	1
23	88.9969871044159	0.14149948202795756	0.0	2
24	93.51274132728577	0.14248475333712748	0.0009852713091699217	0
25	98.00697112083435	0.14609591434118188	0.0036111610040543973	0
26	102.47597241401672	0.14609591434118188	0.0	1
27	107.01813101768494	0.1468800286942401	0.000784114353058224	0
28	111.5493471622467	0.15101292820883974	0.004132899514599636	0
29	116.14523696899414	0.15101292820883974	0.0	1
30	120.73953175544739	0.15361578732926323	0.0026028591204234897	0
31	125.31801247596741	0.15361578732926323	0.0	1
32	129.91122102737427	0.15361578732926323	0.0	2
33	134.4918975830078	0.15697889425609574	0.0033631069268325042	0
34	139.15988087654114	0.1575845790727536	0.0006056848166578754	0
35	143.70153641700745	0.1575845790727536	0.0	1
36	148.37219762802124	0.15841478213425647	0.0008302030615028599	0
37	152.97125601768494	0.16031859396165712	0.0019038118274006532	0
38	157.52782249450684	0.16031859396165712	0.0	1
39	162.1326880455017	0.16502636674654764	0.004707772784890513	0
40	166.73324179649353	0.16502636674654764	0.0	1
41	171.3601689338684	0.16502636674654764	0.0	2
42	175.9900586605072	0.1687227050487282	0.003696338302180552	0
43	180.622492313385	0.17187966674584212	0.003156961697113936	0
44	185.21286749839783	0.17187966674584212	0.0	1
45	189.77830505371094	0.17187966674584212	0.0	2
46	194.30250310897827	0.17187966674584212	0.0	3
47	198.95307111740112	0.17187966674584212	0.0	4
48	203.57939291000366	0.17397711177966022	0.0020974450338180906	0
49	208.16368293762207	0.17723968156772088	0.0032625697880606652	0
50	212.78111505508423	0.17723968156772088	0.0	1
51	217.35285902023315	0.17723968156772088	0.0	2
52	222.00592589378357	0.17723968156772088	0.0	3
53	226.68812441825867	0.17723968156772088	0.0	4
54	231.28064846992493	0.17791547781010122	0.0006757962423803443	0
55	235.99379062652588	0.17952070976868226	0.0016052319585810326	0
56	240.65196418762207	0.17952070976868226	0.0	1
57	245.31864166259766	0.17961981381227424	9.910404359197988e-05	0
58	249.9316439628601	0.17994073526748758	0.00032092145521334103	0
59	254.56772875785828	0.17994073526748758	0.0	1
60	259.2371919155121	0.17994073526748758	0.0	2
61	263.80069875717163	0.18064045317556254	0.0006997179080749649	0
62	268.508248090744	0.18076303793248608	0.00012258475692353277	0
63	273.144980430603	0.1813410162423333	0.000577978309847238	0
64	277.7725930213928	0.18334722088303357	0.0020062046407002543	0
65	282.41882491111755	0.18358004373071568	0.0002328228476821126	0
66	287.1372969150543	0.18372524566925985	0.00014520193854417052	0
67	291.82526326179504	0.18372524566925985	0.0	1
68	296.5073208808899	0.18623957441629665	0.0025143287470368036	0
69	301.1568636894226	0.18623957441629665	0.0	1
70	305.79766488075256	0.1863652090937312	0.0001256346774345385	0
71	310.43635416030884	0.1863652090937312	0.0	1
72	315.0334663391113	0.1863652090937312	0.0	2
73	319.69618368148804	0.18800290617004065	0.0016376970763094523	0
74	324.3765027523041	0.18800290617004065	0.0	1
75	329.02274107933044	0.1881772293375602	0.0001743231675195578	0
76	333.6825313568115	0.1881772293375602	0.0	1
77	338.36212182044983	0.19052002761537665	0.0023427982778164436	0
78	343.0695173740387	0.19052002761537665	0.0	1
79	347.7703368663788	0.19092807390831953	0.0004080462929428874	0
80	352.53283739089966	0.1927342147873081	0.0018061408789885602	0
81	357.2844843864441	0.1927342147873081	0.0	1
82	362.0256989002228	0.19303510965603363	0.00030089486872553195	0
83	366.74193930625916	0.19303510965603363	0.0	1
84	371.5027046203613	0.19305655096468619	2.1441308652558888e-05	0
85	376.2679798603058	0.19339362230019566	0.00033707133550947566	0
86	381.04919481277466	0.19459859812424743	0.0012049758240517683	0
87	385.73034405708313	0.19483301942424555	0.0002344212999981221	0
88	390.48939299583435	0.19483301942424555	0.0	1
89	395.3049590587616	0.19603152794697284	0.001198508522727293	0
90	400.0494887828827	0.19603152794697284	0.0	1
91	404.889333486557	0.19603152794697284	0.0	2
92	409.6181151866913	0.19603152794697284	0.0	3
93	414.40811252593994	0.19634680888654238	0.0003152809395695344	0
94	419.1810984611511	0.1977878963279839	0.0014410874414415298	0
95	423.9445652961731	0.19780720636688176	1.9310038897851767e-05	0
96	428.7170379161835	0.19780720636688176	0.0	1
97	433.46820521354675	0.19806108468989878	0.00025387832301701496	0
98	438.15052938461304	0.19806108468989878	0.0	1
99	442.8653473854065	0.19806108468989878	0.0	2
100	447.64096188545227	0.1992603832522765	0.0011992985623777153	0
101	452.2893433570862	0.19941346721430991	0.00015308396203342345	0
102	456.95650124549866	0.19975926573200445	0.0003457985176945344	0
103	461.6308505535126	0.19975926573200445	0.0	1
104	466.2855486869812	0.20027819317123532	0.0005189274392308763	0
105	470.95267391204834	0.20027819317123532	0.0	1
106	475.6008577346802	0.20103356294212824	0.0007553697708929108	0
107	480.24828004837036	0.20134787011189606	0.0003143071697678246	0
108	484.8934094905853	0.20138735372140276	3.948360950670193e-05	0
109	489.5777418613434	0.20138735372140276	0.0	1
110	494.2710952758789	0.2017314251756754	0.0003440714542726486	0
111	498.9239025115967	0.20267298708185957	0.0009415619061841629	0
112	503.5926716327667	0.20267298708185957	0.0	1
113	508.23076033592224	0.20267298708185957	0.0	2
114	512.9328916072845	0.20267298708185957	0.0	3
115	517.652556180954	0.20267298708185957	0.0	4
116	522.3787832260132	0.20268605029561446	1.3063213754882508e-05	0
117	527.04021525383	0.2034055008219352	0.0007194505263207474	0
118	531.643618106842	0.20382508536837748	0.00041958454644228094	0
119	536.2998073101044	0.20400339548017948	0.00017831011180199918	0
120	540.9571113586426	0.2041664192433963	0.00016302376321680745	0
121	545.608802318573	0.2051989459474714	0.0010325267040751096	0
122	550.2391033172607	0.20534468070345424	0.00014573475598284036	0
123	554.883202791214	0.20534468070345424	0.0	1
124	559.5819141864777	0.20534468070345424	0.0	2
125	564.2538254261017	0.20679772897774307	0.0014530482742888262	0
126	568.9209332466125	0.2070818676566733	0.0002841386789302347	0
127	573.6063556671143	0.2070818676566733	0.0	1
128	578.2083163261414	0.2070818676566733	0.0	2
129	582.8593993186951	0.20778952270728288	0.0007076550506095736	0
130	587.4956061840057	0.20825601356134293	0.00046649085406005875	0
131	592.1749575138092	0.2083479521290356	9.193856769265651e-05	0
132	596.8367359638214	0.2083479521290356	0.0	1
133	601.4728045463562	0.2097065079865292	0.0013585558574936152	0
134	606.153478384018	0.21198404531461656	0.002277537328087359	0
135	610.8137655258179	0.21198404531461656	0.0	1
136	615.5209677219391	0.21198404531461656	0.0	2
137	620.2059161663055	0.21198404531461656	0.0	3
138	624.8736295700073	0.21198404531461656	0.0	4
139	629.496940612793	0.21198404531461656	0.0	5
140	634.157963514328	0.2120687449143494	8.469959973284036e-05	0
141	638.8338963985443	0.21267079187401228	0.0006020469596628719	0
142	643.5172843933105	0.21267079187401228	0.0	1
143	648.1778671741486	0.21267079187401228	0.0	2
144	652.8871483802795	0.21328070248414924	0.00060991061013696	0
145	657.5879678726196	0.21328070248414924	0.0	1
146	662.3303775787354	0.21328070248414924	0.0	2
147	667.0697927474976	0.21328070248414924	0.0	3
148	671.7692103385925	0.21328070248414924	0.0	4
149	676.4790599346161	0.21419876530398668	0.0009180628198374452	0
150	681.1863467693329	0.21419876530398668	0.0	1
151	685.9301838874817	0.21419876530398668	0.0	2
152	690.6697497367859	0.21419876530398668	0.0	3
153	695.4007647037506	0.21540420045341663	0.0012054351494299453	0
154	700.1533076763153	0.21540420045341663	0.0	1
155	704.8517863750458	0.21557494088298654	0.00017074042956990998	0
156	709.5645279884338	0.21569127881476707	0.00011633793178053575	0
157	714.2616350650787	0.21569127881476707	0.0	1
158	718.9628791809082	0.2166421374666052	0.0009508586518381379	0
159	723.6509470939636	0.2166421374666052	0.0	1
160	728.3541085720062	0.2167187345666673	7.659710006208131e-05	0
161	733.0300159454346	0.21740845755451346	0.0006897229878461697	0
162	737.6975765228271	0.21740845755451346	0.0	1
163	742.4411873817444	0.21759986762610062	0.00019141007158715584	0
164	747.1377375125885	0.21759986762610062	0.0	1
165	751.7790772914886	0.21759986762610062	0.0	2
166	756.4351308345795	0.2176516427827269	5.177515662627141e-05	0
167	761.112327337265	0.21803170697363222	0.0003800641909053326	0
168	765.7962596416473	0.21809856637567732	6.685940204509411e-05	0
169	770.8647334575653	0.21809856637567732	0.0	1
170	775.6092240810394	0.21809856637567732	0.0	2
171	780.3148810863495	0.2181860219276791	8.745555200179167e-05	0
172	784.9902291297913	0.2186653187732823	0.00047929684560318875	0
173	789.6632475852966	0.21879936829164473	0.0001340495183624335	0
174	794.3301675319672	0.21879936829164473	0.0	1
175	798.9529845714569	0.21915499637243188	0.00035562808078715147	0
176	803.6002275943756	0.2192849119623909	0.00012991558995900654	0
177	808.2295265197754	0.2194949338983011	0.00021002193591021512	0
178	812.8810377120972	0.2197527073005249	0.00025777340222379874	0
179	817.49427485466	0.2197527073005249	0.0	1
180	822.1429891586304	0.2197527073005249	0.0	2
181	826.8163883686066	0.22109667498400812	0.001343967683483216	0
182	831.4862058162689	0.22109667498400812	0.0	1
183	836.097668170929	0.22109667498400812	0.0	2
184	840.7866010665894	0.22134625402148556	0.0002495790374774376	0
185	845.4615104198456	0.22134625402148556	0.0	1
186	850.0251500606537	0.22162853702588803	0.00028228300440247267	0
187	854.6553807258606	0.22162853702588803	0.0	1
188	859.3140044212341	0.22173449420412214	0.00010595717823411177	0
189	863.9768686294556	0.22176896198049934	3.4467776377195e-05	0
190	868.6527698040009	0.22176896198049934	0.0	1
191	873.3112289905548	0.22187728927768474	0.00010832729718540657	0
192	878.0135476589203	0.222574287979521	0.00069699870183626	0
193	882.6742117404938	0.22284584114308964	0.00027155316356863857	0
194	887.367419719696	0.22376901166113222	0.000923170518042582	0
195	892.01624584198	0.22379695701713953	2.794535600730841e-05	0
196	896.7375481128693	0.22379695701713953	0.0	1
197	901.3988516330719	0.22379695701713953	0.0	2
198	906.0262076854706	0.22412882878936824	0.000331871772228709	0
199	910.7073504924774	0.22444758222879665	0.0003187534394284153	0
200	915.3249588012695	0.22444758222879665	0.0	1
201	919.9630990028381	0.22444758222879665	0.0	2
202	924.5464568138123	0.2245892749214517	0.00014169269265504325	0
203	929.1476089954376	0.2245892749214517	0.0	1
204	933.7665841579437	0.22561961523672674	0.0010303403152750468	0
205	938.4189863204956	0.22561961523672674	0.0	1
206	943.0723538398743	0.22585534102079885	0.00023572578407210498	0
207	947.6566722393036	0.22585534102079885	0.0	1
208	952.3172030448914	0.22585534102079885	0.0	2
209	956.952463388443	0.2258908376860231	3.549666522426054e-05	0
210	961.6391580104828	0.22591393256603703	2.3094880013924124e-05	0
211	966.2326712608337	0.22591393256603703	0.0	1
212	970.8359060287476	0.22630136433600806	0.000387431769971025	0
213	975.4709684848785	0.22736363695157286	0.0010622726155647966	0
214	980.0320980548859	0.22736363695157286	0.0	1
215	984.6702246665955	0.22736363695157286	0.0	2
216	989.2717735767365	0.22736363695157286	0.0	3
217	993.870197057724	0.22748138960551814	0.00011775265394528556	0
218	998.4452702999115	0.22801426216322998	0.0005328725577118387	0
219	1003.0730748176575	0.22859890987756812	0.0005846477143381379	0
220	1007.6508674621582	0.22887909835824616	0.0002801884806780397	0
221	1012.259396314621	0.22887909835824616	0.0	1
222	1016.867885351181	0.22887909835824616	0.0	2
223	1021.4386947154999	0.22887909835824616	0.0	3
224	1026.0268034934998	0.22984689693003085	0.0009677985717846949	0
225	1030.6015524864197	0.22988276105555763	3.586412552677998e-05	0
226	1035.2721326351166	0.22988276105555763	0.0	1
227	1039.880839586258	0.22988276105555763	0.0	2
228	1044.4644603729248	0.22988276105555763	0.0	3
229	1049.0283813476562	0.23035266929043122	0.0004699082348735839	0
230	1053.6133162975311	0.23035266929043122	0.0	1
231	1058.2212760448456	0.23035266929043122	0.0	2
232	1062.810730457306	0.2303943025427077	4.163325227649062e-05	0
233	1067.43106508255	0.2303943025427077	0.0	1
234	1072.017930984497	0.2308389295087673	0.00044462696605959695	0
235	1076.619687795639	0.23097470609055162	0.00013577658178431928	0
236	1081.2041594982147	0.23145561976148593	0.0004809136709343076	0
237	1085.7862713336945	0.23188949851369656	0.0004338787522106258	0
238	1090.3681132793427	0.23205766672114878	0.0001681682074522184	0
239	1094.9639480113983	0.23205766672114878	0.0	1
240	1099.5820574760437	0.23225778560190585	0.0002001188807570775	0
241	1104.1326580047607	0.23280324367497932	0.0005454580730734626	0
242	1108.824459552765	0.23280324367497932	0.0	1
243	1113.4440195560455	0.2332061638967019	0.0004029202217225858	0
244	1118.0319278240204	0.2332061638967019	0.0	1
245	1122.5810160636902	0.2332061638967019	0.0	2
246	1127.2087271213531	0.2336942981625809	0.00048813426587898667	0
247	1131.8060348033905	0.2340760894169081	0.0003817912543272184	0
248	1136.4052848815918	0.23436022809583834	0.0002841386789302347	0
249	1141.050788640976	0.23436022809583834	0.0	1
250	1145.598906993866	0.23436022809583834	0.0	2
251	1150.2012124061584	0.23436022809583834	0.0	3
252	1154.7921092510223	0.23467813637657098	0.0003179082807326372	0
253	1159.349728345871	0.23467813637657098	0.0	1
254	1163.9235067367554	0.23467813637657098	0.0	2
255	1168.523648262024	0.23467813637657098	0.0	3
256	1173.143227815628	0.2347516284370767	7.349206050571988e-05	0
257	1177.7728633880615	0.2347516284370767	0.0	1
258	1182.409006357193	0.23504405334582895	0.00029242490875225347	0
259	1186.9909889698029	0.23515508147623795	0.00011102813040900217	0
260	1191.6141889095306	0.23515508147623795	0.0	1
261	1196.2096393108368	0.23515508147623795	0.0	2
262	1200.85373878479	0.2351968984586657	4.181698242775034e-05	0
263	1205.490479707718	0.23602743223444084	0.000830533775775133	0
264	1210.1094808578491	0.23602743223444084	0.0	1
265	1214.7240176200867	0.23603904398000075	1.1611745559914066e-05	0
266	1219.372885465622	0.23603904398000075	0.0	1
267	1224.0273656845093	0.23605247465405818	1.3430674057429703e-05	0
268	1228.6844041347504	0.23605247465405818	0.0	1
269	1233.4654915332794	0.23605247465405818	0.0	2
270	1238.213505268097	0.2360889818351144	3.650718105621675e-05	0
271	1242.9434669017792	0.23665452161372103	0.0005655397786066274	0
272	1247.6426041126251	0.23665452161372103	0.0	1
273	1252.3716309070587	0.23665452161372103	0.0	2
274	1257.1105661392212	0.23665452161372103	0.0	3
275	1261.8907709121704	0.2367606441490913	0.00010612253537026217	0
276	1266.6374871730804	0.2367606441490913	0.0	1
277	1271.344176530838	0.23690571747652958	0.00014507332743829426	0
278	1276.1220734119415	0.2370567804068991	0.00015106293036951102	0
279	1280.8690829277039	0.23786508283437124	0.0008083024274721518	0
280	1285.6365411281586	0.23786508283437124	0.0	1
281	1290.4269292354584	0.23786508283437124	0.0	2
282	1295.0596375465393	0.23786508283437124	0.0	3
283	1299.7074706554413	0.23786508283437124	0.0	4
284	1304.328459262848	0.2380544167552491	0.00018933392087785994	0
285	1309.0715742111206	0.23829741825331127	0.00024300149806216753	0
286	1313.7130122184753	0.23829741825331127	0.0	1
287	1318.377713918686	0.23839541991599564	9.800166268436605e-05	0
288	1323.0438876152039	0.23840969574874887	1.4275832753235518e-05	0
289	1327.721135854721	0.2390145721527412	0.000604876403992316	0
290	1332.4304916858673	0.2390145721527412	0.0	1
291	1337.1079950332642	0.23925331111129403	0.00023873895855283656	0
292	1341.7002003192902	0.2395868364548841	0.00033352534359007424	0
293	1346.3456268310547	0.23986347894364277	0.00027664248875866604	0
294	1350.9738936424255	0.23986347894364277	0.0	1
295	1355.584816455841	0.23986347894364277	0.0	2
296	1360.2131118774414	0.23986347894364277	0.0	3
297	1364.812106847763	0.23992493667924067	6.145773559790291e-05	0
298	1369.4548506736755	0.24011594254449503	0.00019100586525436225	0
299	1374.101866722107	0.24033752110691978	0.00022157856242474572	0
300	1378.7286140918732	0.24033752110691978	0.0	1
301	1383.359035730362	0.24033752110691978	0.0	2
302	1388.035368680954	0.2414191221343976	0.0010816010274778132	0
303	1392.7176532745361	0.2414191221343976	0.0	1
304	1397.3103148937225	0.2414191221343976	0.0	2
305	1401.9809381961823	0.2414191221343976	0.0	3
306	1406.6188323497772	0.2414205368565623	1.4147221647220487e-06	0
307	1411.169665336609	0.24197496096101745	0.0005544241044551368	0
308	1415.7776601314545	0.24386087747168497	0.0018859165106675235	0
309	1420.4229671955109	0.24386087747168497	0.0	1
310	1425.0369215011597	0.24386087747168497	0.0	2
311	1429.666080713272	0.24386087747168497	0.0	3
312	1434.2939357757568	0.24386087747168497	0.0	4
313	1438.8838374614716	0.24386087747168497	0.0	5
314	1443.5202803611755	0.24387851556620635	1.7638094521377212e-05	0
315	1448.1301321983337	0.24387851556620635	0.0	1
316	1452.818196296692	0.2438908438593562	1.2328293149843628e-05	0
317	1457.4504792690277	0.2438908438593562	0.0	1
318	1462.0051953792572	0.2438908438593562	0.0	2
319	1466.5861232280731	0.24404245798017948	0.00015161412082329018	0
320	1471.2160499095917	0.24423993114675835	0.00019747316657886538	0
321	1475.8556294441223	0.24443143308342113	0.0001915019366627857	0
322	1480.4944169521332	0.2444970247474225	6.559166400135763e-05	0
323	1485.1459918022156	0.2444970247474225	0.0	1
324	1489.781359910965	0.2444970247474225	0.0	2
325	1494.3785400390625	0.24509907170708534	0.0006020469596628442	0
326	1498.9859676361084	0.24509907170708534	0.0	1
327	1503.6113324165344	0.24509907170708534	0.0	2
328	1508.2231140136719	0.24509907170708534	0.0	3
329	1512.8783948421478	0.24509907170708534	0.0	4
330	1517.4852073192596	0.24517680793408528	7.773622699994154e-05	0
331	1522.133160352707	0.2451907530525662	1.3945118480934715e-05	0
332	1526.7413082122803	0.24563655589159392	0.00044580283902770357	0
333	1531.3578724861145	0.2457751619177077	0.00013860602611379114	0
334	1535.9370098114014	0.2457751619177077	0.0	1
335	1540.5749878883362	0.2459112692137643	0.00013610729605659233	0
336	1545.265777349472	0.24595611774368792	4.4848529923618985e-05	0
337	1549.8800702095032	0.24595611774368792	0.0	1
338	1554.5451877117157	0.24595611774368792	0.0	2
339	1559.1620647907257	0.2462580231282454	0.00030190538455748817	0
340	1563.798397064209	0.2462580231282454	0.0	1
341	1568.3853549957275	0.2465349595852461	0.0002769364570006927	0
342	1572.9522199630737	0.2466196408119638	8.468122671770328e-05	0
343	1577.5842869281769	0.2466196408119638	0.0	1
344	1582.1655218601227	0.2466196408119638	0.0	2
345	1586.7277476787567	0.24678887465429336	0.00016923384232955807	0
346	1591.339388370514	0.24703501793794214	0.00024614328364877536	0
347	1595.9457967281342	0.24703501793794214	0.0	1
348	1600.5328772068024	0.2471016568638057	6.663892586356024e-05	0
349	1605.1405699253082	0.24726420292862922	0.00016254606482352107	0
350	1609.7467699050903	0.2477685973128951	0.0005043943842658882	0
351	1614.3244318962097	0.2477685973128951	0.0	1
352	1618.9737241268158	0.2477685973128951	0.0	2
353	1623.5466907024384	0.24788271210984536	0.00011411479695025428	0
354	1628.1942927837372	0.24797962976463728	9.691765479191705e-05	0
355	1632.8292548656464	0.24797962976463728	0.0	1
356	1637.4272503852844	0.24810796527529538	0.00012833551065810633	0
357	1642.0209317207336	0.24840649002506962	0.00029852474977423715	0
358	1646.6732506752014	0.24928690653691302	0.000880416511843396	0
359	1651.2514832019806	0.24928690653691302	0.0	1
360	1655.8622262477875	0.24928690653691302	0.0	2
361	1660.4816052913666	0.24928690653691302	0.0	3
362	1665.0808801651	0.24928690653691302	0.0	4
363	1669.695172071457	0.2493031115362545	1.6204999341490334e-05	0
364	1674.3108930587769	0.24947372335471854	0.00017061181846403373	0
365	1678.9193811416626	0.24947372335471854	0.0	1
366	1683.5416769981384	0.2495321495428206	5.8426188102062016e-05	0
367	1688.1810262203217	0.2495321495428206	0.0	1
368	1692.760633468628	0.24990938428939644	0.000377234746575833	0
369	1697.3779413700104	0.24990938428939644	0.0	1
370	1701.9754378795624	0.24990938428939644	0.0	2
371	1706.5612111091614	0.24990938428939644	0.0	3
372	1711.18003988266	0.25040225879317807	0.0004928745037816318	0
373	1715.799269914627	0.25080751238782173	0.00040525359464366195	0
374	1720.4665162563324	0.25080751238782173	0.0	1
375	1725.1427946090698	0.25080751238782173	0.0	2
376	1729.762634754181	0.25110546757412705	0.0002979551863053209	0
377	1734.3325626850128	0.2511386124934151	3.314491928807506e-05	0
378	1738.9040222167969	0.25172259877920866	0.0005839862857935363	0
379	1743.422165632248	0.2520087952358331	0.0002861964566244213	0
380	1748.1048300266266	0.25206779098740406	5.899575157097825e-05	0
381	1752.7118039131165	0.25206779098740406	0.0	1
382	1757.3153293132782	0.25206779098740406	0.0	2
383	1761.789879322052	0.25206779098740406	0.0	3
384	1766.3796963691711	0.25285049980480506	0.0007827088174010011	0
385	1770.9202675819397	0.25285049980480506	0.0	1
386	1775.4374532699585	0.25285049980480506	0.0	2
387	1780.0031201839447	0.2533251850236115	0.00047468521880644765	0
388	1784.564219236374	0.2536966506434377	0.00037146561982620563	0
389	1789.1586821079254	0.2536966506434377	0.0	1
390	1793.718100309372	0.25387167198553207	0.00017502134209435027	0
391	1798.2853419780731	0.25387167198553207	0.0	1
392	1802.8765287399292	0.2540270342014411	0.00015536221590906063	0
393	1807.490160226822	0.2543957438689983	0.0003687096675571988	0
394	1812.0254504680634	0.2543957438689983	0.0	1
395	1816.6099562644958	0.25452768049062124	0.00013193662162291897	0
396	1821.1777126789093	0.25454577791052074	1.8097419899498757e-05	0
397	1825.7670457363129	0.2553214682361435	0.0007756903256227465	0
398	1830.3339302539825	0.2553214682361435	0.0	1
399	1834.9102351665497	0.2553214682361435	0.0	2
400	1839.5044195652008	0.2553841385907398	6.267035459628367e-05	0
401	1844.1218996047974	0.2553841385907398	0.0	1
402	1848.7093391418457	0.2554852269199654	0.00010108832922561817	0
403	1853.258430480957	0.2554852269199654	0.0	1
404	1857.8139050006866	0.2559738021382074	0.0004885752182420267	0
405	1862.309965133667	0.2559738021382074	0.0	1
406	1866.8854744434357	0.2559738021382074	0.0	2
407	1871.4154047966003	0.25600972138277955	3.591924457213569e-05	0
408	1876.0262522697449	0.25600972138277955	0.0	1
409	1880.5945899486542	0.25600972138277955	0.0	2
410	1885.239713191986	0.25620998724765764	0.00020026586487809084	0
411	1889.846512079239	0.25620998724765764	0.0	1
412	1894.4487645626068	0.2566117683424424	0.0004017810947847811	0
413	1898.9735894203186	0.2566117683424424	0.0	1
414	1903.53746175766	0.2566283040560562	1.653571361376338e-05	0
415	1908.178392648697	0.2567407101625997	0.00011240610654350558	0
416	1912.731961965561	0.2568120342073205	7.132404472082188e-05	0
417	1917.3087003231049	0.2571778960575331	0.0003658618502125899	0
418	1921.8985886573792	0.2572014502629252	2.3554205392073424e-05	0
419	1926.4534320831299	0.2572014502629252	0.0	1
420	1931.068853378296	0.2574140811669834	0.00021263090405820861	0
421	1935.6618537902832	0.2574140811669834	0.0	1
422	1940.2625098228455	0.2574140811669834	0.0	2
423	1944.8297953605652	0.2574140811669834	0.0	3
424	1949.4155433177948	0.257779943017196	0.0003658618502125899	0
425	1954.0714292526245	0.257779943017196	0.0	1
426	1958.6625230312347	0.25790443856769263	0.0001244955504966505	0
427	1963.229821920395	0.25790443856769263	0.0	1
428	1967.8588378429413	0.25799426423864574	8.982567095311422e-05	0
429	1972.4132008552551	0.25852722866143324	0.0005329644227874963	0
430	1976.9958353042603	0.25852722866143324	0.0	1
431	1981.612164735794	0.25852722866143324	0.0	2
432	1986.2286369800568	0.25852722866143324	0.0	3
433	1990.7171378135681	0.2587476313508899	0.00022040268945666686	0
434	1995.2833144664764	0.2587476313508899	0.0	1
435	1999.8453068733215	0.25924289434663794	0.0004952629957480359	0
436	2004.456348657608	0.25924289434663794	0.0	1
437	2009.0614187717438	0.25924289434663794	0.0	2
438	2013.688295841217	0.2598659600356054	0.0006230656889674724	0
439	2018.1729640960693	0.2598659600356054	0.0	1
440	2022.804639339447	0.2598659600356054	0.0	2
441	2027.4500098228455	0.2598659600356054	0.0	3
442	2032.021500825882	0.2598659600356054	0.0	4
443	2036.6443903446198	0.2601937346254609	0.0003277745898555007	0
444	2041.264090538025	0.2604600331067034	0.00026629848124248845	0
445	2045.8694684505463	0.2604600331067034	0.0	1
446	2050.4774131774902	0.2604600331067034	0.0	2
447	2055.097121477127	0.2610620800663663	0.0006020469596628719	0
448	2059.7716817855835	0.2610620800663663	0.0	1
449	2064.3821120262146	0.2610620800663663	0.0	2
450	2068.989385843277	0.2610620800663663	0.0	3
451	2073.5785171985626	0.26137752636307193	0.00031544629670565705	0
452	2078.1698956489563	0.26137752636307193	0.0	1
453	2082.795524597168	0.26137752636307193	0.0	2
454	2087.45059800148	0.26137752636307193	0.0	3
455	2092.1065866947174	0.26150036834220725	0.00012284197913531303	0
456	2096.754861831665	0.26150036834220725	0.0	1
457	2101.4536230564117	0.26150036834220725	0.0	2
458	2106.0747830867767	0.26150036834220725	0.0	3
459	2110.6803150177	0.2615105469925873	1.0178650380054943e-05	0
460	2115.286281824112	0.2615105469925873	0.0	1
461	2119.977994441986	0.26184317205843616	0.0003326250658488572	0
462	2124.618923664093	0.26184317205843616	0.0	1
463	2129.1216917037964	0.2620693255016274	0.00022615344319126818	0
464	2133.709605693817	0.2620693255016274	0.0	1
465	2138.3029251098633	0.26214963395074503	8.030844911760537e-05	0
466	2142.8333060741425	0.26272447047500563	0.0005748365242606024	0
467	2147.4213333129883	0.26272447047500563	0.0	1
468	2151.9762523174286	0.26272447047500563	0.0	2
469	2156.5300846099854	0.26272447047500563	0.0	3
470	2161.044895172119	0.26272447047500563	0.0	4
471	2165.6059427261353	0.26272447047500563	0.0	5
472	2170.1329588890076	0.26272447047500563	0.0	6
473	2174.622950553894	0.2628583730092471	0.00013390253424144793	0
474	2179.162992477417	0.2628583730092471	0.0	1
475	2183.7178633213043	0.2628583730092471	0.0	2
476	2188.2421875	0.2628583730092471	0.0	3
477	2192.736747264862	0.2630082049476031	0.00014983193835599318	0
478	2197.236600637436	0.26343587362070103	0.0004276686730979584	0
479	2201.769955396652	0.26343587362070103	0.0	1
480	2206.289431810379	0.26343587362070103	0.0	2
481	2210.8033668994904	0.26343587362070103	0.0	3
482	2215.2952761650085	0.26343587362070103	0.0	4
483	2219.8339047431946	0.26343587362070103	0.0	5
484	2224.4125871658325	0.26343587362070103	0.0	6
485	2228.900302886963	0.2636063200820289	0.00017044646132785557	0
486	2233.3889586925507	0.2636063200820289	0.0	1
487	2237.8980436325073	0.26370727980014863	0.00010095971811974191	0
488	2242.480750799179	0.26370727980014863	0.0	1
489	2246.987447500229	0.26473850202014976	0.0010312222200011267	0
490	2251.566677093506	0.26473850202014976	0.0	1
491	2256.1328184604645	0.26473850202014976	0.0	2
492	2260.7571811676025	0.26480332201751583	6.481999736607236e-05	0
493	2265.4007289409637	0.26480332201751583	0.0	1
494	2269.8728976249695	0.26480332201751583	0.0	2
495	2274.4700179100037	0.26480332201751583	0.0	3
496	2279.0326936244965	0.2651258051790149	0.0003224831614990764	0
497	2283.6026916503906	0.2651258051790149	0.0	1
498	2288.1262786388397	0.2651258051790149	0.0	2
499	2292.6106770038605	0.2651258051790149	0.0	3
500	2297.1996223926544	0.2651258051790149	0.0	4
501	2301.8446114063263	0.2651258051790149	0.0	5
502	2306.3978531360626	0.2651258051790149	0.0	6
503	2311.04150557518	0.2652820676726652	0.00015626249365030542	0
504	2315.5545501708984	0.26537657846247553	9.451078981032035e-05	0
505	2320.152503013611	0.26537657846247553	0.0	1
506	2324.6789226531982	0.265488396632535	0.00011181817005945227	0
507	2329.2549533843994	0.265488396632535	0.0	1
508	2333.817265510559	0.265488396632535	0.0	2
509	2338.405534505844	0.2657278521386778	0.00023945550614279387	0
510	2342.9346339702606	0.2659786254221384	0.0002507732834606258	0
511	2347.446480989456	0.2659786254221384	0.0	1
512	2352.0191202163696	0.2659786254221384	0.0	2
513	2356.606985807419	0.2659786254221384	0.0	3
514	2361.2085161209106	0.2659786254221384	0.0	4
515	2365.680910587311	0.2659786254221384	0.0	5
516	2370.257401943207	0.26618032438219635	0.00020169896005794996	0
517	2374.8923032283783	0.26646255226755344	0.0002822278853570892	0
518	2379.454971075058	0.26646255226755344	0.0	1
519	2384.0354495048523	0.2665248184158169	6.226614826343457e-05	0
520	2388.6480598449707	0.26658644150855093	6.162309273405331e-05	0
521	2393.241126060486	0.26658644150855093	0.0	1
522	2397.8340747356415	0.26658644150855093	0.0	2
523	2402.4428493976593	0.26662599861011815	3.9557101567222475e-05	0
524	2407.028436422348	0.26664435325222946	1.8354642111306774e-05	0
525	2411.686824798584	0.2670254095859516	0.00038105633372215175	0
526	2416.314783811569	0.26822307294998304	0.0011976633640314316	0
527	2420.863289117813	0.26822307294998304	0.0	1
528	2425.4539217948914	0.2685909742048747	0.00036790125489166714	0
529	2430.066641807556	0.2685909742048747	0.0	1
530	2434.6536519527435	0.26859670658559415	5.732380719436492e-06	0
531	2439.251584291458	0.26859670658559415	0.0	1
532	2443.8656594753265	0.2687293781278221	0.00013267154222795785	0
533	2448.518810749054	0.2687293781278221	0.0	1
534	2453.1034054756165	0.26894287256359123	0.00021349443576912375	0
535	2457.6375381946564	0.26894287256359123	0.0	1
536	2462.25971531868	0.26894287256359123	0.0	2
537	2466.853934764862	0.26901776097324653	7.488840965530486e-05	0
538	2471.3895864486694	0.2693310392541673	0.00031327828092075904	0
539	2475.965180873871	0.2693310392541673	0.0	1
540	2480.508615255356	0.2693310392541673	0.0	2
541	2485.0907571315765	0.2693310392541673	0.0	3
542	2489.6239109039307	0.2693310392541673	0.0	4
543	2494.1775953769684	0.2694233085361322	9.226928196492956e-05	0
544	2498.7113013267517	0.2695083572231525	8.504868702025048e-05	0
545	2503.342572927475	0.2696198079329094	0.00011145070975693283	0
546	2507.9608249664307	0.2696198079329094	0.0	1
547	2512.533702611923	0.2696198079329094	0.0	2
548	2517.1385338306427	0.269701714834343	8.19069014336149e-05	0
549	2521.744158267975	0.2699330310947848	0.00023131626044176068	0
550	2526.31298995018	0.2699330310947848	0.0	1
551	2530.9103350639343	0.2699330310947848	0.0	2
552	2535.4681107997894	0.2701203072379685	0.00018727614318370112	0
553	2540.0598232746124	0.2701203072379685	0.0	1
554	2544.666931629181	0.2702524643357729	0.00013215709780439733	0
555	2549.230848312378	0.2702524643357729	0.0	1
556	2553.8270835876465	0.2702524643357729	0.0	2
557	2558.4860701560974	0.2702524643357729	0.0	3
558	2563.059216737747	0.2705531387283169	0.0003006743925439981	0
559	2567.641423225403	0.2705531387283169	0.0	1
560	2572.164880990982	0.2705531387283169	0.0	2
561	2576.7882533073425	0.2707757461795887	0.000222607451271839	0
562	2581.3661761283875	0.2707757461795887	0.0	1
563	2585.913749217987	0.2707757461795887	0.0	2
564	2590.4495759010315	0.2708239569712805	4.821079169176068e-05	0
565	2594.9769933223724	0.2708239569712805	0.0	1
566	2599.5499958992004	0.271463889088134	0.0006399321168535366	0
567	2604.1136903762817	0.271463889088134	0.0	1
568	2608.6653130054474	0.271463889088134	0.0	2
569	2613.2211785316467	0.271463889088134	0.0	3
570	2617.7993381023407	0.27147237742112246	8.488332988443315e-06	0
571	2622.2629885673523	0.27147237742112246	0.0	1
572	2626.7853808403015	0.27147237742112246	0.0	2
573	2631.333543777466	0.2715187141652713	4.633674414883382e-05	0
574	2635.869736433029	0.2715207535699503	2.03940467902175e-06	0
575	2640.446049451828	0.2715207535699503	0.0	1
576	2644.9919407367706	0.2715642608697697	4.350729981938972e-05	0
577	2649.5699484348297	0.2715642608697697	0.0	1
578	2654.153646707535	0.2715642608697697	0.0	2
579	2658.6789190769196	0.2715642608697697	0.0	3
580	2663.2572350502014	0.2715932351146241	2.8974244854373943e-05	0
581	2667.7650532722473	0.2715932351146241	0.0	1
582	2672.3534064292908	0.2715932351146241	0.0	2
583	2676.8938689231873	0.2716327370971459	3.950198252183901e-05	0
584	2681.4853122234344	0.2716327370971459	0.0	1
585	2686.065142393112	0.2716466270965815	1.3889999435579004e-05	0
586	2690.6576192379	0.2716466270965815	0.0	1
587	2695.266956806183	0.2716466270965815	0.0	2
588	2699.809054374695	0.27166272185783225	1.6094761250751155e-05	0
589	2704.402127981186	0.27166272185783225	0.0	1
590	2708.9902262687683	0.27166272185783225	0.0	2
591	2713.5977079868317	0.2716887931662967	2.607130846443706e-05	0
592	2718.2108359336853	0.27170227895939947	1.3485793102785415e-05	0
593	2722.8254787921906	0.27180654582024194	0.00010426686084247239	0
594	2727.4118626117706	0.2723563766709155	0.0005498308506735605	0
595	2732.0132093429565	0.2723563766709155	0.0	1
596	2736.623841524124	0.2724922818638057	0.00013590519289019554	0
597	2741.1852333545685	0.2724922818638057	0.0	1
598	2745.813086748123	0.2724922818638057	0.0	2
599	2750.4498796463013	0.2724922818638057	0.0	3
600	2755.041485309601	0.27255353749623723	6.125563243153387e-05	0
601	2759.5922701358795	0.2726788598324146	0.000125322336177347	0
602	2764.1580879688263	0.2726788598324146	0.0	1
603	2768.730386018753	0.2730366191829564	0.00035775935054183083	0
604	2773.2786741256714	0.2731504583846798	0.0001138392017233647	0
605	2777.851564884186	0.2732771954430219	0.00012673705834215232	0
606	2782.4458334445953	0.2732771954430219	0.0	1
607	2787.0409696102142	0.2732771954430219	0.0	2
608	2791.652093410492	0.2735822058671358	0.0003050104241138496	0
609	2796.261649131775	0.2735822058671358	0.0	1
610	2800.834627866745	0.2735822058671358	0.0	2
611	2805.394228219986	0.2735822058671358	0.0	3
612	2810.0007967948914	0.2737043680447114	0.0001221621775756021	0
613	2814.5971896648407	0.27391505140916617	0.00021068336445478897	0
614	2819.195319414139	0.27391505140916617	0.0	1
615	2823.8179473876953	0.27391505140916617	0.0	2
616	2828.3987011909485	0.27414250933643136	0.00022745792726519554	0
617	2832.973794698715	0.27430641500437425	0.0001639056679428874	0
618	2837.5252237319946	0.275631715704489	0.0013253007001147732	0
619	2842.123903989792	0.275631715704489	0.0	1
620	2846.720728158951	0.27563173407750413	1.8373015109318658e-08	2
621	2851.3139481544495	0.27623376266415184	0.0006020285866477071	0
622	2855.902716398239	0.27623376266415184	0.0	1
623	2860.452893257141	0.2762869892889731	5.322662482126761e-05	0
624	2865.038460254669	0.2762869892889731	0.0	1
625	2869.6719703674316	0.2762869892889731	0.0	2
626	2874.384155035019	0.2762869892889731	0.0	3
627	2879.012195825577	0.2762869892889731	0.0	4
628	2883.6775505542755	0.2762869892889731	0.0	5
629	2888.238966703415	0.2762869892889731	0.0	6
630	2892.8756358623505	0.2762869892889731	0.0	7
631	2897.48037981987	0.2762869892889731	0.0	8
632	2902.1426746845245	0.27656456880150326	0.0002775795125301572	0
633	2906.7041685581207	0.27656456880150326	0.0	1
634	2911.3427152633667	0.27656456880150326	0.0	2
635	2915.974641561508	0.2766242994736793	5.973067217601713e-05	0
636	2920.5651881694794	0.2767487766511608	0.0001244771774815412	0
637	2925.1564712524414	0.2767487766511608	0.0	1
638	2929.7880301475525	0.2767487766511608	0.0	2
639	2934.439078807831	0.2767487766511608	0.0	3
640	2939.07089138031	0.2773420413095932	0.000593264658432402	0
641	2943.7083525657654	0.2773420413095932	0.0	1
642	2948.3371126651764	0.2773420413095932	0.0	2
643	2952.990889787674	0.27765326181281985	0.000311220503226628	0
644	2957.5037660598755	0.27765326181281985	0.0	1
645	2962.0499126911163	0.27765326181281985	0.0	2
646	2966.6305384635925	0.27765326181281985	0.0	3
647	2971.259699821472	0.27765326181281985	0.0	4
648	2975.784358024597	0.2780546203282567	0.00040135851543682266	0
649	2980.2899866104126	0.2781827721087635	0.0001281517805068466	0
650	2984.8750092983246	0.2781827721087635	0.0	1
651	2989.415059328079	0.27857128788662705	0.00038851577786352953	0
652	2993.950676679611	0.27857128788662705	0.0	1
653	2998.451518535614	0.27857128788662705	0.0	2
654	3002.972354412079	0.2791280637370184	0.0005567758503913223	0
655	3007.4624099731445	0.27957596109977045	0.00044789736275208103	0
656	3011.9921445846558	0.27957596109977045	0.0	1
657	3016.535101413727	0.27957596109977045	0.0	2
658	3021.05889749527	0.27957596109977045	0.0	3
659	3025.592779636383	0.27960341038436937	2.7449284598912715e-05	0
660	3030.10773563385	0.2798829741825331	0.00027956379816374	0
661	3034.6524229049683	0.2798829741825331	0.0	1
662	3039.1579492092133	0.2798829741825331	0.0	2
663	3043.7126841545105	0.27989862799142085	1.565380888773893e-05	0
664	3048.2364807128906	0.28010258683233935	0.00020395884091850558	0
665	3052.8064103126526	0.2803718066229869	0.00026921979064753465	0
666	3057.273577928543	0.2803718066229869	0.0	1
667	3061.774725675583	0.2803718066229869	0.0	2
668	3066.2867617607117	0.2809393123142121	0.0005675056912252119	0
669	3070.7854657173157	0.2809393123142121	0.0	1
670	3075.2695269584656	0.2809393123142121	0.0	2
671	3079.742668867111	0.2809393123142121	0.0	3
672	3084.245484352112	0.28146593804678094	0.0005266257325688417	0
673	3088.730014562607	0.28146593804678094	0.0	1
674	3093.2257356643677	0.28146593804678094	0.0	2
675	3097.70147562027	0.28146593804678094	0.0	3
676	3102.2539887428284	0.28146593804678094	0.0	4
677	3106.76696228981	0.28146593804678094	0.0	5
678	3111.290679693222	0.28148680979196455	2.0871745183614898e-05	0
679	3115.8076004981995	0.28177818743885463	0.0002913776468900786	0
680	3120.301973104477	0.28177818743885463	0.0	1
681	3124.814300060272	0.28201916790525283	0.0002409804663981996	0
682	3129.2981927394867	0.2823808774540469	0.0003617095487940536	0
683	3133.8503918647766	0.2823808774540469	0.0	1
684	3138.4380629062653	0.2823808774540469	0.0	2
685	3142.9260606765747	0.2823808774540469	0.0	3
686	3147.3985714912415	0.2823808774540469	0.0	4
687	3151.874863386154	0.2823808774540469	0.0	5
688	3156.284479856491	0.2823808774540469	0.0	6
689	3160.7722823619843	0.282465907768052	8.503031400514116e-05	0
690	3165.3082587718964	0.2826212148649157	0.00015530709686367716	0
691	3169.764810562134	0.2826212148649157	0.0	1
692	3174.237897634506	0.2826212148649157	0.0	2
693	3178.7321701049805	0.2826212148649157	0.0	3
694	3183.224739551544	0.28298292441370976	0.0003617095487940536	0
695	3187.705397605896	0.28298292441370976	0.0	1
696	3192.185712814331	0.28298292441370976	0.0	2
697	3196.6454129219055	0.28298292441370976	0.0	3
698	3201.057450771332	0.28298292441370976	0.0	4
699	3205.5277411937714	0.28333050511387153	0.0003475807001617759	0
700	3209.9335396289825	0.28333050511387153	0.0	1
701	3214.399337053299	0.2834597041562406	0.00012919904236907698	0
702	3218.832661151886	0.2834597041562406	0.0	1
703	3223.299955368042	0.2834597041562406	0.0	2
704	3227.7524061203003	0.2837707776753462	0.0003110735191055869	0
705	3232.18457531929	0.2837707776753462	0.0	1
706	3236.604800224304	0.2837707776753462	0.0	2
707	3241.00147151947	0.2837707776753462	0.0	3
708	3245.4263603687286	0.2837707776753462	0.0	4
709	3249.839122056961	0.28393661250987734	0.00016583483453114223	0
710	3254.3134047985077	0.28393661250987734	0.0	1
711	3258.7119250297546	0.28393661250987734	0.0	2
712	3263.22599029541	0.28401572671301173	7.911420313438944e-05	0
713	3267.6201894283295	0.28414275773959585	0.00012703102658412346	0
714	3272.0226776599884	0.28414275773959585	0.0	1
715	3276.443088531494	0.2842010736896072	5.831595001132284e-05	0
716	3280.917943239212	0.2842010736896072	0.0	1
717	3285.3834404945374	0.2842010736896072	0.0	2
718	3289.837338447571	0.2844279253073732	0.0002268516177660329	0
719	3294.325268983841	0.2844279253073732	0.0	1
720	3298.75426030159	0.2844279253073732	0.0	2
721	3303.1792953014374	0.2846550892663964	0.00022716395902316888	0
722	3307.610342979431	0.2846550892663964	0.0	1
723	3312.0464198589325	0.2846550892663964	0.0	2
724	3316.4610316753387	0.2846650474405949	9.958174198521075e-06	0
725	3320.87877202034	0.2846650474405949	0.0	1
726	3325.2922530174255	0.2846650474405949	0.0	2
727	3329.699694633484	0.2851892479351671	0.0005242004945721912	0
728	3334.1363253593445	0.28541854316394494	0.00022929522877784825	0
729	3338.5771820545197	0.28541854316394494	0.0	1
730	3342.985405921936	0.28541854316394494	0.0	2
731	3347.417004108429	0.28541854316394494	0.0	3
732	3351.8114030361176	0.28541854316394494	0.0	4
733	3356.240746498108	0.28541854316394494	0.0	5
734	3360.667742729187	0.28541854316394494	0.0	6
735	3365.064785003662	0.28541854316394494	0.0	7
736	3369.5399549007416	0.28541854316394494	0.0	8
737	3374.029629468918	0.28541854316394494	0.0	9
738	3378.4653413295746	0.28549205359746577	7.35104335208292e-05	0
739	3382.95050239563	0.28549205359746577	0.0	1
740	3387.415383577347	0.28549205359746577	0.0	2
741	3391.896142721176	0.28549205359746577	0.0	3
742	3396.34894323349	0.28602059012360775	0.0005285365261419872	0
743	3400.802510023117	0.28602059012360775	0.0	1
744	3405.2564868927	0.28602059012360775	0.0	2
745	3409.818859577179	0.28602059012360775	0.0	3
746	3414.3293375968933	0.28605064837635463	3.0058252746878455e-05	0
747	3418.859296321869	0.28605064837635463	0.0	1
748	3423.392173051834	0.28641189859977045	0.000361250223415821	0
749	3427.88263964653	0.28641189859977045	0.0	1
750	3432.4075272083282	0.28641189859977045	0.0	2
751	3436.88548207283	0.28641189859977045	0.0	3
752	3441.3995587825775	0.28641189859977045	0.0	4
753	3445.8750517368317	0.28641189859977045	0.0	5
754	3450.376631975174	0.28641189859977045	0.0	6
755	3454.824625968933	0.2865320581186973	0.0001201595189268545	0
756	3459.309446811676	0.2865320581186973	0.0	1
757	3463.7792975902557	0.2865645048634106	3.244674471331033e-05	0
758	3468.25151348114	0.2865645048634106	0.0	1
759	3472.776715040207	0.2865996156953172	3.511083190660402e-05	0
760	3477.259523868561	0.2865996156953172	0.0	1
761	3481.7879202365875	0.2865996156953172	0.0	2
762	3486.316838979721	0.2865996156953172	0.0	3
763	3490.874592065811	0.28712997114995675	0.0005303554546395306	0
764	3495.3726794719696	0.28712997114995675	0.0	1
765	3499.894830226898	0.28712997114995675	0.0	2
766	3504.3871595859528	0.28712997114995675	0.0	3
767	3508.8760402202606	0.287205723091323	7.575194136621999e-05	0
768	3513.3704283237457	0.287205723091323	0.0	1
769	3517.881015777588	0.2875761047032567	0.0003703816119337011	0
770	3522.359479904175	0.2876141368445684	3.8032141311705736e-05	0
771	3526.9698898792267	0.2876141368445684	0.0	1
772	3531.494893312454	0.2876141368445684	0.0	2
773	3535.9863233566284	0.2876141368445684	0.0	3
774	3540.571912765503	0.2878491644540657	0.00023502760949734025	0
775	3545.0547907352448	0.2879737334966229	0.0001245690425571988	0
776	3549.5575289726257	0.2879737334966229	0.0	1
777	3554.0343165397644	0.2879737334966229	0.0	2
778	3558.5252487659454	0.288169497972795	0.00019576447617208892	0
779	3563.0036413669586	0.288169497972795	0.0	1
780	3567.5637016296387	0.288169497972795	0.0	2
781	3572.120376586914	0.288169497972795	0.0	3
782	3576.6566014289856	0.28820749336807644	3.799539528143159e-05	0
783	3581.2650713920593	0.28820749336807644	0.0	1
784	3585.793073654175	0.2886116813278428	0.0004041879597663778	0
785	3590.2844228744507	0.2886116813278428	0.0	1
786	3594.804324865341	0.2886116813278428	0.0	2
787	3599.3191061019897	0.2886116813278428	0.0	3
788	3603.8660378456116	0.2886116813278428	0.0	4
