1	130.78762888908386	0.009049233651927864	10000000000.009048	0
2	214.1489531993866	0.009049233651927864	0.0	1
3	299.9074294567108	0.009100161144151341	5.092749222347648e-05	0
4	387.7596309185028	0.009100161144151341	0.0	1
5	477.42135190963745	0.010009482153970854	0.0009093210098195127	0
6	571.3630311489105	0.010009482153970854	0.0	1
7	666.5928328037262	0.010009482153970854	0.0	2
8	761.3749945163727	0.010009482153970854	0.0	3
9	856.9102516174316	0.010029173781309037	1.9691627338183637e-05	0
10	951.768580198288	0.010247404433556082	0.00021823065224704438	0
11	1044.4109587669373	0.01187355641177259	0.0016261519782165088	0
12	1136.2770173549652	0.01246111978628552	0.0005875633745129304	0
13	1229.4613451957703	0.012520159834995645	5.904004871012426e-05	0
14	1324.0443239212036	0.012520159834995645	0.0	1
15	1418.3651769161224	0.013227343179214266	0.0007071833442186207	0
16	1511.8024733066559	0.013227343179214266	0.0	1
17	1604.3358664512634	0.013227343179214266	0.0	2
18	1694.826737165451	0.01424297903759606	0.0010156358583817936	0
19	1786.1881740093231	0.014319954634641781	7.697559704572185e-05	0
20	1877.7710947990417	0.014319954634641781	0.0	1
21	1967.4697098731995	0.014801098660679142	0.0004811440260373608	0
22	2057.2077322006226	0.014801098660679142	0.0	1
23	2145.592717885971	0.014801098660679142	0.0	2
24	2235.410050868988	0.014801098660679142	0.0	3
25	2325.6457965373993	0.015580899835444586	0.0007798011747654435	0
26	2415.639455795288	0.015580899835444586	0.0	1
27	2505.787721633911	0.015580899835444586	0.0	2
28	2596.740569591522	0.015580899835444586	0.0	3
29	2686.0833876132965	0.015580911846928872	1.2011484286367224e-08	4
30	2774.983739376068	0.015580911846928872	0.0	5
31	2861.341514825821	0.015580911846928872	0.0	6
32	2947.8914065361023	0.015580911846928872	0.0	7
33	3033.5448246002197	0.015844670829212912	0.0002637589822840399	0
34	3120.1948132514954	0.028144980863879784	0.012300310034666872	0
35	3204.961895465851	0.028144980863879784	0.0	1
36	3290.5936410427094	0.028144980863879784	0.0	2
37	3376.3930258750916	0.028144980863879784	0.0	3
38	3462.597203731537	0.028144980863879784	0.0	4
39	3550.4553956985474	0.029761688212002348	0.001616707348122564	0
40	3638.768606901169	0.029761688212002348	0.0	1
41	3728.0311484336853	0.029761688212002348	0.0	2
42	3820.4678621292114	0.02976699969035354	5.311478351192889e-06	0
43	3914.0527906417847	0.030036400466806636	0.00026940077645309576	0
44	4009.824558734894	0.030036400466806636	0.0	1
45	4106.617274522781	0.030036400466806636	0.0	2
46	4203.82307767868	0.031040860840208895	0.0010044603734022592	0
47	4301.653443336487	0.031040860840208895	0.0	1
48	4399.657196998596	0.031040860840208895	0.0	2
49	4496.131498813629	0.031040860840208895	0.0	3
50	4594.630053281784	0.031040860840208895	0.0	4
51	4694.975102424622	0.0312778113907154	0.00023695055050650463	0
52	4797.073229789734	0.03186158153849086	0.0005837701477754628	0
53	4898.464554548264	0.032018578844997196	0.0001569973065063332	0
54	5002.16050362587	0.032018578844997196	0.0	1
55	5105.611022949219	0.032018578844997196	0.0	2
56	5210.013239622116	0.032018578844997196	0.0	3
57	5315.605119466782	0.032238319340818965	0.00021974049582176858	0
58	5420.154703378677	0.03344861091124001	0.001210291570421046	0
59	5525.376593351364	0.03344861091124001	0.0	1
60	5630.58163189888	0.03344861091124001	0.0	2
61	5735.889348745346	0.034030524083544886	0.0005819131723048751	0
62	5841.653054237366	0.034037476330649526	6.952247104639875e-06	0
63	5947.913653612137	0.034037476330649526	0.0	1
64	6053.424228668213	0.034145831930391966	0.00010835559974244069	0
65	6159.0614647865295	0.034145831930391966	0.0	1
66	6264.717553138733	0.034145831930391966	0.0	2
67	6370.380390882492	0.034606068766881416	0.0004602368364894499	0
68	6475.937561750412	0.0348467164522511	0.00024064768536968123	0
69	6580.619693994522	0.0348467164522511	0.0	1
70	6686.1603989601135	0.0348467164522511	0.0	2
71	6791.590369224548	0.0348486791287834	1.9626765323035866e-06	0
72	6897.308258295059	0.0348486791287834	0.0	1
73	7001.9825003147125	0.0355121694977639	0.0006634903689805016	0
74	7107.194042205811	0.03768815317490627	0.0021759836771423693	0
75	7213.063015460968	0.03768815317490627	0.0	1
76	7319.182514667511	0.03768815317490627	0.0	2
77	7425.146236419678	0.03768815317490627	0.0	3
78	7531.452650308609	0.03768815317490627	0.0	4
79	7637.755624771118	0.038440867251458746	0.0007527140765524742	0
80	7744.147999286652	0.038440867251458746	0.0	1
81	7851.012730121613	0.038440867251458746	0.0	2
82	7958.1681406497955	0.038440867251458746	0.0	3
83	8067.534501552582	0.038440867251458746	0.0	4
84	8177.476580381393	0.038440867251458746	0.0	5
85	8289.133360147476	0.038894360840670134	0.00045349358921138727	0
86	8402.624823093414	0.038894360840670134	0.0	1
87	8516.538840770721	0.038894360840670134	0.0	2
88	8633.227452039719	0.038894360840670134	0.0	3
89	8749.637571811676	0.038894360840670134	0.0	4
90	8865.227280378342	0.03962301110960439	0.0007286502689342542	0
91	8981.397887945175	0.04019676848407919	0.0005737573744747995	0
92	9098.35291838646	0.04019676848407919	0.0	1
93	9214.63124012947	0.04219095834655557	0.0019941898624763824	0
94	9330.877931118011	0.0421930147126653	2.0563661097330876e-06	0
95	9447.408808231354	0.04222713213263077	3.4117419965465356e-05	0
96	9565.019948720932	0.04223013500370222	3.0028710714530282e-06	0
97	9682.05449795723	0.04223013500370222	0.0	1
98	9800.251413345337	0.04318777701365519	0.0009576420099529706	0
99	9918.468722581863	0.04318777701365519	0.0	1
100	10036.576555728912	0.04318777701365519	0.0	2
101	10153.88371515274	0.04318777701365519	0.0	3
102	10271.787947177887	0.04342094394661166	0.00023316693295646895	0
103	10390.334786891937	0.043780870475533314	0.000359926528921653	0
104	10508.670301675797	0.04488942957864712	0.0011085591031138042	0
105	10625.781188488007	0.04488942957864712	0.0	1
106	10743.426079034805	0.04493621190764356	4.6782328996443356e-05	0
107	10861.763285398483	0.04493621190764356	0.0	1
108	10979.285841226578	0.04493621190764356	0.0	2
109	11096.012580156326	0.0451936084067014	0.00025739649905783674	0
110	11211.996405363083	0.0451936084067014	0.0	1
111	11328.931845903397	0.0451936084067014	0.0	2
112	11444.474287509918	0.045951830949947356	0.000758222543245958	0
113	11560.575692653656	0.04602074804218571	6.891709223835751e-05	0
114	11678.898042201996	0.04653033766530877	0.0005095896231230579	0
115	11796.568393230438	0.04653181748017279	1.4798148640152164e-06	0
116	11913.77863407135	0.04725558147729956	0.0007237639971267723	0
117	12031.28284907341	0.04725558147729956	0.0	1
118	12148.798554182053	0.04725558147729956	0.0	2
119	12266.357378721237	0.04725558147729956	0.0	3
120	12383.903216600418	0.047671390235712596	0.0004158087584130374	0
121	12500.689073562622	0.047671390235712596	0.0	1
122	12617.666297674179	0.047671390235712596	0.0	2
123	12734.96663928032	0.04776346546965403	9.207523394143269e-05	0
124	12852.784741163254	0.04776346546965403	0.0	1
125	12971.47651386261	0.04776346546965403	0.0	2
126	13089.966647148132	0.04785429631382345	9.083084416942194e-05	0
127	13208.454816102982	0.04785429631382345	0.0	1
128	13326.578132152557	0.04785429631382345	0.0	2
129	13444.858916521072	0.04806773558498888	0.00021343927116542621	0
130	13562.674810647964	0.04806773558498888	0.0	1
131	13681.55386543274	0.04806773558498888	0.0	2
132	13798.257945775986	0.048403312432966306	0.0003355768479774285	0
133	13916.909621238708	0.048403312432966306	0.0	1
134	14035.92522597313	0.04855366738866257	0.00015035495569626356	0
135	14154.724597454071	0.04855366738866257	0.0	1
136	14273.111653089523	0.04861658354335173	6.291615468916045e-05	0
137	14392.621613502502	0.04861658354335173	0.0	1
138	14511.776954650879	0.048980637218274	0.000364053674922267	0
139	14631.003903150558	0.048980637218274	0.0	1
140	14749.267242193222	0.048980637218274	0.0	2
141	14868.552368879318	0.04901451440855374	3.387719027974495e-05	0
142	14987.727154493332	0.049436626793919976	0.00042211238536623424	0
143	15105.393748998642	0.049436626793919976	0.0	1
144	15223.687539815903	0.049436626793919976	0.0	2
145	15341.979611873627	0.04950941158409838	7.278479017840123e-05	0
146	15460.640632867813	0.04950941158409838	0.0	1
147	15579.469063520432	0.0503327988318918	0.0008233872477934195	0
148	15697.007883787155	0.0503327988318918	0.0	1
149	15815.33926153183	0.0503327988318918	0.0	2
150	15933.781224012375	0.0503327988318918	0.0	3
151	16052.476499080658	0.0503327988318918	0.0	4
152	16171.236830472946	0.05066992756363895	0.00033712873174715496	0
153	16288.646545648575	0.05066992756363895	0.0	1
154	16405.55718612671	0.0506717196770944	1.7921134554468865e-06	0
155	16524.744497299194	0.0506717196770944	0.0	1
156	16643.42613887787	0.0506717196770944	0.0	2
157	16761.510358810425	0.05077520101651365	0.00010348133941925214	0
158	16880.158751487732	0.05077520101651365	0.0	1
159	16999.074116945267	0.05141875232157968	0.0006435513050660271	0
160	17116.798073530197	0.05141875232157968	0.0	1
161	17235.05366587639	0.051597218955098494	0.00017846663351881592	0
162	17354.21505379677	0.051597218955098494	0.0	1
163	17472.931210517883	0.051597218955098494	0.0	2
164	17591.68260884285	0.051597218955098494	0.0	3
165	17709.972337007523	0.051597218955098494	0.0	4
166	17828.515457868576	0.05162194819894615	2.4729243847658455e-05	0
167	17947.420461416245	0.05162194819894615	0.0	1
168	18066.7799141407	0.05163374347651484	1.1795277568685258e-05	0
169	18186.22460103035	0.05173058006282717	9.683658631233494e-05	0
170	18305.105145931244	0.05214001312538129	0.0004094330625541154	0
171	18424.014528989792	0.05214001312538129	0.0	1
172	18542.96812605858	0.05220413042849903	6.411730311774166e-05	0
173	18660.826475143433	0.05220413042849903	0.0	1
174	18779.003935575485	0.05220413042849903	0.0	2
175	18896.05869603157	0.05220413042849903	0.0	3
176	19014.464480161667	0.05221093853779224	6.808109293210407e-06	0
177	19133.519342422485	0.05256059284535265	0.0003496543075604125	0
178	19251.28092765808	0.05256666104721385	6.068201861199329e-06	0
179	19369.367712259293	0.05290134904535413	0.00033468799814027894	0
180	19488.589365005493	0.05290134904535413	0.0	1
181	19608.07900238037	0.05290134904535413	0.0	2
182	19726.01429963112	0.0539719086167813	0.0010705595714271682	0
183	19844.935587882996	0.0539719086167813	0.0	1
184	19963.277792692184	0.05403333534741901	6.142673063771337e-05	0
185	20082.054215192795	0.05403333534741901	0.0	1
186	20200.65295481682	0.054085787096998364	5.245174957935195e-05	0
187	20319.48176431656	0.05412117773429812	3.539063729975783e-05	0
188	20437.737840414047	0.054535525896222	0.00041434816192387897	0
189	20556.97622203827	0.054535525896222	0.0	1
190	20676.152114868164	0.054535525896222	0.0	2
191	20794.961767196655	0.054580938916009854	4.5413019787853004e-05	0
192	20911.99161338806	0.054580938916009854	0.0	1
193	21030.854829788208	0.054609252386768406	2.8313470758552228e-05	0
194	21149.569885730743	0.055106076204392486	0.00049682381762408	0
195	21268.711711406708	0.055106076204392486	0.0	1
196	21387.19060397148	0.055106076204392486	0.0	2
197	21506.53641486168	0.055106076204392486	0.0	3
198	21625.50976061821	0.05526990804545745	0.0001638318410649639	0
199	21743.68340229988	0.05529868275721257	2.8774711755122362e-05	0
200	21862.565190792084	0.05531149180405498	1.2809046842407468e-05	0
201	21981.523805379868	0.055354007653833096	4.2515849778115844e-05	0
202	22100.21206521988	0.05539436624103347	4.0358587200375884e-05	0
203	22218.374682426453	0.055416582682368536	2.221644133506423e-05	0
204	22337.321949720383	0.055435887539912715	1.9304857544179266e-05	0
205	22456.24620437622	0.055435887539912715	0.0	1
206	22573.772388458252	0.05658593430974977	0.001150046769837057	0
207	22692.153921604156	0.05658593430974977	0.0	1
208	22810.433992147446	0.057193162886335455	0.0006072285765856833	0
209	22929.369606733322	0.057193162886335455	0.0	1
210	23048.051807165146	0.057193162886335455	0.0	2
211	23166.49756503105	0.057251860607743434	5.869772140797841e-05	0
212	23284.367913722992	0.05742875133452394	0.00017689072678050977	0
213	23403.6248588562	0.05819819740868658	0.0007694460741626344	0
214	23522.862137317657	0.05819819740868658	0.0	1
215	23641.680895090103	0.05819819740868658	0.0	2
216	23760.88682436943	0.05819819740868658	0.0	3
217	23880.097864866257	0.05819819740868658	0.0	4
218	23999.151332378387	0.05819819740868658	0.0	5
219	24117.81038069725	0.058306377640758446	0.00010818023207186805	0
220	24237.061464309692	0.05835563433551776	4.9256694759317043e-05	0
221	24356.561223506927	0.05855599069799907	0.00020035636248130761	0
222	24475.566111803055	0.05860036112095091	4.4370422951842126e-05	0
223	24594.062093496323	0.0587713758296188	0.00017101470866788537	0
224	24713.183635234833	0.0587713758296188	0.0	1
225	24832.077352523804	0.058850094293034394	7.871846341559602e-05	0
226	24950.799773216248	0.05938898232862744	0.0005388880355930437	0
227	25069.431434631348	0.05966861929198892	0.00027963696336148064	0
228	25188.03600859642	0.05975868140116405	9.006210917512913e-05	0
229	25306.342573165894	0.05975868140116405	0.0	1
230	25425.581369638443	0.06081389990486135	0.0010552185036973027	0
231	25544.72246146202	0.06081389990486135	0.0	1
232	25664.148329734802	0.06081389990486135	0.0	2
233	25781.895102262497	0.06081389990486135	0.0	3
234	25901.285801887512	0.06081389990486135	0.0	4
235	26020.851140975952	0.06082317277073001	9.272865868659164e-06	0
236	26138.084790468216	0.06082317277073001	0.0	1
237	26257.60760784149	0.06082317277073001	0.0	2
238	26375.13824391365	0.060968843247554805	0.00014567047682479545	0
239	26494.463656187057	0.060968843247554805	0.0	1
240	26613.543488264084	0.061645233950658275	0.0006763907031034702	0
241	26732.175337314606	0.061645233950658275	0.0	1
242	26851.101328134537	0.06175491802056273	0.000109684069904456	0
243	26970.22362470627	0.06175491802056273	0.0	1
244	27089.178471326828	0.062471965195676875	0.0007170471751141438	0
245	27208.60312652588	0.062471965195676875	0.0	1
246	27327.577334165573	0.062471965195676875	0.0	2
247	27446.37122941017	0.062492999706958215	2.1034511281339818e-05	0
248	27564.331857442856	0.062492999706958215	0.0	1
249	27682.51785326004	0.06282690455632306	0.00033390484936484527	0
250	27801.89045882225	0.06282690455632306	0.0	1
251	27920.613805294037	0.06282690455632306	0.0	2
252	28038.928614854813	0.0629015535288626	7.46489725395455e-05	0
253	28158.72947525978	0.0629015535288626	0.0	1
254	28278.161247968674	0.06299951919469782	9.796566583521182e-05	0
255	28396.87931394577	0.06348108362268517	0.00048156442798735766	0
256	28515.95664715767	0.06348108362268517	0.0	1
257	28635.064573526382	0.06348108362268517	0.0	2
258	28753.87056827545	0.06348108362268517	0.0	3
259	28873.48467850685	0.06351662320239009	3.5539579704910174e-05	0
260	28992.07926917076	0.06363682933252893	0.00012020613013884185	0
261	29111.286391735077	0.06363682933252893	0.0	1
262	29229.392288446426	0.06363682933252893	0.0	2
263	29348.87325310707	0.06363682933252893	0.0	3
264	29467.881650924683	0.06366587790612577	2.9048573596840432e-05	0
265	29587.41260766983	0.06366587790612577	0.0	1
266	29704.799030780792	0.06407999544755136	0.00041411754142559043	0
267	29822.84539413452	0.06407999544755136	0.0	1
268	29942.055589675903	0.06410458535818131	2.458991062995186e-05	0
269	30062.058207273483	0.06410458535818131	0.0	1
270	30181.294310331345	0.06461139792613747	0.0005068125679561636	0
271	30300.195574998856	0.06461139792613747	0.0	1
272	30419.058364391327	0.06461139792613747	0.0	2
273	30538.804523944855	0.06461139792613747	0.0	3
274	30658.121181964874	0.06461139792613747	0.0	4
275	30777.280965805054	0.06461139792613747	0.0	5
276	30896.763526916504	0.06464991154935155	3.851362321408147e-05	0
277	31015.821484804153	0.0647680757271618	0.00011816417781024269	0
278	31134.985117435455	0.06509082911451568	0.00032275338735388015	0
279	31253.978756189346	0.06509082911451568	0.0	1
280	31373.36267375946	0.06509439412305171	3.5650085360300343e-06	0
281	31492.7564868927	0.06509439412305171	0.0	1
282	31611.693452835083	0.06509439412305171	0.0	2
283	31731.220717191696	0.06580312454644635	0.0007087304233946434	0
284	31850.80676317215	0.06580312454644635	0.0	1
285	31970.501222848892	0.0663834522028255	0.000580327656379151	0
286	32089.903851747513	0.06642191778010242	3.8465577276922125e-05	0
287	32208.962739229202	0.06681639894701755	0.0003944811669151227	0
288	32328.166650772095	0.06754844606370783	0.000732047116690282	0
289	32447.31777238846	0.06767310605221985	0.00012465998851202142	0
290	32566.040058612823	0.06767310605221985	0.0	1
291	32684.605590105057	0.06799442286605314	0.00032131681383329447	0
292	32802.122264146805	0.06862234482776645	0.0006279219617133097	0
293	32920.63351917267	0.06862234482776645	0.0	1
294	33039.19572353363	0.07284517431219742	0.004222829484430965	0
295	33157.66258263588	0.07284517431219742	0.0	1
296	33276.86677837372	0.07284517431219742	0.0	2
297	33396.525522470474	0.07284517431219742	0.0	3
298	33515.54418992996	0.07285896830075127	1.3793988553847947e-05	0
299	33635.783108234406	0.07285896830075127	0.0	1
300	33756.150002241135	0.07287767738867487	1.8709087923604595e-05	0
301	33877.83964395523	0.07296051338890364	8.283600022876425e-05	0
302	34000.26988983154	0.07296051338890364	0.0	1
303	34123.6275703907	0.07296945473780601	8.941348902377633e-06	0
304	34248.11366200447	0.07428156525822115	0.0013121105204151329	0
305	34371.93906903267	0.07428156525822115	0.0	1
306	34495.42228794098	0.07428156525822115	0.0	2
307	34619.961473464966	0.07433242668728106	5.086142905991187e-05	0
308	34745.38366436958	0.07447233165164865	0.00013990496436759592	0
309	34869.09748220444	0.07447233165164865	0.0	1
310	34993.394642829895	0.07447233165164865	0.0	2
311	35117.730320215225	0.07450341256838666	3.1080916738007724e-05	0
