1	269.33289885520935	0.015145966391751657	10000000000.015146	0
2	443.15571308135986	0.015145966391751657	0.0	1
3	613.4121568202972	0.015752727721598622	0.0006067613298469648	0
4	787.2133483886719	0.015752727721598622	0.0	1
5	961.2020726203918	0.015752727721598622	0.0	2
6	1148.0433421134949	0.019553268251844346	0.003800540530245724	0
7	1342.653760433197	0.02152058722282491	0.0019673189709805625	0
8	1532.4056823253632	0.02152058722282491	0.0	1
9	1719.8277487754822	0.02660470739486165	0.00508412017203674	0
10	1922.908719778061	0.026663256173864485	5.8548779002836476e-05	0
11	2137.0808408260345	0.043674756218758604	0.01701150004489412	0
12	2364.1005651950836	0.04441862744057986	0.0007438712218212559	0
13	2592.1583383083344	0.04441862744057986	0.0	1
14	2835.9363362789154	0.044499479143604616	8.08517030247563e-05	0
15	3097.638955593109	0.046571316045098295	0.002071836901493679	0
16	3372.9898397922516	0.046571316045098295	0.0	1
17	3656.5854065418243	0.046571316045098295	0.0	2
18	3935.1217789649963	0.046571316045098295	0.0	3
19	4228.284921646118	0.046571316045098295	0.0	4
20	4544.757597208023	0.04920904279885956	0.0026377267537612686	0
21	4860.5992069244385	0.05168071318466613	0.0024716703858065694	0
22	5173.427612781525	0.05168071318466613	0.0	1
23	5486.291024684906	0.05168071318466613	0.0	2
24	5799.323657035828	0.05168071318466613	0.0	3
25	6114.600147485733	0.052664799678422775	0.0009840864937566418	0
26	6423.400567293167	0.0545687496617566	0.001903949983333826	0
27	6733.986989736557	0.05679571248050488	0.0022269628187482765	0
28	7051.126039981842	0.05679571248050488	0.0	1
29	7373.905625343323	0.05709584103605797	0.0003001285555530933	0
30	7694.150336027145	0.057124082437910804	2.8241401852834025e-05	0
31	8012.424815416336	0.057124082437910804	0.0	1
32	8332.568165063858	0.06106176889458367	0.003937686456672869	0
33	8653.204525470734	0.06106176889458367	0.0	1
34	8975.261904478073	0.06106176889458367	0.0	2
35	9295.746208429337	0.061804631151724916	0.0007428622571412427	0
36	9620.43508052826	0.06360300979737375	0.0017983786456488363	0
37	9941.669669866562	0.06360300979737375	0.0	1
38	10267.652336120605	0.06454777069157859	0.000944760894204838	0
39	10589.4245698452	0.06454777069157859	0.0	1
40	10914.841784477234	0.0653102356910743	0.0007624649994957128	0
41	11239.445032835007	0.0653102356910743	0.0	1
42	11563.6817715168	0.06936877689803744	0.00405854120696314	0
43	11890.825367212296	0.06936877689803744	0.0	1
44	12219.482852220535	0.06936877689803744	0.0	2
45	12546.295475006104	0.06955786648825864	0.00018908959022119476	0
46	12870.353546380997	0.06955786648825864	0.0	1
47	13198.41328907013	0.06955786648825864	0.0	2
48	13525.56444478035	0.06955786648825864	0.0	3
49	13852.15287566185	0.0703495482221312	0.0007916817338725624	0
50	14179.995202541351	0.07087798626639558	0.000528438044264376	0
51	14508.04359960556	0.07087798626639558	0.0	1
52	14833.295855045319	0.07087798626639558	0.0	2
53	15160.288599729538	0.07087798626639558	0.0	3
54	15484.496773719788	0.0714214578843921	0.0005434716179965188	0
55	15810.850862979889	0.07356371571595671	0.0021422578315646174	0
56	16136.96348285675	0.07358400551521234	2.0289799255626684e-05	0
57	16459.5965218544	0.07423822301832418	0.0006542175031118425	0
58	16785.40067768097	0.07423822301832418	0.0	1
59	17111.95391345024	0.07423822301832418	0.0	2
60	17437.78146672249	0.0757506178323149	0.0015123948139907223	0
61	17763.207325935364	0.0757506178323149	0.0	1
62	18090.026475191116	0.0757506178323149	0.0	2
63	18417.052144765854	0.0757506178323149	0.0	3
64	18744.839109897614	0.0757506178323149	0.0	4
65	19070.40762734413	0.0766768185810013	0.0009262007486863927	0
66	19397.962373495102	0.0766768185810013	0.0	1
67	19722.675483942032	0.0766768185810013	0.0	2
68	20044.17177271843	0.0766768185810013	0.0	3
69	20369.72258067131	0.076767577356265	9.07587752636968e-05	0
70	20696.40472793579	0.07800864234942634	0.0012410649931613449	0
71	21022.481365680695	0.07861715855712746	0.0006085162077011236	0
72	21351.56613135338	0.07861715855712746	0.0	1
73	21678.281896352768	0.07861715855712746	0.0	2
74	22004.71119236946	0.07861715855712746	0.0	3
75	22332.379504919052	0.07861715855712746	0.0	4
76	22656.104749917984	0.07864938777176318	3.222921463572059e-05	0
77	22985.218581676483	0.07864938777176318	0.0	1
78	23310.832828760147	0.07864938777176318	0.0	2
79	23636.92465686798	0.07898805877809265	0.00033867100632946345	0
80	23964.39809036255	0.07923535121656924	0.00024729243847659843	0
81	24292.195785284042	0.07923535121656924	0.0	1
82	24616.161091566086	0.08066199844654032	0.001426647229971073	0
83	24944.680863142014	0.08066199844654032	0.0	1
84	25270.779445409775	0.08066199844654032	0.0	2
85	25595.128697156906	0.08066199844654032	0.0	3
86	25922.834934949875	0.08071726088344255	5.526243690223698e-05	0
87	26250.15306162834	0.08157136389885168	0.0008541030154091273	0
88	26578.264389038086	0.08159714534872278	2.5781449871101203e-05	0
89	26905.918426036835	0.08159714534872278	0.0	1
90	27233.121597528458	0.08182882285762781	0.0002316775089050288	0
91	27560.15694832802	0.08182882285762781	0.0	1
92	27888.184183359146	0.08226975003197937	0.0004409271743515547	0
93	28216.5827960968	0.08226975003197937	0.0	1
94	28544.362190961838	0.08226986534222851	1.1531024914079868e-07	2
95	28870.528959035873	0.08278640721245621	0.0005165418702277047	0
96	29198.799947977066	0.08278640721245621	0.0	1
97	29526.17687177658	0.08278640721245621	0.0	2
98	29853.299028873444	0.08278640721245621	0.0	3
99	30180.863392353058	0.08337669959619888	0.0005902923837426688	0
100	30509.08047223091	0.08337669959619888	0.0	1
101	30837.50957632065	0.08337669959619888	0.0	2
102	31164.27003121376	0.08337669959619888	0.0	3
103	31491.19994688034	0.08337669959619888	0.0	4
104	31817.78497338295	0.08348635964313476	0.00010966004693588327	0
105	32143.99786424637	0.08348635964313476	0.0	1
106	32471.252089738846	0.08363957813668477	0.00015321849355000305	0
107	32797.16605567932	0.08363957813668477	0.0	1
108	33122.93952035904	0.08363957813668477	0.0	2
109	33449.625626564026	0.08363957813668477	0.0	3
110	33775.335060596466	0.0841785286319961	0.00053895049531133	0
111	34103.80598950386	0.08418150748009898	2.9788481028802938e-06	0
112	34429.67852640152	0.08418150748009898	0.0	1
113	34751.66997718811	0.08418150748009898	0.0	2
114	35079.756564855576	0.08418150748009898	0.0	3
115	35406.28809905052	0.08419869831640886	1.7190836309882718e-05	0
