1	391.59367990493774	0.03091476908277	10000000000.030914	0
2	641.1246621608734	0.0314412204275335	0.0005264513447634997	0
3	900.1689810752869	0.0314412204275335	0.0	1
4	1161.6613957881927	0.0314412204275335	0.0	2
5	1431.9061481952667	0.04881314427679871	0.01737192384926521	0
6	1707.5326285362244	0.04881314427679871	0.0	1
7	1983.2844648361206	0.04881314427679871	0.0	2
8	2261.03373169899	0.04881314427679871	0.0	3
9	2533.6526803970337	0.04881314427679871	0.0	4
10	2808.7947223186493	0.04881314427679871	0.0	5
11	3085.166510105133	0.05467582964186789	0.005862685365069176	0
12	3357.7501745224	0.05467582964186789	0.0	1
13	3635.0029258728027	0.055244760801956644	0.0005689311600887564	0
14	3909.4551405906677	0.055244760801956644	0.0	1
15	4194.568398952484	0.05556852315399053	0.0003237623520338864	0
16	4481.85640335083	0.058142468926194055	0.0025739457722035244	0
17	4770.789377212524	0.06114096301277699	0.0029984940865829326	0
18	5060.091276168823	0.06660994555511277	0.005468982542335778	0
19	5351.557852983475	0.06685596477625506	0.000246019221142299	0
20	5644.67582654953	0.06685596477625506	0.0	1
21	5938.461128473282	0.06685596477625506	0.0	2
22	6233.024808168411	0.06685596477625506	0.0	3
23	6532.134157180786	0.07216711641507507	0.005311151638820011	0
24	6828.153582334518	0.07220949773622919	4.238132115411131e-05	0
25	7122.964146614075	0.07220949773622919	0.0	1
26	7416.938982963562	0.07220949773622919	0.0	2
27	7715.71889257431	0.07220949773622919	0.0	3
28	8012.931182861328	0.07320046440818474	0.0009909666719555565	0
29	8311.317301750183	0.07450097183477977	0.0013005074265950295	0
30	8610.191268205643	0.07450097183477977	0.0	1
31	8908.344561338425	0.07450097183477977	0.0	2
32	9206.096658468246	0.07450097183477977	0.0	3
33	9499.158331632614	0.07450097183477977	0.0	4
34	9797.69279050827	0.07530570284518046	0.0008047310104006833	0
35	10094.399073123932	0.07530570284518046	0.0	1
36	10392.78156208992	0.07531258302337938	6.88017819892861e-06	0
37	10693.535115003586	0.07568510719702001	0.00037252417364062873	0
38	10991.641531705856	0.07584458127158607	0.00015947407456605445	0
39	11288.23309135437	0.07659772535927598	0.0007531440876899081	0
40	11587.79977607727	0.07659772535927598	0.0	1
41	11883.820283412933	0.07705884624100887	0.00046112088173289045	0
42	12178.893337488174	0.0775709102298948	0.0005120639888859385	0
43	12472.92583489418	0.0775709102298948	0.0	1
44	12770.188421964645	0.07769295651942623	0.00012204628953142727	0
45	13069.353611707687	0.07786170826445467	0.00016875174502843648	0
46	13367.416300296783	0.07786170826445467	0.0	1
47	13667.908434867859	0.07787887988238969	1.717161793501898e-05	0
48	13968.219791173935	0.07788807587475892	9.195992369231965e-06	0
49	14265.989133119583	0.07806070973150854	0.00017263385674962106	0
50	14562.820314407349	0.07843531909882119	0.0003746093673126505	0
51	14862.366607666016	0.0784539657270265	1.8646628205304383e-05	0
52	15162.551717042923	0.07849797100085605	4.400527382955599e-05	0
53	15462.832882165909	0.07853092570914265	3.2954708286597745e-05	0
54	15764.272032022476	0.07864840763464546	0.00011748192550281589	0
55	16064.259626150131	0.07864840763464546	0.0	1
56	16361.151723384857	0.07913714532104833	0.0004887376864028681	0
57	16663.066504716873	0.07913714532104833	0.0	1
58	16962.18364262581	0.07916441619497087	2.727087392254135e-05	0
59	17260.30085515976	0.0794079946825063	0.000243578487535423	0
60	17562.019119262695	0.0794079946825063	0.0	1
61	17859.85998940468	0.0794079946825063	0.0	2
62	18160.261447429657	0.0794079946825063	0.0	3
63	18459.907831668854	0.08026080526220628	0.000852810579699978	0
64	18758.3728120327	0.08026080526220628	0.0	1
65	19058.029246091843	0.08026080526220628	0.0	2
66	19358.16051006317	0.08026080526220628	0.0	3
67	19656.88404917717	0.08048331080171064	0.00022250553950436958	0
68	19957.902184963226	0.08048331080171064	0.0	1
69	20257.058242082596	0.0806530426838568	0.0001697318821461541	0
70	20557.16722536087	0.08073257792820383	7.95352443470343e-05	0
71	20854.95228791237	0.08155855485200929	0.0008259769238054548	0
72	21154.817703723907	0.08155855485200929	0.0	1
73	21453.14596915245	0.0817366227042498	0.00017806785224051824	0
74	21754.817183494568	0.0817366227042498	0.0	1
75	22053.762341976166	0.0817366227042498	0.0	2
76	22353.203714370728	0.0817366227042498	0.0	3
77	22650.430237054825	0.0817366227042498	0.0	4
78	22949.26510167122	0.08195881594516274	0.0002221932409129379	0
79	23249.08309340477	0.08195881594516274	0.0	1
80	23548.173623085022	0.08195881594516274	0.0	2
81	23848.24366426468	0.08195881594516274	0.0	3
82	24148.50528883934	0.08195881594516274	0.0	4
83	24449.021119356155	0.08195881594516274	0.0	5
84	24748.407693624496	0.08216756593286298	0.00020874998770023523	0
85	25048.146005630493	0.08216756593286298	0.0	1
86	25346.934521198273	0.08359254116422146	0.001424975231358483	0
87	25646.270151615143	0.08359254116422146	0.0	1
88	25944.81739282608	0.08360920349522277	1.6662331001310315e-05	0
89	26244.543409585953	0.08360920349522277	0.0	1
90	26545.73779821396	0.08434667019362281	0.0007374666984000383	0
91	26845.882615089417	0.08434667019362281	0.0	1
92	27146.44041776657	0.08434667019362281	0.0	2
93	27447.38739514351	0.08434667019362281	0.0	3
94	27747.88046002388	0.08436656121160015	1.9891017977335945e-05	0
95	28047.655411958694	0.08436656121160015	0.0	1
96	28347.811223745346	0.08436675339534871	1.921837485679978e-07	2
97	28647.326911211014	0.08468529795860884	0.00031854456326012304	0
98	28947.26610636711	0.08468529795860884	0.0	1
99	29245.63564157486	0.08468529795860884	0.0	2
100	29543.742136716843	0.08547028208884362	0.0007849841302347838	0
101	29843.45688891411	0.08547028208884362	0.0	1
102	30143.61790704727	0.08547028208884362	0.0	2
103	30444.539283514023	0.08547028208884362	0.0	3
104	30744.533556461334	0.08547028208884362	0.0	4
105	31043.559234380722	0.08547028208884362	0.0	5
106	31342.68647480011	0.08562818986585881	0.0001579077770151871	0
107	31641.771342754364	0.08610581452700043	0.0004776246611416235	0
108	31941.002914190292	0.08610581452700043	0.0	1
109	32241.30327963829	0.08996396093473255	0.0038581464077321187	0
110	32540.53349328041	0.08996396093473255	0.0	1
111	32841.9740729332	0.08996396093473255	0.0	2
112	33141.27209663391	0.08996396093473255	0.0	3
113	33442.14196562767	0.08996396093473255	0.0	4
114	33739.98930978775	0.08996396093473255	0.0	5
115	34039.85021567345	0.09068949302234619	0.0007255320876136395	0
116	34339.67149853706	0.09068949302234619	0.0	1
117	34639.53907132149	0.09069275053688451	3.257514538321238e-06	0
118	34940.79268407822	0.09069275053688451	0.0	1
119	35242.25901389122	0.09069275053688451	0.0	2
