1	164.1612458229065	0.023210939383400735	10000000000.02321	0
2	270.98100090026855	0.02325029140821796	3.935202481722411e-05	0
3	376.73288011550903	0.02327998860196624	2.9697193748279976e-05	0
4	482.5384225845337	0.02327998860196624	0.0	1
5	591.3032140731812	0.02327998860196624	0.0	2
6	701.7939710617065	0.02327998860196624	0.0	3
7	815.0864813327789	0.030224632437049825	0.006944643835083586	0
8	930.7522776126862	0.030224632437049825	0.0	1
9	1046.0179510116577	0.03023237503982047	7.74260277064398e-06	0
10	1162.059407234192	0.030651828082565825	0.00041945304274535605	0
11	1277.8764908313751	0.030651828082565825	0.0	1
12	1392.937429189682	0.03210462431382714	0.0014527962312613184	0
13	1508.0793945789337	0.03210462431382714	0.0	1
14	1621.918983221054	0.03469654887570969	0.00259192456188255	0
15	1737.5062808990479	0.03469874457503714	2.1956993274466208e-06	0
16	1852.6788129806519	0.03470203091713774	3.286342100602968e-06	0
17	1967.2813370227814	0.03470203091713774	0.0	1
18	2082.9269375801086	0.03470203091713774	0.0	2
19	2196.9596123695374	0.03502706888880279	0.0003250379716650473	0
20	2311.24032831192	0.03502706888880279	0.0	1
21	2425.1336369514465	0.03654708138612759	0.0015200124973248005	0
22	2539.002540588379	0.03717065038593571	0.0006235689998081231	0
23	2653.00541472435	0.03717065038593571	0.0	1
24	2766.2494111061096	0.03717065038593571	0.0	2
25	2879.680864572525	0.03732680208394832	0.00015615169801260625	0
26	2992.419466495514	0.03732680208394832	0.0	1
27	3106.218099832535	0.03732680208394832	0.0	2
28	3219.2030906677246	0.037367854934940416	4.105285099209599e-05	0
29	3331.8455080986023	0.037367854934940416	0.0	1
30	3446.168997526169	0.037367854934940416	0.0	2
31	3559.29642701149	0.037367854934940416	0.0	3
32	3672.669773578644	0.03742540435845067	5.754942351025166e-05	0
33	3786.9867782592773	0.03789110642029017	0.00046570206183950413	0
34	3899.444931268692	0.03789110642029017	0.0	1
35	4012.9225046634674	0.03789110642029017	0.0	2
36	4125.879909753799	0.037899874803818824	8.768383528652557e-06	0
37	4238.978155374527	0.037899874803818824	0.0	1
38	4352.369538784027	0.037899874803818824	0.0	2
39	4465.6525893211365	0.039221512833569484	0.0013216380297506602	0
40	4578.164364337921	0.039221512833569484	0.0	1
41	4690.800997495651	0.039221512833569484	0.0	2
42	4802.990957260132	0.039221512833569484	0.0	3
43	4915.921635866165	0.039221512833569484	0.0	4
44	5029.030134677887	0.03924162486285768	2.0112029288192612e-05	0
45	5141.292507171631	0.03967298368882714	0.0004313588259694662	0
46	5254.469907283783	0.03967298368882714	0.0	1
47	5367.597936153412	0.03967984224635435	6.858557527203435e-06	0
48	5480.513011217117	0.039702625629747704	2.278338339335717e-05	0
49	5593.545336961746	0.039712412587143794	9.7869573960907e-06	0
50	5705.881326913834	0.0397176784218547	5.2658347109088566e-06	0
51	5818.472349882126	0.03991652373961285	0.00019884531775814923	0
52	5931.20742726326	0.03991652373961285	0.0	1
53	6044.087972402573	0.03991652373961285	0.0	2
54	6156.815783023834	0.039936205757763604	1.9682018150751768e-05	0
55	6270.003672122955	0.039936205757763604	0.0	1
56	6382.467004060745	0.040194315738988025	0.0002581099812244206	0
57	6495.704794645309	0.04043460548212598	0.0002402897431379586	0
58	6608.96386051178	0.04070361468419136	0.00026900920206537893	0
59	6721.498948812485	0.04070361468419136	0.0	1
60	6832.386353731155	0.04078940550955445	8.579082536308569e-05	0
61	6944.841932296753	0.04078940550955445	0.0	1
62	7056.584935426712	0.04099284642120035	0.00020344091164590378	0
63	7169.3362674713135	0.041000408851706714	7.56243050636235e-06	0
64	7282.217986106873	0.041000408851706714	0.0	1
65	7395.132698297501	0.04133615386046414	0.00033574500875742375	0
66	7508.124891281128	0.0417316872334027	0.00039553337293856544	0
67	7620.740830183029	0.041741229156519365	9.5419231166613e-06	0
68	7733.516579866409	0.042071299940100164	0.0003300707835807992	0
69	7846.237418889999	0.04266891932925719	0.0005976193891570267	0
70	7958.755358219147	0.04266891932925719	0.0	1
71	8071.407565832138	0.04266891932925719	0.0	2
72	8184.546757936478	0.042728755739375464	5.9836410118273287e-05	0
73	8297.297031879425	0.042728755739375464	0.0	1
74	8410.125663280487	0.04296604981833254	0.000237294078957076	0
75	8523.40381360054	0.04296604981833254	0.0	1
76	8636.627509355545	0.042967428736728555	1.3789183960152829e-06	0
77	8748.676575899124	0.042967428736728555	0.0	1
78	8861.834541082382	0.04330469680169343	0.00033726806496487544	0
79	8974.82320857048	0.04331877906587013	1.4082264176699943e-05	0
80	9087.647248029709	0.04331879828424499	1.921837485679978e-08	1
81	9200.231730222702	0.04369833716470854	0.00037953888046355494	0
82	9312.82098197937	0.04377107390894979	7.273674424124882e-05	0
83	9425.705461740494	0.04377107390894979	0.0	1
84	9538.57788491249	0.04377107390894979	0.0	2
85	9651.603388309479	0.04377107390894979	0.0	3
86	9763.907499551773	0.04377107390894979	0.0	4
87	9875.765109300613	0.04381547796405764	4.440405510784673e-05	0
88	9988.543925762177	0.04381547796405764	0.0	1
89	10100.852364301682	0.044296134323832996	0.00048065635977535826	0
90	10213.712104797363	0.044975311691290785	0.0006791773674577894	0
91	10326.866039991379	0.04498284529423485	7.533602944066742e-06	0
92	10439.382794857025	0.045074824436302	9.197914206714869e-05	0
93	10551.781758069992	0.045074824436302	0.0	1
94	10664.0742623806	0.045692296406686636	0.0006174719703846351	0
95	10776.807443857193	0.045692296406686636	0.0	1
96	10889.414098739624	0.045692296406686636	0.0	2
97	11002.266320228577	0.04671040903312817	0.0010181126264415322	0
98	11115.609464645386	0.04689278660593045	0.00018237757280228223	0
99	11228.849373340607	0.04689278660593045	0.0	1
100	11340.861828804016	0.04689278660593045	0.0	2
101	11453.219970464706	0.04689278660593045	0.0	3
102	11565.007880687714	0.04689278660593045	0.0	4
103	11677.28789973259	0.04703807751985181	0.0001452909139213615	0
104	11790.304567575455	0.0476032659014371	0.0005651883815852854	0
105	11903.027520418167	0.047666628883341694	6.336298190459666e-05	0
106	12015.882081270218	0.04769775784601684	3.1128962675146254e-05	0
107	12128.280503034592	0.048075379693588376	0.0003776218475715354	0
108	12241.179147720337	0.0481971232937158	0.00012174360012742746	0
109	12353.730398654938	0.048309075131853424	0.00011195183813762083	0
110	12466.365268945694	0.048309075131853424	0.0	1
111	12578.753482580185	0.048456158159230225	0.00014708302737680146	0
112	12691.559350967407	0.04874124833645747	0.00028509017722724156	0
113	12803.755784511566	0.04874124833645747	0.0	1
114	12916.190056800842	0.04921558665549848	0.0004743383190410136	0
115	13029.23186469078	0.04921558665549848	0.0	1
116	13141.080659151077	0.04951638304957787	0.0003007963940793862	0
117	13253.298294067383	0.04951638304957787	0.0	1
118	13366.514706373215	0.04957241422147439	5.603117189652285e-05	0
119	13478.464946269989	0.04957241422147439	0.0	1
120	13591.253851413727	0.04957241422147439	0.0	2
121	13704.226281881332	0.04957241422147439	0.0	3
122	13816.409430027008	0.0497375673258108	0.00016515310433640878	0
123	13929.464418411255	0.04982380978298303	8.624245717223089e-05	0
124	14042.692255020142	0.050183885254309835	0.00036007547132680534	0
125	14155.381450176239	0.050567652177241997	0.0003837669229321619	0
126	14268.125889778137	0.050567652177241997	0.0	1
127	14381.339452266693	0.050625134336440246	5.7482159198249394e-05	0
128	14493.861879348755	0.050625134336440246	0.0	1
129	14606.428872346878	0.050625134336440246	0.0	2
130	14718.303036928177	0.050939128949452905	0.00031399461301265946	0
131	14831.321518182755	0.050939128949452905	0.0	1
132	14943.625215530396	0.050939128949452905	0.0	2
133	15056.066017150879	0.05105332933744883	0.00011420038799592191	0
134	15169.240228414536	0.051202502363091366	0.00014917302564253915	0
135	15281.95904493332	0.05128740914321102	8.490678011965208e-05	0
136	15394.525913953781	0.05132721039754053	3.980125432951481e-05	0
137	15507.005969285965	0.05152333391295952	0.0001961235154189847	0
138	15619.636583805084	0.05152333391295952	0.0	1
139	15732.373527526855	0.051533884800756186	1.0550887796667574e-05	0
140	15845.336663246155	0.051533884800756186	0.0	1
141	15957.104267835617	0.051915047633895185	0.0003811628331389996	0
142	16069.656734704971	0.051915047633895185	0.0	1
143	16182.170113325119	0.051915047633895185	0.0	2
144	16295.3799700737	0.051915047633895185	0.0	3
145	16408.29958343506	0.051915047633895185	0.0	4
146	16521.10755109787	0.05192278302977525	7.735395880066609e-06	0
147	16634.11692380905	0.05319473675592602	0.0012719537261507707	0
148	16746.696283102036	0.05348630352548018	0.00029156676955415656	0
149	16858.76953601837	0.05348630352548018	0.0	1
150	16971.072628974915	0.05348630352548018	0.0	2
151	17083.390476226807	0.05348630352548018	0.0	3
152	17195.567249298096	0.05348630352548018	0.0	4
153	17307.736768245697	0.05348630352548018	0.0	5
154	17420.426810264587	0.05352560029746969	3.9296771989508206e-05	0
155	17533.379509449005	0.05352560029746969	0.0	1
156	17646.222846984863	0.05352560029746969	0.0	2
157	17759.159261226654	0.05353831805703152	1.2717759561832465e-05	0
158	17872.470804929733	0.05359380150524461	5.5483448213093645e-05	0
159	17985.344118356705	0.05366628841061272	7.248690536810348e-05	0
160	18098.355527162552	0.053809580613548916	0.00014329220293619882	0
161	18210.642760276794	0.05385763135528594	4.8050741737026836e-05	0
162	18323.433604240417	0.053912129861787596	5.4498506501653166e-05	0
163	18435.414514303207	0.05425194436142106	0.0003398144996334673	0
164	18548.24594950676	0.054416540132886604	0.00016459577146554077	0
165	18661.07873249054	0.05493022326985427	0.0005136831369676673	0
166	18774.2940325737	0.05493022326985427	0.0	1
167	18887.21230363846	0.05493022326985427	0.0	2
168	19000.553121566772	0.05493022326985427	0.0	3
169	19113.39147567749	0.05519978019560308	0.00026955692574880813	0
170	19226.19859480858	0.05519978019560308	0.0	1
171	19338.98953986168	0.05519978019560308	0.0	2
172	19452.257681131363	0.05579421894372121	0.0005944387481181326	0
173	19564.96283841133	0.05579421894372121	0.0	1
174	19677.48949432373	0.05579421894372121	0.0	2
175	19789.3382897377	0.055877602667633426	8.338372391221427e-05	0
176	19901.493215084076	0.055877602667633426	0.0	1
177	20014.21381831169	0.055877602667633426	0.0	2
178	20126.61062312126	0.05593387887380938	5.627620617595225e-05	0
179	20239.954442739487	0.05593387887380938	0.0	1
180	20352.87042760849	0.055943483256644326	9.604382834947633e-06	0
181	20466.205854415894	0.05602567063672167	8.218738007734205e-05	0
182	20578.51453757286	0.05602567063672167	0.0	1
183	20691.813798666	0.05606787899250206	4.220835578039317e-05	0
184	20804.06304860115	0.056079650247102174	1.1771254600112524e-05	0
185	20916.933921575546	0.056081927624522764	2.2773774205897546e-06	0
186	21029.697739362717	0.05618725873252204	0.00010533110799927636	0
187	21143.404440402985	0.05624955989921576	6.230116669372204e-05	0
188	21256.17492866516	0.05624955989921576	0.0	1
189	21369.52263188362	0.05631199078993977	6.243089072401065e-05	0
190	21482.349539995193	0.056363899620429404	5.190883048963174e-05	0
191	21595.029248714447	0.056429549588942016	6.564996851261135e-05	0
192	21707.861090183258	0.05645439414303882	2.4844554096806193e-05	0
193	21819.705175876617	0.05671621086831385	0.0002618167252750256	0
194	21932.19820165634	0.05671621086831385	0.0	1
195	22045.022364377975	0.05671621086831385	0.0	2
196	22157.80860900879	0.05712052223396849	0.00040431136565464293	0
197	22271.130419254303	0.05712052223396849	0.0	1
198	22383.101127386093	0.05712052223396849	0.0	2
199	22496.201006412506	0.05712052223396849	0.0	3
200	22609.240153074265	0.05712052223396849	0.0	4
201	22721.971297979355	0.05712052223396849	0.0	5
202	22833.939955234528	0.057177221244391306	5.669901042281572e-05	0
203	22946.7499833107	0.057177221244391306	0.0	1
204	23058.349404096603	0.057212453330098494	3.52320857071875e-05	0
205	23171.13173890114	0.05749255633905026	0.0002801030089517667	0
206	23282.745777606964	0.05749255633905026	0.0	1
207	23395.892800569534	0.05772057274754496	0.0002280164084947009	0
208	23508.708623170853	0.05772057274754496	0.0	1
209	23621.586053848267	0.05772057274754496	0.0	2
210	23734.963648080826	0.057792853055383356	7.228030783839462e-05	0
211	23847.747622013092	0.057792853055383356	0.0	1
212	23960.8332593441	0.05784395951872269	5.110646333933433e-05	0
213	24072.810104846954	0.05784395951872269	0.0	1
214	24184.95001220703	0.057940983484189884	9.702396546719394e-05	0
215	24298.046522140503	0.058081940654580916	0.00014095717039103173	0
216	24410.943518400192	0.05809063696920386	8.696314622941292e-06	0
217	24523.962005615234	0.05809063696920386	0.0	1
218	24636.810819387436	0.05815284684861701	6.220987941315398e-05	0
219	24748.364177942276	0.05818762249792134	3.477564930432636e-05	0
220	24861.704913139343	0.05818762249792134	0.0	1
221	24973.41993546486	0.05818762249792134	0.0	2
222	25086.68187403679	0.05825844701386428	7.08245159429452e-05	0
223	25198.702384233475	0.05826978585503011	1.133884116582412e-05	0
224	25311.578419208527	0.05837533797434023	0.00010555211931012609	0
225	25423.839388608932	0.05837533797434023	0.0	1
226	25537.44623208046	0.05837533797434023	0.0	2
227	25650.30721759796	0.05837533797434023	0.0	3
228	25762.710577487946	0.05841038748548628	3.504951114604443e-05	0
229	25873.354305505753	0.058412477483752015	2.0899982657376914e-06	0
230	25985.600390434265	0.058433555236376784	2.1077752624769353e-05	0
231	26098.66974902153	0.058437864956938534	4.309720561750108e-06	0
232	26211.33134675026	0.05845808749188215	2.0222534943617476e-05	0
233	26324.247202396393	0.05845808749188215	0.0	1
234	26437.458344459534	0.058524386080546206	6.629858866405436e-05	0
235	26551.204071760178	0.05855600511178021	3.161903123400506e-05	0
236	26665.16328215599	0.05870780625018449	0.0001518011384042811	0
237	26778.286085367203	0.05870780625018449	0.0	1
238	26891.14156627655	0.05870780625018449	0.0	2
239	27004.66498351097	0.05870780625018449	0.0	3
240	27116.85516190529	0.05872943172649269	2.1625476308198555e-05	0
241	27230.07891869545	0.05872943172649269	0.0	1
242	27342.64982008934	0.058732482643501296	3.050917008605436e-06	0
243	27456.10542035103	0.058912092770324116	0.0001796101268228198	0
244	27569.79992222786	0.058933112867824315	2.1020097500198953e-05	0
245	27683.150128126144	0.059170301245719675	0.00023718837789536013	0
246	27796.34868335724	0.059170301245719675	0.0	1
247	27908.279790878296	0.059170301245719675	0.0	2
248	28021.442064762115	0.059170301245719675	0.0	3
249	28134.59393596649	0.059170301245719675	0.0	4
250	28247.794852733612	0.059170301245719675	0.0	5
251	28361.45910334587	0.059170301245719675	0.0	6
252	28474.140669584274	0.059170301245719675	0.0	7
253	28587.24627137184	0.059170301245719675	0.0	8
254	28700.500255823135	0.05972030230657397	0.0005500010608542952	0
255	28813.320029258728	0.059888352580920116	0.00016805027434614594	0
256	28926.360030412674	0.059888352580920116	0.0	1
257	29040.36745762825	0.059888352580920116	0.0	2
258	29153.051227808	0.059888352580920116	0.0	3
259	29267.06102490425	0.059888352580920116	0.0	4
260	29379.881274461746	0.059888352580920116	0.0	5
261	29491.948191165924	0.059888352580920116	0.0	6
262	29604.851365327835	0.06071707292773645	0.0008287203468163307	0
263	29718.211854696274	0.06071707292773645	0.0	1
264	29831.16710782051	0.06071707292773645	0.0	2
265	29944.715676546097	0.06136414119540136	0.0006470682676649117	0
266	30057.88876581192	0.061381231135243235	1.7089939841875845e-05	0
267	30214.705290317535	0.06139808084539939	1.684971015615544e-05	0
268	30327.47608780861	0.06146753124754004	6.945040214065279e-05	0
269	30440.921740293503	0.06146753124754004	0.0	1
270	30554.523918390274	0.06168926805205012	0.00022173680451007677	0
271	30667.959057807922	0.06168926805205012	0.0	1
272	30781.185579061508	0.06169127156762899	2.003515578871684e-06	0
273	30894.785343647003	0.06169127156762899	0.0	1
274	31008.573347568512	0.06172498059712874	3.370902949974969e-05	0
275	31121.722965478897	0.06172498059712874	0.0	1
276	31235.11939764023	0.06185604030446825	0.00013105970733950922	0
277	31348.437651872635	0.06185604030446825	0.0	1
278	31462.029216766357	0.06185604030446825	0.0	2
279	31575.78709101677	0.06186263220704431	6.591902576062736e-06	0
280	31688.177409172058	0.06186263220704431	0.0	1
281	31801.11651992798	0.06186263220704431	0.0	2
282	31913.69228029251	0.06205276439410152	0.00019013218705720564	0
283	32027.1283326149	0.06237731950409828	0.0003245551099967589	0
284	32140.773321151733	0.06237731950409828	0.0	1
285	32253.735629320145	0.06267666491087594	0.00029934540677765964	0
286	32367.897295951843	0.06367883589537332	0.001002170984497383	0
287	32481.533757925034	0.06379554908588184	0.00011671319050851614	0
288	32594.55518603325	0.06379554908588184	0.0	1
289	32707.019351243973	0.06446098051072292	0.000665431424841087	0
290	32820.260778188705	0.06446098051072292	0.0	1
291	32933.314866781235	0.06451105398641369	5.007347569076226e-05	0
292	33044.32734012604	0.06462328929558045	0.00011223530916676383	0
293	33157.96455383301	0.06462328929558045	0.0	1
294	33270.5284910202	0.06462328929558045	0.0	2
295	33383.515931367874	0.06465569147558989	3.240218000943873e-05	0
296	33497.070683956146	0.06478864899744656	0.00013295752185667198	0
297	33610.51998305321	0.06478864899744656	0.0	1
298	33723.99273228645	0.06481888911028456	3.0240112838003652e-05	0
299	33837.446461200714	0.06481888911028456	0.0	1
300	33951.153953790665	0.06484535281246309	2.6463702178528004e-05	0
301	34064.5559322834	0.06484535281246309	0.0	1
302	34177.517701387405	0.06489884715887845	5.349434641535589e-05	0
303	34290.85415506363	0.06505079243509417	0.00015194527621571752	0
304	34402.9333114624	0.06505180620436789	1.0137692737222093e-06	0
305	34516.87122821808	0.06505180620436789	0.0	1
306	34630.62748122215	0.06505180620436789	0.0	2
307	34743.12161779404	0.06505180620436789	0.0	3
308	34856.66207933426	0.06549615424944405	0.0004443480450761622	0
309	34970.311907052994	0.06549615424944405	0.0	1
310	35083.37201857567	0.06549615424944405	0.0	2
