1	25.62002968788147	0.005905546545020503	10000000000.005905	0
2	42.86606192588806	0.0060095449788382625	0.0001039984338177596	0
3	60.08529281616211	0.007690184052646354	0.0016806390738080918	0
4	77.36515545845032	0.007690184052646354	0.0	1
5	94.48932194709778	0.007964530557754137	0.0002743465051077828	0
6	111.64407730102539	0.008032452498519416	6.792194076527848e-05	0
7	128.99335765838623	0.019953281908421522	0.011920829409902106	0
8	146.20624351501465	0.019953601413903524	3.195054820021026e-07	1
9	163.42922377586365	0.019953601413903524	0.0	2
10	180.76641702651978	0.019953601413903524	0.0	3
11	198.25454545021057	0.019953601413903524	0.0	4
12	215.8628602027893	0.023453107722681003	0.0034995063087774787	0
13	233.5309681892395	0.023453107722681003	0.0	1
14	251.27462029457092	0.023453107722681003	0.0	2
15	269.0117950439453	0.023453107722681003	0.0	3
16	286.97712206840515	0.023453107722681003	0.0	4
17	305.1392779350281	0.024298562469404344	0.0008454547467233418	0
18	323.3289005756378	0.02839575182820556	0.0040971893588012155	0
19	341.5157718658447	0.02839575182820556	0.0	1
20	359.6883409023285	0.02839575182820556	0.0	2
21	377.8331890106201	0.032053275218505234	0.003657523390299674	0
22	396.2473518848419	0.032053275218505234	0.0	1
23	414.7131886482239	0.032323572051686046	0.00027029683318081227	0
24	433.18213272094727	0.03233180712531241	8.23507362636422e-06	0
25	451.88181376457214	0.03340527347593675	0.0010734663506243372	0
26	470.67104172706604	0.03354608650851635	0.00014081303257960226	0
27	489.3276937007904	0.03458962504489412	0.0010435385363777722	0
28	508.0571632385254	0.03458962504489412	0.0	1
29	526.8166222572327	0.03458962504489412	0.0	2
30	545.598249912262	0.03479456739207575	0.0002049423471816303	0
31	564.4069471359253	0.03681506961202867	0.0020205022199529174	0
32	583.0168612003326	0.03701757603019714	0.0002025064181684702	0
33	601.6951751708984	0.03701757603019714	0.0	1
34	620.1092119216919	0.037417092411324876	0.0003995163811277361	0
35	638.5967497825623	0.037417092411324876	0.0	1
36	657.0950498580933	0.03824836880199723	0.0008312763906723544	0
37	675.4834923744202	0.03824836880199723	0.0	1
38	694.1485900878906	0.03828382670360899	3.54579016117601e-05	0
39	712.9872992038727	0.03864698432180354	0.000363157618194547	0
40	731.7495148181915	0.03902395274462992	0.0003769684228263834	0
41	750.4888927936554	0.039077029091392136	5.307634676221529e-05	0
42	769.3833591938019	0.039077029091392136	0.0	1
43	788.3935770988464	0.03940961267748553	0.00033258358609339345	0
44	807.2986505031586	0.03940961267748553	0.0	1
45	826.240293264389	0.03940961267748553	0.0	2
46	845.316593170166	0.03940961267748553	0.0	3
47	864.2765505313873	0.03940961267748553	0.0	4
48	883.2540321350098	0.03940961267748553	0.0	5
49	902.3019661903381	0.03991268006464138	0.0005030673871558519	0
50	921.2805378437042	0.039929935762966405	1.725569832502355e-05	0
51	940.2072365283966	0.04033183041798274	0.0004018946550163327	0
52	959.1101741790771	0.04033183041798274	0.0	1
53	978.0575225353241	0.04033183041798274	0.0	2
54	997.027517080307	0.04037758936851802	4.575895053528234e-05	0
55	1016.0646758079529	0.04037758936851802	0.0	1
56	1035.0993988513947	0.04041124074289319	3.365137437517235e-05	0
57	1054.0939636230469	0.041158052376067615	0.0007468116331744226	0
58	1073.0853161811829	0.0415302258143671	0.00037217343829948346	0
59	1092.0711405277252	0.0415302258143671	0.0	1
60	1111.048730134964	0.0415302258143671	0.0	2
61	1129.9928150177002	0.0415302258143671	0.0	3
62	1148.9597120285034	0.0415302258143671	0.0	4
63	1167.9588165283203	0.0415302258143671	0.0	5
64	1186.9486000537872	0.04219103041546129	0.0006608046010941893	0
65	1205.8943014144897	0.04220222031422196	1.118989876067178e-05	0
66	1224.8982191085815	0.04220222031422196	0.0	1
67	1243.8891670703888	0.042523532323461545	0.00032131200923958547	0
68	1262.8810324668884	0.04254611871851261	2.25863950510663e-05	0
69	1281.7830691337585	0.04254611871851261	0.0	1
70	1300.731523990631	0.04303700405830578	0.0004908853397931692	0
71	1319.739587545395	0.04303700405830578	0.0	1
72	1338.6957123279572	0.04303700405830578	0.0	2
73	1357.6823661327362	0.043114281143607075	7.72770853012944e-05	0
74	1376.6601560115814	0.043114281143607075	0.0	1
75	1395.6516025066376	0.04366739077659454	0.0005531096329874641	0
76	1414.6975150108337	0.04366739077659454	0.0	1
77	1433.7092862129211	0.04366739077659454	0.0	2
78	1452.6456725597382	0.04366739077659454	0.0	3
79	1471.6871528625488	0.04366739077659454	0.0	4
80	1490.6244385242462	0.04366739077659454	0.0	5
81	1509.5640819072723	0.046163766383280194	0.002496375606685655	0
82	1528.500896692276	0.046163766383280194	0.0	1
83	1547.4740629196167	0.046163766383280194	0.0	2
84	1566.4446575641632	0.046163766383280194	0.0	3
85	1585.4257221221924	0.04622828246767623	6.45160843960324e-05	0
86	1604.4127790927887	0.04622828246767623	0.0	1
87	1623.4206852912903	0.04659316733731107	0.0003648848696348461	0
88	1642.4087269306183	0.04660762916439121	1.4461827080133882e-05	0
89	1661.4370481967926	0.04660762916439121	0.0	1
90	1680.3792493343353	0.04685140944486263	0.00024378028047142286	0
91	1699.3589503765106	0.049755214598523535	0.002903805153660906	0
92	1718.365124464035	0.049755214598523535	0.0	1
93	1737.3657112121582	0.049755214598523535	0.0	2
94	1756.309993505478	0.049755214598523535	0.0	3
95	1775.2864475250244	0.049758366412000134	3.1518134765984307e-06	0
96	1794.2813096046448	0.049758366412000134	0.0	1
97	1813.3041577339172	0.049758366412000134	0.0	2
98	1832.289161682129	0.049758366412000134	0.0	3
99	1851.2143499851227	0.049758366412000134	0.0	4
100	1870.2535510063171	0.0505330542979051	0.0007746878859049636	0
101	1889.3012254238129	0.05124662294717007	0.0007135686492649729	0
102	1908.2885837554932	0.05124662294717007	0.0	1
103	1927.2372975349426	0.05124662294717007	0.0	2
104	1946.2081050872803	0.05124662294717007	0.0	3
105	1965.1439990997314	0.0518881659320635	0.0006415429848934326	0
106	1984.1991229057312	0.0518881659320635	0.0	1
107	2003.1982293128967	0.0518881659320635	0.0	2
108	2022.1673834323883	0.0518881659320635	0.0	3
109	2041.2285649776459	0.0518881659320635	0.0	4
110	2060.26406955719	0.0518881659320635	0.0	5
111	2079.2509326934814	0.0518881659320635	0.0	6
112	2098.2015478610992	0.051945700941792614	5.75350097291108e-05	0
113	2117.1561319828033	0.051945700941792614	0.0	1
114	2136.11612868309	0.051945700941792614	0.0	2
115	2155.1084620952606	0.05222725013345239	0.0002815491916597773	0
116	2174.049209356308	0.05222725013345239	0.0	1
117	2193.0314223766327	0.05226869936342592	4.144922997353223e-05	0
118	2212.102635860443	0.05226869936342592	0.0	1
119	2231.1145305633545	0.0522742582783534	5.558914927476788e-06	0
120	2250.0512075424194	0.052846091413045616	0.0005718331346922165	0
121	2269.0686814785004	0.05286955704874641	2.346563570079091e-05	0
122	2287.9916718006134	0.053124978859787654	0.0002554218110412468	0
123	2306.974287748337	0.053124978859787654	0.0	1
124	2325.9560930728912	0.053124978859787654	0.0	2
125	2344.918996810913	0.053124978859787654	0.0	3
126	2363.9132504463196	0.053124978859787654	0.0	4
127	2382.936584711075	0.053124978859787654	0.0	5
128	2401.9211604595184	0.053124978859787654	0.0	6
129	2420.9138231277466	0.05368727487595692	0.0005622960161692642	0
130	2439.926248550415	0.05368727487595692	0.0	1
131	2458.9473984241486	0.05370824692751997	2.0972051563053484e-05	0
132	2478.0248634815216	0.05392696164258373	0.00021871471506376	0
133	2496.9305317401886	0.05440614779668251	0.0004791861540987749	0
134	2515.895459651947	0.05440614779668251	0.0	1
135	2534.8825681209564	0.05440614779668251	0.0	2
136	2553.86922454834	0.05440614779668251	0.0	3
137	2572.7538414001465	0.05440614779668251	0.0	4
138	2591.7607254981995	0.05441865895871462	1.2511162032116663e-05	0
139	2610.757563829422	0.05441865895871462	0.0	1
140	2629.86811375618	0.05441865895871462	0.0	2
141	2649.044187784195	0.05490373074011345	0.00048507178139882423	0
142	2668.2229216098785	0.05495888267136025	5.5151931246805175e-05	0
143	2687.3834569454193	0.05495888267136025	0.0	1
144	2706.4529416561127	0.0549697939036855	1.0911232325244713e-05	0
145	2725.52854681015	0.0549697939036855	0.0	1
146	2744.5746400356293	0.055182805566010344	0.0002130116623248468	0
147	2763.598103761673	0.055182805566010344	0.0	1
148	2782.668708562851	0.055182805566010344	0.0	2
149	2801.627594947815	0.05528854986906905	0.00010574430305870797	0
150	2820.722453355789	0.055316993063857886	2.8443194788833892e-05	0
151	2839.693606853485	0.055316993063857886	0.0	1
152	2858.699292421341	0.055622560419495606	0.0003055673556377203	0
153	2877.640020132065	0.055622560419495606	0.0	1
154	2896.6386630535126	0.05565404972669933	3.1489307203723393e-05	0
155	2915.7276554107666	0.05565404972669933	0.0	1
156	2934.651010274887	0.055928430464537326	0.0002743807378379967	0
157	2953.6556918621063	0.055972704795614885	4.427433107755813e-05	0
158	2972.609107017517	0.055972704795614885	0.0	1
159	2991.60924077034	0.056093943913402305	0.00012123911778742086	0
160	3010.623408794403	0.05624605735039802	0.00015211343699571278	0
161	3029.619852542877	0.05624605735039802	0.0	1
162	3048.661098718643	0.0565847043337589	0.0003386469833608838	0
163	3067.691948890686	0.0565847043337589	0.0	1
164	3086.7105042934418	0.0565847043337589	0.0	2
165	3105.757508277893	0.05664909549871836	6.439116495945973e-05	0
166	3124.7696681022644	0.05664909549871836	0.0	1
167	3143.778414964676	0.05685426125950771	0.0002051657607893484	0
168	3162.8216235637665	0.05693620840989933	8.194715039162165e-05	0
169	3181.8598535060883	0.05693620840989933	0.0	1
170	3200.9306716918945	0.0569661362241459	2.9927814246565043e-05	0
171	3219.9981203079224	0.0569661362241459	0.0	1
172	3238.962562561035	0.05722767428298549	0.0002615380588395916	0
173	3257.9151389598846	0.05732133503285265	9.366074986716377e-05	0
174	3276.9801273345947	0.05732133503285265	0.0	1
175	3296.165569782257	0.05732133503285265	0.0	2
176	3315.1432440280914	0.05732133503285265	0.0	3
177	3334.1941616535187	0.05732133503285265	0.0	4
178	3353.2299315929413	0.05831814409076484	0.0009968090579121902	0
179	3372.30011510849	0.05831814409076484	0.0	1
180	3391.3193340301514	0.058321733122269445	3.5890315046027688e-06	0
181	3410.356228351593	0.05851783741931357	0.0001961042970441279	0
182	3429.3909497261047	0.05851783741931357	0.0	1
183	3448.3115260601044	0.05851783741931357	0.0	2
184	3467.411880970001	0.058539856872306346	2.201945299277336e-05	0
185	3486.422278404236	0.05854002503308635	1.6816078000220225e-07	1
186	3505.4872584342957	0.059446824832354264	0.0009067997992679155	0
187	3524.504473924637	0.059446824832354264	0.0	1
188	3543.59495139122	0.059446824832354264	0.0	2
189	3562.588025331497	0.059446824832354264	0.0	3
190	3581.6204867362976	0.059446824832354264	0.0	4
191	3600.7198140621185	0.061025095430762184	0.0015782705984079201	0
192	3619.8248720169067	0.061025095430762184	0.0	1
193	3638.882634162903	0.061025095430762184	0.0	2
194	3657.9315314292908	0.06132595908915357	0.00030086365839138846	0
195	3676.992305278778	0.06132595908915357	0.0	1
196	3696.063546895981	0.06132595908915357	0.0	2
197	3715.1182980537415	0.06135800572922816	3.2046640074584465e-05	0
198	3734.1635155677795	0.06135800572922816	0.0	1
199	3753.1693046092987	0.061466555915016034	0.00010855018578787706	0
200	3772.2387652397156	0.06161038142785452	0.00014382551283848716	0
201	3791.2438626289368	0.06162080259162091	1.042116376638591e-05	0
202	3810.3458383083344	0.06164709813301944	2.629554139853274e-05	0
203	3829.422908306122	0.06164709813301944	0.0	1
204	3848.4700150489807	0.061693726715017015	4.662858199757508e-05	0
205	3867.5472178459167	0.061693726715017015	0.0	1
206	3886.59726190567	0.06197411319499793	0.00028038647998091665	0
207	3905.6788012981415	0.06197411319499793	0.0	1
208	3924.746430158615	0.06197411319499793	0.0	2
209	3943.717527151108	0.061991083019996944	1.6969824999012173e-05	0
210	3962.7715208530426	0.061991083019996944	0.0	1
211	3981.796587705612	0.06208054455495778	8.946153496083853e-05	0
212	4000.867597579956	0.06223682837929753	0.00015628382433974936	0
213	4019.904640197754	0.06248639819519473	0.0002495698158971951	0
214	4038.9740285873413	0.06248639819519473	0.0	1
215	4058.0392577648163	0.06251400539067727	2.7607195482538816e-05	0
216	4077.089651107788	0.06251809409992816	4.088709250893441e-06	0
217	4096.199109554291	0.06251809409992816	0.0	1
218	4115.218122720718	0.06251809409992816	0.0	2
219	4134.251551628113	0.06251809409992816	0.0	3
220	4153.228877544403	0.06322598852401651	0.0007078944240883484	0
221	4172.300889015198	0.06322598852401651	0.0	1
222	4191.44148683548	0.06322598852401651	0.0	2
223	4210.436599969864	0.0632771478378867	5.1159313870188794e-05	0
224	4229.527809619904	0.0632771478378867	0.0	1
225	4248.529215335846	0.0632771478378867	0.0	2
226	4267.532869100571	0.0632771478378867	0.0	3
227	4286.567779541016	0.06333647976566496	5.933192777826668e-05	0
228	4305.5496118068695	0.06407203423576671	0.0007355544701017486	0
229	4324.522057771683	0.06407203423576671	0.0	1
230	4343.571209907532	0.06407203423576671	0.0	2
231	4362.644335508347	0.06416382119408529	9.178695831857375e-05	0
232	4381.667953491211	0.06416382119408529	0.0	1
233	4400.686473608017	0.06416382119408529	0.0	2
234	4419.796012401581	0.06416382119408529	0.0	3
235	4438.783669233322	0.06421056989092572	4.6748696840431814e-05	0
236	4457.869613647461	0.06421056989092572	0.0	1
237	4477.009945631027	0.06421056989092572	0.0	2
238	4496.081304311752	0.06434164881664009	0.00013107892571437296	0
239	4515.185680389404	0.06448582026022602	0.00014417144358593037	0
240	4534.289089202881	0.06448582026022602	0.0	1
241	4553.315314531326	0.06448582026022602	0.0	2
242	4572.358100414276	0.06448582026022602	0.0	3
243	4591.494717597961	0.06448582026022602	0.0	4
244	4610.582904100418	0.06448582026022602	0.0	5
245	4629.758687019348	0.06448981768219633	3.997421970311499e-06	0
246	4648.78474855423	0.06449927792721985	9.460245023518166e-06	0
247	4667.819996833801	0.06454137577734483	4.2097850124975245e-05	0
248	4686.8819127082825	0.06454137577734483	0.0	1
249	4705.892764568329	0.06456360663246102	2.2230855116198156e-05	0
250	4724.93390917778	0.06458737976215954	2.3773129698520523e-05	0
251	4744.035347938538	0.06461155647773005	2.417671557050638e-05	0
252	4763.100739955902	0.06463982190255145	2.826542482139982e-05	0
253	4782.116641283035	0.06463982190255145	0.0	1
254	4801.166331529617	0.06464590932278752	6.087420236070007e-06	0
255	4820.199751138687	0.06468670032342218	4.079100063465735e-05	0
256	4839.26948261261	0.06473028279300487	4.358246958269252e-05	0
257	4858.4235162734985	0.06504775112727298	0.0003174683342681145	0
258	4877.503850221634	0.06504775112727298	0.0	1
259	4896.577696323395	0.06504775112727298	0.0	2
260	4915.661652565002	0.06514592819523163	9.817706795864356e-05	0
261	4934.707706689835	0.06526971374768764	0.00012378555245601275	0
262	4953.76331615448	0.06536825116017485	9.853741248720682e-05	0
263	4972.915009260178	0.06536825116017485	0.0	1
264	4992.09343123436	0.06538558132970244	1.733016952759625e-05	0
265	5011.212252616882	0.06538558132970244	0.0	1
266	5030.317089557648	0.06552684118949748	0.00014125985979503153	0
267	5049.493462562561	0.06562277931678523	9.593812728775353e-05	0
268	5068.563654184341	0.06562277931678523	0.0	1
269	5087.679213523865	0.06562277931678523	0.0	2
270	5106.737287521362	0.06600418718420366	0.000381407867418429	0
271	5125.8159828186035	0.06634059042229995	0.0003364032380962917	0
272	5144.929193973541	0.06698959494123174	0.000649004518931795	0
273	5164.102280378342	0.06698959494123174	0.0	1
274	5183.195616006851	0.06698959494123174	0.0	2
275	5202.30330657959	0.06698959494123174	0.0	3
276	5221.408546209335	0.06698959494123174	0.0	4
277	5240.439004421234	0.06701147025641309	2.187531518134389e-05	0
278	5259.546679735184	0.06721378208853612	0.00020231183212303383	0
279	5278.69074344635	0.06721378208853612	0.0	1
280	5297.784638166428	0.06764350014575216	0.00042971805721603307	0
281	5316.9040603637695	0.06764350014575216	0.0	1
282	5335.973928451538	0.06764350014575216	0.0	2
283	5355.048540830612	0.0680304813418792	0.00038698119612703974	0
284	5374.111951112747	0.0680304813418792	0.0	1
285	5393.2227392196655	0.0680304813418792	0.0	2
286	5412.3419713974	0.0680304813418792	0.0	3
287	5431.451110363007	0.0680304813418792	0.0	4
288	5450.600798368454	0.0680304813418792	0.0	5
289	5469.707823038101	0.0682040184622471	0.00017353712036791147	0
290	5488.864963531494	0.0682040184622471	0.0	1
291	5508.012536525726	0.0682040184622471	0.0	2
292	5527.179594993591	0.0682040184622471	0.0	3
293	5546.327586889267	0.06820406650818425	4.80459371454689e-08	4
294	5565.476433038712	0.06825285235275957	4.878584457532198e-05	0
295	5584.57927107811	0.06825285235275957	0.0	1
296	5603.6624121665955	0.06877442943719989	0.0005215770844403111	0
297	5622.777210235596	0.06877442943719989	0.0	1
298	5641.916693210602	0.06877442943719989	0.0	2
299	5661.047572851181	0.06882532449841579	5.089506121590259e-05	0
300	5680.140658378601	0.06882532449841579	0.0	1
301	5699.278221130371	0.06896794886282569	0.000142624364409899	0
302	5718.402643442154	0.06896794886282569	0.0	1
303	5737.59313750267	0.06896794886282569	0.0	2
304	5756.787791490555	0.06896794886282569	0.0	3
305	5775.904376745224	0.06896794886282569	0.0	4
306	5795.031107187271	0.06897258049116631	4.631628340620586e-06	0
307	5814.1028707027435	0.06899010284444247	1.752235327616425e-05	0
308	5833.20746588707	0.06904034928550694	5.024644106446652e-05	0
309	5852.876431465149	0.06904034928550694	0.0	1
310	5871.961878299713	0.06915358875476	0.00011323946925306805	0
311	5891.090488910675	0.069169583247235	1.5994492474996624e-05	0
312	5910.264795303345	0.069169583247235	0.0	1
313	5929.399982690811	0.069169583247235	0.0	2
314	5948.484477758408	0.06930007601251623	0.00013049276528122322	0
315	5967.642088651657	0.06930007601251623	0.0	1
316	5986.760195970535	0.0693308109985068	3.073498599057145e-05	0
317	6005.8779673576355	0.06935076447620242	1.995347769562228e-05	0
318	6024.950256586075	0.06935076447620242	0.0	1
319	6044.0228888988495	0.06945119489861307	0.0001004304224106467	0
320	6063.1303017139435	0.06945119489861307	0.0	1
321	6082.320879459381	0.06945119489861307	0.0	2
322	6101.42770075798	0.06945119489861307	0.0	3
323	6120.624707460403	0.06945119489861307	0.0	4
324	6139.788440465927	0.0696175299330032	0.0001663350343901332	0
325	6158.928764820099	0.0696175299330032	0.0	1
326	6178.033219337463	0.06962721599393129	9.686060928090767e-06	0
327	6197.175493717194	0.06977201203470007	0.00014479604076877983	0
328	6216.237221956253	0.06994899885335487	0.0001769868186548007	0
329	6235.349139213562	0.06994899885335487	0.0	1
330	6254.452274799347	0.07006720146791484	0.00011820261455997016	0
331	6273.547885894775	0.07009221898738537	2.501751947052433e-05	0
332	6292.672725439072	0.0701703176582118	7.809867082643474e-05	0
333	6311.8342254161835	0.0701703176582118	0.0	1
334	6331.03558754921	0.0702890343642992	0.0001187167060874017	0
335	6350.160690307617	0.0702890343642992	0.0	1
336	6369.267554759979	0.0702890343642992	0.0	2
337	6388.346791505814	0.0702890343642992	0.0	3
338	6407.422247648239	0.0702890343642992	0.0	4
339	6426.52592587471	0.0702890343642992	0.0	5
340	6445.686195611954	0.0704666217571683	0.0001775873928690913	0
341	6464.759390115738	0.0704666217571683	0.0	1
342	6483.868236541748	0.0704666217571683	0.0	2
343	6502.900726079941	0.0704666217571683	0.0	3
344	6522.0115377902985	0.0704666217571683	0.0	4
345	6541.11194062233	0.07064914827237571	0.0001825265152074207	0
346	6560.19616317749	0.07064914827237571	0.0	1
347	6579.400582313538	0.07064914827237571	0.0	2
348	6598.52916264534	0.07070161443573621	5.246616336049281e-05	0
349	6617.66134095192	0.07070161443573621	0.0	1
350	6636.750047922134	0.07087981681660073	0.00017820238086452278	0
351	6655.878447771072	0.07087981681660073	0.0	1
352	6675.003650426865	0.07087981681660073	0.0	2
353	6694.264828443527	0.07095854969379747	7.873287719674382e-05	0
354	6713.354986906052	0.07101512378478371	5.6574090986236114e-05	0
355	6732.52214717865	0.07101512378478371	0.0	1
356	6751.6708126068115	0.07101512378478371	0.0	2
357	6770.820145845413	0.07111591935631666	0.00010079557153294672	0
358	6789.966799020767	0.07116155338741537	4.563403109870967e-05	0
359	6809.150035858154	0.07116155338741537	0.0	1
360	6828.264369010925	0.07120536647749635	4.381309008098799e-05	0
361	6847.393716335297	0.07120536647749635	0.0	1
362	6866.457536697388	0.07153662880031832	0.00033126232282196244	0
363	6885.557468652725	0.07273960777910615	0.0012029789787878359	0
364	6904.728175401688	0.07273960777910615	0.0	1
365	6923.910504579544	0.07319372836779725	0.00045412058869109817	0
366	6943.791965961456	0.07319372836779725	0.0	1
367	6962.891579389572	0.07319372836779725	0.0	2
368	6981.958671092987	0.07346023437653747	0.00026650600874021657	0
369	7001.044182538986	0.07490877133547102	0.0014485369589335578	0
370	7020.179110765457	0.07499352436859182	8.475303312079074e-05	0
371	7039.273241043091	0.07499352436859182	0.0	1
372	7058.39869761467	0.07503898543431682	4.546106572500541e-05	0
373	7077.526287078857	0.07503898543431682	0.0	1
374	7096.6611478328705	0.07507802756283946	3.9042128522639996e-05	0
375	7115.763138055801	0.0750972171101345	1.9189547295045406e-05	0
376	7134.847264766693	0.0750972171101345	0.0	1
377	7153.971515893936	0.07519401525969713	9.679814956262134e-05	0
378	7173.127784490585	0.07519401525969713	0.0	1
379	7192.308473110199	0.07523775147627867	4.3736216581546916e-05	0
380	7211.398694038391	0.07529421025701577	5.6458780737095315e-05	0
381	7230.512615919113	0.07541715020097807	0.00012293994396229968	0
382	7249.603700876236	0.07541715020097807	0.0	1
383	7268.750110626221	0.07541715020097807	0.0	2
384	7287.813282489777	0.07541715020097807	0.0	3
385	7307.004487752914	0.07541715020097807	0.0	4
386	7326.114499568939	0.07545488548001042	3.7735279032349855e-05	0
387	7345.254812240601	0.07548723480948902	3.234932947859814e-05	0
388	7364.368778705597	0.07550705375856062	1.9818949071603864e-05	0
389	7383.473026514053	0.07553161003703457	2.4556278473947257e-05	0
390	7402.584214448929	0.07553283040383801	1.22036680344495e-06	0
391	7421.698910236359	0.07555886649717597	2.6036093337955535e-05	0
392	7440.820664167404	0.07555886649717597	0.0	1
393	7459.940753698349	0.07559050955137855	3.164305420258473e-05	0
394	7479.038022279739	0.07561552226625536	2.5012714876801456e-05	0
395	7498.233202695847	0.0756598590570512	4.433679079583752e-05	0
396	7517.302416801453	0.0756598590570512	0.0	1
397	7536.455421447754	0.07569253029430865	3.267123725746168e-05	0
398	7555.5570113658905	0.07569933359900814	6.8033046994875335e-06	0
399	7574.595095396042	0.07591464666172215	0.0002153130627140093	0
400	7593.678524255753	0.07591464666172215	0.0	1
401	7612.811833620071	0.0759448339240293	3.0187262307149187e-05	0
402	7631.864504575729	0.07595868556770771	1.3851643678411407e-05	0
403	7650.995019197464	0.07595868556770771	0.0	1
404	7670.148555517197	0.07692979485384195	0.0009711092861342391	0
405	7689.282073259354	0.0770433658400613	0.00011357098621934958	0
406	7708.374509572983	0.07704904967442534	5.683834364042517e-06	0
407	7727.527498722076	0.0770796741547605	3.0624480335153526e-05	0
408	7746.655788898468	0.0770796741547605	0.0	1
409	7765.701629400253	0.0770796741547605	0.0	2
410	7784.756408691406	0.0770796741547605	0.0	3
411	7803.771601438522	0.07711465159700082	3.497744224031929e-05	0
412	7822.855895996094	0.07716421578575786	4.956418875703972e-05	0
413	7841.896775007248	0.07716421578575786	0.0	1
414	7860.979838132858	0.07716421578575786	0.0	2
415	7880.095164060593	0.0772841192264927	0.00011990344073484205	0
416	7899.164876937866	0.07744613493113364	0.00016201570464094428	0
417	7918.260933637619	0.07744613493113364	0.0	1
418	7937.345371723175	0.07744613493113364	0.0	2
419	7956.483296632767	0.07744613493113364	0.0	3
420	7975.579633235931	0.0775117656812714	6.563075013775455e-05	0
421	7994.717053890228	0.0775117656812714	0.0	1
422	8013.801714420319	0.07807894796924814	0.0005671822879767391	0
423	8032.921746969223	0.07807894796924814	0.0	1
424	8052.052066326141	0.07807894796924814	0.0	2
425	8071.158211231232	0.07807894796924814	0.0	3
426	8090.252272367477	0.07824914109239087	0.00017019312314273116	0
427	8109.29683637619	0.07827199174009623	2.2850647705366378e-05	0
428	8128.447199344635	0.07837029372749144	9.830198739520235e-05	0
429	8147.562861204147	0.07838120976441039	1.0916036918953709e-05	0
430	8166.608399629593	0.07838120976441039	0.0	1
431	8185.665221214294	0.07841543288543756	3.4223121027174286e-05	0
432	8204.740676641464	0.07841543288543756	0.0	1
433	8223.856624126434	0.07902578925253129	0.0006103563670937229	0
434	8242.96003651619	0.07902578925253129	0.0	1
435	8262.068276405334	0.0796028882219344	0.0005770989694031115	0
436	8281.117965459824	0.0796028882219344	0.0	1
437	8300.198932409286	0.07987510208800723	0.0002722138660728318	0
438	8319.259379148483	0.07987510208800723	0.0	1
439	8338.315116405487	0.08003790574601734	0.00016280365801010777	0
440	8357.44138288498	0.08003790574601734	0.0	1
441	8376.508904457092	0.08003790574601734	0.0	2
442	8395.60284614563	0.080063946643949	2.604089793166453e-05	0
443	8414.727464437485	0.08015714615281959	9.31995088705867e-05	0
444	8433.844075679779	0.08015714615281959	0.0	1
445	8452.924767017365	0.08015714615281959	0.0	2
446	8472.005750656128	0.08015714615281959	0.0	3
447	8491.190458059311	0.08015714615281959	0.0	4
448	8510.27170419693	0.08018978856251475	3.2642409695166075e-05	0
449	8529.420069694519	0.08018978856251475	0.0	1
450	8548.478463411331	0.08018978856251475	0.0	2
451	8567.603421211243	0.08019860018738684	8.811624872082091e-06	0
452	8586.711795091629	0.08021603605797614	1.743587058930518e-05	0
453	8605.73743724823	0.08030374872082496	8.771266284882118e-05	0
454	8624.870529651642	0.08030374872082496	0.0	1
455	8643.969731092453	0.08030374872082496	0.0	2
456	8663.092390298843	0.08030374872082496	0.0	3
457	8682.196139097214	0.08034305990659561	3.931118577064907e-05	0
458	8701.263506174088	0.08034305990659561	0.0	1
459	8720.337409734726	0.08034305990659561	0.0	2
460	8739.416413068771	0.08036734712782156	2.428722122595206e-05	0
461	8758.511195898056	0.08036734712782156	0.0	1
462	8777.703828573227	0.08036734712782156	0.0	2
463	8796.82002878189	0.08036734712782156	0.0	3
464	8815.955732107162	0.08036734712782156	0.0	4
465	8834.979314804077	0.08038645980161717	1.911267379560433e-05	0
466	8854.070747375488	0.08088571954825441	0.00049925974663724	0
467	8873.211990118027	0.08088571954825441	0.0	1
468	8892.352907419205	0.08088571954825441	0.0	2
469	8911.500507831573	0.08092760599625595	4.188644800154351e-05	0
470	8930.606918096542	0.08092760599625595	0.0	1
471	8949.77178311348	0.08092760599625595	0.0	2
472	8968.92016839981	0.08106820762671212	0.00014060163045616358	0
473	8987.974307775497	0.08106820762671212	0.0	1
474	9007.131131887436	0.08106820762671212	0.0	2
475	9026.224350690842	0.08106820762671212	0.0	3
476	9045.357846975327	0.08106820762671212	0.0	4
477	9064.472667455673	0.08124196095379717	0.0001737533270850522	0
478	9083.552686929703	0.08124196095379717	0.0	1
479	9102.612633943558	0.08136607321862577	0.00012411226482859916	0
480	9121.700138092041	0.08136607321862577	0.0	1
481	9140.800037622452	0.08136607321862577	0.0	2
482	9159.916085481644	0.08139277715049001	2.670393186424147e-05	0
483	9178.980379104614	0.08139277715049001	0.0	1
484	9198.0471534729	0.08147383064645078	8.105349596077005e-05	0
485	9217.154072999954	0.08153310972369819	5.9279077247412215e-05	0
486	9236.241000413895	0.08154666828716003	1.3558563461843476e-05	0
487	9255.401448488235	0.08159720300384736	5.0534716687325454e-05	0
488	9274.542709827423	0.08193342847197622	0.00033622546812886456	0
489	9293.661975383759	0.08197107726832172	3.764879634549079e-05	0
490	9312.80079627037	0.08213795041720785	0.00016687314888613747	0
491	9331.858725309372	0.08213795041720785	0.0	1
492	9350.989948749542	0.08233486188599598	0.00019691146878812738	0
493	9370.173632860184	0.08233486188599598	0.0	1
494	9389.335900306702	0.08233486188599598	0.0	2
495	9408.465895652771	0.08237391362370605	3.9051737710071865e-05	0
496	9427.696932554245	0.08237391362370605	0.0	1
497	9446.852409124374	0.082413589958599	3.967633489294908e-05	0
498	9465.977464914322	0.082413589958599	0.0	1
499	9485.138853549957	0.0827170384884087	0.00030344852980969395	0
500	9504.26120710373	0.0827170384884087	0.0	1
501	9523.37409377098	0.0827170384884087	0.0	2
502	9542.572523593903	0.0827170384884087	0.0	3
503	9561.738134145737	0.08297322903444423	0.0002561905460355396	0
504	9580.801496982574	0.08297322903444423	0.0	1
505	9599.92435002327	0.08297322903444423	0.0	2
506	9619.063087701797	0.08297322903444423	0.0	3
507	9638.228819131851	0.08297322903444423	0.0	4
508	9657.3356757164	0.08297322903444423	0.0	5
509	9676.374616384506	0.08298591316185007	1.26841274058348e-05	0
510	9695.392503738403	0.08298591316185007	0.0	1
511	9714.479850769043	0.08299344676479414	7.533602944073681e-06	0
512	9733.595555782318	0.0829960796821496	2.6329173554578977e-06	0
513	9752.758631944656	0.08304032038107115	4.4240698921546584e-05	0
514	9771.91537642479	0.08304032038107115	0.0	1
515	9791.084564208984	0.08310281853610717	6.249815503601985e-05	0
516	9810.236350297928	0.08316017577586884	5.7357239761676726e-05	0
517	9829.352984189987	0.08322515310126145	6.497732539260948e-05	0
518	9848.427144289017	0.08323379176075982	8.638659498363954e-06	0
519	9867.5876455307	0.08323379176075982	0.0	1
520	9886.707071781158	0.08328247190427342	4.868014351359917e-05	0
521	9905.763578891754	0.08335884572595642	7.6373821683004e-05	0
522	9924.890105009079	0.08335884572595642	0.0	1
523	9944.061938285828	0.08335884572595642	0.0	2
524	9963.141002893448	0.08350117701014975	0.00014233128419333108	0
525	9982.26101231575	0.08357120876812985	7.003175798009353e-05	0
526	10001.362273693085	0.08368847929150923	0.00011727052337938415	0
527	10020.448997735977	0.08368847929150923	0.0	1
528	10039.544669389725	0.08383938197088892	0.00015090267937968582	0
529	10058.652897834778	0.08392463468175601	8.52527108670953e-05	0
530	10077.749675035477	0.08392463468175601	0.0	1
531	10096.835268974304	0.08392463468175601	0.0	2
532	10115.928785562515	0.0839639939134638	3.935923170779454e-05	0
533	10135.050430297852	0.08403046066290785	6.646674944404962e-05	0
534	10154.14122223854	0.08403046066290785	0.0	1
535	10173.26817703247	0.08409965642158164	6.919575867378458e-05	0
536	10192.338143110275	0.08510046290146416	0.0010008064798825156	0
537	10211.402610063553	0.08510046290146416	0.0	1
538	10230.596059560776	0.08525202861477643	0.00015156571331227664	0
539	10249.772962331772	0.08525202861477643	0.0	1
540	10268.917409181595	0.08547415459137737	0.00022212597660094258	0
541	10288.045360326767	0.08547415459137737	0.0	1
542	10307.16011929512	0.08547415459137737	0.0	2
543	10326.272987604141	0.08552212365502125	4.7969063643876764e-05	0
544	10345.430060863495	0.08552212365502125	0.0	1
545	10364.564526557922	0.08552545804305899	3.334388037734559e-06	0
546	10383.684501171112	0.08558489086730527	5.943282424628049e-05	0
547	10402.787453651428	0.08636225491190912	0.000777364044603851	0
548	10421.895969867706	0.08636225491190912	0.0	1
549	10441.00529551506	0.08643298814057149	7.07332286623702e-05	0
550	10460.161164045334	0.08643298814057149	0.0	1
551	10479.28048157692	0.08643298814057149	0.0	2
552	10498.405009269714	0.08655689861246407	0.00012391047189258542	0
553	10517.513661623001	0.08655689861246407	0.0	1
554	10536.631307601929	0.08655689861246407	0.0	2
555	10555.783370018005	0.08662150117954696	6.460256708289147e-05	0
556	10574.929037570953	0.08663913403847856	1.763285893159605e-05	0
557	10594.052145004272	0.08673227589222457	9.314185374600936e-05	0
558	10613.155323982239	0.08673572559051147	3.4496982869031134e-06	0
559	10632.312638044357	0.08674259615952296	6.870569011482863e-06	0
560	10651.43383526802	0.08674259615952296	0.0	1
561	10670.526148080826	0.08693360758722989	0.00019101142770693025	0
562	10689.583836555481	0.0870109903735929	7.738278636301721e-05	0
563	10708.690449237823	0.0870109903735929	0.0	1
564	10727.828431367874	0.08703283205661824	2.1841683025339287e-05	0
565	10746.998320579529	0.08703283205661824	0.0	1
566	10766.161360263824	0.08707222011588833	3.938805927009015e-05	0
567	10785.350864648819	0.08712040058165564	4.81804657673085e-05	0
568	10804.551941871643	0.08713732236071751	1.6921779061873643e-05	0
569	10823.715267181396	0.08727245636352678	0.0001351340028092618	0
570	10842.83402299881	0.08727245636352678	0.0	1
571	10862.03339266777	0.08727245636352678	0.0	2
572	10881.162051916122	0.0874379842261729	0.00016552786264611985	0
573	10900.395196437836	0.0874379842261729	0.0	1
574	10919.532488107681	0.0874379842261729	0.0	2
575	10938.618822336197	0.08748433894632876	4.635472015586395e-05	0
576	10957.774175405502	0.08748701030043393	2.6713541051714973e-06	0
577	10976.939559459686	0.08752239132854626	3.53810281123329e-05	0
578	10996.05489397049	0.0876431980328994	0.00012080670435313245	0
579	11015.21305155754	0.08765991801902526	1.6719986125859898e-05	0
580	11034.382845640182	0.08768479620527807	2.4878186252810797e-05	0
581	11053.535561084747	0.08768479620527807	0.0	1
582	11072.648246049881	0.08776872284828	8.392664300192754e-05	0
583	11091.739624977112	0.08794370615135592	0.00017498330307592902	0
584	11110.868151903152	0.08794370615135592	0.0	1
585	11129.979504585266	0.08797563748118135	3.193132982542979e-05	0
586	11149.171476364136	0.08797563748118135	0.0	1
587	11168.343667030334	0.08810217126124198	0.00012653378006062532	0
588	11187.501410245895	0.0881027189849254	5.477236834222632e-07	1
589	11206.723997116089	0.0881027189849254	0.0	2
590	11225.818951368332	0.0881027189849254	0.0	3
591	11244.946043014526	0.0883380383758659	0.00023531939094049992	0
592	11264.073631048203	0.0883380383758659	0.0	1
593	11283.246819734573	0.0884942068899565	0.00015616851409060162	0
594	11302.402108430862	0.08851451110299326	2.030421303675367e-05	0
595	11321.570628881454	0.0887235589755038	0.0002090478725105399	0
596	11340.758955717087	0.08875668184457039	3.312286906659301e-05	0
597	11359.881936788559	0.08887897797297496	0.0001222961284045726	0
598	11379.079016447067	0.08887897797297496	0.0	1
599	11398.236247777939	0.08887897797297496	0.0	2
600	11417.427187204361	0.08900680899333845	0.0001278310203634836	0
601	11436.52950835228	0.08906000545494351	5.319646160506508e-05	0
602	11455.721437692642	0.08906000545494351	0.0	1
603	11474.877039909363	0.0892609239548894	0.00020091849994588462	0
604	11494.063081741333	0.0892609239548894	0.0	1
605	11513.197707891464	0.0892609239548894	0.0	2
606	11532.388233661652	0.0892609239548894	0.0	3
607	11551.571358919144	0.0892609239548894	0.0	4
608	11570.710838079453	0.0892609239548894	0.0	5
609	11589.93408203125	0.0892609239548894	0.0	6
610	11609.076390266418	0.0893515482015291	9.062424663970614e-05	0
611	11628.289649486542	0.0893515482015291	0.0	1
612	11647.520609378815	0.08937952054613393	2.797234460483189e-05	0
613	11666.702507972717	0.08937952054613393	0.0	1
614	11685.807595014572	0.08937952054613393	0.0	2
615	11705.057619571686	0.08937952054613393	0.0	3
616	11724.215979099274	0.08949455212884244	0.000115031582708508	0
617	11743.386155366898	0.08949455212884244	0.0	1
618	11762.516428232193	0.08954357820310346	4.902607426102157e-05	0
619	11781.677396774292	0.08976407061784153	0.00022049241473806602	0
620	11800.803992986679	0.08976407061784153	0.0	1
621	11819.951346635818	0.08976407061784153	0.0	2
622	11839.084697008133	0.08976407061784153	0.0	3
623	11858.262158155441	0.08976407061784153	0.0	4
624	11877.46533536911	0.08986136364055673	9.729302271520301e-05	0
625	11896.673491716385	0.09001987679637993	0.00015851315582320058	0
626	11915.825017929077	0.09001987679637993	0.0	1
627	11934.94759440422	0.09001987679637993	0.0	2
628	11954.177792787552	0.09016692619160073	0.00014704939522079685	0
629	11973.253087997437	0.09018321376429231	1.6287572691578434e-05	0
630	11992.45508646965	0.09018321376429231	0.0	1
631	12011.580574035645	0.0903287449078994	0.00014553114360708885	0
632	12030.766716003418	0.0903287449078994	0.0	1
633	12049.914027929306	0.0903287449078994	0.0	2
634	12069.090677022934	0.09035834120517967	2.9596297280276573e-05	0
635	12088.28192615509	0.09035834120517967	0.0	1
636	12107.432894706726	0.09057598930043885	0.0002176480952591764	0
637	12126.631151914597	0.09057598930043885	0.0	1
638	12145.858146905899	0.09057598930043885	0.0	2
639	12165.02598285675	0.09154771837916223	0.0009717290787233795	0
640	12184.361604213715	0.0959883064645078	0.004440588085345573	0
641	12203.673887014389	0.0959883064645078	0.0	1
642	12223.056497097015	0.0968410161477398	0.0008527096832319919	0
643	12242.565741062164	0.0969212816903314	8.026554259160656e-05	0
644	12262.146079301834	0.0969212816903314	0.0	1
645	12281.698051691055	0.09693179414137836	1.0512451046953974e-05	0
646	12301.407860040665	0.09775878002986381	0.0008269858884854542	0
647	12321.396023750305	0.09775878002986381	0.0	1
648	12341.336950540543	0.09775878002986381	0.0	2
649	12361.305767536163	0.09775878002986381	0.0	3
650	12381.562823534012	0.09812490928927066	0.00036612925940684993	0
651	12402.013394117355	0.09926116687514759	0.001136257585876932	0
652	12422.390022039413	0.09926116687514759	0.0	1
653	12442.548344135284	0.09926116687514759	0.0	2
654	12462.69417977333	0.09926116687514759	0.0	3
655	12483.174156665802	0.09926116687514759	0.0	4
656	12503.992794752121	0.10117957388096784	0.001918407005820244	0
657	12524.986822605133	0.10117957388096784	0.0	1
658	12546.240254163742	0.10117957388096784	0.0	2
659	12567.566021203995	0.10117957388096784	0.0	3
660	12588.91208934784	0.10117957388096784	0.0	4
661	12610.307492256165	0.10117957388096784	0.0	5
662	12631.615294456482	0.1033169166131627	0.0021373427321948607	0
663	12652.951894521713	0.1033169166131627	0.0	1
664	12674.264149665833	0.10341828393134765	0.00010136731818495559	0
665	12695.636491775513	0.10342145496319911	3.1710318514621694e-06	0
666	12716.973973989487	0.10342145496319911	0.0	1
667	12738.308284044266	0.10342145496319911	0.0	2
668	12759.640833616257	0.10342145496319911	0.0	3
669	12781.034103870392	0.10342145496319911	0.0	4
670	12802.452960729599	0.10351328996745483	9.183500425571922e-05	0
671	12823.754585027695	0.10351662435549257	3.334388037734559e-06	0
672	12845.130775690079	0.10355544547270436	3.882111721179027e-05	0
673	12866.563434362411	0.10359045174250697	3.50062698026149e-05	0
674	12887.994904756546	0.10359045174250697	0.0	1
675	12909.306272268295	0.10367349434026547	8.304259775850087e-05	0
676	12930.602937698364	0.10367349434026547	0.0	1
677	12951.905222654343	0.10367349434026547	0.0	2
678	12973.215637207031	0.10375457666378851	8.10823235230379e-05	0
679	12994.577199935913	0.10375457666378851	0.0	1
680	13015.865380048752	0.10375457666378851	0.0	2
681	13037.238101959229	0.10376598276926634	1.140610547782639e-05	0
682	13058.573999166489	0.10484508490831758	0.0010791021390512412	0
683	13079.913715839386	0.10484508490831758	0.0	1
684	13101.195889949799	0.10484508490831758	0.0	2
685	13122.678428411484	0.10484508490831758	0.0	3
686	13144.047820568085	0.10531738607962372	0.00047230117130614424	0
687	13165.353038311005	0.10579482816620418	0.0004774420865804596	0
688	13186.697879314423	0.10579482816620418	0.0	1
689	13208.029126644135	0.10579482816620418	0.0	2
690	13229.425936937332	0.10579482816620418	0.0	3
691	13250.804232120514	0.10579482816620418	0.0	4
692	13272.205336809158	0.1059439915826593	0.00014916341645511422	0
693	13293.53497004509	0.1059439915826593	0.0	1
694	13314.926082849503	0.10629760007084661	0.0003536084881873153	0
695	13336.262633800507	0.10631896129450052	2.1361223653912353e-05	0
696	13357.665281295776	0.10631896129450052	0.0	1
697	13379.100415706635	0.10631896129450052	0.0	2
698	13400.487013578415	0.106400389548771	8.142825427047418e-05	0
699	13421.838824272156	0.106400389548771	0.0	1
700	13443.229115724564	0.10641796475257802	1.7575203807018713e-05	0
701	13464.530941963196	0.10649679852624276	7.883377366474376e-05	0
702	13485.860438108444	0.10649679852624276	0.0	1
703	13507.264655590057	0.10650331355531939	6.515029076628598e-06	0
704	13528.669170379639	0.10651873630114239	1.5422745823001627e-05	0
705	13550.027691602707	0.1065204467365047	1.7104353623037527e-06	0
706	13571.488873958588	0.10655979635902506	3.934962252036267e-05	0
707	13592.783677577972	0.10655979635902506	0.0	1
708	13614.070277929306	0.10655979635902506	0.0	2
709	13635.385617017746	0.10655979635902506	0.0	3
710	13656.673832893372	0.10659547527194768	3.567891292262371e-05	0
711	13678.054547309875	0.10674583983683138	0.00015036456488369543	0
712	13699.399146080017	0.106934804507616	0.0001889646707846221	0
713	13720.777990341187	0.106934804507616	0.0	1
714	13742.130774974823	0.10693547715073601	6.72643120008809e-07	2
715	13763.480743169785	0.10710895181138563	0.00017347466064962513	0
716	13784.781670331955	0.10710895181138563	0.0	1
717	13806.117969751358	0.10710895181138563	0.0	2
718	13827.417759656906	0.10713290751564529	2.395570425965665e-05	0
719	13848.77190566063	0.10713290751564529	0.0	1
720	13870.13505578041	0.10713290751564529	0.0	2
721	13891.469281435013	0.10720084447076592	6.793695512062603e-05	0
722	13912.894582748413	0.10720084447076592	0.0	1
723	13934.264694452286	0.108826978431756	0.001626133960990081	0
724	13955.70157122612	0.108826978431756	0.0	1
725	13976.96683549881	0.108826978431756	0.0	2
726	13998.30205130577	0.10947808736273466	0.0006511089309786666	0
727	14019.630361795425	0.10947808736273466	0.0	1
728	14041.006844758987	0.10947808736273466	0.0	2
729	14062.387733221054	0.10947808736273466	0.0	3
730	14083.705869436264	0.10947808736273466	0.0	4
731	14105.044675827026	0.10947808736273466	0.0	5
732	14126.387396335602	0.10947808736273466	0.0	6
733	14147.70449757576	0.10947808736273466	0.0	7
734	14169.09424829483	0.10956259055698232	8.450319424765929e-05	0
735	14190.450978040695	0.10956259055698232	0.0	1
736	14211.818066596985	0.11018636134972644	0.0006237707927441161	0
737	14233.155389785767	0.11018636134972644	0.0	1
738	14254.535937309265	0.11018636134972644	0.0	2
739	14275.848363637924	0.11018636134972644	0.0	3
740	14297.194895029068	0.11018636134972644	0.0	4
741	14318.5542345047	0.11018636134972644	0.0	5
742	14339.919959545135	0.11018636134972644	0.0	6
743	14361.283654928207	0.11027565952850099	8.929817877455226e-05	0
744	14382.656738042831	0.11047972984192347	0.00020407031342248305	0
745	14404.05871295929	0.11047972984192347	0.0	1
746	14425.417588472366	0.11047972984192347	0.0	2
747	14446.705508232117	0.11053946055098003	5.973070905655742e-05	0
748	14468.08756351471	0.11053946055098003	0.0	1
749	14489.439492702484	0.11053946055098003	0.0	2
750	14510.820584058762	0.1105520197589493	1.2559207969262132e-05	0
751	14532.117195367813	0.11057942516149584	2.7405402546545887e-05	0
752	14553.429407835007	0.1131179802963996	0.0025385551349037666	0
753	14574.838810443878	0.11313287453691404	1.4894240514429224e-05	0
754	14596.18097448349	0.11313287453691404	0.0	1
755	14617.54279255867	0.11327477340767307	0.00014189887075903573	0
756	14638.937052249908	0.11327477340767307	0.0	1
757	14660.266687393188	0.11327477340767307	0.0	2
758	14681.645364999771	0.11370075829557307	0.0004259848878999939	0
759	14703.018243789673	0.11370136367438106	6.053788079996014e-07	1
760	14724.347148180008	0.11370136367438106	0.0	2
761	14745.720853328705	0.11373823412654484	3.687045216377305e-05	0
762	14767.067063808441	0.11373823412654484	0.0	1
763	14788.486166238785	0.11373823412654484	0.0	2
764	14809.82781457901	0.11373823412654484	0.0	3
765	14831.198478937149	0.11373823412654484	0.0	4
766	14852.617790699005	0.11417854631290096	0.00044031218635612324	0
767	14874.01067352295	0.11417854631290096	0.0	1
768	14895.37714266777	0.11417854631290096	0.0	2
769	14916.79475736618	0.11417854631290096	0.0	3
770	14938.192247629166	0.11417854631290096	0.0	4
771	14959.566851854324	0.11417854631290096	0.0	5
772	14980.966628551483	0.11422739942178828	4.885310888731731e-05	0
773	15002.330426216125	0.11422739942178828	0.0	1
774	15023.714791536331	0.11441872795268035	0.00019132853089207091	0
775	15045.141703367233	0.11496900767997008	0.0005502797272897292	0
776	15066.578969478607	0.11500733872862301	3.8331048652931465e-05	0
777	15088.062707662582	0.11500733872862301	0.0	1
778	15109.421130180359	0.11500733872862301	0.0	2
779	15130.842330694199	0.11504428605428621	3.694732566320025e-05	0
780	15152.187023878098	0.11504428605428621	0.0	1
781	15173.611320495605	0.11515945216561872	0.00011516611133251253	0
782	15195.019817829132	0.11515945216561872	0.0	1
783	15216.457868814468	0.1151692727551708	9.820589552081427e-06	0
784	15237.849763393402	0.11524576188710295	7.64891319321448e-05	0
785	15259.289022922516	0.11524576188710295	0.0	1
786	15280.710050582886	0.11524576188710295	0.0	2
787	15302.048680782318	0.11524576188710295	0.0	3
788	15323.46616768837	0.11524576188710295	0.0	4
789	15345.005422830582	0.11530406082723264	5.829894012969461e-05	0
790	15366.42402458191	0.11530406082723264	0.0	1
791	15387.787238359451	0.11530781801951726	3.75719228461191e-06	0
792	15409.21344447136	0.11538441285251111	7.659483299385372e-05	0
793	15430.659806728363	0.11538441285251111	0.0	1
794	15451.974650621414	0.11538441285251111	0.0	2
795	15473.32760643959	0.1156027335908903	0.0002183207383791852	0
796	15494.73832821846	0.11582521510742609	0.00022248151653579684	0
797	15516.044338941574	0.11594092894244204	0.00011571383501594867	0
798	15537.429339885712	0.11594092894244204	0.0	1
799	15558.78495311737	0.11594092894244204	0.0	2
800	15580.137965679169	0.11596066621342051	1.973727097846767e-05	0
801	15601.483068227768	0.11596066621342051	0.0	1
802	15622.910415172577	0.11601976271610677	5.909650268626221e-05	0
803	15644.272491693497	0.11601976271610677	0.0	1
804	15665.705585956573	0.11604164283588184	2.1880119775066764e-05	0
805	15687.064284563065	0.11635010736152929	0.0003084645256474505	0
806	15708.442997694016	0.11647446946523103	0.0001243621037017445	0
807	15729.831403017044	0.11650346999289073	2.9000527659694963e-05	0
808	15751.203735113144	0.11650346999289073	0.0	1
809	15772.57218170166	0.11650346999289073	0.0	2
810	15793.967903614044	0.11655100664310032	4.75366502095953e-05	0
811	15815.359956264496	0.11655100664310032	0.0	1
812	15836.843480348587	0.11655100664310032	0.0	2
813	15858.269340276718	0.1166161088879295	6.510224482918214e-05	0
814	15879.62009358406	0.11665446876414472	3.8359876215213196e-05	0
815	15901.01297044754	0.11666089731053449	6.428546389769529e-06	0
816	15922.385648727417	0.11685338855310544	0.0001924912425709524	0
817	15943.77638888359	0.11685338855310544	0.0	1
818	15965.197010278702	0.11685338855310544	0.0	2
819	15986.630253791809	0.11685338855310544	0.0	3
820	16007.952354192734	0.11685338855310544	0.0	4
821	16029.368936538696	0.11685338855310544	0.0	5
822	16050.845994472504	0.11687302012302218	1.9631569916744862e-05	0
823	16072.227397441864	0.11688934613246349	1.632600944130591e-05	0
824	16093.61573266983	0.11692876301929585	3.9416886832358e-05	0
825	16115.006447315216	0.11692876301929585	0.0	1
826	16136.371133804321	0.11710883919170897	0.00018007617241312668	0
827	16157.717769861221	0.11710883919170897	0.0	1
828	16179.073791742325	0.11714333617457787	3.4496982868892356e-05	0
829	16200.455950260162	0.11714333617457787	0.0	1
830	16221.768249750137	0.11720411428506415	6.077811048628423e-05	0
831	16243.11159658432	0.11720834232753276	4.228042468606974e-06	0
832	16264.477706193924	0.11723175030810898	2.340798057622051e-05	0
833	16285.860200166702	0.1172844278735929	5.267756548392455e-05	0
834	16307.201418161392	0.11741869704953359	0.000134269175940685	0
835	16328.540436267853	0.11741869704953359	0.0	1
836	16349.925197124481	0.11741869704953359	0.0	2
837	16371.315223455429	0.11799197156234009	0.0005732745128065042	0
838	16392.724766016006	0.11799197156234009	0.0	1
839	16414.11573767662	0.1180463883907486	5.441682840851003e-05	0
840	16435.47205734253	0.1180463883907486	0.0	1
841	16456.78506922722	0.1180463883907486	0.0	2
842	16478.21395301819	0.1180463883907486	0.0	3
843	16499.602127075195	0.11812178207531387	7.539368456527251e-05	0
844	16520.98438167572	0.11819313990115912	7.135782584524741e-05	0
845	16542.35897874832	0.11819313990115912	0.0	1
846	16563.708395004272	0.11819313990115912	0.0	2
847	16585.117304086685	0.11819313990115912	0.0	3
848	16606.5204744339	0.11820351782358207	1.0377922422949437e-05	0
849	16627.948975801468	0.11824201222842129	3.849440483921773e-05	0
850	16649.275817632675	0.11824201222842129	0.0	1
851	16670.697194814682	0.11848535529086471	0.00024334306244341852	0
852	16692.07668352127	0.11848535529086471	0.0	1
853	16713.363965034485	0.11848535529086471	0.0	2
854	16734.7527012825	0.11848535529086471	0.0	3
855	16756.173314332962	0.11848535529086471	0.0	4
856	16777.56696653366	0.11851679655213129	3.1441261266584863e-05	0
857	16798.89787006378	0.11851679655213129	0.0	1
858	16820.304205179214	0.11857949650010331	6.269994797201972e-05	0
859	16841.696751117706	0.11857949650010331	0.0	1
860	16862.98544216156	0.11863661351017928	5.711701007596326e-05	0
861	16884.305824518204	0.11863661351017928	0.0	1
862	16905.63395166397	0.11863661351017928	0.0	2
863	16926.95664167404	0.11863661351017928	0.0	3
864	16948.326604366302	0.11872336525428523	8.675174410595343e-05	0
865	16969.69987630844	0.11872336525428523	0.0	1
866	16991.057961702347	0.11872336525428523	0.0	2
867	17012.39215874672	0.11872336525428523	0.0	3
868	17033.77736377716	0.11896936045245896	0.0002459951981737263	0
869	17055.10056591034	0.11896936045245896	0.0	1
870	17076.42386507988	0.11901724303341597	4.7882580957017695e-05	0
871	17097.936680078506	0.11901724303341597	0.0	1
872	17119.231352329254	0.1190193954914	2.1524579840309643e-06	0
873	17140.61478662491	0.11923492956542488	0.0002155340740248729	0
874	17162.368582487106	0.11923492956542488	0.0	1
875	17183.72593188286	0.11925691538626165	2.1985820836775694e-05	0
876	17205.065497159958	0.11925691538626165	0.0	1
877	17226.46249485016	0.11925691538626165	0.0	2
878	17247.886195659637	0.11931245648959932	5.5541103337664044e-05	0
879	17269.266171216965	0.11931245648959932	0.0	1
880	17290.651093244553	0.11931245648959932	0.0	2
881	17312.029192447662	0.11950587021416341	0.00019341372456409267	0
882	17333.422909736633	0.11950587021416341	0.0	1
883	17354.79167318344	0.11954883289115696	4.296267699355205e-05	0
884	17376.20952439308	0.11954883289115696	0.0	1
885	17397.564170122147	0.11954883289115696	0.0	2
886	17418.857949256897	0.1195982337237277	4.940083257073957e-05	0
887	17440.276063919067	0.1195982337237277	0.0	1
888	17461.595339775085	0.11971423583436651	0.00011600211063880761	0
889	17482.96600794792	0.1198622557575176	0.00014801992315109647	0
890	17504.343893289566	0.11993319077911598	7.093502159837006e-05	0
891	17525.825793981552	0.11993319077911598	0.0	1
892	17547.2209277153	0.11993319077911598	0.0	2
893	17568.625464439392	0.11993319077911598	0.0	3
894	17589.99534702301	0.12016436861027471	0.00023117783115873813	0
895	17611.361958503723	0.12325681652694138	0.0030924479166666713	0
896	17632.72022843361	0.12325681652694138	0.0	1
897	17654.069246530533	0.12325681652694138	0.0	2
898	17675.33565735817	0.12325681652694138	0.0	3
899	17696.652294397354	0.12325681652694138	0.0	4
900	17718.08008313179	0.12325681652694138	0.0	5
901	17739.485684156418	0.12325681652694138	0.0	6
902	17760.82146692276	0.12325681652694138	0.0	7
903	17782.228137493134	0.12325681652694138	0.0	8
904	17803.64222049713	0.12383061954505648	0.0005738030181150905	0
905	17824.960393428802	0.12420942332268173	0.00037880377762525286	0
906	17846.307735204697	0.12445614881910004	0.00024672549641831243	0
907	17867.670514822006	0.12445845502408293	2.3062049828853626e-06	0
908	17888.983963251114	0.12452287501660467	6.441999252174146e-05	0
909	17910.31287431717	0.12470150020171605	0.00017862518511138625	0
910	17931.746014118195	0.12470150020171605	0.0	1
911	17953.102959394455	0.1247376595740101	3.615937229405064e-05	0
912	17974.393827438354	0.12475789652273486	2.023694872475834e-05	0
913	17995.763449430466	0.12477951719444935	2.162067171448956e-05	0
914	18017.060060739517	0.12487535922986283	9.584203541347647e-05	0
915	18038.44909644127	0.12487535922986283	0.0	1
916	18059.798706293106	0.12487535922986283	0.0	2
917	18081.11554336548	0.12487535922986283	0.0	3
918	18102.42612528801	0.125125399895944	0.00025004066608118325	0
919	18123.825107097626	0.125125399895944	0.0	1
920	18145.180597543716	0.12515972391343919	3.432401749517422e-05	0
921	18166.486721515656	0.12525739169446412	9.76677810249349e-05	0
922	18187.799845457077	0.12528129935278662	2.3907658322497305e-05	0
923	18209.175334692	0.12528129935278662	0.0	1
924	18230.542197227478	0.12528129935278662	0.0	2
925	18251.88531756401	0.1255962116431987	0.0003149122904120838	0
926	18273.21433019638	0.1255962116431987	0.0	1
927	18294.584005832672	0.1255962116431987	0.0	2
928	18315.905081510544	0.1255962116431987	0.0	3
929	18337.2340593338	0.1255962116431987	0.0	4
930	18358.57639503479	0.12559886377892904	2.652135730335514e-06	0
931	18379.894862174988	0.1256203403128321	2.1476533903053152e-05	0
932	18401.236443042755	0.1256840107887344	6.367047590230546e-05	0
933	18422.588898420334	0.1256840107887344	0.0	1
934	18443.999217748642	0.1256840107887344	0.0	2
935	18465.34233546257	0.1256840107887344	0.0	3
936	18486.625485420227	0.1256928320227939	8.82123405951396e-06	0
937	18507.973571300507	0.1256928320227939	0.0	1
938	18529.350348949432	0.12570599660957116	1.3164586777247855e-05	0
939	18550.679397821426	0.12577747935485298	7.148274528182008e-05	0
940	18571.982692718506	0.1258181166084888	4.063725363581683e-05	0
941	18593.370795726776	0.12601723819038552	0.0001991215818967218	0
942	18614.721089363098	0.12601723819038552	0.0	1
943	18636.055188179016	0.12601723819038552	0.0	2
944	18657.38387989998	0.12610790087377494	9.066268338941974e-05	0
945	18678.776086091995	0.12610790087377494	0.0	1
946	18700.16952443123	0.12655695742069115	0.00044905654691621	0
947	18721.513499736786	0.12666418634320756	0.00010722892251641136	0
948	18742.837258815765	0.12666418634320756	0.0	1
949	18764.19871044159	0.12670138350774393	3.719716453637334e-05	0
950	18785.536642551422	0.12670138350774393	0.0	1
951	18806.927309274673	0.1267217934218424	2.04099140984626e-05	0
952	18828.336969852448	0.12690140835325894	0.0001796149314165496	0
953	18849.720023155212	0.12690140835325894	0.0	1
954	18871.057537794113	0.12691043138025446	9.023026995513828e-06	0
955	18892.440514326096	0.12693461770501238	2.418632475792437e-05	0
956	18913.807732582092	0.12695914996051777	2.45322555053884e-05	0
957	18935.214352607727	0.12695914996051777	0.0	1
958	18956.61129140854	0.12701237524968512	5.322528916734681e-05	0
959	18977.968246936798	0.12701237524968512	0.0	1
960	18999.3185274601	0.12701237524968512	0.0	2
961	19020.72057890892	0.12701237524968512	0.0	3
962	19042.12775683403	0.12703988635329339	2.7511103608268694e-05	0
963	19063.5478515625	0.12703988635329339	0.0	1
964	19084.879088401794	0.1271622017000728	0.00012231534677942246	0
965	19106.207052707672	0.1271622017000728	0.0	1
966	19127.721655845642	0.1271622017000728	0.0	2
967	19149.040113925934	0.12729413584346833	0.0001319341433955179	0
968	19170.372743606567	0.12731167261052564	1.753676705731899e-05	0
969	19191.74446797371	0.12731167261052564	0.0	1
970	19213.088478326797	0.12732227154425946	1.0598933733813043e-05	0
971	19234.484895706177	0.12732227154425946	0.0	1
972	19255.835001707077	0.12746774503274194	0.00014547348848248376	0
973	19277.202441692352	0.1276613797686169	0.00019363473587497015	0
974	19298.704324007034	0.1276613797686169	0.0	1
975	19320.08245420456	0.1276613797686169	0.0	2
976	19341.47490477562	0.12774665169785884	8.527192924193128e-05	0
977	19362.793427467346	0.12774665169785884	0.0	1
978	19384.150629520416	0.12781880708626067	7.215538840182889e-05	0
979	19405.584324598312	0.12781880708626067	0.0	1
980	19426.974215507507	0.1278357192561351	1.6912169874427896e-05	0
981	19448.260447263718	0.12792307637904907	8.735712291396691e-05	0
982	19469.65851044655	0.12792307637904907	0.0	1
983	19491.032247543335	0.12792307637904907	0.0	2
984	19512.371658563614	0.12792307637904907	0.0	3
985	19533.75550031662	0.12801583386529794	9.275748624887337e-05	0
986	19555.155717372894	0.12806387019325383	4.803632795588597e-05	0
987	19576.550009012222	0.12806387019325383	0.0	1
988	19597.95388865471	0.12811206026820857	4.819007495474037e-05	0
989	19619.297032356262	0.12811206026820857	0.0	1
990	19640.619121313095	0.12815206331547407	4.000304726550774e-05	0
991	19662.001287937164	0.12815206331547407	0.0	1
992	19683.45286989212	0.12815206331547407	0.0	2
993	19704.789134979248	0.12815206331547407	0.0	3
994	19726.13477540016	0.1281819767159395	2.9913400465431117e-05	0
995	19747.45400285721	0.12826281880977683	8.084209383732444e-05	0
996	19768.772129297256	0.12826281880977683	0.0	1
997	19790.12072610855	0.12826281880977683	0.0	2
998	19811.506064653397	0.12826281880977683	0.0	3
999	19832.761156320572	0.12826281880977683	0.0	4
1000	19854.125856637955	0.12834788894608276	8.507013630593141e-05	0
1001	19875.497764348984	0.12840606296677587	5.8174020693108064e-05	0
1002	19896.88954114914	0.12840606296677587	0.0	1
1003	19918.150548696518	0.12844628702535227	4.02240585763991e-05	0
1004	19939.603627443314	0.12844628702535227	0.0	1
1005	19960.96082496643	0.12844628702535227	0.0	2
1006	19982.283141613007	0.12857837491574664	0.0001320878903943723	0
1007	20003.71392250061	0.12857837491574664	0.0	1
1008	20025.094815015793	0.1286880637902448	0.000109688874498165	0
1009	20046.42607831955	0.1286880637902448	0.0	1
1010	20067.786404132843	0.1286880637902448	0.0	2
1011	20089.08927130699	0.1286880637902448	0.0	3
1012	20110.375276327133	0.12873039226086805	4.2328470623242964e-05	0
1013	20131.655804872513	0.12873039226086805	0.0	1
1014	20153.019698381424	0.12875378102306942	2.338876220137065e-05	0
1015	20174.371943950653	0.12876242929175521	8.648268685795824e-06	0
1016	20195.7163169384	0.1287733549378616	1.0925646106385578e-05	0
1017	20217.049204349518	0.1287733549378616	0.0	1
1018	20238.477801799774	0.1287733549378616	0.0	2
1019	20259.78223514557	0.12889115396654957	0.00011779902868797043	0
1020	20281.113676786423	0.12889115396654957	0.0	1
1021	20302.50318455696	0.12889115396654957	0.0	2
1022	20323.745780467987	0.12889115396654957	0.0	3
1023	20345.08923101425	0.12894864573493525	5.749176838568126e-05	0
1024	20366.412919282913	0.12894877065437182	1.2491943657266802e-07	1
1025	20387.745091676712	0.1290871333441571	0.00013836268978528743	0
1026	20409.091415405273	0.1290871333441571	0.0	1
1027	20430.50126338005	0.1290871333441571	0.0	2
1028	20451.870926380157	0.1290871333441571	0.0	3
1029	20473.253469467163	0.1290871333441571	0.0	4
1030	20494.573383808136	0.1290871333441571	0.0	5
1031	20515.952142238617	0.1290871333441571	0.0	6
1032	20537.336156606674	0.1290871333441571	0.0	7
1033	20558.690524816513	0.1291396379442673	5.2504600110192534e-05	0
1034	20580.052872657776	0.1291396379442673	0.0	1
1035	20601.46834754944	0.1291396379442673	0.0	2
1036	20622.834846735	0.1291396379442673	0.0	3
1037	20644.184382915497	0.1291396379442673	0.0	4
1038	20665.482979536057	0.12925733127189357	0.0001176933276262615	0
1039	20686.840665578842	0.12925733127189357	0.0	1
1040	20708.136852502823	0.12925733127189357	0.0	2
1041	20729.412933826447	0.12925733127189357	0.0	3
1042	20750.809818983078	0.12933315736989312	7.582609799955398e-05	0
1043	20772.139583826065	0.1293442463721858	1.1089002292685723e-05	0
1044	20793.56009745598	0.12934502471636752	7.783441817177383e-07	1
1045	20814.856221437454	0.12934502471636752	0.0	2
1046	20836.202520132065	0.12937417899102607	2.9154274658549362e-05	0
1047	20857.555206537247	0.12938344224770731	9.263256681241172e-06	0
1048	20878.84557366371	0.12942680851057287	4.3366262865551786e-05	0
1049	20900.21684551239	0.1294286630837466	1.8545731737262816e-06	0
1050	20921.610088586807	0.12946220875706005	3.354567331345648e-05	0
1051	20942.971779823303	0.12946743615502124	5.227397961188318e-06	0
1052	20964.233215093613	0.12946808957976638	6.534247451450703e-07	1
1053	20985.59578871727	0.12948072566123509	1.2636081468703209e-05	0
1054	21006.92845416069	0.1295391014748642	5.837581362910793e-05	0
1055	21028.3336687088	0.12962062582100897	8.152434614477899e-05	0
1056	21049.638835430145	0.129702582580588	8.19567595790327e-05	0
1057	21070.9789147377	0.12971620840836187	1.3625827773866561e-05	0
1058	21092.320211172104	0.12971620840836187	0.0	1
1059	21113.666659593582	0.12971620840836187	0.0	2
1060	21135.02298426628	0.12971620840836187	0.0	3
1061	21156.37538909912	0.12976501347131203	4.880506295015796e-05	0
1062	21177.81653404236	0.12988238969575314	0.00011737622444110696	0
1063	21199.13668870926	0.12999860320851536	0.00011621351276222547	0
1064	21220.441366434097	0.12999860320851536	0.0	1
1065	21241.81295967102	0.12999860320851536	0.0	2
1066	21263.18856549263	0.12999860320851536	0.0	3
1067	21284.502506494522	0.12999860320851536	0.0	4
1068	21305.89853477478	0.1301466039132916	0.0001480007047762466	0
1069	21327.2824177742	0.1301466039132916	0.0	1
1070	21348.667224168777	0.1301466039132916	0.0	2
1071	21370.026763677597	0.1301466039132916	0.0	3
1072	21391.446485757828	0.1301466039132916	0.0	4
1073	21412.75892519951	0.13022578361770376	7.917970441215227e-05	0
1074	21434.101138830185	0.13022578361770376	0.0	1
1075	21455.438490867615	0.13028213189278545	5.634827508169127e-05	0
1076	21476.802628993988	0.13028213189278545	0.0	1
1077	21498.17182779312	0.13028213189278545	0.0	2
1078	21519.44580078125	0.13030836497446568	2.623308168023253e-05	0
1079	21540.79005908966	0.13038994697573503	8.158200126934245e-05	0
1080	21562.179939746857	0.13038994697573503	0.0	1
1081	21583.618096113205	0.13040812755835005	1.8180582615018315e-05	0
1082	21604.97976875305	0.13040812755835005	0.0	1
1083	21626.309180021286	0.1304241749013559	1.6047343005864967e-05	0
1084	21647.668551683426	0.1304241749013559	0.0	1
1085	21669.021035909653	0.1304241749013559	0.0	2
1086	21690.384926319122	0.13046537909705003	4.120419569411671e-05	0
1087	21711.80460834503	0.13046537909705003	0.0	1
1088	21733.214094400406	0.13049190045435313	2.6521357303105342e-05	0
1089	21754.575186014175	0.13049190045435313	0.0	1
1090	21775.970290660858	0.13056401740600523	7.211695165210141e-05	0
1091	21797.393265008926	0.13056401740600523	0.0	1
1092	21818.75861763954	0.13057388604149445	9.868635489213018e-06	0
1093	21840.123741865158	0.13057397252418132	8.648268687294625e-08	1
1094	21861.51758503914	0.13058878989119632	1.4817367015002025e-05	0
1095	21882.946941375732	0.13078506715361415	0.00019627726241783217	0
1096	21904.345271587372	0.13078506715361415	0.0	1
1097	21925.67168021202	0.13080249821960974	1.7431065995582307e-05	0
1098	21947.007439136505	0.13080249821960974	0.0	1
1099	21968.380560159683	0.13082443599450938	2.1937774899644102e-05	0
1100	21989.795484542847	0.13098815732991892	0.00016372133540953904	0
1101	22011.187660694122	0.13098815732991892	0.0	1
1102	22032.617382526398	0.13098815732991892	0.0	2
1103	22054.033438920975	0.13098815732991892	0.0	3
1104	22075.430824041367	0.13098815732991892	0.0	4
1105	22096.819976329803	0.13100127387075902	1.3116540840102386e-05	0
1106	22118.196945905685	0.13100127387075902	0.0	1
1107	22139.585366249084	0.13104720578666804	4.5931915909014354e-05	0
1108	22160.942590475082	0.13112744250169736	8.023671502932483e-05	0
1109	22182.347753047943	0.13126983144101526	0.00014238893931789454	0
1110	22203.753315925598	0.13128708954163715	1.7258100621891925e-05	0
1111	22225.20794248581	0.13128708954163715	0.0	1
1112	22246.64989733696	0.13128708954163715	0.0	2
1113	22267.99346089363	0.13128708954163715	0.0	3
1114	22289.414356708527	0.13128708954163715	0.0	4
1115	22310.6806268692	0.13128708954163715	0.0	5
1116	22332.01296377182	0.13153578492147833	0.0002486953798411795	0
1117	22353.393629312515	0.13153578492147833	0.0	1
1118	22374.84082221985	0.13153578492147833	0.0	2
1119	22396.211525201797	0.13154316477742353	7.379855945205405e-06	0
1120	22417.67779493332	0.13154316477742353	0.0	1
1121	22439.017831802368	0.13156192191128427	1.8757133860736186e-05	0
1122	22460.449503421783	0.13156192191128427	0.0	1
1123	22481.810074090958	0.13156639979262605	4.477881341780066e-06	0
1124	22503.183845996857	0.1317651658345879	0.00019876604196183978	0
1125	22524.560363292694	0.13181024253281576	4.5076698227869416e-05	0
1126	22545.93805527687	0.13181024253281576	0.0	1
1127	22567.328662633896	0.13181024253281576	0.0	2
1128	22588.776594161987	0.13181024253281576	0.0	3
1129	22610.18421316147	0.13181024253281576	0.0	4
1130	22631.564999341965	0.13186103669756366	5.079416474790266e-05	0
1131	22652.94230723381	0.13202054920887943	0.00015951251131576805	0
1132	22674.330565929413	0.13202054920887943	0.0	1
1133	22695.766781806946	0.13202054920887943	0.0	2
1134	22717.132449388504	0.13202054920887943	0.0	3
1135	22738.485225200653	0.13202054920887943	0.0	4
1136	22759.865765571594	0.13202054920887943	0.0	5
1137	22781.272866487503	0.13210236183064705	8.181262176762405e-05	0
1138	22802.740567445755	0.1321199178160792	1.7555985432154975e-05	0
1139	22824.123301506042	0.1321199178160792	0.0	1
1140	22845.523250818253	0.1321199178160792	0.0	2
1141	22866.869522333145	0.1321199178160792	0.0	3
1142	22888.266728639603	0.1321199178160792	0.0	4
1143	22909.70972800255	0.13222270729400362	0.00010278947792441429	0
1144	22931.074416399002	0.13222270729400362	0.0	1
1145	22952.456324100494	0.13222270729400362	0.0	2
1146	22973.84653735161	0.13226562192506	4.291463105637883e-05	0
1147	22995.247638463974	0.13226562192506	0.0	1
1148	23016.740956544876	0.13226562192506	0.0	2
1149	23038.219151496887	0.13248365438781634	0.00021803246275634014	0
1150	23059.693653345108	0.13248365438781634	0.0	1
1151	23081.115185022354	0.13248365438781634	0.0	2
1152	23102.52887415886	0.13248365438781634	0.0	3
1153	23123.903757572174	0.13248365438781634	0.0	4
1154	23145.29368019104	0.13248365438781634	0.0	5
1155	23166.620418548584	0.13251769012968867	3.403574187232916e-05	0
1156	23188.03368163109	0.13251769012968867	0.0	1
1157	23209.468473672867	0.13262105615885877	0.0001033660291701044	0
1158	23230.960765123367	0.13262105615885877	0.0	1
1159	23252.341200113297	0.1326223437899742	1.287631115426402e-06	0
1160	23273.760170936584	0.1326223437899742	0.0	1
1161	23295.13981485367	0.1326223437899742	0.0	2
1162	23316.535185575485	0.13277155525236647	0.00014921146239227356	0
1163	23337.951068639755	0.13277155525236647	0.0	1
1164	23359.315512657166	0.13277155525236647	0.0	2
1165	23380.734650850296	0.13277155525236647	0.0	3
1166	23402.14621257782	0.13277155525236647	0.0	4
1167	23423.572803020477	0.13277155525236647	0.0	5
1168	23444.99909543991	0.13299654476682113	0.00022498951445465432	0
1169	23466.304342985153	0.13305293147865252	5.638671183139099e-05	0
1170	23487.68704533577	0.13305293147865252	0.0	1
1171	23509.10592699051	0.13305552595925826	2.594480605744298e-06	0
1172	23530.43208384514	0.13316733846417816	0.00011181250491990036	0
1173	23551.82159471512	0.13325001591281438	8.267744863621473e-05	0
1174	23573.20735168457	0.13325001591281438	0.0	1
1175	23594.678034305573	0.13325003513118922	1.92183748359831e-08	2
1176	23616.102974891663	0.13325003513118922	0.0	3
1177	23637.50844144821	0.1334834038570817	0.00023336872589249658	0
1178	23659.015022993088	0.1334834038570817	0.0	1
1179	23680.42323088646	0.13357682437726315	9.342052018143643e-05	0
1180	23701.867294549942	0.13373318507510232	0.00015636069783916962	0
1181	23723.228500843048	0.13373318507510232	0.0	1
1182	23744.709599733353	0.13384487266058565	0.00011168758548332769	0
1183	23766.071632146835	0.13422533882763607	0.000380466167050425	0
1184	23787.499736070633	0.13422533882763607	0.0	1
1185	23808.924575328827	0.1342494482788946	2.4109451258524928e-05	0
1186	23830.35075902939	0.1344327050923466	0.00018325681345199296	0
1187	23851.7097799778	0.1344327050923466	0.0	1
1188	23873.148332834244	0.13459858849492756	0.00016588340258097412	0
1189	23894.492841959	0.13459858849492756	0.0	1
1190	23915.961905241013	0.13459858849492756	0.0	2
1191	23937.35826277733	0.13507500239845316	0.00047641390352559654	0
1192	23958.721306324005	0.13529106497778662	0.00021606257933345918	0
1193	23980.099591255188	0.13529106497778662	0.0	1
1194	24001.521900892258	0.13529106497778662	0.0	2
1195	24022.97339963913	0.1353402063622968	4.9141384510176245e-05	0
1196	24044.342376232147	0.13538702232344924	4.681596115244102e-05	0
1197	24065.71967315674	0.13538702232344924	0.0	1
1198	24087.111132860184	0.13540269490814538	1.5672584696146963e-05	0
1199	24108.48270559311	0.13540269490814538	0.0	1
1200	24129.869687318802	0.13540269490814538	0.0	2
1201	24151.263135671616	0.13540269490814538	0.0	3
1202	24172.711193561554	0.13579115591913646	0.00038846101099107577	0
1203	24194.113765001297	0.13579115591913646	0.0	1
1204	24215.480798959732	0.13579864147614337	7.485557006914334e-06	0
1205	24236.879922628403	0.13579864147614337	0.0	1
1206	24258.308750629425	0.1358222800772179	2.3638601074515986e-05	0
1207	24279.749519109726	0.1358222800772179	0.0	1
1208	24301.15827536583	0.13586705889063544	4.4778813417550856e-05	0
1209	24322.581812143326	0.13586705889063544	0.0	1
1210	24343.93648171425	0.13586705889063544	0.0	2
1211	24365.31692957878	0.13586705889063544	0.0	3
1212	24386.676387548447	0.1360736083744145	0.00020654948377907267	0
1213	24408.059121608734	0.1360736083744145	0.0	1
1214	24429.451028823853	0.1360736083744145	0.0	2
1215	24450.863361120224	0.13623816570913036	0.000164557334715848	0
1216	24472.287245750427	0.13623816570913036	0.0	1
1217	24493.743085861206	0.13623816570913036	0.0	2
1218	24515.12291121483	0.13623816570913036	0.0	3
1219	24536.59273958206	0.13626310155050772	2.493584137736038e-05	0
1220	24558.025062561035	0.13626310155050772	0.0	1
1221	24579.42108798027	0.13631228137176762	4.917982125990372e-05	0
1222	24600.818761110306	0.13633467077847639	2.238940670876155e-05	0
1223	24622.239325523376	0.1363378610287027	3.190250226325908e-06	0
1224	24643.663668870926	0.1363378610287027	0.0	1
1225	24665.07434439659	0.1363378610287027	0.0	2
1226	24686.50990796089	0.1363378610287027	0.0	3
1227	24707.89789915085	0.13636356560507437	2.5704576371660126e-05	0
1228	24729.307605981827	0.13640316506646788	3.9599461393508006e-05	0
1229	24750.73676419258	0.13645293104816092	4.9765981693039585e-05	0
1230	24772.20612859726	0.13645293104816092	0.0	1
1231	24793.622595071793	0.13645293104816092	0.0	2
1232	24815.078375577927	0.13645293104816092	0.0	3
1233	24836.591645479202	0.13645293104816092	0.0	4
1234	24857.94783258438	0.13656408051914826	0.0001111494709873373	0
1235	24879.436380386353	0.13663770611322665	7.362559407839142e-05	0
1236	24900.88773703575	0.13663770611322665	0.0	1
1237	24922.287929058075	0.13666361248253434	2.590636930768775e-05	0
1238	24943.75368666649	0.13666361248253434	0.0	1
1239	24965.197586536407	0.13666361248253434	0.0	2
1240	24986.69167280197	0.13666361248253434	0.0	3
1241	25008.104296207428	0.13666361248253434	0.0	4
1242	25030.152521133423	0.13666361248253434	0.0	5
1243	25051.636357307434	0.13687490890490317	0.00021129642236883406	0
1244	25073.029312372208	0.13687490890490317	0.0	1
1245	25094.535466194153	0.13687490890490317	0.0	2
1246	25116.014580249786	0.13697404689160467	9.913798670149743e-05	0
1247	25137.53972554207	0.13716672070873676	0.00019267381713208853	0
1248	25159.001179218292	0.13716672070873676	0.0	1
1249	25180.40732383728	0.13716672070873676	0.0	2
1250	25201.781282186508	0.13716672070873676	0.0	3
1251	25223.148205280304	0.13716672070873676	0.0	4
1252	25244.57198905945	0.13716672070873676	0.0	5
1253	25266.046475172043	0.13716672070873676	0.0	6
1254	25287.49984407425	0.13716672070873676	0.0	7
1255	25308.889763355255	0.13724708234320265	8.03616344658975e-05	0
1256	25330.24423646927	0.13724708234320265	0.0	1
1257	25351.70156621933	0.13726608931593653	1.9006972733881522e-05	0
1258	25373.100536584854	0.13726608931593653	0.0	1
1259	25394.547209739685	0.13726608931593653	0.0	2
1260	25415.99381685257	0.13726608931593653	0.0	3
1261	25437.37133693695	0.1373094171420524	4.3327826115852064e-05	0
1262	25458.815885066986	0.1373094171420524	0.0	1
1263	25480.274817705154	0.1373528410600425	4.3423917990115246e-05	0
1264	25501.754257678986	0.1373528410600425	0.0	1
1265	25523.15016937256	0.1373528410600425	0.0	2
1266	25544.481953144073	0.1373528410600425	0.0	3
1267	25565.99019432068	0.13739093187900972	3.8090818967218e-05	0
1268	25587.389150619507	0.13743228021251525	4.134833350552536e-05	0
1269	25608.801508903503	0.13743228021251525	0.0	1
1270	25630.19899916649	0.13743228021251525	0.0	2
1271	25651.64168715477	0.13743228021251525	0.0	3
1272	25673.095114946365	0.13743228021251525	0.0	4
1273	25694.5645301342	0.13743618154261128	3.901330096034439e-06	0
1274	25716.089127779007	0.1374503358756937	1.4154333082411208e-05	0
1275	25737.6223590374	0.1374503358756937	0.0	1
1276	25759.09316301346	0.13745806166238633	7.725786692641678e-06	0
1277	25780.44515824318	0.137498314548525	4.025288613868083e-05	0
1278	25801.967157125473	0.13751697559051146	1.8661041986445248e-05	0
1279	25823.473671913147	0.13751697559051146	0.0	1
1280	25844.85075187683	0.1375537595599884	3.678396947692786e-05	0
1281	25866.285720586777	0.1375537595599884	0.0	1
1282	25887.66729593277	0.1375617063579919	7.946798003505284e-06	0
1283	25909.167234182358	0.13757436165783543	1.2655299843539192e-05	0
1284	25930.646404743195	0.13761182787961979	3.746622178435466e-05	0
1285	25952.11218047142	0.13761182787961979	0.0	1
1286	25973.575102329254	0.13768446372739304	7.263584777325582e-05	0
1287	25995.025552749634	0.1376925354448331	8.071717440050197e-06	0
1288	26016.447610139847	0.1376925354448331	0.0	1
1289	26037.848136901855	0.1376925354448331	0.0	2
1290	26059.250510692596	0.1377609624685126	6.842702367951259e-05	0
1291	26080.725070238113	0.1377609624685126	0.0	1
1292	26102.08843946457	0.13787884797988742	0.00011788551137481562	0
1293	26123.497588157654	0.13787884797988742	0.0	1
1294	26144.845533132553	0.13793863634406855	5.9788364181134757e-05	0
1295	26166.31708407402	0.13793863634406855	0.0	1
1296	26187.725501298904	0.1379958878827685	5.725153869995392e-05	0
1297	26209.135553359985	0.138003565623524	7.67774075549621e-06	0
1298	26230.560173273087	0.138003565623524	0.0	1
1299	26251.995368003845	0.138003565623524	0.0	2
1300	26273.49898290634	0.13810861326049415	0.0001050476369701403	0
1301	26295.13499212265	0.13816363546771065	5.502220721650963e-05	0
1302	26316.55559372902	0.13816363546771065	0.0	1
1303	26337.94582748413	0.1381922516278732	2.8616160162558968e-05	0
1304	26359.41387271881	0.1381922516278732	0.0	1
1305	26380.86412382126	0.13823585812042447	4.3606492551251375e-05	0
1306	26402.365397930145	0.1382419599544417	6.10183401722475e-06	0
1307	26423.826108455658	0.1382419599544417	0.0	1
1308	26445.22526025772	0.1382419599544417	0.0	2
1309	26466.58886194229	0.13825139617649662	9.436222054931553e-06	0
1310	26488.033857107162	0.13825139617649662	0.0	1
1311	26509.450315475464	0.13825139617649662	0.0	2
1312	26530.868730306625	0.13825245318711377	1.0570106171448046e-06	0
1313	26552.306898117065	0.13831631584676465	6.386265965088733e-05	0
1314	26573.718027353287	0.13853749051381015	0.00022117466704549282	0
1315	26595.15817117691	0.13853749051381015	0.0	1
1316	26616.58610510826	0.13853749051381015	0.0	2
1317	26638.024781942368	0.13853751934137246	2.88275623094858e-08	3
1318	26659.481877326965	0.13853751934137246	0.0	4
1319	26680.92705154419	0.13853751934137246	0.0	5
1320	26702.389062404633	0.13853751934137246	0.0	6
1321	26723.813053131104	0.13853751934137246	0.0	7
1322	26745.268017292023	0.13869654178412935	0.00015902244275689537	0
1323	26766.770595550537	0.13869654178412935	0.0	1
1324	26788.18998527527	0.13869654178412935	0.0	2
1325	26809.596722126007	0.13876346016538257	6.691838125322258e-05	0
1326	26831.02839255333	0.13876346016538257	0.0	1
1327	26852.588549613953	0.13876589128980202	2.431124419444153e-06	0
1328	26873.9925532341	0.13890842436693135	0.00014253307712933094	0
1329	26895.41424202919	0.13890842436693135	0.0	1
1330	26916.86218237877	0.13891764918686286	9.224819931513695e-06	0
1331	26938.315098524094	0.13907044487616602	0.00015279568930315346	0
1332	26959.766370773315	0.13907044487616602	0.0	1
1333	26981.23259615898	0.13907044487616602	0.0	2
1334	27002.615089178085	0.13907044487616602	0.0	3
1335	27024.097975969315	0.13907044487616602	0.0	4
1336	27045.507207870483	0.13909219046731708	2.1745591151062227e-05	0
1337	27066.97365951538	0.13909219046731708	0.0	1
1338	27088.38282060623	0.13909219046731708	0.0	2
1339	27109.84662103653	0.13909219046731708	0.0	3
1340	27131.306624889374	0.13909219046731708	0.0	4
1341	27152.782103538513	0.1392114500924942	0.00011925962517711497	0
1342	27174.277039289474	0.1392114500924942	0.0	1
1343	27195.781833410263	0.1392114500924942	0.0	2
1344	27217.203325033188	0.1392114500924942	0.0	3
1345	27238.678300380707	0.1392114500924942	0.0	4
1346	27260.22692322731	0.13926830765450957	5.6857562015372176e-05	0
1347	27281.72396349907	0.13926830765450957	0.0	1
1348	27303.178700208664	0.13926830765450957	0.0	2
1349	27324.628532409668	0.13945954009352737	0.00019123243901780773	0
1350	27346.076236248016	0.13945954009352737	0.0	1
1351	27367.567947626114	0.13945954009352737	0.0	2
1352	27389.069266796112	0.13965707615949835	0.00019753606597097684	0
1353	27410.530693292618	0.13965707615949835	0.0	1
1354	27432.019324064255	0.13965707615949835	0.0	2
1355	27453.427131652832	0.13965707615949835	0.0	3
1356	27474.849705696106	0.13965707615949835	0.0	4
1357	27496.331038951874	0.13965707615949835	0.0	5
1358	27517.747237205505	0.13965707615949835	0.0	6
1359	27539.174336910248	0.13974866132488092	9.158516538257389e-05	0
1360	27560.593810081482	0.13974866132488092	0.0	1
1361	27582.05962729454	0.13974866132488092	0.0	2
1362	27603.440895557404	0.13974866132488092	0.0	3
1363	27624.901457309723	0.1397656503682548	1.698904337388285e-05	0
1364	27646.342415332794	0.1397656503682548	0.0	1
1365	27667.706778526306	0.1397656503682548	0.0	2
1366	27689.112490177155	0.1397879436830893	2.2293314834498368e-05	0
1367	27710.62828350067	0.1397879436830893	0.0	1
1368	27732.080758094788	0.1397879436830893	0.0	2
1369	27753.54224395752	0.1397879436830893	0.0	3
1370	27774.983751773834	0.1397879436830893	0.0	4
1371	27796.400779485703	0.1398084881258118	2.0544442722481016e-05	0
1372	27817.86110472679	0.13980928568836834	7.975625565537214e-07	1
1373	27839.28477883339	0.1398193272892313	1.004160086295891e-05	0
1374	27860.7244412899	0.1398193272892313	0.0	1
1375	27882.17398929596	0.13983442332268173	1.5096033450429092e-05	0
1376	27903.610300064087	0.13983442332268173	0.0	1
1377	27925.006303310394	0.13987569478268783	4.127146000609816e-05	0
1378	27946.478167772293	0.13988410282168792	8.408039000096235e-06	0
1379	27967.928193807602	0.13988410282168792	0.0	1
1380	27989.365527391434	0.13991829231055908	3.4189488871155804e-05	0
1381	28010.788613796234	0.13991829231055908	0.0	1
1382	28032.18883419037	0.13993280218357637	1.4509873017293229e-05	0
1383	28053.691467761993	0.13996689558057326	3.409339699689262e-05	0
1384	28075.209924459457	0.13996689558057326	0.0	1
1385	28096.641622781754	0.14014223442358403	0.0001753388430107694	0
1386	28118.13253426552	0.14014223442358403	0.0	1
1387	28139.601870775223	0.14014223442358403	0.0	2
1388	28161.07092475891	0.14014223442358403	0.0	3
1389	28182.454808712006	0.14014223442358403	0.0	4
1390	28203.844207048416	0.14014223442358403	0.0	5
1391	28225.265573501587	0.14014223442358403	0.0	6
1392	28246.747306346893	0.14014223442358403	0.0	7
1393	28268.289216279984	0.14017716381988723	3.4929396303201576e-05	0
1394	28289.801243305206	0.14017716381988723	0.0	1
1395	28311.2867937088	0.14017716381988723	0.0	2
1396	28332.698812007904	0.1401879165006199	1.0752680732667441e-05	0
1397	28354.167682170868	0.1402033776831926	1.546118257270135e-05	0
1398	28375.60402917862	0.1402033776831926	0.0	1
1399	28397.030260324478	0.1402033776831926	0.0	2
1400	28418.46728849411	0.14024495663719644	4.157895400383471e-05	0
1401	28439.868580818176	0.14024495663719644	0.0	1
1402	28461.34082388878	0.14024495663719644	0.0	2
1403	28482.75682759285	0.14024495663719644	0.0	3
1404	28504.218371152878	0.14024495663719644	0.0	4
1405	28525.681842565536	0.14024495663719644	0.0	5
1406	28547.11298775673	0.14024495663719644	0.0	6
1407	28568.519177675247	0.14024495663719644	0.0	7
1408	28589.902729034424	0.14043023138000846	0.0001852747428120194	0
1409	28611.38260245323	0.14043023138000846	0.0	1
1410	28632.813465833664	0.14043023138000846	0.0	2
1411	28654.270106315613	0.14043023138000846	0.0	3
1412	28675.751762151718	0.14043023138000846	0.0	4
1413	28697.173005342484	0.14043023138000846	0.0	5
1414	28718.60091996193	0.14043545877796965	5.227397961188318e-06	0
1415	28740.076788425446	0.14043545877796965	0.0	1
1416	28761.443346261978	0.14043545877796965	0.0	2
1417	28782.853968143463	0.14048780963108098	5.2350853111338136e-05	0
1418	28804.31191587448	0.14048780963108098	0.0	1
1419	28825.803806066513	0.14048780963108098	0.0	2
1420	28847.242381095886	0.14048780963108098	0.0	3
1421	28868.635746240616	0.14048780963108098	0.0	4
1422	28889.98924589157	0.14070360315316643	0.0002157935220854501	0
1423	28911.48247075081	0.14070360315316643	0.0	1
1424	28932.906069993973	0.14070360315316643	0.0	2
1425	28954.316213607788	0.14070360315316643	0.0	3
1426	28975.67656493187	0.14070360315316643	0.0	4
1427	28997.122086286545	0.14070360315316643	0.0	5
1428	29018.59005022049	0.14075563690309265	5.203374992621135e-05	0
1429	29040.02889227867	0.14075563690309265	0.0	1
1430	29061.507212877274	0.1407660532622653	1.0416359172649159e-05	0
1431	29082.913720607758	0.1408142241188452	4.8170856579904386e-05	0
1432	29104.37445807457	0.1408142241188452	0.0	1
1433	29125.854044675827	0.1408142241188452	0.0	2
1434	29147.27128124237	0.1408142241188452	0.0	3
1435	29168.66464447975	0.14082055657336068	6.332454515478592e-06	0
1436	29190.038283348083	0.14082874360104988	8.187027689204873e-06	0
1437	29211.430774450302	0.14087699133112921	4.8247730079331586e-05	0
1438	29232.929738521576	0.14087699133112921	0.0	1
1439	29254.36999464035	0.14087699133112921	0.0	2
1440	29275.78828716278	0.14088915656241388	1.2165231284666511e-05	0
1441	29297.272711515427	0.14088915656241388	0.0	1
1442	29318.712911367416	0.14090828845458436	1.9131892170481946e-05	0
1443	29340.111916542053	0.14090828845458436	0.0	1
1444	29361.564024925232	0.1409122954857421	4.007031157743368e-06	0
1445	29382.992797136307	0.1409434388621984	3.114337645629406e-05	0
1446	29404.42364501953	0.1409434388621984	0.0	1
1447	29425.828803777695	0.1409434388621984	0.0	2
1448	29447.272240400314	0.14098288457659305	3.944571439465361e-05	0
1449	29468.719225168228	0.14100979991058074	2.6915333987687085e-05	0
1450	29490.128462791443	0.14104116429834787	3.136438776712991e-05	0
1451	29511.54652905464	0.14104116429834787	0.0	1
1452	29532.99962592125	0.141053742724692	1.2578426344139748e-05	0
1453	29554.427501916885	0.1410582686519709	4.525927278897779e-06	0
1454	29575.8566570282	0.14116879352577535	0.0001105248738044462	0
1455	29597.32656121254	0.14116879352577535	0.0	1
1456	29618.808599472046	0.14120089782097453	3.210429519917568e-05	0
1457	29640.299284219742	0.14126483735412484	6.393953315031453e-05	0
1458	29661.702806711197	0.14126483735412484	0.0	1
1459	29683.09420990944	0.14128165343212498	1.6816078000136958e-05	0
1460	29704.550649642944	0.14131835091891506	3.669748679008267e-05	0
1461	29726.038007736206	0.14135177167279195	3.342075387688381e-05	0
1462	29747.474786520004	0.14137205666745384	2.0284994661889932e-05	0
1463	29768.828436136246	0.1414899517880161	0.00011789512056226137	0
1464	29790.243041992188	0.1414899517880161	0.0	1
1465	29811.70348238945	0.1414899517880161	0.0	2
1466	29833.08041715622	0.1414899517880161	0.0	3
1467	29854.5629196167	0.14156138648736075	7.143469934464686e-05	0
1468	29876.009712934494	0.14156138648736075	0.0	1
1469	29897.378145217896	0.14156138648736075	0.0	2
1470	29918.768192768097	0.14168932320878594	0.00012793672142519252	0
1471	29940.179069042206	0.14168932320878594	0.0	1
1472	29961.627321481705	0.14168932320878594	0.0	2
1473	29983.02494072914	0.14174231787745503	5.299466866909297e-05	0
1474	30004.465034723282	0.14174231787745503	0.0	1
1475	30025.861042261124	0.14174231787745503	0.0	2
1476	30047.216136932373	0.14174231787745503	0.0	3
1477	30068.629878759384	0.14174231787745503	0.0	4
1478	30089.977609872818	0.14178062009854567	3.830222109063586e-05	0
1479	30111.37293958664	0.14178062009854567	0.0	1
1480	30132.76389026642	0.1417835509007114	2.930802165734825e-06	0
1481	30154.19338274002	0.14180116454126815	1.761364055674619e-05	0
1482	30175.655559778214	0.1418345084216456	3.3343880377456614e-05	0
1483	30197.018036842346	0.1418415807835931	7.072361947496608e-06	0
1484	30218.40609073639	0.1418884543998701	4.687361627700448e-05	0
1485	30239.787575483322	0.1418884543998701	0.0	1
1486	30261.20769047737	0.14192429666897902	3.5842269108909974e-05	0
1487	30282.60258936882	0.14193342539703624	9.128728057222757e-06	0
1488	30303.972569942474	0.14196169562645136	2.8270229415122694e-05	0
1489	30325.39834213257	0.14200888634591352	4.7190719462159025e-05	0
1490	30346.737113952637	0.14200888634591352	0.0	1
1491	30368.14288330078	0.14200888634591352	0.0	2
1492	30389.508615255356	0.14202787410027254	1.8987754359017783e-05	0
1493	30410.86794400215	0.14213666932033986	0.00010879522006732034	0
1494	30432.274444580078	0.14213666932033986	0.0	1
1495	30453.75165247917	0.14213666932033986	0.0	2
1496	30475.148653268814	0.14214329965966563	6.6303393257693966e-06	0
1497	30496.528831005096	0.14214329965966563	0.0	1
1498	30517.95484662056	0.142243667622358	0.00010036796269236037	0
1499	30539.374774456024	0.142243667622358	0.0	1
1500	30560.75574684143	0.142243667622358	0.0	2
1501	30582.148703813553	0.142243667622358	0.0	3
1502	30603.55831503868	0.14232096392603416	7.729630367617202e-05	0
1503	30624.989555358887	0.14232096392603416	0.0	1
1504	30646.39209008217	0.14232096392603416	0.0	2
1505	30667.818333864212	0.14232096392603416	0.0	3
1506	30689.204077482224	0.14240083549194119	7.987156590702482e-05	0
1507	30710.62652373314	0.14240083549194119	0.0	1
1508	30731.959387540817	0.14242488728807512	2.405179613393371e-05	0
1509	30753.349524497986	0.1427145466339247	0.00028965934584956887	0
1510	30774.811670780182	0.1427145466339247	0.0	1
1511	30796.313348293304	0.14273490850208603	2.0361868161344887e-05	0
1512	30817.71586370468	0.14315789532350828	0.00042298682142224986	0
1513	30839.192348241806	0.14315789532350828	0.0	1
1514	30860.645935058594	0.14315789532350828	0.0	2
1515	30882.173714637756	0.14315789532350828	0.0	3
1516	30903.581153154373	0.14325865726288523	0.00010076193937694211	0
1517	30925.048753023148	0.14325865726288523	0.0	1
1518	30946.518213272095	0.14331475569909374	5.6098436208518176e-05	0
1519	30967.868885993958	0.14335848711108157	4.373141198782404e-05	0
1520	30989.285197734833	0.14335848711108157	0.0	1
1521	31010.699953079224	0.14349204520715256	0.00013355809607099034	0
1522	31032.144414186478	0.14349204520715256	0.0	1
1523	31053.578743219376	0.14349204520715256	0.0	2
1524	31074.95601463318	0.14349204520715256	0.0	3
1525	31096.3477871418	0.14349204520715256	0.0	4
1526	31117.774034500122	0.1435198638047585	2.7818597605949735e-05	0
1527	31139.19865131378	0.1435198638047585	0.0	1
1528	31160.597281694412	0.14354236852171645	2.2504716957943982e-05	0
1529	31182.050889730453	0.14354236852171645	0.0	1
1530	31203.49035000801	0.14354236852171645	0.0	2
1531	31224.95445871353	0.14354236852171645	0.0	3
1532	31246.342680454254	0.14354236852171645	0.0	4
1533	31267.721308231354	0.14354236852171645	0.0	5
1534	31289.05862545967	0.1436014554152153	5.908689349884422e-05	0
1535	31310.4454536438	0.1436014554152153	0.0	1
1536	31331.875212430954	0.1436014554152153	0.0	2
1537	31353.310344696045	0.1436014554152153	0.0	3
1538	31374.785046339035	0.14360328116082674	1.8257456114445514e-06	0
1539	31396.28320813179	0.14360328116082674	0.0	1
1540	31417.670641183853	0.14360629844567932	3.0172848525800156e-06	0
1541	31439.099519968033	0.14360975775315366	3.4593074743349828e-06	0
1542	31460.536695718765	0.14361619590873084	6.438155577187521e-06	0
1543	31481.96931576729	0.14366533729324102	4.9141384510176245e-05	0
1544	31503.44051504135	0.14366533729324102	0.0	1
1545	31524.877632141113	0.14366533729324102	0.0	2
1546	31546.34106349945	0.14366864285371647	3.305560475452829e-06	0
1547	31567.788496017456	0.14366864285371647	0.0	1
1548	31589.23757171631	0.14377678464903865	0.00010814179532217527	0
1549	31610.65529537201	0.1438224667260745	4.568207703584126e-05	0
1550	31632.197452306747	0.1438224667260745	0.0	1
1551	31653.650240182877	0.1438224667260745	0.0	2
1552	31675.161385059357	0.1438224667260745	0.0	3
1553	31696.616824150085	0.14387498093537213	5.251420929763828e-05	0
1554	31718.11589717865	0.14387498093537213	0.0	1
1555	31739.59447836876	0.14387498093537213	0.0	2
1556	31761.137710094452	0.1438918642776843	1.688334231217392e-05	0
1557	31782.55414390564	0.14411605622958237	0.00022419195189807284	0
1558	31804.015603780746	0.14416447692503542	4.842069545304972e-05	0
1559	31825.531082868576	0.14419926218352716	3.4785258491737414e-05	0
1560	31847.016192674637	0.14419926218352716	0.0	1
1561	31868.407914876938	0.14419926218352716	0.0	2
1562	31889.884462833405	0.14419926218352716	0.0	3
1563	31911.271910905838	0.14427558795927303	7.63257757458724e-05	0
1564	31932.72838330269	0.14427558795927303	0.0	1
1565	31954.21956038475	0.14427558795927303	0.0	2
1566	31975.708007335663	0.14427558795927303	0.0	3
1567	31997.158841371536	0.14427558795927303	0.0	4
1568	32018.671663999557	0.14429164491146632	1.605695219328296e-05	0
1569	32040.1813519001	0.14429164491146632	0.0	1
1570	32061.65762901306	0.14430039888121382	8.753969747504753e-06	0
1571	32083.139112472534	0.14434054606629076	4.014718507694415e-05	0
1572	32104.54522538185	0.14434054606629076	0.0	1
1573	32125.957349538803	0.14434054606629076	0.0	2
1574	32147.390812158585	0.14435949538390008	1.894931760931806e-05	0
1575	32168.86487221718	0.14437740690926712	1.7911525367036996e-05	0
1576	32190.362768650055	0.14437740690926712	0.0	1
1577	32211.815237522125	0.14437740690926712	0.0	2
1578	32233.256687402725	0.1444217148725007	4.430796323356967e-05	0
1579	32254.704961299896	0.1444217148725007	0.0	1
1580	32276.177079916	0.1444217148725007	0.0	2
1581	32297.6924097538	0.1444217148725007	0.0	3
1582	32319.130610466003	0.1444217148725007	0.0	4
1583	32340.574907541275	0.1444217148725007	0.0	5
1584	32362.030059337616	0.1444383483759397	1.663350343900083e-05	0
1585	32383.434735059738	0.1444389249271854	5.765512457178712e-07	1
1586	32405.071247577667	0.1444389249271854	0.0	2
1587	32426.71319627762	0.1444389249271854	0.0	3
1588	32448.277405261993	0.1444389249271854	0.0	4
1589	32469.875036001205	0.14448875817319046	4.983324600504879e-05	0
1590	32491.522052288055	0.14448875817319046	0.0	1
1591	32513.06406903267	0.14448875817319046	0.0	2
1592	32534.617624282837	0.1444992321874877	1.0474014297240375e-05	0
1593	32556.19354081154	0.1444992321874877	0.0	1
1594	32577.804562330246	0.1444992321874877	0.0	2
1595	32599.337893486023	0.14450062551966483	1.3933321771353313e-06	0
1596	32620.858058691025	0.14457808517952728	7.745965986244441e-05	0
1597	32642.447397232056	0.14458279368136734	4.708501840061663e-06	0
1598	32663.983401298523	0.14458279368136734	0.0	1
1599	32685.55541229248	0.14458279368136734	0.0	2
1600	32707.132875442505	0.14461328363307846	3.0489951711121233e-05	0
1601	32728.791679382324	0.14461328363307846	0.0	1
1602	32750.366746664047	0.14461328363307846	0.0	2
1603	32771.991788864136	0.14462273907350828	9.455440429823048e-06	0
1604	32793.44652724266	0.1448314506244588	0.00020871155095050775	0
1605	32815.017443180084	0.1448314506244588	0.0	1
1606	32836.6888487339	0.1448314506244588	0.0	2
1607	32858.2744011879	0.144867859835626	3.6409211167209854e-05	0
1608	32879.833980321884	0.14507528375546108	0.00020742391983508135	0
1609	32901.381366968155	0.14507528375546108	0.0	1
1610	32923.02523326874	0.14511461415960658	3.933040414549893e-05	0
1611	32944.5563519001	0.14567242748984038	0.0005578133302338029	0
1612	32966.19252824783	0.14567242748984038	0.0	1
1613	32987.77230644226	0.14567242748984038	0.0	2
1614	33009.338296175	0.1456744838559501	2.0563661097261487e-06	0
1615	33030.92797255516	0.14585807699096212	0.00018359313501201124	0
1616	33052.59009742737	0.14585807699096212	0.0	1
1617	33074.132912397385	0.1458601429662593	2.065975297171896e-06	0
1618	33095.738577604294	0.1458601429662593	0.0	1
1619	33117.28063440323	0.1458601429662593	0.0	2
1620	33138.837431907654	0.1458962831201785	3.614015391920078e-05	0
1621	33160.48136091232	0.1458962831201785	0.0	1
1622	33182.09298443794	0.14590100123120595	4.718111027451899e-06	0
1623	33203.64653992653	0.1459028269768174	1.8257456114445514e-06	0
1624	33225.25188708305	0.14591146563631577	8.638659498377832e-06	0
1625	33246.87121987343	0.14591146563631577	0.0	1
1626	33268.445207595825	0.14591146563631577	0.0	2
1627	33290.10664820671	0.1459356231335114	2.415749719564264e-05	0
1628	33311.64041209221	0.1459356231335114	0.0	1
1629	33333.22176527977	0.1459356231335114	0.0	2
1630	33354.912996053696	0.1459356231335114	0.0	3
1631	33376.49187374115	0.1459483841344167	1.2761000905275877e-05	0
1632	33398.19910931587	0.1459483841344167	0.0	1
1633	33419.672107219696	0.14598411109327644	3.57269588597553e-05	0
1634	33441.30589938164	0.1463882254705888	0.000404114377312359	0
1635	33462.88191628456	0.1463882254705888	0.0	1
1636	33484.46905326843	0.14640183207998778	1.3606609398975067e-05	0
1637	33505.966175317764	0.14640183207998778	0.0	1
1638	33527.494883298874	0.14640183207998778	0.0	2
1639	33549.01536607742	0.14640183207998778	0.0	3
1640	33570.65585589409	0.14647411238782618	7.228030783840156e-05	0
1641	33592.22924590111	0.14652586747131693	5.1755083490756526e-05	0
1642	33613.779822826385	0.14652586747131693	0.0	1
1643	33635.45835804939	0.14652586747131693	0.0	2
1644	33657.007329940796	0.14652586747131693	0.0	3
1645	33678.63004255295	0.14652586747131693	0.0	4
1646	33700.20039153099	0.14652586747131693	0.0	5
1647	33721.71040940285	0.146530508708845	4.641237528052455e-06	0
1648	33743.29268908501	0.146530508708845	0.0	1
1649	33764.87661099434	0.146530508708845	0.0	2
1650	33786.4447824955	0.1466349797945694	0.00010447108572442243	0
1651	33808.02019047737	0.1466349797945694	0.0	1
1652	33829.67708110809	0.14663955376778545	4.573973216043248e-06	0
1653	33851.26046681404	0.14664099514589973	1.4413781142808002e-06	0
1654	33872.85090351105	0.14666521990740738	2.422476150765185e-05	0
1655	33894.40002822876	0.14668273745608984	1.7517548682455253e-05	0
1656	33915.980558633804	0.14668273745608984	0.0	1
1657	33937.557173252106	0.14668273745608984	0.0	2
1658	33959.08737826347	0.1466829584674007	2.2101131086360581e-07	3
1659	33980.746841430664	0.14670376235818375	2.0803890783044343e-05	0
1660	34002.353299856186	0.14670896092858265	5.198570398906588e-06	0
1661	34023.92630600929	0.14670896092858265	0.0	1
1662	34045.491283893585	0.1467431023715167	3.414144293403809e-05	0
1663	34067.162833452225	0.1467431023715167	0.0	1
1664	34088.780262470245	0.1467431023715167	0.0	2
1665	34110.41524243355	0.1467431023715167	0.0	3
1666	34132.0407140255	0.1467431023715167	0.0	4
1667	34153.60995531082	0.1467431023715167	0.0	5
1668	34175.18077588081	0.1467431023715167	0.0	6
1669	34196.66938614845	0.14678069351273762	3.7591141220927327e-05	0
1670	34218.14893054962	0.14679576071862577	1.5067205888147361e-05	0
1671	34239.708302497864	0.14679576071862577	0.0	1
1672	34261.30025959015	0.14679576071862577	0.0	2
1673	34282.85404253006	0.14689173728266322	9.597656403745325e-05	0
1674	34304.348135232925	0.14694837383336776	5.6636550704536326e-05	0
1675	34325.99291682243	0.14694837383336776	0.0	1
1676	34347.58053445816	0.14694837383336776	0.0	2
1677	34369.117421388626	0.14694837383336776	0.0	3
1678	34390.680660009384	0.14694837383336776	0.0	4
1679	34412.29543924332	0.14696387345269019	1.5499619322428826e-05	0
1680	34433.97187137604	0.14696387345269019	0.0	1
1681	34455.48803591728	0.14696387345269019	0.0	2
1682	34476.822167634964	0.14698129490949835	1.7421456808164315e-05	0
1683	34498.179670095444	0.14698129490949835	0.0	1
1684	34519.52028942108	0.14698320713779667	1.9122282983174976e-06	0
1685	34540.82144618034	0.14698320713779667	0.0	1
1686	34562.223883867264	0.1469868778473944	3.670709597725086e-06	0
1687	34583.58600592613	0.1469914326022356	4.554754841207265e-06	0
1688	34604.92088675499	0.1469914326022356	0.0	1
1689	34626.36224651337	0.1470065862908106	1.5153688574992552e-05	0
1690	34647.85095667839	0.1470271115151582	2.0525224347617277e-05	0
1691	34669.19984149933	0.1470271115151582	0.0	1
1692	34690.608773231506	0.1470271115151582	0.0	2
1693	34711.991361141205	0.14710269738347206	7.558586831385439e-05	0
1694	34733.32074546814	0.14710269738347206	0.0	1
1695	34754.63053941727	0.14710269738347206	0.0	2
1696	34776.08290576935	0.14710269738347206	0.0	3
1697	34797.40193939209	0.14712026297809166	1.7565594619600722e-05	0
1698	34818.79225039482	0.14712026297809166	0.0	1
1699	34840.20786881447	0.14712026297809166	0.0	2
1700	34861.64237713814	0.14715862285430686	3.835987621519932e-05	0
1701	34883.010946273804	0.14715862285430686	0.0	1
1702	34904.38930273056	0.1472074086988822	4.878584457532198e-05	0
1703	34925.81242227554	0.14723950338489392	3.2094686011729934e-05	0
1704	34947.19355773926	0.14723950338489392	0.0	1
1705	34968.561431884766	0.14731569463201577	7.619124712185399e-05	0
1706	34989.9505007267	0.147445851075737	0.00013015644372121882	0
1707	35011.357599020004	0.147445851075737	0.0	1
1708	35032.705771923065	0.147445851075737	0.0	2
1709	35054.08606338501	0.147445851075737	0.0	3
1710	35075.43677473068	0.147445851075737	0.0	4
1711	35096.77653479576	0.147445851075737	0.0	5
