1	35.843400955200195	0.04131638556942232	10000000000.041317	0
2	58.3373236656189	0.04131638556942232	0.0	1
3	81.36940574645996	0.04131638556942232	0.0	2
4	104.85373020172119	0.04131638556942232	0.0	3
5	128.63166666030884	0.04131638556942232	0.0	4
6	152.92657279968262	0.04131638556942232	0.0	5
7	178.38227319717407	0.05072344504017522	0.009407059470752904	0
8	205.33532905578613	0.054804029564807434	0.004080584524632211	0
9	233.37920904159546	0.06733932380733461	0.012535294242527174	0
10	261.94613337516785	0.06733932380733461	0.0	1
11	291.33989334106445	0.06733932380733461	0.0	2
12	321.80874729156494	0.07725022071483789	0.009910896907503283	0
13	352.7626540660858	0.07725022071483789	0.0	1
14	384.50404834747314	0.07725022071483789	0.0	2
15	416.8262004852295	0.07725022071483789	0.0	3
16	450.49247455596924	0.07963586261068684	0.0023856418958489445	0
17	485.4055016040802	0.07963586261068684	0.0	1
18	520.8479361534119	0.08209436236471607	0.002458499754029231	0
19	557.3443853855133	0.08265984805448838	0.0005654856897723132	0
20	594.6212875843048	0.08429322021118346	0.0016333721566950815	0
21	632.9857633113861	0.08429322021118346	0.0	1
22	671.3752024173737	0.09011058435625936	0.005817364145075901	0
23	710.8051674365997	0.09059890220905172	0.0004883178527923526	0
24	750.5355041027069	0.09076541746216735	0.00016651525311563165	0
25	789.9593105316162	0.09599027390601574	0.0052248564438483885	0
26	829.0305817127228	0.09599027390601574	0.0	1
27	868.8591556549072	0.09714032449107476	0.0011500505850590287	0
28	908.8846533298492	0.09856886742175787	0.001428542930683105	0
29	949.0645477771759	0.10232724214064842	0.003758374718890553	0
30	988.7735254764557	0.10678066728354572	0.004453425142897302	0
31	1028.8715431690216	0.10678066728354572	0.0	1
32	1068.8889260292053	0.10678066728354572	0.0	2
33	1109.0526456832886	0.10678066728354572	0.0	3
34	1148.8102235794067	0.10908444703429535	0.002303779750749621	0
35	1188.2374634742737	0.10908444703429535	0.0	1
36	1227.9703934192657	0.11013392229666416	0.0010494752623688153	0
37	1267.8573589324951	0.11250244323638961	0.002368520939725449	0
38	1307.5880408287048	0.11250244323638961	0.0	1
39	1347.2901890277863	0.11272931649409669	0.00022687325770708033	0
40	1387.0002377033234	0.11292232301817841	0.00019300652408171803	0
41	1426.554919719696	0.11386556782643834	0.0009432448082599271	0
42	1465.7531907558441	0.11753519907526705	0.003669631248828714	0
43	1505.1894211769104	0.11753519907526705	0.0	1
44	1544.5373361110687	0.11753519907526705	0.0	2
45	1584.136641740799	0.11753519907526705	0.0	3
46	1623.2885875701904	0.11753519907526705	0.0	4
47	1662.5635640621185	0.11970657737537481	0.0021713783001077597	0
48	1702.746477842331	0.11970657737537481	0.0	1
49	1742.215128660202	0.12011174283463737	0.00040516545926255754	0
50	1781.5898525714874	0.12163889368792166	0.0015271508532842953	0
51	1820.6152441501617	0.12229332416311375	0.0006544304751920915	0
52	1859.9982979297638	0.12229332416311375	0.0	1
53	1899.29887342453	0.12229332416311375	0.0	2
54	1938.5083746910095	0.1225369431983227	0.00024361903520894734	0
55	1982.5844419002533	0.12422736995759932	0.0016904267592766226	0
56	2022.0311291217804	0.12458841075067933	0.00036104079308001136	0
57	2061.4698770046234	0.12511664394853353	0.0005282331978541943	0
58	2100.615600824356	0.12706890878291321	0.0019522648343796856	0
59	2140.3094823360443	0.12706890878291321	0.0	1
60	2179.7938029766083	0.1276780890560579	0.0006091802731446883	0
61	2219.2069494724274	0.1276780890560579	0.0	1
62	2258.1970772743225	0.12895186622997093	0.0012737771739130266	0
63	2297.699449777603	0.12895186622997093	0.0	1
64	2336.9797446727753	0.12895186622997093	0.0	2
65	2376.437213897705	0.12912303918841359	0.0001711729584426558	0
66	2415.880115032196	0.12945970252178599	0.00033666333337240006	0
67	2454.7775967121124	0.13034482209578804	0.0008851195740020579	0
68	2494.0331649780273	0.130497821767827	0.00015299967203896703	0
69	2532.9606080055237	0.13062107252038044	0.00012325075255342766	0
70	2572.0968611240387	0.1309316655148988	0.000310592994518355	0
71	2611.288387775421	0.1309316655148988	0.0	1
72	2650.7051963806152	0.13356405598470295	0.0026323904698041523	0
73	2689.816128730774	0.13356405598470295	0.0	1
74	2729.1005368232727	0.1347736318608274	0.0012095758761244413	0
75	2768.1203005313873	0.1347736318608274	0.0	1
76	2807.2060339450836	0.1347736318608274	0.0	2
77	2846.061059951782	0.13494193150007028	0.00016829963924289149	0
78	2884.9849784374237	0.13516881390847543	0.0002268824084051546	0
79	2924.1962518692017	0.13783691955291885	0.0026681056444434192	0
80	2963.3697621822357	0.13783691955291885	0.0	1
81	3002.348486661911	0.13882529560415105	0.0009883760512321982	0
82	3041.235335588455	0.13898309024198838	0.0001577946378373274	0
83	3080.289530992508	0.13898749172776892	4.401485780541892e-06	0
84	3118.9423248767853	0.1390464862783452	5.8994550576285665e-05	0
85	3157.796606063843	0.13949666402150487	0.00045017774315966874	0
86	3196.7522127628326	0.14103352376546102	0.0015368597439561482	0
87	3235.699709177017	0.14103352376546102	0.0	1
88	3274.677140712738	0.14118344880294226	0.00014992503748123553	0
89	3313.4196841716766	0.1414480229367738	0.0002645741338315466	0
90	3352.272420167923	0.1414480229367738	0.0	1
91	3391.122432231903	0.1417316396733274	0.00028361673655358244	0
92	3430.2708389759064	0.14218364755610474	0.0004520078827773555	0
93	3469.0664398670197	0.14310956094218516	0.0009259133860804181	0
94	3508.083840608597	0.14310956094218516	0.0	1
95	3546.923666715622	0.14310956094218516	0.0	2
96	3585.5382795333862	0.14356532061117877	0.00045575966899361053	0
97	3624.4173600673676	0.14356532061117877	0.0	1
