1	27.210001945495605	0.0265095860883035	10000000000.02651	0
2	44.87959933280945	0.0265095860883035	0.0	1
3	62.33682179450989	0.028229361424024314	0.001719775335720812	0
4	79.70892453193665	0.028229361424024314	0.0	1
5	97.45586562156677	0.032390801516966126	0.004161440092941813	0
6	115.02699279785156	0.032390801516966126	0.0	1
7	132.79096794128418	0.032390801516966126	0.0	2
8	151.31330633163452	0.03494641076678458	0.002555609249818451	0
9	169.90241408348083	0.03494641076678458	0.0	1
10	188.82152032852173	0.03494641076678458	0.0	2
11	207.70213985443115	0.03494641076678458	0.0	3
12	226.63788437843323	0.03494641076678458	0.0	4
13	246.0028223991394	0.0350213732855252	7.49625187406247e-05	0
14	265.7588472366333	0.0350213732855252	0.0	1
15	285.80492067337036	0.0350213732855252	0.0	2
16	306.0579876899719	0.03565684580195254	0.0006354725164273364	0
17	326.05195713043213	0.040464249686680095	0.004807403884727557	0
18	346.23248767852783	0.040464249686680095	0.0	1
19	366.6697289943695	0.04122196866654563	0.0007577189798655334	0
20	387.2264497280121	0.04122196866654563	0.0	1
21	408.11066484451294	0.04122196866654563	0.0	2
22	429.2290790081024	0.04219648141017382	0.0009745127436281906	0
23	450.0729184150696	0.04219648141017382	0.0	1
24	471.37857842445374	0.04282448924463549	0.0006280078344616732	0
25	492.7061221599579	0.04282448924463549	0.0	1
26	514.4326636791229	0.043041136597228725	0.00021664735259323276	0
27	535.7765228748322	0.045081367092332736	0.0020402304951040104	0
28	557.0322096347809	0.045081367092332736	0.0	1
29	578.7033731937408	0.045081367092332736	0.0	2
30	600.0664076805115	0.04562274069264196	0.0005413736003092237	0
31	621.5573697090149	0.04704351010529891	0.0014207694126569526	0
32	643.2172636985779	0.04704351010529891	0.0	1
33	665.1180901527405	0.04704351010529891	0.0	2
34	687.1455545425415	0.04878736321536497	0.001743853110066057	0
35	709.0258367061615	0.04878736321536497	0.0	1
36	730.8062987327576	0.04878736321536497	0.0	2
37	752.8637719154358	0.05115843262450805	0.002371069409143084	0
38	774.9842791557312	0.05115843262450805	0.0	1
39	796.9377539157867	0.05162752028526752	0.00046908766075946795	0
40	818.9577147960663	0.05162752028526752	0.0	1
41	843.0766842365265	0.05162752028526752	0.0	2
42	865.4784727096558	0.054689545181022765	0.0030620248957552443	0
43	890.0264003276825	0.054689545181022765	0.0	1
44	912.2662525177002	0.054689545181022765	0.0	2
45	934.7353854179382	0.055894998667658354	0.0012054534866355882	0
46	957.2099936008453	0.056847874585656384	0.0009528759179980306	0
47	979.5703682899475	0.056847874585656384	0.0	1
48	1002.1964855194092	0.059912214608028015	0.003064340022371631	0
49	1024.5596024990082	0.06014386910548632	0.00023165449745830152	0
50	1046.9222676753998	0.06054883324939093	0.00040496414390461116	0
51	1069.34321808815	0.06054883324939093	0.0	1
52	1091.7033734321594	0.06054883324939093	0.0	2
53	1114.138124704361	0.06054883324939093	0.0	3
54	1136.6465382575989	0.06133134147037809	0.0007825082209871603	0
55	1159.2271583080292	0.06133134147037809	0.0	1
56	1182.0803077220917	0.06372226331902407	0.002390921848645984	0
57	1204.5337498188019	0.06372226331902407	0.0	1
58	1227.056160211563	0.06372226331902407	0.0	2
59	1249.7117619514465	0.06394715087524597	0.00022488755622189494	0
60	1272.5513010025024	0.06475361104847967	0.0008064601732337001	0
61	1295.2703545093536	0.06653870177948135	0.001785090731001679	0
62	1318.1311888694763	0.06670033055981774	0.00016162878033638972	0
63	1341.131860256195	0.06734259518190124	0.0006422646220834993	0
64	1364.2777044773102	0.06874475207464627	0.0014021568927450323	0
65	1387.547253370285	0.07024986804693356	0.0015051159722872937	0
66	1411.1916723251343	0.07024986804693356	0.0	1
67	1434.8337993621826	0.07551151029709754	0.005261642250163984	0
68	1458.5929260253906	0.07551151029709754	0.0	1
69	1484.4483308792114	0.07562654829811656	0.00011503800101901607	0
70	1509.0050773620605	0.07581066491900533	0.000184116620888769	0
71	1533.650823354721	0.07642153349594734	0.0006108685769420086	0
72	1558.4397184848785	0.07776975159880996	0.0013482181028626194	0
73	1583.2216260433197	0.07795268320429628	0.00018293160548632503	0
74	1608.3379709720612	0.0780081547361085	5.547153181222064e-05	0
75	1633.735759973526	0.07840729903602886	0.0003991442999203565	0
76	1659.448739528656	0.07849301362502342	8.571458899456208e-05	0
77	1685.3707535266876	0.08308453195277361	0.004591518327750191	0
78	1711.107586145401	0.08308453195277361	0.0	1
79	1737.2080836296082	0.08308453195277361	0.0	2
80	1763.1704406738281	0.08392189403345202	0.0008373620806784027	0
81	1789.6600694656372	0.08392189403345202	0.0	1
82	1816.1479470729828	0.08392189403345202	0.0	2
83	1842.7265253067017	0.08453152269080302	0.0006096286573510079	0
84	1869.606820344925	0.08601527178305378	0.0014837490922507551	0
85	1896.5552296638489	0.08649822732676629	0.0004829555437125127	0
86	1923.4622373580933	0.08684868076215797	0.0003504534353916816	0
87	1950.045788526535	0.08684868076215797	0.0	1
88	1977.0575325489044	0.08684868076215797	0.0	2
89	2004.0545027256012	0.08684868076215797	0.0	3
90	2031.1043796539307	0.08719628833044414	0.0003476075682861679	0
91	2057.8696582317352	0.08988512945675599	0.0026888411263118472	0
92	2084.8155777454376	0.09151918791580771	0.001634058459051721	0
93	2111.87894654274	0.09151918791580771	0.0	1
94	2138.781543970108	0.09151918791580771	0.0	2
95	2165.647911787033	0.09152679214591922	7.6042301115075706e-06	0
96	2192.928006887436	0.09409032361260775	0.002563531466688529	0
97	2220.0382339954376	0.09409032361260775	0.0	1
98	2246.8825306892395	0.09416528613134838	7.496251874063165e-05	0
99	2273.6781005859375	0.09416528613134838	0.0	1
100	2300.6339254379272	0.09436827606704459	0.0002029899356962156	0
101	2327.4365694522858	0.09442253055601105	5.425448896645424e-05	0
102	2354.675234079361	0.09464158911755059	0.00021905856153954517	0
103	2381.4902629852295	0.09526258294192747	0.0006209938243768726	0
104	2408.2982556819916	0.09607215435251124	0.0008095714105837704	0
105	2435.16641330719	0.09658374243054253	0.000511588078031297	0
106	2462.058812856674	0.09658374243054253	0.0	1
107	2489.0374562740326	0.09658374243054253	0.0	2
108	2515.871789932251	0.096780034055238	0.00019629162469546324	0
109	2542.622884750366	0.09755046793009745	0.0007704338748594497	0
110	2569.4480607509613	0.09755046793009745	0.0	1
111	2596.538270711899	0.09755046793009745	0.0	2
112	2623.545017719269	0.09986692139769958	0.0023164534676021337	0
113	2650.853677034378	0.09986692139769958	0.0	1
114	2678.098466396332	0.09986692139769958	0.0	2
115	2705.40145778656	0.09986692139769958	0.0	3
116	2732.820166349411	0.09996022191540947	9.330051770989334e-05	0
117	2760.201276779175	0.10093445098739692	0.0009742290719874508	0
118	2787.9639961719513	0.1011476164993675	0.00021316551197057831	0
119	2815.7739503383636	0.10216080924381558	0.0010131927444480826	0
120	2843.6238565444946	0.10282717222931502	0.0006663629854994357	0
121	2871.4151141643524	0.10295991225578616	0.00013274002647113703	0
122	2899.328946828842	0.10367353859691247	0.0007136263411263166	0
123	2927.1929638385773	0.10367353859691247	0.0	1
124	2955.1481397151947	0.10367353859691247	0.0	2
125	2983.0310077667236	0.10367353859691247	0.0	3
126	3011.121200799942	0.1052058961974091	0.0015323576004966227	0
127	3038.8693358898163	0.1052058961974091	0.0	1
128	3066.956298828125	0.10528085871614973	7.496251874063165e-05	0
129	3094.86781001091	0.10549287124016116	0.000212012524011429	0
130	3123.089272737503	0.10586664980498031	0.00037377856481915495	0
131	3151.300651073456	0.10586664980498031	0.0	1
132	3179.8187975883484	0.10694869240184594	0.0010820425968656316	0
133	3208.140883207321	0.10706411015683563	0.00011541775498968843	0
134	3236.71675658226	0.10706411015683563	0.0	1
135	3264.847997188568	0.10723688448744377	0.00017277433060813863	0
136	3293.237473964691	0.10723688448744377	0.0	1
137	3321.7705426216125	0.10775562841138024	0.0005187439239364711	0
138	3350.4469344615936	0.10775562841138024	0.0	1
139	3379.0535023212433	0.10824090823240723	0.00048527982102698763	0
140	3407.6721529960632	0.10832735487724887	8.644664484164233e-05	0
141	3436.357217311859	0.11072277886935437	0.0023954239921055026	0
142	3465.0165288448334	0.11075412001030734	3.134114095296181e-05	0
143	3493.7607774734497	0.1121966452076696	0.0014425251973622655	0
144	3522.506044626236	0.1121966452076696	0.0	1
145	3551.4595215320587	0.11243613727804067	0.00023949207037106401	0
146	3580.3281989097595	0.11458556305343422	0.0021494257753935514	0
147	3609.696272611618	0.11458892135963268	3.3583061984643336e-06	0
