1	57.93695020675659	0.06488903680483976	10000000000.06489	0
2	96.28582859039307	0.06488903680483976	0.0	1
3	135.15806889533997	0.07303851126194714	0.008149474457107383	0
4	174.1424617767334	0.07303851126194714	0.0	1
5	214.33598971366882	0.07303851126194714	0.0	2
6	257.83544087409973	0.07553668844288793	0.0024981771809407805	0
7	301.86531138420105	0.08841873923877905	0.012882050795891123	0
8	347.5953052043915	0.08841873923877905	0.0	1
9	395.5411567687988	0.09093424784189935	0.0025155086031203033	0
10	444.5283250808716	0.09093424784189935	0.0	1
11	495.3911530971527	0.09093424784189935	0.0	2
12	547.3492352962494	0.09275259220975449	0.0018183443678551348	0
13	599.4921000003815	0.09275259220975449	0.0	1
14	651.92222905159	0.10016252554874906	0.007409933338994576	0
15	704.2992105484009	0.10016252554874906	0.0	1
16	756.5716407299042	0.1008745413670118	0.0007120158182627317	0
17	809.4386250972748	0.10167369928317091	0.0007991579161591156	0
18	864.1597862243652	0.10167369928317091	0.0	1
19	919.8047609329224	0.10359182286298256	0.0019181235798116508	0
20	975.5199580192566	0.10645505799346419	0.002863235130481631	0
21	1031.597285270691	0.10645505799346419	0.0	1
22	1087.8923513889313	0.10645505799346419	0.0	2
23	1144.2727706432343	0.10971477457072244	0.003259716577258251	0
24	1200.279974937439	0.10971477457072244	0.0	1
25	1256.4521181583405	0.10971477457072244	0.0	2
26	1312.339566230774	0.10971477457072244	0.0	3
27	1368.3688683509827	0.11200844280008433	0.0022936682293618893	0
28	1424.113492012024	0.11240887734843515	0.00040043454835081427	0
29	1479.952260017395	0.11319690801571869	0.000788030667283543	0
30	1535.595873594284	0.11419773816704928	0.001000830151330595	0
31	1591.0810482501984	0.11419773816704928	0.0	1
32	1646.5563955307007	0.11629538929265835	0.0020976511256090707	0
33	1702.3101801872253	0.11629538929265835	0.0	1
34	1757.6957216262817	0.11629538929265835	0.0	2
35	1813.1668674945831	0.11972466830549568	0.003429279012837322	0
36	1868.3375315666199	0.12116731246193309	0.0014426441564374115	0
37	1923.2609193325043	0.12116731246193309	0.0	1
38	1978.7518928050995	0.12174687192536543	0.0005795594634323414	0
39	2034.0613338947296	0.12384292167880902	0.002096049753443588	0
40	2088.210686445236	0.12384292167880902	0.0	1
41	2143.1426301002502	0.12487997029317371	0.0010370486143646968	0
42	2197.818959236145	0.1250473182598154	0.0001673479666416955	0
43	2252.655848264694	0.12818224676724138	0.0031349285074259714	0
44	2307.7391922473907	0.12929368140636713	0.0011114346391257468	0
45	2362.7631125450134	0.12929368140636713	0.0	1
46	2417.5889427661896	0.1310282145304301	0.0017345331240629647	0
47	2472.3989596366882	0.1310282145304301	0.0	1
48	2527.5875959396362	0.1310282145304301	0.0	2
49	2582.8764011859894	0.1310282145304301	0.0	3
50	2638.163845062256	0.13430115386642616	0.003272939335996067	0
51	2692.7685163021088	0.13430115386642616	0.0	1
52	2747.5856013298035	0.13479104563928973	0.000489891772863571	0
53	2802.775679588318	0.13479104563928973	0.0	1
54	2858.0576343536377	0.13564202395872377	0.000850978319434037	0
55	2913.376282930374	0.13564202395872377	0.0	1
56	2968.420984506607	0.1357141223089627	7.209835023894162e-05	0
57	3023.791913986206	0.13658680608426255	0.0008726837752998373	0
58	3078.910748243332	0.13658680608426255	0.0	1
59	3134.0724375247955	0.13730109127565124	0.0007142851913886916	0
60	3188.9648756980896	0.13743319075325616	0.00013209947760492446	0
61	3244.3134706020355	0.1376392736249063	0.00020608287165013728	0
62	3299.9716176986694	0.13772763276564842	8.835914074212248e-05	0
63	3355.57825922966	0.137768865811235	4.123304558656393e-05	0
64	3411.2356033325195	0.13911819114856633	0.0013493253373313419	0
65	3466.958893299103	0.13911819114856633	0.0	1
66	3522.5804493427277	0.13911819114856633	0.0	2
67	3578.2716767787933	0.13911819114856633	0.0	3
68	3633.8564598560333	0.14016938674217577	0.0010511955936094441	0
