1	7.194807052612305	0.01583066994639887	10000000000.015831	0
2	12.069362163543701	0.031122215076543756	0.015291545130144885	0
3	16.964245080947876	0.031122215076543756	0.0	1
4	21.766900777816772	0.034950240333934596	0.00382802525739084	0
5	26.734928846359253	0.034950240333934596	0.0	1
6	31.639798879623413	0.037171210842332734	0.0022209705083981388	0
7	36.57776641845703	0.03931098263124297	0.0021397717889102344	0
8	41.55430030822754	0.04218597640876827	0.0028749937775253004	0
9	46.50841951370239	0.04260785561808939	0.00042187920932112294	0
10	51.45717644691467	0.04863169611483321	0.006023840496743815	0
11	56.47318434715271	0.04944729783545727	0.0008156017206240596	0
12	61.51261854171753	0.05099858823029891	0.0015512903948416423	0
13	66.58981609344482	0.061181750433377056	0.010183162203078147	0
14	71.71965146064758	0.061181750433377056	0.0	1
15	76.86745023727417	0.07948781346631371	0.018306063032936658	0
16	82.0415530204773	0.07948781346631371	0.0	1
17	87.18298625946045	0.08212918992164074	0.002641376455327027	0
18	92.34612703323364	0.08212918992164074	0.0	1
19	97.52200841903687	0.08408958972662106	0.00196039980498032	0
20	102.69863271713257	0.08515182106212518	0.0010622313355041213	0
21	107.85071635246277	0.08641979669345014	0.0012679756313249552	0
22	113.0047025680542	0.08747116615032327	0.001051369456873133	0
23	118.16033554077148	0.08867690788394865	0.001205741733625379	0
24	123.27699136734009	0.088809565554137	0.00013265767018834362	0
25	128.41335272789001	0.08925030892756745	0.00044074337343046055	0
26	133.58278512954712	0.0908324371749672	0.0015821282473997417	0
27	138.8210678100586	0.09145813445816153	0.0006256972831943375	0
28	144.027489900589	0.09438060205736974	0.002922467599208209	0
29	149.1919186115265	0.09438060205736974	0.0	1
30	154.38469624519348	0.09438060205736974	0.0	2
31	159.58596348762512	0.09438060205736974	0.0	3
32	164.7785792350769	0.09454318251030734	0.0001625804529375996	0
33	169.92991471290588	0.09542166782819526	0.0008784853178879226	0
34	175.1232693195343	0.09549722514231165	7.555731411638955e-05	0
35	180.32010316848755	0.09844215770532702	0.0029449325630153678	0
36	185.55400562286377	0.09844215770532702	0.0	1
37	190.70327854156494	0.09844215770532702	0.0	2
38	195.93560481071472	0.0993030828335832	0.000860925128256182	0
39	201.12598609924316	0.0993030828335832	0.0	1
40	206.33343052864075	0.09974771525370127	0.0004446324201180657	0
41	211.5527412891388	0.1019181693333021	0.002170454079600828	0
42	216.7693223953247	0.1019181693333021	0.0	1
43	222.00077557563782	0.1019181693333021	0.0	2
44	227.2078504562378	0.1019181693333021	0.0	3
45	232.4105474948883	0.1019181693333021	0.0	4
46	237.62888479232788	0.10245337536309969	0.0005352060297975914	0
47	242.87498688697815	0.10287003409916134	0.0004166587360616564	0
48	248.11595511436462	0.10939179153099231	0.006521757431830963	0
49	253.325923204422	0.10939179153099231	0.0	1
50	258.58810472488403	0.10939179153099231	0.0	2
51	263.82660150527954	0.10939179153099231	0.0	3
52	269.08309173583984	0.10997290661309969	0.0005811150821073835	0
53	274.3030080795288	0.11023323482301817	0.0002603282099184756	0
54	279.57513880729675	0.11078633961827679	0.0005531047952586216	0
55	284.8406648635864	0.11078633961827679	0.0	1
56	290.0752592086792	0.111865545498735	0.001079205880458206	0
57	295.29831194877625	0.11193939163230884	7.384613357384884e-05	0
58	300.56970477104187	0.11246524564866003	0.0005258540163511904	0
59	305.8101007938385	0.11246938176419602	4.136115535985363e-06	0
60	311.040251493454	0.11303587403075806	0.0005664922665620381	0
61	316.26351618766785	0.11303587403075806	0.0	1
62	321.8420732021332	0.11303587403075806	0.0	2
63	327.28816771507263	0.11318831551021363	0.00015244147945557562	0
64	332.8923532962799	0.1140907116022067	0.0009023960919930657	0
65	338.48141717910767	0.11431152709777923	0.00022081549557252667	0
66	343.69939732551575	0.11431152709777923	0.0	1
67	348.94781255722046	0.11431152709777923	0.0	2
68	354.148645401001	0.11497019434618627	0.0006586672484070466	0
69	359.4008135795593	0.11497019434618627	0.0	1
70	364.6045575141907	0.11537289826766303	0.00040270392147676026	0
71	369.8353064060211	0.11537289826766303	0.0	1
72	375.06762409210205	0.1157512704829226	0.000378372215259562	0
73	380.2982850074768	0.11673179523519489	0.0009805247522722965	0
74	385.5540177822113	0.11681522214966734	8.342691447245365e-05	0
75	390.8068115711212	0.11686322671183938	4.8004562172035414e-05	0
76	396.0873351097107	0.1180839115354432	0.0012206848236038237	0
77	401.32837891578674	0.1180839115354432	0.0	1
78	406.5284194946289	0.1180881940621486	4.2825267053958616e-06	0
79	411.7890214920044	0.1208793308423913	0.0027911367802427034	0
80	417.0194799900055	0.1208793308423913	0.0	1
81	422.25759649276733	0.12131719174592391	0.0004378609035326081	0
82	427.4641058444977	0.1223933138411263	0.0010761220952023864	0
83	432.7023980617523	0.1223933138411263	0.0	1
84	437.94395661354065	0.1223933138411263	0.0	2
85	443.1875023841858	0.1223933138411263	0.0	3
86	448.4376118183136	0.12242059207212799	2.7278231001695574e-05	0
87	453.6981837749481	0.12253404242702866	0.00011345035490066546	0
88	458.9256100654602	0.12277560255516771	0.0002415601281390567	0
89	464.15047693252563	0.12404719271223762	0.0012715901570699017	0
90	469.3437068462372	0.12404719271223762	0.0	1
91	474.575945854187	0.1252320708542213	0.001184878141983689	0
92	479.79254484176636	0.1252320708542213	0.0	1
93	485.0129191875458	0.1259619579858508	0.0007298871316294975	0
94	490.2936751842499	0.12600149815229103	3.954016644022729e-05	0
95	495.5360209941864	0.12600149815229103	0.0	1
96	500.76374411582947	0.12600419760822712	2.6994559360893344e-06	0
97	506.018497467041	0.1262424085808658	0.00023821097263868052	0
98	511.26723551750183	0.12645982916744752	0.00021742058658172358	0
99	516.5281975269318	0.12713825277302754	0.0006784236055800141	0
100	521.7432043552399	0.12713825277302754	0.0	1
101	527.002135515213	0.1273306553510354	0.00019240257800787197	0
102	532.2321975231171	0.12736368937113474	3.303402009932621e-05	0
103	537.4798028469086	0.1283161214802755	0.000952432109140755	0
104	542.706841468811	0.12914423220518645	0.0008281107249109576	0
105	547.9614641666412	0.12914423220518645	0.0	1
106	553.1959660053253	0.12976760521106634	0.0006233730058798903	0
107	558.444149017334	0.12976760521106634	0.0	1
108	563.6534404754639	0.12976760521106634	0.0	2
109	568.8944511413574	0.13006745528602884	0.0002998500749624988	0
110	574.1573038101196	0.13006745528602884	0.0	1
111	579.4161064624786	0.13058977713291792	0.0005223218468890789	0
112	584.6463425159454	0.13126104489259277	0.000671267759674854	0
113	589.9110207557678	0.13126104489259277	0.0	1
114	595.1572790145874	0.13126104489259277	0.0	2
115	600.4198596477509	0.13126104489259277	0.0	3
116	605.6669664382935	0.13197903611670725	0.0007179912241144781	0
117	610.9330899715424	0.13210882961839393	0.00012979350168668136	0
118	616.1859049797058	0.13238260935450244	0.00027377973610850925	0
119	621.4317216873169	0.13385395010014522	0.0014713407456427852	0
120	626.706175327301	0.13385395010014522	0.0	1
121	631.9857409000397	0.13385395010014522	0.0	2
122	637.442263841629	0.13385395010014522	0.0	3
123	643.1372900009155	0.13385395010014522	0.0	4
124	648.8133609294891	0.13385395010014522	0.0	5
125	654.4995269775391	0.13442550270275017	0.0005715526026049411	0
126	659.6705627441406	0.13455471971045727	0.00012921700770709976	0
127	664.9244799613953	0.13580715745642802	0.0012524377459707525	0
128	670.1802570819855	0.13580715745642802	0.0	1
129	675.4490671157837	0.13588211997516866	7.496251874064552e-05	0
130	680.7093849182129	0.13588211997516866	0.0	1
131	685.956868648529	0.13664286326075242	0.0007607432855837593	0
132	691.1596069335938	0.13664286326075242	0.0	1
133	696.4165163040161	0.13664286326075242	0.0	2
134	701.6465237140656	0.1368677508169743	0.00022488755622188106	0
135	706.9010615348816	0.1368677508169743	0.0	1
136	712.1733345985413	0.13702642392182815	0.0001586731048538459	0
137	717.4329788684845	0.13704014996896083	1.3726047132678332e-05	0
138	722.6916873455048	0.13709754314737163	5.7393178410802825e-05	0
139	727.9641032218933	0.13709754314737163	0.0	1
140	733.1933090686798	0.13752277608754215	0.0004252329401705224	0
141	738.467276096344	0.13752277608754215	0.0	1
142	743.7230253219604	0.13779923697819058	0.0002764608906484223	0
143	749.006908416748	0.13779923697819058	0.0	1
144	754.2532587051392	0.13816176933505903	0.0003625323568684502	0
145	759.511744260788	0.13816176933505903	0.0	1
146	764.7771880626678	0.13816176933505903	0.0	2
147	770.0666944980621	0.13850804090142427	0.0003462715663652416	0
148	775.2974274158478	0.1385180151623407	9.974260916423283e-06	0
149	780.5691902637482	0.1385180151623407	0.0	1
150	785.800112247467	0.13866794019982195	0.0001499250374812633	0
151	791.096862077713	0.13866794019982195	0.0	1
152	796.3612177371979	0.13889282775604384	0.00022488755622188106	0
153	801.6513986587524	0.13889282775604384	0.0	1
154	806.8913769721985	0.13889282775604384	0.0	2
155	812.1788644790649	0.13930050965728072	0.00040768190123688375	0
156	817.430695772171	0.13958290935098855	0.0002823996937078299	0
157	822.6976702213287	0.1399625535132824	0.00037964416229385733	0
158	827.9505000114441	0.14047172580701836	0.0005091722937359544	0
159	833.2357730865479	0.14057644639594263	0.00010472058892427305	0
160	838.5450639724731	0.14086926873477323	0.0002928223388306006	0
161	843.8101277351379	0.14086926873477323	0.0	1
162	849.0905342102051	0.14086926873477323	0.0	2
163	854.3895823955536	0.14098851148156388	0.00011924274679064872	0
164	859.638747215271	0.14098851148156388	0.0	1
165	864.9267296791077	0.14098851148156388	0.0	2
166	870.163088798523	0.14122136929582083	0.00023285781425694263	0
167	875.4601023197174	0.1415061115682393	0.00028474227241848116	0
168	880.7222843170166	0.14166058450267052	0.00015447293443121568	0
169	886.0093472003937	0.1418569584836488	0.00019637398097827052	0
170	891.2592971324921	0.1418569584836488	0.0	1
171	896.5786285400391	0.14238981278403767	0.0005328543003888797	0
172	901.8615462779999	0.14238981278403767	0.0	1
173	907.1641004085541	0.1427091355445324	0.0003193227604947335	0
174	912.4438331127167	0.1427091355445324	0.0	1
175	917.7660553455353	0.1427091355445324	0.0	2
176	923.0710489749908	0.14300898561949493	0.0002998500749625266	0
177	928.375189781189	0.14300898561949493	0.0	1
178	933.6530866622925	0.14315386862232946	0.0001448830028345227	0
179	938.952764749527	0.14324011395181316	8.624532948370289e-05	0
180	944.2834696769714	0.14324011395181316	0.0	1
181	949.6052510738373	0.14349566549732945	0.00025555154551629156	0
182	955.1312611103058	0.14349566549732945	0.0	1
183	960.8871550559998	0.14349566549732945	0.0	2
184	966.6636097431183	0.14382028651201742	0.0003246210146879702	0
185	972.5164606571198	0.14382028651201742	0.0	1
186	977.7526490688324	0.14390292646645425	8.263995443683059e-05	0
187	983.060789346695	0.14406734620970763	0.0001644197432533745	0
188	988.3458342552185	0.14419338792517802	0.00012604171547039855	0
189	993.6374163627625	0.14438044649550225	0.00018705857032422224	0
190	998.9631004333496	0.1445991024263259	0.00021865593082365242	0
191	1004.2884321212769	0.1445991024263259	0.0	1
192	1009.5749607086182	0.1445991024263259	0.0	2
193	1014.8967278003693	0.1445991024263259	0.0	3
194	1020.1680254936218	0.14477576580362161	0.00017666337729571602	0
195	1025.4741036891937	0.14489099139395145	0.00011522559032983715	0
196	1030.8204822540283	0.14519071335914074	0.0002997219651892924	0
197	1036.1406157016754	0.14519071335914074	0.0	1
198	1041.4058754444122	0.14529656863462798	0.00010585527548723217	0
199	1046.7292301654816	0.14529656863462798	0.0	1
200	1052.0330464839935	0.14562675327375374	0.00033018463912576346	0
201	1057.3453879356384	0.14575381071671195	0.00012705744295821164	0
202	1062.6528730392456	0.14575381071671195	0.0	1
203	1067.9625499248505	0.1458056036678926	5.1792951180656965e-05	0
204	1073.2840321063995	0.1458056036678926	0.0	1
205	1078.6102600097656	0.14622028585316715	0.00041468218527454526	0
206	1083.921403169632	0.14647710019501967	0.0002568143418525126	0
207	1089.2356202602386	0.14647710019501967	0.0	1
208	1094.5675148963928	0.14648226118874155	5.160993721886609e-06	0
209	1099.920899629593	0.14648226118874155	0.0	1
210	1105.2314219474792	0.1465432505915011	6.098940275955922e-05	0
211	1110.543615579605	0.1473706475619612	0.0008273969704600814	0
212	1115.8350780010223	0.14744561008070184	7.496251874064552e-05	0
213	1121.1588451862335	0.14744561008070184	0.0	1
214	1126.468148469925	0.14784527597041322	0.0003996658897113814	0
215	1131.7905905246735	0.14784527597041322	0.0	1
216	1137.1093845367432	0.14784527597041322	0.0	2
217	1142.4741117954254	0.14790412410982007	5.884813940684741e-05	0
218	1147.796487569809	0.1480452736278345	0.00014114951801444398	0
219	1153.1405138969421	0.14813606685426817	9.079322643365528e-05	0
220	1158.4976103305817	0.14813606685426817	0.0	1
221	1163.8296506404877	0.14813606685426817	0.0	2
222	1169.1813254356384	0.14819234364751216	5.627679324399226e-05	0
223	1174.5049686431885	0.14819234364751216	0.0	1
224	1179.8406567573547	0.14848284170902828	0.00029049806151612567	0
225	1185.1821730136871	0.14885675753431876	0.0003739158252904773	0
226	1190.5155682563782	0.14885675753431876	0.0	1
227	1195.8392300605774	0.14885675753431876	0.0	2
228	1201.1774382591248	0.14920607628314747	0.0003493187488287086	0
229	1206.5144424438477	0.14920607628314747	0.0	1
230	1211.8362441062927	0.14920607628314747	0.0	2
231	1217.1639568805695	0.14955415053703616	0.0003480742538886916	0
232	1222.4983806610107	0.14955415053703616	0.0	1
233	1227.8202781677246	0.14958106274011432	2.691220307815545e-05	0
234	1233.139503955841	0.14958106274011432	0.0	1
235	1238.4717845916748	0.1499999176437172	0.00041885490360288324	0
236	1243.771889925003	0.1499999176437172	0.0	1
237	1249.1130073070526	0.15013343547952585	0.00013351783580864418	0
238	1254.445065021515	0.15013343547952585	0.0	1
239	1259.7789928913116	0.151115598206756	0.0009821627272301459	0
240	1265.1308488845825	0.151115598206756	0.0	1
241	1270.4422190189362	0.151115598206756	0.0	2
242	1275.969725370407	0.151115598206756	0.0	3
243	1281.749086856842	0.151115598206756	0.0	4
244	1287.534026145935	0.15134968221455677	0.0002340840078007833	0
245	1293.4450204372406	0.15134968221455677	0.0	1
246	1298.7382850646973	0.1514879035091829	0.00013822129462612298	0
247	1304.0549256801605	0.1514879035091829	0.0	1
248	1309.4187729358673	0.15171001840388398	0.00022211489470108647	0
249	1314.6928126811981	0.15185067378420164	0.0001406553803176558	0
250	1320.0123631954193	0.15187044844277078	1.9774658569143844e-05	0
251	1325.369464635849	0.1520940549012603	0.00022360645848951144	0
252	1330.675756931305	0.1520940549012603	0.0	1
253	1335.9945213794708	0.15218492133327866	9.086643201836053e-05	0
254	1341.295235157013	0.15222156072842483	3.663939514617076e-05	0
255	1346.6267511844635	0.15257445740020614	0.00035289667178131645	0
256	1351.922355413437	0.15257445740020614	0.0	1
257	1357.2245934009552	0.15265674962811562	8.229222790948065e-05	0
258	1362.525675535202	0.1527868359521411	0.0001300863240254746	0
259	1367.8569781780243	0.1528675542599794	8.071830783829004e-05	0
260	1373.156127691269	0.15298013529856164	0.000112581038582249	0
261	1378.4870913028717	0.15380864865418853	0.000828513355626892	0
262	1383.81977891922	0.15380864865418853	0.0	1
263	1389.1276206970215	0.15380864865418853	0.0	2
264	1394.4611892700195	0.15380864865418853	0.0	3
265	1399.786973953247	0.15380864865418853	0.0	4
266	1405.0980010032654	0.15380864865418853	0.0	5
267	1410.3939852714539	0.1539802791475356	0.0001716304933470636	0
268	1415.7182321548462	0.15439094417634933	0.0004106650288137337	0
269	1421.0055570602417	0.15442086695909857	2.9922782749242094e-05	0
270	1426.3284232616425	0.15442086695909857	0.0	1
271	1431.5894756317139	0.1544950242164074	7.415725730883227e-05	0
272	1436.9055004119873	0.1544950242164074	0.0	1
273	1442.2368750572205	0.15450483376475824	9.809548350836472e-06	0
274	1447.5748240947723	0.15486696349091078	0.0003621297261525436	0
275	1452.8864114284515	0.15486696349091078	0.0	1
276	1458.1882228851318	0.15511652132917916	0.00024955783826838274	0
277	1463.4863376617432	0.15571927781226574	0.0006027564830865806	0
278	1468.823115825653	0.15571927781226574	0.0	1
279	1474.05135679245	0.15571927781226574	0.0	2
280	1479.4248836040497	0.15571927781226574	0.0	3
281	1484.599693775177	0.15571927781226574	0.0	4
282	1489.9341502189636	0.15579394750866754	7.466969640179677e-05	0
283	1495.1635496616364	0.15601883506488942	0.00022488755622188106	0
284	1500.3683497905731	0.1560288459285982	1.0010863708775908e-05	0
285	1505.553650379181	0.1560288459285982	0.0	1
286	1510.8627316951752	0.15649348177473763	0.0004646358461394273	0
287	1516.1778399944305	0.15649348177473763	0.0	1
288	1521.4828841686249	0.15649348177473763	0.0	2
289	1526.8017342090607	0.15649348177473763	0.0	3
290	1532.1337568759918	0.15684428293665667	0.0003508011619190454	0
291	1537.4557750225067	0.15703533121134744	0.00019104827469076935	0
292	1542.6707239151	0.15705432806057906	1.8996849231622814e-05	0
293	1547.9983880519867	0.15705432806057906	0.0	1
294	1553.3664507865906	0.1572726820183658	0.00021835395778674327	0
295	1558.70596241951	0.15789006131699773	0.000617379298631926	0
296	1564.0900084972382	0.15789006131699773	0.0	1
297	1569.4219665527344	0.15789006131699773	0.0	2
298	1574.788773059845	0.15789006131699773	0.0	3
299	1580.091787815094	0.15800069325688718	0.00011063193988944398	0
300	1585.4560582637787	0.15844461192255432	0.0004439186656671479	0
301	1590.8161928653717	0.15844461192255432	0.0	1
302	1596.3443067073822	0.15844461192255432	0.0	2
303	1602.1600499153137	0.15870965274198837	0.00026504081943404256	0
304	1607.9330234527588	0.15870965274198837	0.0	1
305	1613.7345294952393	0.15870965274198837	0.0	2
306	1619.0227508544922	0.15871146458020988	1.8118382215104312e-06	0
307	1624.3968358039856	0.15874995241636994	3.848783616006157e-05	0
308	1629.6890115737915	0.15924011871017615	0.0004901662938062157	0
309	1635.0533163547516	0.15924011871017615	0.0	1
310	1640.2607340812683	0.15932805691880622	8.79382086300673e-05	0
311	1645.6372330188751	0.15932805691880622	0.0	1
312	1650.941470861435	0.15950450067934782	0.00017644376054160027	0
313	1656.300751209259	0.15950450067934782	0.0	1
314	1661.624525308609	0.15950450067934782	0.0	2
315	1667.0096032619476	0.15959699593562593	9.249525627810784e-05	0
316	1672.358594417572	0.15959699593562593	0.0	1
317	1677.7666614055634	0.15959699593562593	0.0	2
318	1683.1399924755096	0.15977642282374438	0.0001794268881184502	0
319	1688.5288865566254	0.16025787765297037	0.0004814548292259857	0
320	1693.7031891345978	0.16025787765297037	0.0	1
321	1699.055496454239	0.16025787765297037	0.0	2
322	1704.387464761734	0.16025787765297037	0.0	3
323	1709.7642767429352	0.16032145670328896	6.357905031859068e-05	0
324	1715.0955572128296	0.16077620979549287	0.00045475309220391336	0
325	1720.4605731964111	0.16079407195816153	1.7862162668663695e-05	0
326	1725.793471813202	0.16079407195816153	0.0	1
327	1731.1395604610443	0.16080088007753934	6.808119377810229e-06	0
328	1736.362230539322	0.16088927582107382	8.83957435344751e-05	0
329	1741.7193126678467	0.16115559773824023	0.0002663219171664122	0
330	1746.9058740139008	0.16121478445347637	5.9186715236136944e-05	0
331	1752.267864704132	0.16137171892569338	0.00015693447221701295	0
332	1757.4661405086517	0.16166327846818776	0.00029155954249437954	0
333	1762.864420413971	0.16166327846818776	0.0	1
334	1768.2148575782776	0.16200906504755433	0.0003457865793665693	0
335	1773.6158573627472	0.16200906504755433	0.0	1
336	1778.9617426395416	0.16237075554019864	0.0003616904926443121	0
337	1784.317548751831	0.16237075554019864	0.0	1
338	1789.6759378910065	0.16237075554019864	0.0	2
339	1795.0786640644073	0.16237075554019864	0.0	3
340	1800.4209189414978	0.1623852136431784	1.445810297975858e-05	0
341	1805.7857639789581	0.16275449921523613	0.0003692855720577315	0
342	1811.0166232585907	0.16275449921523613	0.0	1
343	1816.406328678131	0.16275449921523613	0.0	2
344	1821.7214465141296	0.16275449921523613	0.0	3
345	1827.1314659118652	0.1628192678563062	6.476864107007874e-05	0
346	1832.3673868179321	0.16320255399643926	0.0003832861401330545	0
347	1837.766138792038	0.16320255399643926	0.0	1
348	1843.0355503559113	0.16320255399643926	0.0	2
349	1848.444786310196	0.16325006442091453	4.7510424475261104e-05	0
350	1853.6489129066467	0.16325006442091453	0.0	1
351	1859.037344455719	0.1633134970600637	6.343263914918018e-05	0
352	1864.4479620456696	0.1633134970600637	0.0	1
353	1869.812789440155	0.16374524529727322	0.0004317482372095116	0
354	1875.0656325817108	0.16374524529727322	0.0	1
355	1880.4441833496094	0.16374524529727322	0.0	2
356	1885.7602722644806	0.16374524529727322	0.0	3
357	1891.1485843658447	0.16374524529727322	0.0	4
358	1896.4528050422668	0.16374524529727322	0.0	5
359	1901.8624613285065	0.16385498046875	0.00010973517147677692	0
360	1907.119408607483	0.1642715202457365	0.00041653977698649647	0
361	1912.5066747665405	0.16446529542845764	0.0001937751827211509	0
362	1918.1897284984589	0.16446529542845764	0.0	1
363	1924.0925016403198	0.16446529542845764	0.0	2
364	1929.83806848526	0.16446529542845764	0.0	3
365	1935.6939947605133	0.16474697221701648	0.0002816767885588378	0
366	1940.9899954795837	0.16474697221701648	0.0	1
367	1946.4184489250183	0.16474697221701648	0.0	2
368	1951.7743151187897	0.16475394504895988	6.97283194339704e-06	0
369	1957.1482818126678	0.1649049315674194	0.00015098651845951716	0
370	1962.4710109233856	0.1649719146774269	6.69831100074958e-05	0
371	1967.8587951660156	0.16511631269326274	0.00014439801583585044	0
372	1973.198133468628	0.1651871207950712	7.080810180845609e-05	0
373	1978.569486618042	0.1651871207950712	0.0	1
374	1983.9177374839783	0.16526561548327398	7.849468820278482e-05	0
375	1989.3037369251251	0.1653564270111038	9.08115278298316e-05	0
376	1994.6121287345886	0.16539954510049662	4.311808939280737e-05	0
377	2000.0074305534363	0.16555109896223763	0.0001515538617410106	0
378	2005.393057346344	0.16555109896223763	0.0	1
379	2010.8001637458801	0.1657730582950712	0.00022195933283356006	0
380	2015.992047548294	0.1657730582950712	0.0	1
381	2021.3761274814606	0.16607290837003372	0.0002998500749625266	0
382	2026.7632374763489	0.16615434958302097	8.144121298725437e-05	0
383	2032.12482047081	0.16615434958302097	0.0	1
384	2037.4853138923645	0.16643251250351385	0.00027816292049287483	0
385	2042.8509638309479	0.1666686920211769	0.00023617951766305434	0
386	2048.2394428253174	0.1666686920211769	0.0	1
387	2053.636108636856	0.1666686920211769	0.0	2
388	2059.0348625183105	0.16669963968211204	3.094766093514334e-05	0
389	2064.4227302074432	0.16669963968211204	0.0	1
390	2069.82421207428	0.16701078171851574	0.00031114203640369986	0
391	2075.2124450206757	0.16701078171851574	0.0	1
392	2080.6120064258575	0.16708691552661167	7.613380809592951e-05	0
393	2086.003319501877	0.1671752014617691	8.828593515741723e-05	0
394	2091.2114717960358	0.16731302927637742	0.00013782781460833227	0
395	2096.610086917877	0.16744651966009183	0.00013349038371440747	0
396	2101.963616847992	0.16744651966009183	0.0	1
397	2107.3447873592377	0.16744651966009183	0.0	2
398	2112.7103986740112	0.1680537965880341	0.0006072769279422685	0
399	2118.0864877700806	0.1680537965880341	0.0	1
400	2123.4710187911987	0.1680537965880341	0.0	2
401	2128.831596136093	0.1680537965880341	0.0	3
402	2134.2018065452576	0.1680537965880341	0.0	4
403	2139.5818297863007	0.1680537965880341	0.0	5
404	2144.948056936264	0.1681370313378467	8.32347498125885e-05	0
405	2150.3457596302032	0.1682256466981353	8.86153602886186e-05	0
406	2155.732810020447	0.16838183081310906	0.0001561841149737564	0
407	2161.1537816524506	0.16838183081310906	0.0	1
408	2166.5424852371216	0.16840326174803222	2.143093492315562e-05	0
409	2171.91193151474	0.16840326174803222	0.0	1
410	2177.2699196338654	0.16853052965704646	0.00012726790901423923	0
411	2182.678201198578	0.16853052965704646	0.0	1
412	2188.058376312256	0.16868960539261618	0.00015907573556972476	0
413	2193.442373752594	0.16868960539261618	0.0	1
414	2198.838569164276	0.1687727486354479	8.314324283170693e-05	0
415	2204.2326068878174	0.1688211009241473	4.8352288699399226e-05	0
416	2209.6312894821167	0.16884189131020427	2.079038605698469e-05	0
417	2215.002354621887	0.16911094013540104	0.000269048825196766	0
418	2220.3931612968445	0.16911094013540104	0.0	1
419	2225.767552614212	0.16913235276892802	2.1412633526979308e-05	0
420	2231.2089698314667	0.16913235276892802	0.0	1
421	2236.626314163208	0.16928041106399924	0.00014805829507122392	0
422	2242.32980799675	0.1695233987010401	0.00024298763704086457	0
423	2248.200632095337	0.16952391114013304	5.124390929367451e-07	1
424	2254.014899492264	0.1696866837577305	0.00016277261759745087	0
425	2259.961591720581	0.1696866837577305	0.0	1
426	2265.3102378845215	0.16974522992410043	5.854616636993826e-05	0
427	2270.7059819698334	0.16986728193520426	0.00012205201110382369	0
428	2276.108139514923	0.16986728193520426	0.0	1
429	2281.4920370578766	0.1701327802895427	0.00026549835433845037	0
430	2286.902931213379	0.17061672410864878	0.0004839438191060752	0
431	2292.2774605751038	0.17061672410864878	0.0	1
432	2297.657994031906	0.17061672410864878	0.0	2
433	2303.0484273433685	0.17061672410864878	0.0	3
434	2308.455179452896	0.17076284245572526	0.0001461183470764793	0
435	2313.831934928894	0.17076284245572526	0.0	1
436	2319.0055692195892	0.17083780497446588	7.496251874061777e-05	0
437	2324.3824446201324	0.17091988673631933	8.208176185345306e-05	0
438	2329.7765913009644	0.17099565451649174	7.576778017240327e-05	0
439	2335.1529359817505	0.17107363676560156	7.798224910982032e-05	0
440	2340.586944103241	0.17107363676560156	0.0	1
441	2345.969712972641	0.17145866153837142	0.0003850247727698597	0
442	2351.351755619049	0.17145866153837142	0.0	1
443	2356.76939201355	0.17145866153837142	0.0	2
444	2362.184918165207	0.17168043785724324	0.0002217763188718247	0
445	2367.5467817783356	0.17169454823369565	1.4110376452408646e-05	0
446	2372.925560235977	0.17169454823369565	0.0	1
447	2378.306029319763	0.17193424161942464	0.00023969338572898957	0
448	2383.664725780487	0.17193424161942464	0.0	1
449	2389.0172004699707	0.17193424161942464	0.0	2
450	2394.3923013210297	0.1722285280699494	0.0002942864505247611	0
451	2399.782395839691	0.1722844937394584	5.596566950899495e-05	0
452	2405.1419048309326	0.17231979713268364	3.530339322524445e-05	0
453	2410.5143690109253	0.17259065779610194	0.00027086066341830417	0
454	2415.8830392360687	0.17259065779610194	0.0	1
455	2421.275504589081	0.17259065779610194	0.0	2
456	2426.689320087433	0.172688734978214	9.807718211204963e-05	0
457	2432.0600986480713	0.17287573864434969	0.0001870036661356933	0
458	2437.407556295395	0.17287573864434969	0.0	1
459	2442.805530309677	0.17287573864434969	0.0	2
460	2448.170303583145	0.17314584895052473	0.0002701103061750476	0
461	2453.5422756671906	0.17314584895052473	0.0	1
462	2458.8941044807434	0.17314584895052473	0.0	2
463	2464.296543121338	0.17314584895052473	0.0	3
464	2469.6416742801666	0.17331226354596138	0.00016641459543664805	0
465	2475.0460608005524	0.1733149355498032	2.672003841824866e-06	0
466	2480.4358587265015	0.1733149355498032	0.0	1
467	2485.804793357849	0.17369626344054534	0.0003813278907421336	0
468	2491.18998503685	0.17378299375702772	8.673031648237517e-05	0
469	2496.544312953949	0.1738472865617972	6.429280476949462e-05	0
470	2501.897700548172	0.1738472865617972	0.0	1
471	2507.279210805893	0.17403696223177473	0.00018967566997751817	0
472	2512.606789827347	0.17414188413605697	0.00010492190428224024	0
473	2518.0028326511383	0.17414188413605697	0.0	1
474	2523.173016309738	0.17440646742058658	0.000264583284529607	0
475	2528.558575630188	0.17440646742058658	0.0	1
476	2533.939943790436	0.17440646742058658	0.0	2
477	2539.302082300186	0.17440646742058658	0.0	3
478	2544.6889469623566	0.1745413670118066	0.00013489959122001127	0
479	2550.0765709877014	0.17465307873407046	0.00011171172226387416	0
480	2555.4207458496094	0.17465307873407046	0.0	1
481	2560.7785806655884	0.1746891873887275	3.610865465702995e-05	0
482	2566.23633146286	0.1746891873887275	0.0	1
483	2572.0107140541077	0.17519653869354385	0.0005073513048163558	0
484	2577.7375004291534	0.17519653869354385	0.0	1
485	2583.5679869651794	0.17519653869354385	0.0	2
486	2588.705995082855	0.17519653869354385	0.0	3
487	2594.0957868099213	0.17519653869354385	0.0	4
488	2599.447384119034	0.17519653869354385	0.0	5
489	2604.8341093063354	0.17529371910724323	9.718041369938257e-05	0
490	2610.212239742279	0.1753764963221514	8.277721490818069e-05	0
491	2615.6035435199738	0.17549638876850637	0.00011989244635496332	0
492	2621.0280067920685	0.17549638876850637	0.0	1
493	2626.4144163131714	0.17588172466501123	0.000385335896504857	0
494	2631.7792580127716	0.17588172466501123	0.0	1
495	2637.160405397415	0.17588172466501123	0.0	2
496	2642.5448608398438	0.17588172466501123	0.0	3
497	2647.9430961608887	0.17595696170469452	7.523703968329021e-05	0
498	2653.326535463333	0.1762431223353167	0.0002861606306221731	0
499	2658.735094308853	0.1762431223353167	0.0	1
500	2664.127087831497	0.1762431223353167	0.0	2
501	2669.493271589279	0.1762431223353167	0.0	3
502	2674.864305973053	0.1762431223353167	0.0	4
503	2680.2611672878265	0.17625653725871437	1.3414923397681022e-05	0
504	2685.6452894210815	0.1768341476234539	0.0005776103647395225	0
505	2691.053525209427	0.1768341476234539	0.0	1
506	2696.399424314499	0.1768341476234539	0.0	2
507	2701.8085350990295	0.1768341476234539	0.0	3
508	2707.2164494991302	0.17692794227886055	9.379465540665377e-05	0
509	2712.594328403473	0.17712155274901611	0.0001936104701555641	0
510	2717.95414686203	0.17712155274901611	0.0	1
511	2723.3502900600433	0.17715178665550035	3.0233906484239403e-05	0
512	2728.7244498729706	0.1773076596467391	0.00015587299123875908	0
513	2734.123715162277	0.1773076596467391	0.0	1
514	2739.4727165699005	0.17734256040924848	3.490076250936558e-05	0
515	2744.890973329544	0.17741227042728636	6.971001803787735e-05	0
516	2750.290874481201	0.17753260210714955	0.00012033167986319482	0
517	2755.688418865204	0.17753316945043102	5.67343281465682e-07	1
518	2761.0477817058563	0.1779418762298538	0.000408706779422785	0
519	2766.4256319999695	0.1779418762298538	0.0	1
520	2771.831558704376	0.1779418762298538	0.0	2
521	2777.211203098297	0.17823054415175224	0.00028866792189843893	0
522	2782.589011669159	0.17823054415175224	0.0	1
523	2788.0005991458893	0.17823054415175224	0.0	2
524	2793.3855714797974	0.17823054415175224	0.0	3
525	2798.7721841335297	0.17823054415175224	0.0	4
526	2804.15731048584	0.17823235598997375	1.8118382215104312e-06	0
527	2809.5525262355804	0.17825779493065966	2.5438940685906797e-05	0
528	2814.904539823532	0.1784529976222826	0.00019520269162293102	0
529	2820.283276081085	0.17869115369073274	0.00023815606845015158	0
530	2825.642041683197	0.17869115369073274	0.0	1
531	2831.0378382205963	0.17869115369073274	0.0	2
532	2836.4118118286133	0.17869115369073274	0.0	3
533	2841.8011503219604	0.1792303494248969	0.0005391957341641662	0
534	2847.1383888721466	0.1792303494248969	0.0	1
535	2852.5377037525177	0.1792303494248969	0.0	2
536	2857.9035861492157	0.1792303494248969	0.0	3
537	2863.27893948555	0.1792303494248969	0.0	4
538	2868.6618432998657	0.17930531194363755	7.496251874064552e-05	0
539	2874.0249462127686	0.17930531194363755	0.0	1
540	2879.4158816337585	0.17930531194363755	0.0	2
541	2884.798335313797	0.17930531194363755	0.0	3
542	2890.4554879665375	0.17938027446237817	7.496251874061777e-05	0
543	2896.3118646144867	0.1795946753185907	0.00021440085621252103	0
544	2902.148422241211	0.1795946753185907	0.0	1
545	2907.997614622116	0.1795946753185907	0.0	2
546	2913.3341588974	0.1795946753185907	0.0	3
547	2918.7235839366913	0.1795946753185907	0.0	4
548	2924.0891637802124	0.17960490579905358	1.0230480462891656e-05	0
549	2929.457995891571	0.1796539535408077	4.904774175412685e-05	0
550	2934.8288547992706	0.17982353427778297	0.0001695807369752611	0
551	2940.2230451107025	0.17982353427778297	0.0	1
552	2945.567220211029	0.17988854083700337	6.500655922039855e-05	0
553	2950.969268798828	0.18008127284014241	0.0001927320031390456	0
554	2956.3167400360107	0.18008127284014241	0.0	1
555	2961.70614695549	0.18008127284014241	0.0	2
556	2967.1085476875305	0.18018597512767054	0.0001047022875281245	0
557	2972.488413333893	0.18018597512767054	0.0	1
558	2977.829245328903	0.1802001770111038	1.4201883433262452e-05	0
559	2983.2377514839172	0.1802977600555191	9.75830444152892e-05	0
560	2988.6438302993774	0.18041748778930847	0.00011972773378937651	0
561	2994.058427810669	0.18041748778930847	0.0	1
562	2999.450031518936	0.18041748778930847	0.0	2
563	3004.814905166626	0.18053767305800222	0.00012018526869375656	0
564	3010.1552727222443	0.18069180741660418	0.0001541343586019539	0
565	3015.531838655472	0.18071051144349698	1.8704026892801817e-05	0
566	3020.928950071335	0.18091038099114504	0.0001998695476480572	0
567	3026.336860895157	0.18091038099114504	0.0	1
568	3031.724555015564	0.18091387655781482	3.495566669786676e-06	0
569	3037.110367536545	0.18106241068918663	0.00014853413137180804	0
570	3042.490863800049	0.18113876411403673	7.635342485010077e-05	0
571	3047.8594057559967	0.18113876411403673	0.0	1
572	3053.266869544983	0.18143224530312968	0.00029348118909294785	0
573	3058.6591715812683	0.18143224530312968	0.0	1
574	3064.0395097732544	0.18143224530312968	0.0	2
575	3069.4822261333466	0.18143224530312968	0.0	3
576	3074.858147382736	0.18143224530312968	0.0	4
577	3080.2533671855927	0.18153983921125375	0.00010759390812406511	0
578	3085.6352155208588	0.18153983921125375	0.0	1
579	3091.014820098877	0.18166648487279796	0.00012664566154421686	0
580	3096.423460960388	0.1817230544883808	5.6569615582841015e-05	0
581	3101.8045711517334	0.18213820335925787	0.000415148870877069	0
582	3107.1927087306976	0.18213820335925787	0.0	1
583	3112.5791566371918	0.18213820335925787	0.0	2
584	3117.9696323871613	0.1822477921195652	0.00010958876030733866	0
585	3123.3661279678345	0.18228067972849513	3.288760892991571e-05	0
586	3128.735141992569	0.18255726872891678	0.00027658900042165646	0
587	3134.1446793079376	0.18255726872891678	0.0	1
588	3139.5318665504456	0.18269471221420538	0.00013744348528860195	0
589	3144.934799194336	0.18269471221420538	0.0	1
590	3150.328464269638	0.18269471221420538	0.0	2
591	3155.748609304428	0.18269471221420538	0.0	3
592	3161.119844675064	0.18269471221420538	0.0	4
593	3166.529075860977	0.18282333442653673	0.00012862221233134186	0
594	3171.8645889759064	0.18289829694527734	7.496251874061777e-05	0
595	3177.2734866142273	0.182973259464018	7.496251874064552e-05	0
596	3182.6532983779907	0.183056329501265	8.307003724700168e-05	0
597	3188.023535013199	0.1832225427813437	0.00016621328007870861	0
598	3193.409675359726	0.1832225427813437	0.0	1
599	3198.824627161026	0.18322914958536354	6.606804019843038e-06	0
600	3204.2252752780914	0.18322914958536354	0.0	1
601	3209.6102151870728	0.18336983241777546	0.00014068283241192026	0
602	3215.270660161972	0.18336983241777546	0.0	1
603	3221.1134984493256	0.1835223928563062	0.00015256043853073553	0
604	3226.842371702194	0.1835223928563062	0.0	1
605	3232.7942135334015	0.1835223928563062	0.0	2
606	3237.945492506027	0.18369605480462892	0.00017366194832271753	0
607	3243.332767009735	0.18369605480462892	0.0	1
608	3248.7067079544067	0.18369605480462892	0.0	2
609	3254.0910880565643	0.1841224407327586	0.00042638592812968557	0
610	3259.3919842243195	0.18424028342274174	0.00011784268998313308	0
611	3264.7841353416443	0.18454253098060344	0.00030224755786170676	0
612	3270.1607205867767	0.18454253098060344	0.0	1
613	3275.543897151947	0.18454253098060344	0.0	2
614	3280.7415091991425	0.18463923555800224	9.670457739879845e-05	0
615	3286.126133441925	0.18463923555800224	0.0	1
616	3291.518297433853	0.18463923555800224	0.0	2
617	3296.9372754096985	0.18476324581849699	0.00012401026049474462	0
618	3302.279624223709	0.18476324581849699	0.0	1
619	3307.6659331321716	0.18487468301981821	0.00011143720132122947	0
620	3313.0697877407074	0.18504270813811843	0.00016802511830021905	0
621	3318.451920032501	0.18504270813811843	0.0	1
622	3323.77734541893	0.1851224839240536	7.977578593515444e-05	0
623	3329.1592695713043	0.18517808356563903	5.559964158544095e-05	0
624	3334.542316675186	0.1851974464427942	1.9362877155176816e-05	0
625	3339.9351136684418	0.1851974464427942	0.0	1
626	3345.1243081092834	0.1853585170305472	0.00016107058775299832	0
627	3350.5372593402863	0.18549729651775673	0.00013877948720952826	0
628	3355.883181810379	0.18549729651775673	0.0	1
629	3361.2520797252655	0.1857839512860757	0.0002866547683189613	0
630	3366.6483936309814	0.1857839512860757	0.0	1
631	3372.01838350296	0.18583861755645614	5.466627038044902e-05	0
632	3377.375525712967	0.18583861755645614	0.0	1
633	3382.7878890037537	0.18596141992480322	0.00012280236834708025	0
634	3388.122276544571	0.18596141992480322	0.0	1
635	3393.510577917099	0.18603638244354384	7.496251874061777e-05	0
636	3398.840557575226	0.18627501434829458	0.0002386319047507357	0
637	3404.235806941986	0.18641070089955022	0.0001356865512556482	0
638	3409.556716442108	0.18641070089955022	0.0	1
639	3414.9320945739746	0.18648299141444902	7.22905148987929e-05	0
640	3420.299412727356	0.18648299141444902	0.0	1
641	3425.6935460567474	0.18648299141444902	0.0	2
642	3430.8857502937317	0.18648299141444902	0.0	3
643	3436.2715797424316	0.18659642346795352	0.00011343205350450303	0
644	3441.599307537079	0.18659642346795352	0.0	1
645	3446.9833686351776	0.18664854584426535	5.212237631183059e-05	0
646	3452.3273689746857	0.18664854584426535	0.0	1
647	3457.7069833278656	0.18665831878982383	9.772945558483848e-06	0
648	3463.07071852684	0.18676585779375937	0.00010753900393553617	0
649	3468.441754102707	0.18676585779375937	0.0	1
650	3473.772152662277	0.18676585779375937	0.0	2
651	3479.1616592407227	0.18676585779375937	0.0	3
652	3484.5560178756714	0.1868375626639805	7.170487022112315e-05	0
653	3489.906884431839	0.1868375626639805	0.0	1
654	3495.226347208023	0.1868375626639805	0.0	2
655	3500.6064562797546	0.1869073824903954	6.981982641490747e-05	0
656	3505.9136204719543	0.18695697927403485	4.9596783639443975e-05	0
657	3511.2841360569	0.18721105755715892	0.00025407828312407066	0
658	3516.6245641708374	0.18721105755715892	0.0	1
659	3522.034764766693	0.18721105755715892	0.0	2
660	3527.3411960601807	0.18721105755715892	0.0	3
661	3532.707682609558	0.1872751856493628	6.412809220388005e-05	0
662	3538.2662222385406	0.1872751856493628	0.0	1
663	3544.059108018875	0.1872751856493628	0.0	2
664	3549.810184955597	0.1872751856493628	0.0	3
665	3555.6753163337708	0.18730616991309032	3.098426372752372e-05	0
666	3560.964353084564	0.18730616991309032	0.0	1
667	3566.351058244705	0.18751090763212142	0.00020473771903109506	0
668	3571.5624127388	0.18751090763212142	0.0	1
669	3576.9544796943665	0.18751090763212142	0.0	2
670	3582.160791873932	0.18751090763212142	0.0	3
671	3587.524066209793	0.18754077551068216	2.9867878560740913e-05	0
672	3592.8081560134888	0.18754077551068216	0.0	1
673	3598.1980171203613	0.18754077551068216	0.0	2
674	3603.41029214859	0.18768122042494376	0.00014044491426160044	0
