1	3.7910406589508057	0.009838238077006418	10000000000.009838	0
2	6.2982776165008545	0.009977508270400932	0.0001392701933945143	0
3	8.869001626968384	0.010214338631465517	0.00023683036106458485	0
4	11.26901912689209	0.010737431424668525	0.0005230927932030078	0
5	13.75439190864563	0.011562058021282327	0.0008246265966138019	0
6	16.19288682937622	0.011766586418094662	0.00020452839681233542	0
7	18.68099856376648	0.012293800456949259	0.0005272140388545964	0
8	21.08406710624695	0.012293800456949259	0.0	1
9	23.539294719696045	0.012293800456949259	0.0	2
10	25.990861415863037	0.012390411239692653	9.661078274339485e-05	0
11	28.455766916275024	0.013055859155383246	0.0006654479156905924	0
12	30.876477003097534	0.0139340882537247	0.0008782290983414542	0
13	33.36512303352356	0.0139340882537247	0.0	1
14	35.8094699382782	0.01466524390087671	0.0007311556471520098	0
15	38.29693078994751	0.01466524390087671	0.0	1
16	40.68400430679321	0.015436480749493416	0.0007712368486167062	0
17	43.16381597518921	0.016675082639954434	0.001238601890461018	0
18	45.59208965301514	0.01846039870689655	0.0017853160669421171	0
19	48.07068872451782	0.01846039870689655	0.0	1
20	50.464048624038696	0.0190073256371082	0.0005469269302116504	0
21	52.95156812667847	0.0190073256371082	0.0	1
22	55.36694598197937	0.0190073256371082	0.0	2
23	57.830743074417114	0.0205296094628467	0.0015222838257384977	0
24	60.24573493003845	0.021092802902747843	0.0005631934399011433	0
25	62.743428468704224	0.023728560829448554	0.0026357579267007117	0
26	65.19764423370361	0.023728560829448554	0.0	1
27	67.68440365791321	0.023728560829448554	0.0	2
28	70.1007091999054	0.023728560829448554	0.0	3
29	72.5815658569336	0.023728560829448554	0.0	4
30	75.08405995368958	0.024880597115992782	0.001152036286544228	0
31	77.57511401176453	0.024880597115992782	0.0	1
32	80.76467227935791	0.024944684030055283	6.40869140625007e-05	0
33	83.98429536819458	0.025275143190123688	0.00033045916006840467	0
34	87.1867253780365	0.025275143190123688	0.0	1
35	90.45641613006592	0.025275143190123688	0.0	2
36	93.21507287025452	0.025532309833852605	0.00025716664372891704	0
37	95.71004438400269	0.026867302890302893	0.0013349930564502885	0
38	98.19352149963379	0.026867302890302893	0.0	1
39	100.71525144577026	0.026867302890302893	0.0	2
40	103.19886589050293	0.027658824548907186	0.0007915216586042925	0
41	105.716628074646	0.028686809396815262	0.0010279848479080762	0
42	108.22923707962036	0.028686809396815262	0.0	1
43	110.78157091140747	0.028686809396815262	0.0	2
44	113.25440049171448	0.028686809396815262	0.0	3
45	115.82221722602844	0.028686809396815262	0.0	4
46	118.34935259819031	0.02915236260043806	0.00046555320362279967	0
47	120.89490389823914	0.02915236260043806	0.0	1
48	123.3786108493805	0.02951435049077024	0.00036198789033217715	0
49	125.91113996505737	0.029739238046992127	0.000224887556221888	0
50	128.3965780735016	0.029739238046992127	0.0	1
51	130.9252393245697	0.03022259850909506	0.00048336046210293443	0
52	133.40927457809448	0.031077735820810297	0.0008551373117152358	0
53	135.93406701087952	0.03134803142862162	0.00027029560781132583	0
54	138.44187355041504	0.03134803142862162	0.0	1
55	140.98568844795227	0.031422993947362254	7.496251874063165e-05	0
56	143.47224855422974	0.03157291898484351	0.00014992503748125635	0
57	146.01319980621338	0.032047943160987864	0.00047502417614435355	0
58	148.5266408920288	0.032284545898437496	0.00023660273744963156	0
59	151.05736446380615	0.03458111032374438	0.002296564425306881	0
60	153.5389473438263	0.0347690084706182	0.00018789814687382445	0
61	156.08961820602417	0.0347690084706182	0.0	1
62	158.60762310028076	0.0347690084706182	0.0	2
63	161.14185905456543	0.0349617862272477	0.00019277775662950025	0
64	163.62000346183777	0.03507813277809337	0.00011634655084567097	0
65	166.1582429409027	0.03730195372894607	0.0022238209508526965	0
66	168.6986312866211	0.03742817617070371	0.00012622244175763964	0
67	171.21880316734314	0.037830978462184923	0.0004028022914812149	0
68	173.70489025115967	0.03880683864610663	0.0009758601839217063	0
69	176.23856568336487	0.03880683864610663	0.0	1
70	178.749662399292	0.03888493527894256	7.809663283592921e-05	0
71	181.29975533485413	0.03888493527894256	0.0	1
72	183.77144241333008	0.03915319714410373	0.0002682618651611707	0
73	186.31444358825684	0.03915319714410373	0.0	1
74	188.87153697013855	0.03925647649807908	0.00010327935397535376	0
75	191.39816045761108	0.03938207898004123	0.00012560248196214624	0
76	193.8879234790802	0.039774616475941715	0.0003925374959004857	0
77	196.43020057678223	0.03994728557352183	0.0001726690975801179	0
78	198.9626805782318	0.03994728557352183	0.0	1
79	201.52990913391113	0.03994728557352183	0.0	2
80	204.06971549987793	0.04065989161181128	0.0007126060382894456	0
81	206.58424282073975	0.04065989161181128	0.0	1
82	209.1099832057953	0.04065989161181128	0.0	2
83	211.6600730419159	0.04065989161181128	0.0	3
84	214.14854860305786	0.04065989161181128	0.0	4
85	216.72367143630981	0.04142668350883152	0.0007667918970202386	0
86	219.238023519516	0.04142668350883152	0.0	1
87	221.79956793785095	0.04142668350883152	0.0	2
88	224.31976199150085	0.04142668350883152	0.0	3
89	226.89184284210205	0.04226721630639758	0.0008405327975660598	0
90	229.39858531951904	0.04226721630639758	0.0	1
91	231.9640030860901	0.04294601051525018	0.0006787942088526053	0
92	234.48275518417358	0.04294601051525018	0.0	1
93	237.66979813575745	0.043256333564174944	0.0003103230489247613	0
94	240.82185411453247	0.04430813310385823	0.0010517995396832833	0
95	244.00237655639648	0.04430813310385823	0.0	1
96	247.17385077476501	0.04430813310385823	0.0	2
97	249.73904013633728	0.04439948452287528	9.135141901705363e-05	0
98	252.26885771751404	0.0448037257616309	0.00040424123875561907	0
99	254.83931803703308	0.04527715542863334	0.0004734296670024368	0
100	257.4103846549988	0.04527715542863334	0.0	1
101	259.99433183670044	0.046821710909681874	0.0015445554810485373	0
102	262.56558561325073	0.046821710909681874	0.0	1
103	265.1515049934387	0.046821710909681874	0.0	2
104	267.6958258152008	0.0477909620019092	0.0009692510922273273	0
105	270.2625846862793	0.048091873557849975	0.0003009115559407735	0
106	272.81158685684204	0.048091873557849975	0.0	1
107	275.4022572040558	0.04821203137444949	0.00012015781659951291	0
108	277.92140102386475	0.04821203137444949	0.0	1
109	280.5125434398651	0.04915433823615536	0.0009423068617058702	0
110	283.08120703697205	0.04915433823615536	0.0	1
111	285.65828824043274	0.0495350576054746	0.00038071936931924344	0
112	288.2074680328369	0.0495350576054746	0.0	1
113	290.78838658332825	0.04994045183218937	0.0004053942267147684	0
114	293.35189151763916	0.059765464862783446	0.009825013030594076	0
115	295.9488351345062	0.059765464862783446	0.0	1
116	298.4953374862671	0.059765464862783446	0.0	2
117	301.0873272418976	0.059765464862783446	0.0	3
118	303.67587327957153	0.059765464862783446	0.0	4
119	306.26190519332886	0.059765464862783446	0.0	5
120	308.8391659259796	0.05988921890373172	0.00012375404094827624	0
121	311.4696156978607	0.061507281942524826	0.0016180630387931036	0
122	314.0841338634491	0.06435012474231634	0.002842842799791516	0
123	316.69685912132263	0.06435012474231634	0.0	1
124	319.31607151031494	0.06502482401377435	0.0006746992714580097	0
125	321.9947187900543	0.06502482401377435	0.0	1
126	324.66382813453674	0.06703467876657374	0.0020098547527993837	0
127	327.4598033428192	0.067184603804055	0.0001499250374812633	0
128	330.2378120422363	0.067184603804055	0.0	1
129	333.049275636673	0.067184603804055	0.0	2
130	335.8810064792633	0.06766414613738052	0.00047954233332551943	0
131	338.73566794395447	0.06766414613738052	0.0	1
132	341.58817958831787	0.06766414613738052	0.0	2
133	344.4946405887604	0.06766414613738052	0.0	3
134	347.44078612327576	0.0696372150838643	0.0019730689464837886	0
135	350.40067076683044	0.06981808778228073	0.0001808726984164205	0
136	353.35926628112793	0.07042750139822666	0.0006094136159459362	0
137	356.3363926410675	0.07046931551314187	4.181411491520348e-05	0
138	359.3080987930298	0.07050506271522441	3.574720208254778e-05	0
139	362.2648115158081	0.07177704635231212	0.0012719836370877063	0
140	365.22673892974854	0.07177704635231212	0.0	1
141	368.2035348415375	0.07177704635231212	0.0	2
142	371.15152740478516	0.07177704635231212	0.0	3
143	374.1349537372589	0.07177704635231212	0.0	4
144	377.11714005470276	0.07347400213467485	0.0016969557823627301	0
145	380.1224069595337	0.07347400213467485	0.0	1
146	383.08683705329895	0.07595976181830959	0.002485759683634736	0
147	386.09265875816345	0.07595976181830959	0.0	1
148	389.0617365837097	0.07595976181830959	0.0	2
149	392.07573986053467	0.07721598795328898	0.001256226134979388	0
150	395.04711651802063	0.07721598795328898	0.0	1
151	398.06287956237793	0.0777809062997798	0.0005649183464908197	0
152	401.04138350486755	0.0777809062997798	0.0	1
153	404.3272135257721	0.0777809062997798	0.0	2
154	407.90044260025024	0.08029335856973856	0.002512452269958762	0
155	411.42328214645386	0.08029335856973856	0.0	1
156	415.0639011859894	0.08029335856973856	0.0	2
157	417.9894983768463	0.0817917853817232	0.0014984268119846433	0
158	421.0268874168396	0.0817917853817232	0.0	1
159	424.00115060806274	0.0817917853817232	0.0	2
160	426.98631978034973	0.0817917853817232	0.0	3
161	429.95557832717896	0.0817917853817232	0.0	4
162	432.9313476085663	0.08201082564186656	0.00021904026014335498	0
163	435.89581060409546	0.08431265629392334	0.0023018306520567883	0
164	438.87921047210693	0.08570723183330209	0.0013945755393787451	0
165	441.8691565990448	0.08577480973868534	6.75779053832537e-05	0
166	444.8606493473053	0.08577480973868534	0.0	1
167	447.8700909614563	0.08632132603132027	0.0005465162926349271	0
168	450.8688769340515	0.09116303359550693	0.004841707564186656	0
169	453.86061692237854	0.09221963725168665	0.0010566036561797248	0
170	456.8940131664276	0.09221963725168665	0.0	1
171	459.9545395374298	0.09247148276447713	0.0002518455127904773	0
172	463.0098843574524	0.0926151395737678	0.00014365680929066815	0
173	466.0815131664276	0.09290528990875656	0.00029015033498876186	0
174	469.145295381546	0.09290528990875656	0.0	1
175	472.25085401535034	0.09310756609000187	0.00020227618124531166	0
176	475.32967233657837	0.0941304677251218	0.0010229016351199355	0
177	478.40608167648315	0.0941304677251218	0.0	1
178	481.49287509918213	0.0942027673907187	7.229966559689494e-05	0
179	484.58365774154663	0.0942027673907187	0.0	1
180	487.6783781051636	0.09425541135682158	5.2643966102883244e-05	0
181	490.7668123245239	0.09425541135682158	0.0	1
182	493.8828954696655	0.09476585559759182	0.0005104442407702359	0
183	496.983149766922	0.09494584982899175	0.00017999423139992976	0
184	500.1252632141113	0.09494584982899175	0.0	1
185	503.23818492889404	0.09534342935953898	0.0003975795305472263	0
186	506.36927795410156	0.09534342935953898	0.0	1
187	511.35382103919983	0.09534342935953898	0.0	2
188	514.4481172561646	0.09591028765402454	0.0005668582944855644	0
189	517.5815439224243	0.09591028765402454	0.0	1
190	520.6934111118317	0.09593218527455022	2.189762052567934e-05	0
191	523.80091547966	0.0963147302081381	0.0003825449335878861	0
192	526.9172320365906	0.0963147302081381	0.0	1
193	530.0438590049744	0.09655543017065685	0.00024069996251874226	0
194	533.1703724861145	0.09687059851421945	0.0003151683435625996	0
195	536.3015155792236	0.09687059851421945	0.0	1
196	539.4125390052795	0.09687059851421945	0.0	2
197	542.5431237220764	0.09704425131184408	0.00017365279762462937	0
198	545.6588568687439	0.09719037880961862	0.0001461274977745397	0
199	548.7553899288177	0.09755218826133807	0.0003618094517194581	0
200	551.869181394577	0.09761132007238568	5.913181104760801e-05	0
201	554.9766643047333	0.0988867077691623	0.0012753876967766115	0
202	558.0994279384613	0.0988867077691623	0.0	1
203	561.2165770530701	0.09914825302192654	0.000261545252764242	0
204	564.2955389022827	0.1000232976773332	0.0008750446554066649	0
205	567.3783442974091	0.1000232976773332	0.0	1
206	570.4923892021179	0.10006542749133245	4.212981399924487e-05	0
207	573.6432144641876	0.1008565510945699	0.0007911236032374508	0
208	576.7536752223969	0.1009138527659998	5.7301671429907386e-05	0
209	579.8919885158539	0.10109959363579928	0.00018574086979947224	0
210	582.9981851577759	0.10139585663711112	0.00029626300131184446	0
211	586.0897881984711	0.10143855379439186	4.269715728073831e-05	0
212	589.1901061534882	0.1017970506934033	0.00035849689901143456	0
213	592.720287322998	0.10265171674416697	0.000854666050763675	0
214	596.5174570083618	0.10305558280430097	0.00040386606013399773	0
215	600.3636186122894	0.10332712061937781	0.0002715378150768416	0
216	604.2021794319153	0.1037542020005622	0.0004270813811843993	0
217	607.2645380496979	0.1040297386707037	0.00027553667014149075	0
218	610.354067325592	0.1040297386707037	0.0	1
219	613.4545886516571	0.10466608736647301	0.0006363486957693121	0
220	616.5514693260193	0.10466608736647301	0.0	1
221	619.6734886169434	0.10466608736647301	0.0	2
222	622.7804291248322	0.10466608736647301	0.0	3
223	625.8607363700867	0.10466608736647301	0.0	4
224	628.9427156448364	0.10489972299006746	0.00023363562359444978	0
225	632.0215971469879	0.10497468550880809	7.496251874063165e-05	0
226	635.1414890289307	0.10531253843293197	0.00033785292412387424	0
227	638.2424867153168	0.10531253843293197	0.0	1
228	641.3317029476166	0.10609763172612911	0.0007850932931971477	0
229	644.4259581565857	0.10609763172612911	0.0	1
230	647.5535893440247	0.1065596047191248	0.0004619729929956906	0
231	650.6532747745514	0.1065596047191248	0.0	1
232	653.7545013427734	0.10681996953183563	0.00026036481271082823	0
233	656.8762068748474	0.10681996953183563	0.0	1
234	660.0020849704742	0.10714430687488287	0.0003243373430472374	0
235	663.1272268295288	0.10799135039413886	0.0008470435192559911	0
236	666.233499288559	0.10814113817114879	0.00014978777700992707	0
237	669.3627643585205	0.10814113817114879	0.0	1
238	672.5338687896729	0.10814113817114879	0.0	2
239	675.6945171356201	0.10814113817114879	0.0	3
240	678.8565404415131	0.10901798551407889	0.000876847342930101	0
241	682.0520844459534	0.1090217830537856	3.797539706709707e-06	0
242	685.19761967659	0.1092182851445371	0.0001965020907515047	0
243	688.3181157112122	0.1092182851445371	0.0	1
244	691.486248254776	0.10979705764793384	0.0005787725033967323	0
245	694.6628046035767	0.10979705764793384	0.0	1
246	697.8266501426697	0.10987394181327305	7.688416533921383e-05	0
247	701.0261535644531	0.11014106899187125	0.0002671271785981977	0
248	704.2219350337982	0.11014106899187125	0.0	1
249	707.4111623764038	0.1102631027015789	0.00012203370970764738	0
250	710.6147112846375	0.1107347205303598	0.0004716178287809125	0
251	713.8229942321777	0.11374599565451649	0.0030112751241566788	0
252	717.0544743537903	0.11374599565451649	0.0	1
253	720.2356762886047	0.11435154310052005	0.0006055474460035654	0
254	723.4136545658112	0.11435154310052005	0.0	1
255	726.6076526641846	0.11480682693321308	0.0004552838326930264	0
256	729.8157043457031	0.11480682693321308	0.0	1
257	733.0154790878296	0.11480682693321308	0.0	2
258	736.2350907325745	0.11506733815709332	0.00026051122388023873	0
259	739.401645898819	0.11506733815709332	0.0	1
260	742.5981721878052	0.11551237320792727	0.00044503505083395845	0
261	745.785562992096	0.11551237320792727	0.0	1
262	748.996857881546	0.11551237320792727	0.0	2
263	752.204220533371	0.11551237320792727	0.0	3
264	755.4232959747314	0.11554023708360663	2.7863875679351446e-05	0
265	758.6283640861511	0.11575978063214486	0.00021954354853823133	0
266	761.8472576141357	0.11740449050377154	0.0016447098716266817	0
267	765.0639910697937	0.11740449050377154	0.0	1
268	768.2747275829315	0.11740449050377154	0.0	2
269	771.4927403926849	0.11788144318953804	0.00047695268576650185	0
270	774.7245645523071	0.11788144318953804	0.0	1
271	777.9373300075531	0.11788144318953804	0.0	2
272	781.1547958850861	0.11912789637895894	0.001246453189420904	0
273	784.7349507808685	0.11912789637895894	0.0	1
274	788.6401026248932	0.11915952119155265	3.162481259370853e-05	0
275	792.5115654468536	0.1249543380165386	0.005794816824985949	0
276	796.4273850917816	0.1249543380165386	0.0	1
277	799.6260380744934	0.12607942549721232	0.0011250874806737199	0
278	802.8757166862488	0.12637785721397113	0.00029843171675880686	0
279	806.1190190315247	0.12730122670598293	0.0009233694920117996	0
280	809.3674764633179	0.12776326375386524	0.0004620370478823077	0
281	812.6893200874329	0.1284081317495549	0.000644867995689663	0
282	816.0641624927521	0.12867855317946494	0.0002704214299100449	0
283	819.4503364562988	0.12867855317946494	0.0	1
284	822.9002273082733	0.12867855317946494	0.0	2
285	826.4080262184143	0.1297184110581428	0.0010398578786778578	0
286	829.9596557617188	0.1297184110581428	0.0	1
287	833.513020992279	0.1297184110581428	0.0	2
288	837.0897495746613	0.1297184110581428	0.0	3
289	840.6607217788696	0.1297184110581428	0.0	4
290	844.2404429912567	0.1297184110581428	0.0	5
291	847.8228282928467	0.1298239918126874	0.00010558075454458749	0
292	851.427648305893	0.1298239918126874	0.0	1
293	854.9978032112122	0.13048345517182813	0.0006594633591407439	0
294	858.6322374343872	0.13048345517182813	0.0	1
295	862.2398412227631	0.1307109964304957	0.00022754125866755737	0
296	865.8754465579987	0.1307109964304957	0.0	1
297	869.5059854984283	0.13091569754673443	0.00020470111623874243	0
298	873.1805655956268	0.13194655113849324	0.0010308535917588069	0
299	876.8275825977325	0.13194655113849324	0.0	1
300	880.4924080371857	0.13194655113849324	0.0	2
301	884.1192331314087	0.1326575237771739	0.0007109726386806681	0
302	887.7574534416199	0.1326575237771739	0.0	1
303	891.3759620189667	0.1326575237771739	0.0	2
304	895.0477771759033	0.13275658923467953	9.906545750562601e-05	0
305	898.6853892803192	0.13276232672238097	5.737487701440447e-06	0
306	902.3536932468414	0.1336335372352886	0.0008712105129076164	0
307	906.0333347320557	0.1336335372352886	0.0	1
308	909.7089655399323	0.13413404381793478	0.000500506582646193	0
309	913.3424496650696	0.13413404381793478	0.0	1
310	917.0139172077179	0.13413404381793478	0.0	2
311	920.6451685428619	0.13490166842848106	0.0007676246105462747	0
312	924.2817196846008	0.13490166842848106	0.0	1
313	927.9092085361481	0.13535339263961768	0.00045172421113662264	0
314	931.5587499141693	0.1353539508322011	5.581925834052814e-07	1
315	935.179869890213	0.13582503792049286	0.0004710870882917717	0
316	938.8765165805817	0.1359536509821261	0.0001286130616332537	0
317	942.5416076183319	0.1361431985423304	0.00018954756020428398	0
318	946.1973061561584	0.13616788712577305	2.4688583442650236e-05	0
319	949.85679936409	0.13715344476199398	0.000985557636220935	0
320	953.5489881038666	0.13715344476199398	0.0	1
321	957.1899993419647	0.13715344476199398	0.0	2
322	960.8478000164032	0.13760071258316153	0.0004472678211675518	0
323	964.5095694065094	0.137717347380997	0.0001166347978354687	0
324	968.1840870380402	0.13825687254029234	0.0005395251592953398	0
325	971.8122642040253	0.1393055242398332	0.0010486516995408535	0
326	975.4822247028351	0.1393055242398332	0.0	1
327	979.1017942428589	0.1393055242398332	0.0	2
328	982.7648718357086	0.1393055242398332	0.0	3
329	986.4064056873322	0.14010467300529422	0.0007991487654610274	0
330	990.0690643787384	0.14010996210878934	5.289103495120795e-06	0
331	993.699156999588	0.14010996210878934	0.0	1
332	997.3643527030945	0.14031437955338735	0.0002044174445980096	0
333	1001.3663160800934	0.1408949730457037	0.0005805934923163447	0
334	1005.6496961116791	0.14167720217039917	0.0007822291246954716	0
335	1009.9677560329437	0.14167720217039917	0.0	1
336	1014.287556886673	0.14167720217039917	0.0	2
337	1017.8763921260834	0.14176338344499625	8.61812745970858e-05	0
338	1021.5482883453369	0.14201864216817373	0.00025525872317747056	0
339	1025.1951222419739	0.1425791498781859	0.0005605077100121758	0
340	1028.8696417808533	0.1425791498781859	0.0	1
341	1032.5241441726685	0.1425791498781859	0.0	2
342	1036.1949648857117	0.1425791498781859	0.0	3
343	1039.8376159667969	0.1425791498781859	0.0	4
344	1043.5212433338165	0.1425791498781859	0.0	5
345	1047.1763110160828	0.1425791498781859	0.0	6
346	1050.827518939972	0.14307172280558939	0.000492572927403484	0
347	1054.4682314395905	0.14307172280558939	0.0	1
348	1058.11705160141	0.14317445769302847	0.00010273488743908765	0
349	1061.7534668445587	0.1434972943215892	0.00032283662856072426	0
350	1065.380985736847	0.14373879039484164	0.0002414960732524396	0
351	1069.0457744598389	0.1437858158323182	4.702543747656107e-05	0
352	1072.6907029151917	0.14382303172144395	3.7215889125752355e-05	0
353	1076.307190656662	0.14462568520427285	0.0008026534828289023	0
354	1079.9544076919556	0.14462568520427285	0.0	1
355	1083.5782661437988	0.14462568520427285	0.0	2
356	1087.2063689231873	0.14462568520427285	0.0	3
357	1090.8437044620514	0.14462568520427285	0.0	4
358	1094.5505867004395	0.14517463558259933	0.0005489503783264738	0
359	1098.1951513290405	0.14517463558259933	0.0	1
360	1101.8398885726929	0.14517463558259933	0.0	2
361	1105.4775235652924	0.1453526166604198	0.00017798107782046602	0
362	1109.145759344101	0.1459850854601996	0.0006324687997797951	0
363	1112.7609088420868	0.1459850854601996	0.0	1
364	1116.4201803207397	0.1459850854601996	0.0	2
365	1120.0631828308105	0.1464677939350637	0.0004827084748641186	0
366	1123.7490701675415	0.146647001206428	0.0001792072713643067	0
367	1127.418076992035	0.1475379955286029	0.0008909943221748762	0
368	1131.0617134571075	0.1475379955286029	0.0	1
369	1134.7062225341797	0.14753954199657981	1.546467976926147e-06	0
370	1138.3767700195312	0.1477240200700431	0.00018447807346327894	0
371	1142.031954050064	0.1480326822672648	0.0003086621972216985	0
372	1145.7091903686523	0.1480326822672648	0.0	1
373	1149.363409280777	0.1480326822672648	0.0	2
374	1153.0307638645172	0.14872108013376123	0.0006883978664964374	0
375	1156.703860282898	0.14872108013376123	0.0	1
376	1160.3543829917908	0.14907737171453334	0.00035629158077210565	0
377	1164.0193347930908	0.14907737171453334	0.0	1
378	1167.703840970993	0.14907737171453334	0.0	2
379	1171.3483736515045	0.14937135619202116	0.0002939844774878242	0
380	1175.012053489685	0.1500850465880341	0.0007136903960129337	0
381	1178.646868944168	0.15159514054008152	0.001510093952047431	0
382	1182.3360331058502	0.15159514054008152	0.0	1
383	1185.980427980423	0.15159514054008152	0.0	2
384	1189.6414754390717	0.15159514054008152	0.0	3
385	1193.2998638153076	0.15269818398906015	0.00110304344897863	0
386	1196.9952070713043	0.15269818398906015	0.0	1
387	1200.6605632305145	0.15310447498418758	0.0004062909951274285	0
388	1204.3616802692413	0.15310447498418758	0.0	1
389	1208.0270097255707	0.15310447498418758	0.0	2
390	1211.6691298484802	0.15443160987865442	0.0013271348944668415	0
391	1215.3551349639893	0.15443160987865442	0.0	1
392	1219.0319125652313	0.15443160987865442	0.0	2
393	1223.0690841674805	0.15443160987865442	0.0	3
394	1227.4050989151	0.15443667936539543	5.069486741005047e-06	0
395	1231.7476453781128	0.1544993982500937	6.271888469827624e-05	0
396	1236.1383519172668	0.1547496515414168	0.0002502532913230826	0
397	1239.7470905780792	0.15485885597240442	0.0001092044309876361	0
398	1243.4348652362823	0.15508434747470015	0.00022549150229572712	0
399	1247.118187904358	0.15544009001358694	0.00035574253888678853	0
400	1250.776778459549	0.1556729386771458	0.00023284866355885447	0
401	1254.4442536830902	0.15571821633128746	4.5277654141667734e-05	0
402	1258.1066544055939	0.15571821633128746	0.0	1
403	1261.7823729515076	0.15571821633128746	0.0	2
404	1265.4707493782043	0.15633014181385868	0.0006119254825712184	0
405	1271.7514245510101	0.15633014181385868	0.0	1
406	1275.426652431488	0.15633014181385868	0.0	2
407	1279.1090445518494	0.15633014181385868	0.0	3
408	1282.817182302475	0.15641496878513866	8.482697127998318e-05	0
409	1286.4937207698822	0.15645722670891116	4.2257923772492934e-05	0
410	1290.1797399520874	0.15646818924522113	1.0962536309971904e-05	0
411	1293.8549945354462	0.15669481543407981	0.00022662618885868624	0
412	1297.527973651886	0.15706210615395427	0.00036729071987445794	0
413	1301.2141861915588	0.15734716870080584	0.0002850625468515666	0
414	1304.9114122390747	0.15752449092836393	0.00017732222755809102	0
415	1308.6074571609497	0.15752449092836393	0.0	1
416	1312.276447057724	0.15752449092836393	0.0	2
417	1315.914349079132	0.15780684486858132	0.00028235394021738913	0
418	1319.590176820755	0.15780684486858132	0.0	1
419	1323.2177734375	0.15801141787504683	0.00020457300646550824	0
420	1326.914140701294	0.15828416358227135	0.00027274570722451985	0
421	1330.547935962677	0.15850870341196588	0.00022453982969453112	0
422	1334.26855635643	0.15850870341196588	0.0	1
423	1337.9496474266052	0.15850870341196588	0.0	2
424	1341.6205959320068	0.15878983115863943	0.00028112774667354845	0
425	1345.3061747550964	0.1588303321483789	4.0500989739483684e-05	0
426	1348.9736545085907	0.15927220105767428	0.00044186890929537315	0
427	1352.6588716506958	0.15927220105767428	0.0	1
428	1356.3408555984497	0.15953079978565404	0.0002585987279797586	0
429	1360.000286102295	0.15966557126710082	0.00013477148144677709	0
430	1363.6923537254333	0.15982472020825525	0.00015914894115443	0
431	1367.3829998970032	0.16022617963479197	0.0004014594265367155	0
432	1371.067598581314	0.16022617963479197	0.0	1
433	1374.782352924347	0.16060260275135868	0.00037642311656671534	0
434	1378.4730515480042	0.16066879890133057	6.619614997188661e-05	0
435	1382.139684677124	0.16066879890133057	0.0	1
436	1385.8453421592712	0.16136448987420351	0.0006956909728729477	0
437	1389.5255296230316	0.16149992020591267	0.00013543033170915209	0
438	1393.1681065559387	0.16149992020591267	0.0	1
439	1396.8240745067596	0.16149992020591267	0.0	2
440	1400.5337707996368	0.16176485121696962	0.00026493101105695693	0
441	1404.1863911151886	0.16176485121696962	0.0	1
442	1407.8519487380981	0.16207778679019863	0.0003129355732290062	0
443	1411.5299966335297	0.16265235912317277	0.0005745723329741437	0
444	1415.2134139537811	0.16265235912317277	0.0	1
445	1418.8758692741394	0.1628161749203523	0.00016381579717952843	0
446	1422.5546598434448	0.16290475367784857	8.857875749626598e-05	0
447	1426.2511579990387	0.1632166460714955	0.00031189239364692867	0
448	1429.9152500629425	0.1632166460714955	0.0	1
449	1433.5613479614258	0.16363091647535605	0.0004142704038605505	0
450	1437.2532229423523	0.16377549750515366	0.00014458102979761356	0
451	1440.9089467525482	0.16419489229994377	0.0004193947947901122	0
452	1444.6348366737366	0.16419489229994377	0.0	1
453	1448.6567358970642	0.16437256225402921	0.00017766995408544095	0
454	1452.929167509079	0.16447182902689278	9.926677286356544e-05	0
455	1457.1585216522217	0.16469468512813903	0.00022285610124625488	0
456	1461.3927807807922	0.16527791402150485	0.000583228893365817	0
457	1465.020399093628	0.16547408668712518	0.0001961726656203311	0
458	1468.7076466083527	0.16548658654071402	1.249985358883765e-05	0
459	1472.396463394165	0.16548658654071402	0.0	1
460	1476.0735342502594	0.1655548324470577	6.82459063436891e-05	0
461	1479.734915971756	0.16568402200267052	0.00012918955561280754	0
462	1483.4072525501251	0.16573780980603448	5.3787803363958275e-05	0
463	1487.0661907196045	0.16573780980603448	0.0	1
464	1490.758564710617	0.16595226556643553	0.00021445576040104997	0
465	1494.4293887615204	0.16597889409787292	2.6628531437394853e-05	0
466	1498.1295342445374	0.1660825166030266	0.00010362250515366656	0
467	1501.8292105197906	0.16669921875	0.0006167021469734024	0
468	1505.5238673686981	0.16669921875	0.0	1
469	1509.307797908783	0.1667031901529704	3.971402970398552e-06	0
470	1512.965672492981	0.1673175680226293	0.0006143778696588997	0
471	1516.6371819972992	0.1679160236776143	0.0005984556549850084	0
472	1520.3686828613281	0.1679160236776143	0.0	1
473	1524.0954315662384	0.1679975014933939	8.1477815779607e-05	0
474	1527.7801685333252	0.16813648229596137	0.0001389808025674677	0
475	1531.510862827301	0.16813648229596137	0.0	1
476	1535.196528673172	0.16850388282421289	0.0003674005282515158	0
477	1538.888685464859	0.16850388282421289	0.0	1
478	1542.6298599243164	0.16850388282421289	0.0	2
479	1546.3513123989105	0.16861171465048724	0.00010783182627435717	0
480	1550.0453624725342	0.1690430419555847	0.0004313273050974564	0
481	1553.7722380161285	0.1690430419555847	0.0	1
482	1557.4735622406006	0.1690430419555847	0.0	2
483	1561.2125551700592	0.16944256143412667	0.0003995194785419709	0
484	1564.929766178131	0.16944256143412667	0.0	1
485	1568.6398165225983	0.1696738361776143	0.0002312747434876361	0
486	1572.3635296821594	0.17000007686586394	0.0003262406882496294	0
487	1576.0997405052185	0.17000007686586394	0.0	1
488	1579.819571018219	0.1701040104947526	0.00010393362888866386	0
489	1583.5341730117798	0.17019467561141302	9.06651166604211e-05	0
490	1587.2845668792725	0.17022033416885307	2.56585574400503e-05	0
491	1591.0197491645813	0.17035144537106445	0.00013111120221137584	0
492	1594.734438419342	0.17036822775135868	1.6782380294233512e-05	0
493	1598.4861438274384	0.17041204129380622	4.381354244753499e-05	0
494	1602.2119362354279	0.17041204129380622	0.0	1
495	1605.9836144447327	0.1707293509007215	0.00031730960691528365	0
496	1609.731195449829	0.17108123184501497	0.0003518809442934756	0
497	1613.4385704994202	0.17115881146340892	7.757961839394145e-05	0
498	1617.176330089569	0.17130333758901797	0.00014452612560905687	0
499	1620.9086472988129	0.17156546848645987	0.0002621308974418979	0
500	1624.619623184204	0.17156546848645987	0.0	1
501	1628.3410181999207	0.1719673488451087	0.0004018803586488262	0
502	1632.0508835315704	0.1719673488451087	0.0	1
503	1635.8001363277435	0.1719673488451087	0.0	2
504	1639.519802570343	0.1728376717403017	0.0008703228951930098	0
505	1643.253564119339	0.1728376717403017	0.0	1
506	1646.9851894378662	0.1728376717403017	0.0	2
507	1650.7425346374512	0.1728376717403017	0.0	3
508	1654.4911558628082	0.173130878408452	0.00029320666815030316	0
509	1658.2249104976654	0.17329716489411542	0.00016628648566341386	0
510	1661.9778199195862	0.1734041182533733	0.00010695335925786642	0
511	1665.7546677589417	0.17410251783288042	0.0006983995795071252	0
512	1669.480497121811	0.17410251783288042	0.0	1
513	1673.5455894470215	0.17410251783288042	0.0	2
514	1677.8523952960968	0.17410251783288042	0.0	3
515	1682.1617786884308	0.17428485464299098	0.00018233681011056713	0
516	1686.5102860927582	0.17442828268482946	0.00014342804183847813	0
517	1690.192305803299	0.1749852490746814	0.0005569663898519484	0
518	1693.9564180374146	0.1749852490746814	0.0	1
519	1697.688721895218	0.17526557155992314	0.0002803224852417352	0
520	1701.4097952842712	0.17533454952211394	6.89779621907971e-05	0
521	1705.1584100723267	0.17541690580491004	8.235628279609775e-05	0
522	1708.884699344635	0.17579825199704835	0.0003813461921383099	0
523	1712.5950124263763	0.17579825199704835	0.0	1
524	1716.3585019111633	0.17579825199704835	0.0	2
525	1720.1139178276062	0.17611821530640928	0.0003199633093609322	0
526	1723.8428106307983	0.17611821530640928	0.0	1
527	1727.5788943767548	0.17645464987232945	0.0003364345659201684	0
528	1731.327475309372	0.17645464987232945	0.0	1
529	1735.095455646515	0.17654236846420537	8.771859187592379e-05	0
530	1738.8628945350647	0.17654236846420537	0.0	1
531	1742.5859241485596	0.1769956757461113	0.00045330728190592917	0
532	1746.3504571914673	0.1769956757461113	0.0	1
533	1750.088624238968	0.17746173910115254	0.0004660633550412352	0
534	1753.910232782364	0.17746173910115254	0.0	1
535	1757.6492488384247	0.17746173910115254	0.0	2
536	1761.4173362255096	0.17746173910115254	0.0	3
537	1765.164638519287	0.17788135351269677	0.00041961441154422796	0
538	1768.906550168991	0.17788135351269677	0.0	1
539	1772.6691431999207	0.17788135351269677	0.0	2
540	1776.4525713920593	0.17819675977440966	0.00031540626171289166	0
541	1780.1787161827087	0.1783815855744003	0.00018482579999062887	0
542	1783.9614028930664	0.1783815855744003	0.0	1
543	1787.6910490989685	0.17856028040667166	0.00017869483227136995	0
544	1791.4594655036926	0.1790266365840517	0.0004663561773800562	0
545	1795.1748187541962	0.1790266365840517	0.0	1
546	1798.9390897750854	0.1790266365840517	0.0	2
547	1805.3408117294312	0.1790266365840517	0.0	3
548	1809.0922358036041	0.1790266365840517	0.0	4
549	1812.8195178508759	0.1792282996685251	0.00020166308447339132	0
550	1816.569786787033	0.1792282996685251	0.0	1
551	1820.328913450241	0.17988396548795912	0.0006556658194340204	0
552	1824.1075556278229	0.17988396548795912	0.0	1
553	1827.8925223350525	0.18085847823158732	0.0009745127436281975	0
554	1831.6714317798615	0.18085847823158732	0.0	1
555	1835.4459042549133	0.18085847823158732	0.0	2
556	1839.2367367744446	0.18085847823158732	0.0	3
557	1843.0016417503357	0.18085847823158732	0.0	4
558	1846.7836258411407	0.18124679725566903	0.00038831902408170693	0
559	1850.548065662384	0.1813264083290386	7.961107336956763e-05	0
560	1854.318076133728	0.1813264083290386	0.0	1
561	1858.0663568973541	0.1813264083290386	0.0	2
562	1861.8212988376617	0.1813264083290386	0.0	3
563	1865.620594739914	0.1813264083290386	0.0	4
564	1869.4094996452332	0.18156051978893364	0.00023411145989504778	0
565	1873.1510672569275	0.18156051978893364	0.0	1
566	1876.9090843200684	0.18156051978893364	0.0	2
567	1880.6421566009521	0.181775835714955	0.0002153159260213644	0
568	1884.3848769664764	0.18189009133128747	0.00011425561633246484	0
569	1888.1498138904572	0.1821275519466829	0.00023746061539542396	0
570	1891.9080057144165	0.1821275519466829	0.0	1
571	1895.6683208942413	0.1824211429441529	0.0002935909974700057	0
572	1899.433095216751	0.18260854924100448	0.00018740629685157217	0
573	1903.5146543979645	0.18260854924100448	0.0	1
574	1907.819002866745	0.18275164785771175	0.00014309861670727675	0
575	1912.1564893722534	0.18275164785771175	0.0	1
576	1916.542967557907	0.18275164785771175	0.0	2
577	1920.2516396045685	0.18275164785771175	0.0	3
578	1924.0342321395874	0.18288078250913603	0.0001291346514242786	0
579	1927.8185334205627	0.18288078250913603	0.0	1
580	1931.6014120578766	0.1831710243511057	0.0002902418419696573	0
581	1935.384111404419	0.18323974609375	6.872174264430098e-05	0
582	1939.144466161728	0.18329496140601573	5.521531226573839e-05	0
583	1942.902226448059	0.18373637278040666	0.0004414113743909376	0
584	1946.6835224628448	0.18373637278040666	0.0	1
585	1950.4372577667236	0.1837493301688999	1.2957388493245459e-05	0
586	1954.2118108272552	0.1837954862900581	4.6156121158186236e-05	0
587	1957.9513306617737	0.18407602839205395	0.00028054210199585095	0
588	1961.7067844867706	0.18407602839205395	0.0	1
589	1965.445105791092	0.18407602839205395	0.0	2
590	1969.217247724533	0.1841585127846233	8.248439256935969e-05	0
591	1972.9782011508942	0.1845794998008808	0.00042098701625747914	0
592	1976.7747354507446	0.1845794998008808	0.0	1
593	1980.5613045692444	0.1845794998008808	0.0	2
594	1984.344892024994	0.18481882715868628	0.00023932735780549108	0
595	1988.1444137096405	0.18502407731681034	0.00020525015812405956	0
596	1991.9106905460358	0.18502407731681034	0.0	1
597	1995.6841764450073	0.18502407731681034	0.0	2
598	1999.4629726409912	0.18504715537738942	2.307806057907924e-05	0
599	2003.248794555664	0.1852897952879029	0.00024263991051348688	0
600	2007.0359671115875	0.1852897952879029	0.0	1
601	2010.7971105575562	0.1857232455549569	0.0004334502670539919	0
602	2014.582808971405	0.1857232455549569	0.0	1
603	2018.3557407855988	0.18577897330631557	5.572775135867514e-05	0
604	2022.126118183136	0.18577897330631557	0.0	1
605	2025.9217638969421	0.18601820915714018	0.00023923585082460952	0
606	2029.6890876293182	0.18613592373735005	0.00011771458020987113	0
607	2033.479961156845	0.18631357539003934	0.0001776516526892924	0
608	2037.2862403392792	0.1863454747235757	3.189933353636709e-05	0
609	2041.0686774253845	0.1863454747235757	0.0	1
610	2044.8569736480713	0.18666732307674286	0.0003218483531671479	0
611	2048.6425971984863	0.18684155236834707	0.00017422929160421097	0
612	2052.4312036037445	0.1871114979619565	0.00026994559360943304	0
613	2056.1598360538483	0.1871114979619565	0.0	1
614	2059.9591166973114	0.1874554361003092	0.00034393813835270626	0
615	2063.730246782303	0.1874554361003092	0.0	1
616	2067.511632204056	0.1876357780582365	0.00018034195792729357	0
617	2071.2518804073334	0.18777746746743815	0.0001416894092016452	0
618	2075.0421257019043	0.18799856663465142	0.00022109916721327338	0
619	2078.8557443618774	0.18799856663465142	0.0	1
620	2082.6458394527435	0.18814281823931783	0.00014425160466641218	0
621	2086.3947579860687	0.18834272438975824	0.00019990615044040982	0
622	2090.2563865184784	0.18834272438975824	0.0	1
623	2094.0609953403473	0.18834272438975824	0.0	2
624	2097.858549118042	0.18834272438975824	0.0	3
625	2101.626455307007	0.18846629541674473	0.00012357102698648537	0
626	2105.476248025894	0.1887435066646364	0.00027721124789167884	0
627	2109.2744772434235	0.1887435066646364	0.0	1
628	2115.7526230812073	0.1887435066646364	0.0	2
629	2119.5444116592407	0.18895020263305845	0.00020669596842204374	0
630	2123.359757900238	0.18895020263305845	0.0	1
631	2127.17813873291	0.1890674962811563	0.0001172936480978437	0
632	2130.976725578308	0.18953204062031484	0.00046454433915854576	0
633	2135.1245036125183	0.18953204062031484	0.0	1
634	2139.544448852539	0.18953204062031484	0.0	2
635	2143.968262910843	0.1899221348798257	0.00039009425951086474	0
636	2148.393118619919	0.1899221348798257	0.0	1
637	2152.137778043747	0.1899221348798257	0.0	2
638	2155.9332456588745	0.1900490367609164	0.00012690188109068523	0
639	2159.734057664871	0.19030673872048348	0.0002577019595670915	0
640	2163.5346484184265	0.19033237897652736	2.5640256043873988e-05	0
641	2167.358716249466	0.19051460597826086	0.00018222700173350925	0
642	2171.1733503341675	0.19086650522395052	0.0003518992456896519	0
643	2174.9992384910583	0.19086650522395052	0.0	1
644	2178.7937161922455	0.19147934577633058	0.0006128405523800617	0
645	2182.6183247566223	0.19147934577633058	0.0	1
646	2186.4431190490723	0.1914965307873407	1.7185011010112383e-05	0
647	2190.258951663971	0.1915535030336394	5.6972246298719886e-05	0
648	2194.060908794403	0.19198666047835455	0.00043315744471514317	0
649	2197.8650460243225	0.19198666047835455	0.0	1
650	2201.661982536316	0.19198666047835455	0.0	2
651	2205.493865251541	0.19198666047835455	0.0	3
652	2209.3786296844482	0.19213164413886805	0.00014498366051349243	0
653	2213.2115881443024	0.1923097167236694	0.00017807258480134758	0
654	2217.0073776245117	0.1923097167236694	0.0	1
655	2220.811222076416	0.1923097167236694	0.0	2
656	2224.6746027469635	0.1923097167236694	0.0	3
657	2228.5109441280365	0.19238301381535794	7.329709168854559e-05	0
658	2232.3284957408905	0.19239555027173913	1.2536456381190275e-05	0
659	2236.1814243793488	0.19255019706943402	0.00015464679769489065	0
660	2239.991637468338	0.19258855679582082	3.835972638679963e-05	0
661	2243.8207716941833	0.19267232228612255	8.37654903017293e-05	0
662	2247.6518495082855	0.1928459659330491	0.00017364364692654122	0
663	2251.487735271454	0.19302175084332832	0.00017578491027922527	0
664	2255.3183131217957	0.19314045369893176	0.00011870285560344751	0
665	2259.1658189296722	0.19314045369893176	0.0	1
666	2262.99977350235	0.19325157977651797	0.00011112607758620441	0
667	2266.8226153850555	0.19334649081709143	9.491104057346433e-05	0
668	2270.7351570129395	0.19349238954741377	0.0001458987303223358	0
669	2274.5743839740753	0.19361542983391117	0.00012304028649740006	0
670	2278.418758869171	0.1937859805448838	0.0001705507109726334	0
671	2282.256004333496	0.1937859805448838	0.0	1
672	2286.0963203907013	0.19386725704530547	8.127650042166756e-05	0
673	2289.9439709186554	0.1939380834485101	7.08264032046324e-05	0
674	2293.7677879333496	0.19408811829436842	0.00015003484585832116	0
675	2297.6101796627045	0.19419487033826835	0.00010675204389992698	0
676	2301.4621295928955	0.19419487033826835	0.0	1
677	2305.3157324790955	0.19419487033826835	0.0	2
678	2309.2098219394684	0.19457416677403486	0.0003792964357665074	0
679	2313.075164794922	0.19457416677403486	0.0	1
680	2316.990224123001	0.19466109840587517	8.69316318403146e-05	0
681	2320.8288066387177	0.1947145750855041	5.347667962893321e-05	0
682	2324.6641256809235	0.1947145750855041	0.0	1
683	2328.519141435623	0.1947145750855041	0.0	2
684	2332.3532803058624	0.1947145750855041	0.0	3
685	2336.180171251297	0.19507328245057157	0.00035870736506746215	0
686	2340.0113151073456	0.19507328245057157	0.0	1
687	2343.8608548641205	0.19507328245057157	0.0	2
688	2347.7359251976013	0.19507328245057157	0.0	3
689	2351.6015384197235	0.19507328245057157	0.0	4
690	2355.472087621689	0.19507328245057157	0.0	5
691	2359.3272597789764	0.19534527780055283	0.0002719953499812633	0
692	2363.166345834732	0.19544258632402547	9.730852347264451e-05	0
693	2367.3772106170654	0.19547853026611692	3.594394209144314e-05	0
694	2371.8558251857758	0.19547853026611692	0.0	1
695	2376.257264137268	0.1955094596256559	3.092935953899478e-05	0
696	2380.842039346695	0.19599951611108507	0.0004900564854291578	0
697	2384.6427702903748	0.19599951611108507	0.0	1
698	2388.5333921909332	0.19599951611108507	0.0	2
699	2392.3979415893555	0.19599951611108507	0.0	3
700	2396.23650097847	0.19599951611108507	0.0	4
701	2400.0976905822754	0.19625427154586766	0.0002547554347825942	0
702	2403.9768164157867	0.19625427154586766	0.0	1
703	2407.844003200531	0.19634748055659668	9.320901072901178e-05	0
704	2411.6913723945618	0.19644178765109632	9.430709449964603e-05	0
705	2415.5365240573883	0.19653420970178972	9.242205069340259e-05	0
706	2419.379744052887	0.19653420970178972	0.0	1
707	2423.238681793213	0.19653420970178972	0.0	2
708	2427.0664615631104	0.19680472263868065	0.0002705129368909265	0
709	2430.9203453063965	0.19680472263868065	0.0	1
710	2434.794827222824	0.19690920530945463	0.00010448267077398099	0
711	2438.647621870041	0.19730385661661357	0.00039465130715893304	0
712	2442.4977214336395	0.1975566904047976	0.0002528337881840259	0
713	2446.3702697753906	0.1975566904047976	0.0	1
714	2450.2258450984955	0.19820324212893553	0.0006465517241379393	0
715	2454.0947213172913	0.19820324212893553	0.0	1
716	2457.948222875595	0.19820324212893553	0.0	2
717	2461.8489997386932	0.19829407195816154	9.082982922600791e-05	0
718	2465.7058787345886	0.19837900873781858	8.493677965704105e-05	0
719	2469.5686841011047	0.19837900873781858	0.0	1
720	2473.440806865692	0.19851205988802473	0.00013305115020614822	0
721	2477.302039384842	0.19851205988802473	0.0	1
722	2481.175658226013	0.19885702290456334	0.0003449630165386075	0
723	2485.069923877716	0.19896501944340328	0.00010799653883994398	0
724	2488.9439272880554	0.19896501944340328	0.0	1
725	2492.820021867752	0.1990590886197526	9.406917634932621e-05	0
726	2496.700032234192	0.19916203397324775	0.000102945353495143	0
727	2500.602706670761	0.19917100165737442	8.967684126670594e-06	0
728	2504.4964666366577	0.19917100165737442	0.0	1
729	2508.391965150833	0.19924208428012555	7.108262275112853e-05	0
730	2512.2596979141235	0.19942826438343328	0.0001861801033077315	0
731	2516.1165680885315	0.19949374677895426	6.548239552098267e-05	0
732	2520.0085542201996	0.19949374677895426	0.0	1
733	2523.896036863327	0.1995705028345202	7.675605556595189e-05	0
734	2527.7734746932983	0.19965942931854383	8.892648402361591e-05	0
735	2531.631363391876	0.1998573223154048	0.00019789299686095996	0
736	2535.5040695667267	0.1999356156882496	7.829337284481763e-05	0
737	2539.398774623871	0.20032263531320277	0.000387019624953161	0
738	2544.826334953308	0.20045837676864692	0.0001357414554441494	0
739	2548.723342895508	0.20045837676864692	0.0	1
740	2552.621282339096	0.20045837676864692	0.0	2
741	2556.535596847534	0.20053912252857944	8.074575993252675e-05	0
742	2560.4276988506317	0.2006814524866473	0.00014232995806784388	0
743	2564.3072261810303	0.2006814524866473	0.0	1
744	2568.1959714889526	0.2008856411637931	0.00020418867714580569	0
745	2572.1014194488525	0.2008856411637931	0.0	1
746	2576.0139718055725	0.2008856411637931	0.0	2
747	2579.8881537914276	0.2011622667670071	0.0002766256032140091	0
748	2583.791095018387	0.2013754963338643	0.00021322956685720929	0
749	2587.6793694496155	0.2013754963338643	0.0	1
750	2591.564004421234	0.2013754963338643	0.0	2
751	2595.466634988785	0.2013754963338643	0.0	3
752	2599.349474668503	0.20173746134745127	0.00036196501358695676	0
753	2603.5813670158386	0.20173746134745127	0.0	1
754	2608.063962459564	0.20173746134745127	0.0	2
755	2612.463986635208	0.20201701517405357	0.0002795538266023023	0
756	2616.9082429409027	0.2020394343843703	2.2419210316731997e-05	0
757	2620.74050283432	0.2020394343843703	0.0	1
758	2624.634056329727	0.2022519501967766	0.00021251581240630535	0
759	2628.521299600601	0.2022519501967766	0.0	1
760	2632.434881210327	0.2022519501967766	0.0	2
761	2636.3228504657745	0.20236803595272676	0.00011608575595015158	0
762	2640.196158885956	0.20236803595272676	0.0	1
763	2644.1065814495087	0.2024081160103542	4.00800576274285e-05	0
764	2647.976229906082	0.2024081160103542	0.0	1
765	2651.8696234226227	0.202444407678973	3.629166861882083e-05	0
766	2655.7375390529633	0.20273358803996439	0.0002891803609913757	0
767	2659.6518864631653	0.2027851064702024	5.151843023801228e-05	0
768	2663.5679607391357	0.20307712354760118	0.00029201707739878735	0
769	2667.475094795227	0.20307712354760118	0.0	1
770	2671.38902926445	0.20307712354760118	0.0	2
771	2675.327469587326	0.2031955335808658	0.00011841003326462651	0
772	2679.2610116004944	0.20364391778720015	0.0004483842063343346	0
773	2683.163819551468	0.20364391778720015	0.0	1
774	2687.0817131996155	0.20382083738404233	0.0001769195968421844	0
775	2691.0170850753784	0.20382083738404233	0.0	1
776	2694.9084997177124	0.20388251308915853	6.167570511619869e-05	0
777	2698.813174724579	0.20397469722170164	9.218413254311053e-05	0
778	2702.734315395355	0.2041013794860382	0.00012668226433656948	0
779	2706.6529262065887	0.2041013794860382	0.0	1
780	2710.5531284809113	0.20423777979174473	0.0001364003057065244	0
781	2714.479735136032	0.20431197365184595	7.419386010121265e-05	0
782	2718.37433552742	0.20441722498125936	0.00010525132941341386	0
783	2722.331377506256	0.20441722498125936	0.0	1
784	2726.222448348999	0.20441722498125936	0.0	2
785	2730.1769337654114	0.2046432655254404	0.00022604054418104425	0
786	2734.114378452301	0.20482417482664916	0.00018090930120875925	0
787	2738.0400755405426	0.2049928221924194	0.00016864736577024142	0
788	2741.9780900478363	0.2049928221924194	0.0	1
789	2745.87379693985	0.20510261226808468	0.0001097900756652781	0
790	2749.81206202507	0.20551666305519115	0.0004140507871064625	0
791	2753.7182528972626	0.20551666305519115	0.0	1
792	2757.648988008499	0.20551666305519115	0.0	2
793	2761.5594007968903	0.20577553630411355	0.00025887324892240327	0
794	2765.498510122299	0.20577553630411355	0.0	1
795	2769.414801120758	0.20577553630411355	0.0	2
796	2773.3324139118195	0.20615724852417538	0.00038171222006183614	0
797	2777.263239622116	0.20615724852417538	0.0	1
798	2781.203423976898	0.20615724852417538	0.0	2
799	2785.099995613098	0.2064299210258152	0.0002726725016398146	0
800	2789.0301332473755	0.2064299210258152	0.0	1
801	2792.9126262664795	0.2066182606938718	0.00018833966805659186	0
802	2796.831757545471	0.20668517059829458	6.690990442279054e-05	0
803	2800.7747950553894	0.20668517059829458	0.0	1
804	2804.7072155475616	0.20668517059829458	0.0	2
805	2808.6213054656982	0.20706378988240254	0.0003786192841079561	0
806	2812.5817787647247	0.20706378988240254	0.0	1
807	2816.5048620700836	0.20706378988240254	0.0	2
808	2820.4288215637207	0.20706378988240254	0.0	3
809	2824.3423318862915	0.20710483991402734	4.105003162480081e-05	0
810	2828.264685153961	0.20719839665128373	9.355673725638947e-05	0
811	2832.223427295685	0.20719839665128373	0.0	1
812	2836.153301715851	0.20729934715259557	0.00010095050131184169	0
813	2840.4849605560303	0.2073005001405547	1.152987959135432e-06	0
814	2845.0012922286987	0.20732597568403296	2.547554347825942e-05	0
815	2849.452130317688	0.20755600593258058	0.0002300302485476191	0
816	2853.9770827293396	0.20755600593258058	0.0	1
817	2857.8389914035797	0.20755600593258058	0.0	2
818	2861.773135662079	0.20795528749297226	0.00039928156039167884	0
819	2865.7145669460297	0.20798669268881184	3.14051958395789e-05	0
820	2869.677407979965	0.20798669268881184	0.0	1
821	2873.6099474430084	0.20798669268881184	0.0	2
822	2877.5619332790375	0.2082153137298538	0.0002286210410419598	0
823	2881.4678053855896	0.2082153137298538	0.0	1
824	2885.370284318924	0.2082153137298538	0.0	2
825	2889.2904098033905	0.2082313274515086	1.601372165480064e-05	0
826	2893.2194941043854	0.2082313274515086	0.0	1
827	2897.155737876892	0.20829874979502436	6.742234351575505e-05	0
828	2901.0929477214813	0.20829874979502436	0.0	1
829	2905.0470716953278	0.2084469178984726	0.00014816810344825404	0
830	2908.9893159866333	0.2084469178984726	0.0	1
831	2912.9463391304016	0.20846697622868252	2.005833020990444e-05	0
832	2916.8754000663757	0.20855811718164355	9.114095296103297e-05	0
833	2920.8343777656555	0.20864460957997563	8.649239833208311e-05	0
834	2924.8034019470215	0.20876893096420537	0.00012432138422974193	0
835	2928.736659526825	0.20876893096420537	0.0	1
836	2932.697007894516	0.20876893096420537	0.0	2
837	2936.685308456421	0.20888803645052473	0.00011910548631935414	0
838	2940.652706384659	0.2090358751288418	0.00014783867831708042	0
839	2944.6039686203003	0.2090358751288418	0.0	1
840	2948.5273237228394	0.20920626112724885	0.0001703859984070466	0
841	2952.4587676525116	0.20920626112724885	0.0	1
842	2956.3895173072815	0.20920626112724885	0.0	2
843	2960.336575269699	0.2092279482817185	2.1687154469651748e-05	0
844	2964.296733856201	0.2095484972357571	0.00032054895403860195	0
845	2968.2418570518494	0.2095484972357571	0.0	1
846	2972.254813194275	0.20961915892639615	7.06616906390456e-05	0
847	2976.1925988197327	0.20961915892639615	0.0	1
848	2980.134631872177	0.20981518518084707	0.0001960262544509206	0
849	2984.073024749756	0.20981518518084707	0.0	1
850	2988.0264172554016	0.20981518518084707	0.0	2
851	2992.0044379234314	0.20981518518084707	0.0	3
852	2995.972620487213	0.21009096891983695	0.00027578373898987096	0
853	2999.8885304927826	0.21010143731845013	1.0468398613183716e-05	0
854	3003.8703014850616	0.21010143731845013	0.0	1
855	3007.777907848358	0.2104652141702586	0.0003637768518084672	0
856	3011.718674182892	0.2104652141702586	0.0	1
857	3015.6657552719116	0.2104652141702586	0.0	2
858	3019.6334269046783	0.21077765560579084	0.0003124414355322458	0
859	3023.5896916389465	0.21077765560579084	0.0	1
860	3027.5427811145782	0.21077765560579084	0.0	2
861	3031.511222600937	0.21077765560579084	0.0	3
862	3035.49182844162	0.21077765560579084	0.0	4
863	3039.4234919548035	0.21077765560579084	0.0	5
864	3043.397627353668	0.21077765560579084	0.0	6
865	3047.369179725647	0.21091079826297787	0.00013314265718702978	0
866	3051.3262639045715	0.21114586139547412	0.00023506313249624378	0
867	3055.2768256664276	0.21120896460949212	6.310321401800656e-05	0
868	3059.2461862564087	0.21122710129310343	1.813668361130838e-05	0
869	3063.2130796909332	0.21122710129310343	0.0	1
870	3067.189797639847	0.21134818333020988	0.00012108203710645138	0
871	3071.1338472366333	0.21140656478401423	5.8381453804351446e-05	0
872	3075.072109222412	0.21150760679230696	0.00010104200829272325	0
873	3079.4512906074524	0.21150760679230696	0.0	1
874	3084.016993045807	0.21150760679230696	0.0	2
875	3088.6103508472443	0.21177127500702772	0.00026366821472076363	0
876	3093.2728753089905	0.21182833876030732	5.706375327960145e-05	0
877	3097.152075767517	0.21182833876030732	0.0	1
878	3101.1332552433014	0.21207322974255058	0.00024489098224325656	0
879	3105.103413105011	0.21207322974255058	0.0	1
880	3109.095446586609	0.21207322974255058	0.0	2
881	3113.0598907470703	0.21208913365582832	1.5903913277742765e-05	0
882	3116.955534219742	0.21231773639547413	0.00022860273964581124	0
883	3120.8864419460297	0.21245981013399548	0.00014207373852134775	0
884	3124.8249571323395	0.21245981013399548	0.0	1
885	3128.7482857704163	0.21269533080139616	0.00023552066740067934	0
886	3132.690678834915	0.21269533080139616	0.0	1
887	3136.6560895442963	0.21269533080139616	0.0	2
888	3140.6024177074432	0.21269533080139616	0.0	3
889	3144.567696094513	0.21269533080139616	0.0	4
890	3148.5109651088715	0.21269533080139616	0.0	5
891	3152.472269296646	0.21269533080139616	0.0	6
892	3156.4344170093536	0.21294836590493815	0.0002530351035419931	0
893	3160.3774349689484	0.21294836590493815	0.0	1
894	3164.3264830112457	0.21402798356681033	0.0010796176618721731	0
895	3168.278282403946	0.21412884256114129	0.00010085899433096013	0
896	3172.2517285346985	0.21412884256114129	0.0	1
897	3176.19899559021	0.21412884256114129	0.0	2
898	3180.1711575984955	0.21412884256114129	0.0	3
899	3184.142941236496	0.214273020960223	0.00014417839908170693	0
900	3188.1018311977386	0.214273020960223	0.0	1
901	3192.073480129242	0.2145009831510026	0.00022796219077961255	0
902	3196.028979063034	0.2145009831510026	0.0	1
903	3200.0051176548004	0.21461088303504497	0.00010989988404236373	0
904	3203.9471867084503	0.21461088303504497	0.0	1
905	3207.9300820827484	0.21461088303504497	0.0	2
906	3211.859810113907	0.21467605430683095	6.517127178598536e-05	0
907	3215.8011662960052	0.2148129121474419	0.0001368578406109322	0
908	3219.7683033943176	0.2148129121474419	0.0	1
909	3223.7433676719666	0.2148129121474419	0.0	2
910	3227.6928646564484	0.21496452091337143	0.00015160876592953954	0
911	3231.6875925064087	0.21500888349770425	4.436258433282436e-05	0
912	3235.6256194114685	0.21520983282772674	0.00020094933002248738	0
913	3239.568989753723	0.21520983282772674	0.0	1
914	3243.518914937973	0.2152887301466454	7.88973189186637e-05	0
915	3247.519019842148	0.2152887301466454	0.0	1
916	3251.4942717552185	0.21571207804300974	0.00042334789636433445	0
917	3255.4164741039276	0.21571207804300974	0.0	1
918	3259.389712572098	0.21571207804300974	0.0	2
919	3263.371345758438	0.21575896622001497	4.688817700523873e-05	0
920	3267.331043481827	0.21575896622001497	0.0	1
921	3271.3481969833374	0.21580138885635305	4.2422636338079744e-05	0
922	3275.336973667145	0.21601884604572713	0.0002174571893740762	0
923	3279.316631793976	0.21601884604572713	0.0	1
924	3283.2664453983307	0.2161811977312125	0.00016235168548536794	0
925	3287.262808561325	0.21619424662668665	1.3048895474154776e-05	0
926	3291.250517129898	0.21619424662668665	0.0	1
927	3295.2322211265564	0.2162214058986132	2.7159271926535666e-05	0
928	3299.221650123596	0.21641192343281482	0.00019051753420162854	0
929	3303.2182700634003	0.2164935293583677	8.160592555286894e-05	0
930	3310.072313308716	0.21716661810696214	0.0006730887485944526	0
931	3314.0557618141174	0.21716661810696214	0.0	1
932	3318.022520542145	0.21716661810696214	0.0	2
933	3322.3500492572784	0.21730753885752435	0.00014092075056221232	0
934	3326.9762074947357	0.21730753885752435	0.0	1
935	3331.582346200943	0.21730753885752435	0.0	2
936	3336.258400440216	0.21752031088947713	0.00021277203195277372	0
937	3340.1871893405914	0.21752031088947713	0.0	1
938	3344.1608924865723	0.21755658425669977	3.6273367222644515e-05	0
939	3348.1387588977814	0.21772722647465328	0.00017064221795351497	0
940	3352.0808868408203	0.21772722647465328	0.0	1
941	3356.0666716098785	0.21772722647465328	0.0	2
942	3360.0330572128296	0.21781681180893928	8.958533428599091e-05	0
943	3364.047949075699	0.21782687757683655	1.006576789727709e-05	0
944	3368.0432176589966	0.21782687757683655	0.0	1
945	3372.031357049942	0.2179561403380341	0.00012926276119754054	0
946	3375.9902226924896	0.21810956094218514	0.00015342060415104997	0
947	3379.952703475952	0.21810956094218514	0.0	1
948	3383.942687511444	0.2186114218281484	0.0005018608859632678	0
949	3387.8881964683533	0.2186114218281484	0.0	1
950	3391.844014644623	0.2186114218281484	0.0	2
951	3395.8297374248505	0.21882027736131932	0.0002088555331709041	0
952	3399.8220686912537	0.21882027736131932	0.0	1
953	3403.761492729187	0.21889765566435532	7.737830303600202e-05	0
954	3407.743474960327	0.21889765566435532	0.0	1
955	3411.7406928539276	0.21889765566435532	0.0	2
956	3415.7134172916412	0.21933343020872376	0.0004357745443684391	0
957	3419.6935338974	0.21933343020872376	0.0	1
958	3423.684337615967	0.21933343020872376	0.0	2
959	3427.669990539551	0.21933343020872376	0.0	3
960	3431.6840345859528	0.21933343020872376	0.0	4
961	3435.664719581604	0.21933343020872376	0.0	5
962	3439.64750289917	0.21955831776494564	0.00022488755622188106	0
963	3443.619503736496	0.21955831776494564	0.0	1
964	3447.6158969402313	0.2195770583946308	1.8740629685154442e-05	0
965	3451.618659257889	0.21999667280617502	0.00041961441154422796	0
966	3455.6020188331604	0.21999667280617502	0.0	1
967	3459.606905221939	0.21999667280617502	0.0	2
968	3463.6163063049316	0.21999667280617502	0.0	3
969	3467.613603115082	0.21999667280617502	0.0	4
970	3471.6072306632996	0.2201135272207646	0.00011685441458958445	0
971	3475.5839188098907	0.22028856177380057	0.0001750345530359687	0
972	3479.5817201137543	0.2203536232372095	6.506146340892749e-05	0
973	3483.585916519165	0.2203536232372095	0.0	1
974	3487.581487417221	0.2203851748442185	3.15516070089894e-05	0
975	3491.5909790992737	0.2203851748442185	0.0	1
976	3495.575404405594	0.22081800286380246	0.00043282801958396955	0
977	3499.5678141117096	0.22081800286380246	0.0	1
978	3503.588543653488	0.22104065764969077	0.00022265478588831544	0
979	3507.5671858787537	0.22104065764969077	0.0	1
980	3511.5542962551117	0.22104065764969077	0.0	2
981	3515.5252161026	0.22104065764969077	0.0	3
982	3519.512201309204	0.2212935646434595	0.00025290699376873116	0
983	3523.5053458213806	0.2212935646434595	0.0	1
984	3527.4868965148926	0.22142712823275862	0.00013356358929911272	0
985	3531.4930629730225	0.22166204495408545	0.00023491672132683328	0
986	3535.4683136940002	0.22189996310438528	0.00023791815029983177	0
987	3539.469591140747	0.22189996310438528	0.0	1
988	3543.4932391643524	0.22189996310438528	0.0	2
989	3547.4641082286835	0.2220428787071308	0.00014291560274551363	0
990	3551.4731023311615	0.2220428787071308	0.0	1
991	3555.477070093155	0.2220428787071308	0.0	2
992	3559.4556193351746	0.22222528872282607	0.00018241001569527238	0
993	3563.797917842865	0.22222528872282607	0.0	1
994	3568.520456314087	0.22226690609773236	4.161737490629425e-05	0
995	3573.115048646927	0.22236221976902174	9.531367128937096e-05	0
996	3577.8135941028595	0.22236221976902174	0.0	1
997	3581.7572429180145	0.2227120326555472	0.00034981288652546905	0
998	3585.7463643550873	0.2227120326555472	0.0	1
999	3589.750151157379	0.22276816303762179	5.6130382074581764e-05	0
1000	3593.771005153656	0.22302789645216453	0.00025973341454274546	0
1001	3597.7450132369995	0.22302789645216453	0.0	1
1002	3601.721230983734	0.22303691904047976	9.022588315227287e-06	0
