1	4.277527093887329	0.005972494214013599	10000000000.005972	0
2	7.144364833831787	0.015525674891436117	0.009553180677422519	0
3	9.961298942565918	0.015525674891436117	0.0	1
4	12.778287649154663	0.015525674891436117	0.0	2
5	15.590163707733154	0.015525674891436117	0.0	3
6	18.371955394744873	0.015525674891436117	0.0	4
7	21.19367003440857	0.016068016178068193	0.0005423412866320757	0
8	23.998921632766724	0.016068016178068193	0.0	1
9	26.820276498794556	0.016068016178068193	0.0	2
10	29.6381938457489	0.016068016178068193	0.0	3
11	32.46898341178894	0.016068016178068193	0.0	4
12	35.29587697982788	0.016068018465742715	2.2876745220390404e-09	5
13	38.1185507774353	0.016068018465742715	0.0	6
14	40.90247464179993	0.01869395426188273	0.0026259357961400144	0
15	43.697141885757446	0.01869395426188273	0.0	1
16	46.47801661491394	0.01869395426188273	0.0	2
17	49.28417778015137	0.020364327266298488	0.0016703730044157587	0
18	52.05485510826111	0.020364327266298488	0.0	1
19	54.86962628364563	0.020364327266298488	0.0	2
20	57.66792821884155	0.020469965212706144	0.00010563794640765581	0
21	60.48211193084717	0.022773966867884417	0.0023040016551782727	0
22	63.26517128944397	0.022773966867884417	0.0	1
23	66.04991960525513	0.023659333510734865	0.0008853666428504485	0
24	68.81050419807434	0.023659333510734865	0.0	1
25	71.61554312705994	0.024200240425441576	0.0005409069147067104	0
26	74.35073971748352	0.02446356091363498	0.0002633204881934033	0
27	77.8360207080841	0.025300387678475214	0.0008368267648402351	0
28	81.31538105010986	0.02673159574997657	0.0014312080715013567	0
29	84.81702446937561	0.029772356711048772	0.003040760961072201	0
30	88.30012822151184	0.029772356711048772	0.0	1
31	91.05248737335205	0.029772356711048772	0.0	2
32	93.78180813789368	0.029772356711048772	0.0	3
33	96.59146237373352	0.030563002190311092	0.0007906454792623203	0
34	99.34941673278809	0.031170452981517053	0.0006074507912059608	0
35	102.12391400337219	0.031170452981517053	0.0	1
36	104.8624267578125	0.031170452981517053	0.0	2
37	107.63802123069763	0.031227221624783308	5.676864326625494e-05	0
38	110.36448454856873	0.03472831989156788	0.0035010982667845747	0
39	113.14446783065796	0.03472831989156788	0.0	1
40	115.91893172264099	0.035060906588941856	0.00033258669737397384	0
41	118.7017993927002	0.035938591220747045	0.0008776846318051881	0
42	121.43560814857483	0.035938591220747045	0.0	1
43	124.20595717430115	0.035938591220747045	0.0	2
44	126.94180798530579	0.035938591220747045	0.0	3
45	129.75284934043884	0.03633816789115208	0.00039957667040503575	0
46	132.51954817771912	0.03791549888507894	0.0015773309939268593	0
47	135.27551293373108	0.03791549888507894	0.0	1
48	138.04573583602905	0.03791549888507894	0.0	2
49	140.83185076713562	0.038776943315451645	0.0008614444303727056	0
50	143.60740733146667	0.039217782771212045	0.00044083945576040007	0
51	146.36734533309937	0.039217782771212045	0.0	1
52	149.1023919582367	0.039217782771212045	0.0	2
53	151.88786935806274	0.03934548991373454	0.00012770714252249155	0
54	154.63201665878296	0.03934548991373454	0.0	1
55	157.41239309310913	0.03954100830444152	0.0001955183907069863	0
56	160.14280819892883	0.03954100830444152	0.0	1
57	162.9317135810852	0.04017159663576415	0.0006305883313226235	0
58	165.67627048492432	0.04017159663576415	0.0	1
59	168.46579957008362	0.04058775208343094	0.0004161554476667939	0
60	171.22233510017395	0.04097147745707224	0.0003837253736412999	0
61	174.0431444644928	0.041014476587389895	4.29991303176544e-05	0
62	176.79425692558289	0.041014476587389895	0.0	1
63	179.60175442695618	0.041137141695265646	0.00012266510787575097	0
64	182.36247444152832	0.04202352406560391	0.0008863823703382651	0
65	185.1664457321167	0.042191224334122	0.0001677002685180895	0
66	187.93453335762024	0.042191224334122	0.0	1
67	190.73939657211304	0.042191224334122	0.0	2
68	193.49608850479126	0.042191224334122	0.0	3
69	196.3189754486084	0.04248492971531812	0.00029370538119612155	0
70	199.05983304977417	0.04255506066546805	7.01309501499256e-05	0
71	201.8654294013977	0.04274871688911403	0.00019365622364598406	0
72	204.61497354507446	0.042768871301653855	2.015441253982314e-05	0
73	207.4168655872345	0.04303933848505435	0.00027046718340049264	0
74	210.15427803993225	0.04413098473956381	0.0010916462545094638	0
75	212.96825051307678	0.044205947258304436	7.49625187406247e-05	0
76	215.7313106060028	0.044205947258304436	0.0	1
77	218.50460362434387	0.04772647703247985	0.0035205297741754127	0
78	221.22273468971252	0.04772647703247985	0.0	1
79	224.01994347572327	0.04780143955122048	7.496251874063165e-05	0
80	226.81775736808777	0.048008281930811934	0.00020684237959145424	0
81	229.62967324256897	0.04849642134499156	0.00048813941417962664	0
82	232.39805364608765	0.05032817606089533	0.0018317547159037717	0
83	235.20366144180298	0.05200984102675225	0.0016816649658569147	0
84	238.02721285820007	0.05200984102675225	0.0	1
85	240.890522480011	0.05205686646422882	4.702543747657495e-05	0
86	243.716623544693	0.052159766064233504	0.0001028996000046814	0
87	246.87336349487305	0.052173999975110096	1.4233910876591815e-05	0
88	250.25715494155884	0.05249712942600965	0.0003231294508995522	0
89	253.64628911018372	0.05258560295047788	8.847352446823137e-05	0
90	257.1111249923706	0.05258560295047788	0.0	1
91	259.9987940788269	0.053381896698135305	0.0007962937476574256	0
92	262.8828628063202	0.053381896698135305	0.0	1
93	265.8349258899689	0.053381896698135305	0.0	2
94	268.70866990089417	0.05611440038037621	0.002732503682240907	0
95	271.64208149909973	0.05611440038037621	0.0	1
96	274.54679441452026	0.05611440038037621	0.0	2
97	277.5155358314514	0.05611440038037621	0.0	3
98	280.38414335250854	0.05611440038037621	0.0	4
99	283.36693811416626	0.05611440038037621	0.0	5
100	286.2751293182373	0.056376371140601574	0.0002619707602253621	0
101	289.2844886779785	0.0564513336593422	7.49625187406247e-05	0
102	292.21442794799805	0.0564513336593422	0.0	1
103	295.23873353004456	0.0568201616964955	0.00036882803715330287	0
104	298.2412476539612	0.05698973785812172	0.00016957616162621703	0
105	301.28622126579285	0.0571891041173749	0.00019936625925318086	0
106	304.269579410553	0.0571891041173749	0.0	1
107	307.3555028438568	0.059084565993370496	0.0018954618759955966	0
108	310.40286231040955	0.059084565993370496	0.0	1
109	313.5186712741852	0.059084565993370496	0.0	2
110	316.55217385292053	0.059084565993370496	0.0	3
111	319.6917471885681	0.059084565993370496	0.0	4
112	322.74741315841675	0.059084565993370496	0.0	5
113	325.9380431175232	0.05947314581234773	0.00038857981897723326	0
114	329.016099691391	0.060644032536954176	0.0011708867246064472	0
115	332.19101905822754	0.060952548323006464	0.000308515786052288	0
116	335.3510949611664	0.060952548323006464	0.0	1
117	338.54516315460205	0.060952548323006464	0.0	2
118	341.6357111930847	0.060952548323006464	0.0	3
119	344.8412847518921	0.06302579911216266	0.0020732507891561974	0
120	347.96234941482544	0.06333769150580959	0.00031189239364692867	0
121	351.15614557266235	0.06333769150580959	0.0	1
122	354.2678620815277	0.06333769150580959	0.0	2
123	357.46302819252014	0.06333769150580959	0.0	3
124	360.6002109050751	0.06333769150580959	0.0	4
125	363.8364562988281	0.06333769150580959	0.0	5
126	366.91400933265686	0.06333769150580959	0.0	6
127	370.10252952575684	0.06362365082107384	0.00028595931526424756	0
128	373.2498428821564	0.06369860418911638	7.495336804254349e-05	0
129	376.4331591129303	0.06412942820581896	0.0004308240167025801	0
130	379.58395528793335	0.06441655423508948	0.0002871260292705152	0
131	382.7911202907562	0.06441655423508948	0.0	1
132	385.91332817077637	0.06472489158252905	0.000308337347439569	0
133	389.0914340019226	0.06492307740172881	0.00019818581919976708	0
134	392.2002389431	0.06680097451274362	0.0018778971110148118	0
135	395.40853786468506	0.0674303686779657	0.0006293941652220775	0
136	398.53908920288086	0.0674303686779657	0.0	1
137	401.73243379592896	0.0675148250459731	8.445636800739897e-05	0
138	404.8722577095032	0.0675148250459731	0.0	1
139	408.06355023384094	0.06775173661948322	0.0002369115735101207	0
140	411.17728090286255	0.06966957652765414	0.001917839908170918	0
141	414.39417481422424	0.06966957652765414	0.0	1
142	417.5025522708893	0.06966957652765414	0.0	2
143	420.6736698150635	0.07075042038307018	0.0010808438554160416	0
144	423.8261423110962	0.07092736743200664	0.00017694704893646274	0
145	427.03256011009216	0.07092736743200664	0.0	1
146	430.16672539711	0.07092736743200664	0.0	2
147	433.7371497154236	0.07144138959572947	0.0005140221637228298	0
148	437.4447648525238	0.07144138959572947	0.0	1
149	441.1998100280762	0.07152069869606212	7.93091003326446e-05	0
150	444.9449887275696	0.07221867276810813	0.000697974072046012	0
151	448.0779142379761	0.07230054863925459	8.187587114645567e-05	0
152	451.23516035079956	0.07267195259791978	0.00037140395866519516	0
153	454.4417521953583	0.07267195259791978	0.0	1
154	457.5534780025482	0.07267195259791978	0.0	2
155	460.71257734298706	0.07267195259791978	0.0	3
156	463.8595452308655	0.0737253580851176	0.0010534054871978171	0
157	467.05859756469727	0.0737253580851176	0.0	1
158	470.1796853542328	0.0737253580851176	0.0	2
159	473.35577368736267	0.07530225213321073	0.001576894048093136	0
160	476.4485604763031	0.07530225213321073	0.0	1
161	479.64016222953796	0.07530225213321073	0.0	2
162	482.7744069099426	0.07563986256383526	0.0003376104306245242	0
163	485.9780728816986	0.0758001599175998	0.00016029735376453524	0
164	489.09772849082947	0.07598200716536263	0.0001818472477628369	0
165	492.2804808616638	0.07598200716536263	0.0	1
166	495.3932797908783	0.07600514013013024	2.3132964767608177e-05	0
167	498.58026909828186	0.07693700146996814	0.0009318613398379	0
168	501.71658515930176	0.07693700146996814	0.0	1
169	504.91389656066895	0.07701021620537388	7.321473540573831e-05	0
170	508.0498366355896	0.07701021620537388	0.0	1
171	511.2374007701874	0.07753431328769209	0.000524097082318209	0
172	514.3748288154602	0.07760028982090986	6.597653321777086e-05	0
173	517.5716042518616	0.07781616393951461	0.0002158741186047558	0
174	520.6934611797333	0.07782517737713174	9.013437617125253e-06	0
175	523.8701801300049	0.0783833974126218	0.0005582200354900674	0
176	526.9779987335205	0.07860135789039073	0.0002179604777689248	0
177	530.1973061561584	0.07862885573814654	2.7497847755811322e-05	0
178	533.3284902572632	0.07923986615090892	0.000611010412762375	0
179	536.5227625370026	0.07954198559899738	0.0003021194480884587	0
180	539.6818628311157	0.07964529698041603	0.00010331138141865537	0
181	542.8588643074036	0.07964529698041603	0.0	1
182	546.0016310214996	0.08060131616320745	0.0009560191827914233	0
183	549.2077543735504	0.08060131616320745	0.0	1
184	552.345846414566	0.08060131616320745	0.0	2
185	555.5632309913635	0.08060665102019303	5.3348569855754535e-06	0
186	558.7091221809387	0.08081724518600074	0.0002105941658077093	0
187	561.9029417037964	0.08125268115453992	0.0004354359685391773	0
188	565.0203759670258	0.08125268115453992	0.0	1
189	568.200915813446	0.08125268115453992	0.0	2
190	571.3052999973297	0.08132865940076836	7.597824622844473e-05	0
191	574.5357778072357	0.08268391439046101	0.0013552549896926475	0
192	577.6807887554169	0.08268391439046101	0.0	1
193	580.8767182826996	0.08268391439046101	0.0	2
194	584.0032444000244	0.08278033529621907	9.642090575806561e-05	0
195	587.2307250499725	0.08333950700431034	0.0005591717080912634	0
196	590.3949887752533	0.08333950700431034	0.0	1
197	593.6453247070312	0.08340907976187686	6.957275756652725e-05	0
198	596.808940410614	0.08357332564186656	0.00016424587998969953	0
199	600.031014919281	0.08370044713971139	0.00012712149784482873	0
200	603.1577670574188	0.08370044713971139	0.0	1
201	606.3567032814026	0.08370044713971139	0.0	2
202	609.4911987781525	0.08424706409002529	0.0005466169503138968	0
203	612.7108247280121	0.08424706409002529	0.0	1
204	615.85897397995	0.08492302615781952	0.0006759620677942307	0
205	620.8593389987946	0.08509336640273613	0.00017034024491660582	0
206	624.0139000415802	0.08570720438120782	0.0006138379784716985	0
207	627.6183383464813	0.08570720438120782	0.0	1
208	631.2831943035126	0.08597158635037949	0.00026438196917166756	0
209	635.077877998352	0.08607499838947713	0.00010341203909763896	0
210	638.7929453849792	0.08617146504872564	9.646665924850639e-05	0
211	641.9248175621033	0.0882821101656203	0.002110645116894669	0
212	645.0486083030701	0.0882821101656203	0.0	1
213	648.2485108375549	0.0882821101656203	0.0	2
214	651.4009563922882	0.0882821101656203	0.0	3
215	654.6161005496979	0.0882821101656203	0.0	4
216	657.7276492118835	0.0882821101656203	0.0	5
217	660.9514169692993	0.08893229471689935	0.0006501845512790483	0
218	664.0825951099396	0.08922871328007871	0.000296418563179357	0
219	667.3050570487976	0.08934462517276517	0.00011591189268646274	0
220	670.4351074695587	0.09048759311750375	0.0011429679447385738	0
221	673.6516149044037	0.09057506464053129	8.747152302754357e-05	0
222	676.7794435024261	0.09057506464053129	0.0	1
223	679.9969670772552	0.09156927883714393	0.000994214196612636	0
224	683.1181569099426	0.09156927883714393	0.0	1
225	686.3373098373413	0.09171920387462518	0.0001499250374812494	0
226	689.4465761184692	0.09171920387462518	0.0	1
227	692.6249797344208	0.09175801198521832	3.880811059314704e-05	0
228	695.7591543197632	0.0920190539495877	0.00026104196436937954	0
229	698.9401655197144	0.09238577732618065	0.0003667233765929506	0
230	702.0684535503387	0.09291424844218515	0.0005284711160045003	0
231	705.243980884552	0.09291424844218515	0.0	1
232	708.3737108707428	0.09291424844218515	0.0	2
233	711.5807147026062	0.09291424844218515	0.0	3
234	714.724613904953	0.09317207851152548	0.0002578300693403257	0
235	717.9213674068451	0.09323473334133714	6.265482981165915e-05	0
236	721.0458552837372	0.0937874904100684	0.0005527570687312577	0
237	724.2095625400543	0.09413694641936843	0.00034945600930003096	0
238	727.3449046611786	0.09427695210012181	0.00014000568075338282	0
239	730.5323052406311	0.09451494345600636	0.0002379913558845509	0
240	733.659601688385	0.09480111323732664	0.00028616978132027515	0
241	736.8474628925323	0.0955131199048913	0.0007120066675646575	0
242	739.9717583656311	0.0955131199048913	0.0	1
243	743.1923315525055	0.09558256455268459	6.944464779329307e-05	0
244	746.3328366279602	0.09590742348552286	0.00032485893283827616	0
245	749.5340974330902	0.09663580075196776	0.0007283772664448962	0
246	752.6772623062134	0.09663580075196776	0.0	1
247	755.8491990566254	0.09663580075196776	0.0	2
248	758.9814202785492	0.09663580075196776	0.0	3
249	762.1808307170868	0.09693188989001593	0.0002960891380481695	0
250	765.3384056091309	0.09693188989001593	0.0	1
251	768.5051836967468	0.09693188989001593	0.0	2
252	771.6526823043823	0.09708945576040104	0.0001575658703851096	0
253	774.8588209152222	0.09730638220928597	0.0002169264488849354	0
254	777.9674785137177	0.09764995431971514	0.00034357211042916613	0
255	781.1297626495361	0.09772402007004309	7.406575032795071e-05	0
256	784.2760622501373	0.09786943381336674	0.00014541374332364965	0
257	787.4547877311707	0.09786943381336674	0.0	1
258	790.6167030334473	0.09833252319152923	0.0004630893781624873	0
259	793.7975416183472	0.09833252319152923	0.0	1
260	796.9231152534485	0.09867485080701836	0.00034232761548913526	0
261	800.1050870418549	0.0996371931221889	0.0009623423151705335	0
262	803.245007276535	0.09963890430273144	1.7111805425407134e-06	0
263	806.4249279499054	0.09963890430273144	0.0	1
264	809.5554738044739	0.09971385767077398	7.495336804254349e-05	0
265	812.7594351768494	0.09990184961230322	0.00018799194152924192	0
266	815.8935091495514	0.1000125273056831	0.00011067769337987088	0
267	819.4307124614716	0.1000125273056831	0.0	1
268	823.1553335189819	0.10023682921722732	0.00022430191154422519	0
269	826.9527425765991	0.10023682921722732	0.0	1
270	830.7121138572693	0.10047008966220014	0.0002332604449728215	0
271	833.8487734794617	0.10112479465833489	0.0006547049961347501	0
272	836.9848937988281	0.10142523037797507	0.00030043571964018245	0
273	840.1594097614288	0.10142523037797507	0.0	1
274	843.2822692394257	0.10156287517862161	0.0001376448006465414	0
275	846.4408891201019	0.10201781128478729	0.0004549361061656765	0
276	849.603922367096	0.10226251010237068	0.0002446988175833914	0
277	852.7625119686127	0.10226251010237068	0.0	1
278	855.9060368537903	0.10267986429148707	0.000417354189116384	0
279	859.0888803005219	0.10299767718679721	0.0003178128953101461	0
280	862.2110834121704	0.1032224915374344	0.00022481435063718969	0
281	865.3707032203674	0.10385918795973106	0.000636696422296662	0
282	868.5235209465027	0.10385918795973106	0.0	1
283	871.6817336082458	0.1038936403380341	3.445237830303205e-05	0
284	874.8281548023224	0.10404580729654703	0.00015216695851293094	0
285	877.9974882602692	0.10584681109152454	0.0018010037949775098	0
286	881.1420159339905	0.10584681109152454	0.0	1
287	884.3143455982208	0.10584681109152454	0.0	2
288	887.4722483158112	0.10584681109152454	0.0	3
289	890.6423225402832	0.10584681109152454	0.0	4
290	893.8096742630005	0.10742346722146738	0.0015766561299428439	0
291	896.9722793102264	0.10742346722146738	0.0	1
292	900.1669042110443	0.10742346722146738	0.0	2
293	903.3741028308868	0.10841402113884463	0.0009905539173772487	0
294	906.533860206604	0.10841402113884463	0.0	1
295	909.7076420783997	0.10867116490582833	0.0002571437669837001	0
296	912.8530175685883	0.10867116490582833	0.0	1
297	916.0444746017456	0.10867116490582833	0.0	2
298	919.1882181167603	0.10982463785197244	0.0011534729461441101	0
299	922.3641169071198	0.11057563564409201	0.0007509977921195676	0
300	925.5280501842499	0.11057563564409201	0.0	1
301	928.7207803726196	0.11097069873266491	0.00039506308857290007	0
302	931.8943777084351	0.1110067707845296	3.60720518646912e-05	0
303	935.0690865516663	0.11108173330327023	7.496251874063165e-05	0
304	938.2252361774445	0.11184312628841828	0.0007613929851480461	0
305	941.4108378887177	0.11250479496579835	0.0006616686773800728	0
306	944.621488571167	0.11275617379298632	0.00025137882718796745	0
307	947.863686800003	0.11275617379298632	0.0	1
308	951.1218764781952	0.11275617379298632	0.0	2
309	954.3728475570679	0.11287527927930566	0.00011910548631934026	0
310	957.6071066856384	0.11297512254614879	9.984326684313316e-05	0
311	960.8793053627014	0.11319999180097451	0.00022486925482571862	0
312	964.1337747573853	0.11319999180097451	0.0	1
313	967.401688337326	0.11323923914507589	3.9247344101378534e-05	0
314	970.6514456272125	0.11340892969042822	0.00016969054535233286	0
315	973.936952829361	0.11434638210679815	0.0009374524163699299	0
316	977.2225410938263	0.11434638210679815	0.0	1
317	980.5210912227631	0.11434638210679815	0.0	2
318	983.7849700450897	0.11444866861003092	0.000102286503232768	0
319	987.0833060741425	0.11446456337261056	1.589476257964073e-05	0
320	990.3648805618286	0.11446456337261056	0.0	1
321	993.6817128658295	0.11487112888868065	0.00040656551607008706	0
322	996.9754946231842	0.11519761664577867	0.00032648775709802347	0
323	1000.2946531772614	0.11572195164624718	0.0005243350004685149	0
324	1003.6094982624054	0.11572195164624718	0.0	1
325	1006.9397842884064	0.11572195164624718	0.0	2
326	1010.2604041099548	0.1192646718632871	0.003542720217039913	0
327	1013.9635829925537	0.1192646718632871	0.0	1
328	1017.9730904102325	0.1192646718632871	0.0	2
329	1021.9921326637268	0.1192646718632871	0.0	3
330	1026.0104811191559	0.11970491194832271	0.00044024008503561196	0
331	1029.3675453662872	0.11970491194832271	0.0	1
332	1032.8041603565216	0.11970491194832271	0.0	2
333	1036.2587611675262	0.11970491194832271	0.0	3
334	1039.6930136680603	0.12142904987935718	0.0017241379310344723	0
335	1043.1446468830109	0.12142904987935718	0.0	1
336	1046.6294431686401	0.12142904987935718	0.0	2
337	1050.0874366760254	0.12142904987935718	0.0	3
338	1053.554057598114	0.12143357947491097	4.529595553789956e-06	0
339	1059.4222362041473	0.12167431604022207	0.00024073656531109489	0
340	1062.934820652008	0.12257228319434033	0.0008979671541182593	0
341	1066.4148190021515	0.1232755509452305	0.0007032677508901769	0
342	1069.926952123642	0.1232755509452305	0.0	1
343	1073.4353568553925	0.1232755509452305	0.0	2
344	1076.9804348945618	0.1232755509452305	0.0	3
345	1080.4937329292297	0.12346526321800036	0.00018971227276985692	0
346	1084.0021088123322	0.12346526321800036	0.0	1
347	1087.5807330608368	0.12410712978471701	0.0006418665667166507	0
348	1091.1067922115326	0.12410712978471701	0.0	1
349	1094.640515089035	0.12410712978471701	0.0	2
350	1098.1882710456848	0.12428079173303973	0.00017366194832271753	0
351	1101.7075462341309	0.1244131840329835	0.00013239229994377322	0
352	1105.2243721485138	0.12442789835550974	1.471432252624083e-05	0
353	1108.7656562328339	0.12442789835550974	0.0	1
354	1112.3060200214386	0.12454788230884557	0.000119983953335831	0
355	1115.848120212555	0.12494901231025111	0.0004011300014055419	0
356	1119.3808417320251	0.12496032257308845	1.1310262837335716e-05	0
357	1122.9520020484924	0.12542332044427004	0.00046299787118159186	0
358	1126.4845132827759	0.12550566757636805	8.234713209800959e-05	0
359	1130.0294106006622	0.12640519949985943	0.0008995319234913757	0
360	1133.5670461654663	0.12678001209356257	0.00037481259370314435	0
361	1137.1006698608398	0.1270991243880013	0.0003191122944387337	0
362	1140.6093304157257	0.12727871598868534	0.000179591600684037	0
363	1144.1640164852142	0.12751814400416978	0.00023942801548443304	0
364	1147.7084200382233	0.12751814400416978	0.0	1
365	1151.2538449764252	0.1275958974858274	7.775348165761642e-05	0
366	1154.7615792751312	0.12796449675552848	0.000368599269701092	0
367	1158.2849798202515	0.12805513442009464	9.063766456615663e-05	0
368	1161.8266558647156	0.1280788713309361	2.373691084145424e-05	0
369	1165.3525552749634	0.12883213849618158	0.0007532671652454859	0
370	1168.8745784759521	0.12883213849618158	0.0	1
371	1172.3850855827332	0.12920283327574494	0.00037069477956336305	0
372	1175.9213409423828	0.13013560968539167	0.0009327764096467295	0
373	1179.4855864048004	0.13013560968539167	0.0	1
374	1182.998284816742	0.13039032851738191	0.0002547188319902416	0
375	1186.5106823444366	0.13039032851738191	0.0	1
376	1190.0200707912445	0.13039032851738191	0.0	2
377	1193.5551645755768	0.13039032851738191	0.0	3
378	1199.327354669571	0.13157190325735568	0.0011815747399737675	0
379	1202.8691189289093	0.13157190325735568	0.0	1
380	1206.4140131473541	0.13157190325735568	0.0	2
381	1209.955415725708	0.13158483319375466	1.292993639898099e-05	0
382	1213.488742351532	0.13224656592602135	0.0006617327322666899	0
383	1217.0209865570068	0.13268824267065685	0.0004416767446354941	0
384	1220.5421850681305	0.13268824267065685	0.0	1
385	1224.0907475948334	0.13268824267065685	0.0	2
386	1227.6239631175995	0.13337706146926537	0.0006888187986085204	0
387	1231.5283162593842	0.13337706146926537	0.0	1
388	1235.6958966255188	0.13344926047718328	7.219900791791134e-05	0
389	1239.873044013977	0.13393540961452866	0.00048614913734537635	0
390	1244.0276834964752	0.1339676383731962	3.2228758667540713e-05	0
391	1247.4852130413055	0.1339676383731962	0.0	1
392	1251.0129466056824	0.1339909543519256	2.3315978729399056e-05	0
393	1254.546525478363	0.13404803640660137	5.708205467577776e-05	0
394	1258.0807700157166	0.13487416143002717	0.0008261250234258	0
395	1261.5787439346313	0.13487416143002717	0.0	1
396	1265.1144609451294	0.13665935281870784	0.0017851913886806625	0
397	1268.6612272262573	0.13672855039765272	6.91975789448851e-05	0
398	1272.1654438972473	0.1368368580602277	0.00010830766257496904	0
399	1275.6930329799652	0.1368368580602277	0.0	1
400	1279.1975636482239	0.13707104272570744	0.00023418466547975303	0
401	1282.7216618061066	0.13707104272570744	0.0	1
402	1286.2777106761932	0.1378588446255388	0.000787801899831353	0
403	1289.8130767345428	0.1378588446255388	0.0	1
404	1293.3346099853516	0.1378588446255388	0.0	2
405	1296.8821108341217	0.1378588446255388	0.0	3
406	1300.4223544597626	0.1378727902894256	1.394566388679408e-05	0
407	1303.9674129486084	0.13806535757999905	0.00019256729057345878	0
408	1307.4936814308167	0.13806535757999905	0.0	1
409	1311.0631523132324	0.1381067736395474	4.141605954835481e-05	0
410	1314.5724017620087	0.1381067736395474	0.0	1
411	1318.1364843845367	0.13900327668197152	0.0008965030424241127	0
412	1321.7033944129944	0.13900327668197152	0.0	1
413	1325.242593050003	0.1390237467935954	2.0470111623871468e-05	0
414	1328.7812116146088	0.13913538531027453	0.00011163851667914115	0
415	1332.297520160675	0.13921803441540948	8.26491051349465e-05	0
416	1335.8461949825287	0.13949128341102884	0.00027324899561936844	0
417	1339.3881103992462	0.1401531900065592	0.0006619065955303649	0
418	1342.9088995456696	0.14056932715282983	0.0004161371462706176	0
419	1346.4266843795776	0.14056932715282983	0.0	1
420	1349.9791758060455	0.14059245096689935	2.312381406952002e-05	0
421	1353.5233066082	0.14090536823873218	0.0003129172718328299	0
422	1357.0402433872223	0.14122761922261526	0.00032225098388308226	0
423	1360.6066811084747	0.14122761922261526	0.0	1
424	1364.1220197677612	0.14148413159143083	0.0002565123688155757	0
425	1367.6504919528961	0.14148413159143083	0.0	1
426	1371.1740672588348	0.14178226133515273	0.0002981297437218977	0
427	1374.7197997570038	0.14178226133515273	0.0	1
428	1378.289166688919	0.141890084010729	0.00010782267557626901	0
429	1381.8105154037476	0.1418910265326321	9.425219031078402e-07	1
430	1385.3166906833649	0.1424747495636947	0.0005837230310626051	0
431	1388.8836917877197	0.14254122938530733	6.647982161261945e-05	0
432	1392.4225397109985	0.14376683728448275	0.0012256078991754182	0
433	1395.955913066864	0.14376683728448275	0.0	1
434	1399.5025143623352	0.14382713123418758	6.0293949704831595e-05	0
435	1403.033721446991	0.14382713123418758	0.0	1
436	1406.5860857963562	0.14382713123418758	0.0	2
437	1410.1559269428253	0.14382713123418758	0.0	3
438	1413.6975467205048	0.1447224355351621	0.0008953043009745087	0
439	1417.2533583641052	0.1447224355351621	0.0	1
440	1420.8050951957703	0.1447224355351621	0.0	2
441	1424.4152555465698	0.1449301929845624	0.0002077574494002976	0
442	1427.9800491333008	0.14503826272898707	0.00010806974442467698	0
443	1431.5229437351227	0.14503826272898707	0.0	1
444	1435.0869579315186	0.14503826272898707	0.0	2
445	1438.6361947059631	0.14520628784728729	0.00016802511830021905	0
446	1442.1970648765564	0.14520628784728729	0.0	1
447	1446.1817121505737	0.1461376733508246	0.000931385503537302	0
448	1450.3627021312714	0.1461376733508246	0.0	1
449	1454.5704321861267	0.1461376733508246	0.0	2
450	1458.8103976249695	0.1461376733508246	0.0	3
451	1462.3302583694458	0.1462126358695652	7.496251874061777e-05	0
452	1465.8835799694061	0.14661889026190028	0.0004062543923350759	0
453	1469.4353914260864	0.14661889026190028	0.0	1
454	1472.966694355011	0.1468199860030922	0.00020109574119192564	0
455	1476.5159285068512	0.1472906796113662	0.000470693608273981	0
456	1480.0889401435852	0.14770746645720106	0.0004167868458348767	0
457	1483.6448729038239	0.14773120336804252	2.373691084145424e-05	0
458	1487.2228825092316	0.1482004145632262	0.00046921119518367194	0
459	1490.799819946289	0.1485146312341876	0.0003142166709614036	0
460	1494.3545606136322	0.14859976932920257	8.513809501498049e-05	0
461	1497.9229824543	0.14859976932920257	0.0	1
462	1501.451277256012	0.148777228817232	0.00017745948802941336	0
463	1505.0173070430756	0.14881557024222264	3.8341424990651074e-05	0
464	1508.5600936412811	0.14892584530488662	0.00011027506266397813	0
465	1512.1320464611053	0.14898096911017147	5.512380528485683e-05	0
466	1515.707050561905	0.14914017295551443	0.00015920384534295895	0
467	1519.3033785820007	0.14921799049205864	7.781753654420576e-05	0
468	1522.9030826091766	0.14942495183072524	0.00020696133866660027	0
469	1526.48437833786	0.1494543987771739	2.9446946448657974e-05	0
470	1530.0209803581238	0.14958253600250654	0.00012813722533264182	0
471	1533.5784363746643	0.1497669500210832	0.00018441401857666184	0
472	1537.177193403244	0.1497669500210832	0.0	1
473	1540.7743990421295	0.15024234708817466	0.0004753970670914598	0
474	1544.3429765701294	0.15024234708817466	0.0	1
475	1547.9110569953918	0.15067500124449493	0.0004326541563202668	0
476	1551.4583072662354	0.15067500124449493	0.0	1
477	1555.0563097000122	0.15068026289589578	5.2616514008563264e-06	0
478	1558.626383304596	0.15084300806139897	0.0001627451655031864	0
479	1562.205093383789	0.15088859683927566	4.55887778766928e-05	0
480	1565.7708435058594	0.15117618497879964	0.000287588139523981	0
481	1569.3720996379852	0.1516325668952633	0.00045638191646366066	0
482	1572.945855140686	0.1516325668952633	0.0	1
483	1576.5487215518951	0.15199674637778765	0.00036417948252434607	0
484	1580.0953299999237	0.15199674637778765	0.0	1
485	1583.682404756546	0.15199701174803223	2.6537024458428426e-07	2
486	1587.2806751728058	0.15215679208735475	0.0001597803393225128	0
487	1590.8617417812347	0.15215679208735475	0.0	1
488	1594.4127750396729	0.15215997653028954	3.1844429347893666e-06	0
489	1597.981654882431	0.15248612571155828	0.0003261491812687478	0
490	1601.540387392044	0.1531193814713737	0.0006332557598154043	0
491	1605.114134311676	0.1531193814713737	0.0	1
492	1608.6751902103424	0.1534192315463362	0.0002998500749624988	0
493	1612.2701699733734	0.1534192315463362	0.0	1
494	1615.845597743988	0.1536441191025581	0.0002248875562219088	0
495	1619.3926661014557	0.1536441191025581	0.0	1
496	1622.979792356491	0.15383247707201086	0.00018835796945276817	0
497	1626.5245790481567	0.15383247707201086	0.0	1
498	1630.077580690384	0.15398207268436093	0.0001495956123500619	0
499	1633.6146574020386	0.15431951382707082	0.00033744114270989334	0
500	1637.1920900344849	0.15431951382707082	0.0	1
501	1640.7462224960327	0.1547191248125937	0.0003996109855228802	0
502	1644.2547955513	0.1551758361541885	0.00045671134159480653	0
503	1647.7830803394318	0.1551758361541885	0.0	1
504	1651.346657037735	0.1554152367175787	0.00023940056339019633	0
505	1654.8979890346527	0.15548489183142802	6.965511384932066e-05	0
506	1658.4724290370941	0.15548489183142802	0.0	1
507	1662.4039280414581	0.15600025914776985	0.0005153673163418304	0
508	1666.6033837795258	0.15600025914776985	0.0	1
509	1670.7823617458344	0.15600025914776985	0.0	2
510	1675.0317754745483	0.1562424598247751	0.00024220067700525538	0
511	1678.5163929462433	0.1562424598247751	0.0	1
512	1682.093359708786	0.15736268828476385	0.0011202284599887424	0
513	1685.647639989853	0.15736268828476385	0.0	1
514	1689.1832010746002	0.15736268828476385	0.0	2
515	1692.7102465629578	0.15763724583020988	0.0002745575454460303	0
516	1696.2476341724396	0.15763724583020988	0.0	1
517	1699.80126953125	0.15763724583020988	0.0	2
518	1703.3585708141327	0.15763724583020988	0.0	3
519	1706.8939731121063	0.1580490272441904	0.0004117814139805165	0
520	1710.4299268722534	0.1582215728073463	0.00017254556315590697	0
521	1713.9725260734558	0.158366885892991	0.0001453130856446938	0
522	1717.5357084274292	0.158366885892991	0.0	1
523	1721.1106317043304	0.15842905573580396	6.216984281295912e-05	0
524	1724.6585855484009	0.15842905573580396	0.0	1
525	1728.2221071720123	0.15857193473575712	0.000142878999953161	0
526	1731.7962114810944	0.1592390572291979	0.0006671224934407805	0
527	1735.356326341629	0.1592390572291979	0.0	1
528	1738.9113221168518	0.1592390572291979	0.0	2
529	1742.5019261837006	0.15951055844148238	0.0002715012122844751	0
530	1746.0473392009735	0.15951055844148238	0.0	1
531	1749.5801479816437	0.15951055844148238	0.0	2
532	1753.1472325325012	0.15951055844148238	0.0	3
533	1756.6895837783813	0.15951055844148238	0.0	4
534	1760.2249991893768	0.15951055844148238	0.0	5
535	1763.8002889156342	0.15981234846443965	0.0003017900229572712	0
536	1767.353601694107	0.16057558989060156	0.0007632414261619092	0
537	1770.9033257961273	0.16057558989060156	0.0	1
538	1774.4666397571564	0.16057558989060156	0.0	2
539	1778.0135254859924	0.16088618288511994	0.00031059299451838274	0
540	1781.5689024925232	0.1610713747130341	0.00018519182791415512	0
541	1785.170830488205	0.1610713747130341	0.0	1
542	1788.725161075592	0.1610713747130341	0.0	2
543	1792.2767345905304	0.1610713747130341	0.0	3
544	1795.8416090011597	0.1610713747130341	0.0	4
545	1799.4178903102875	0.1613981095389805	0.00032673482594641756	0
546	1802.9405806064606	0.1613981095389805	0.0	1
547	1806.498146057129	0.16156770857735195	0.00016959903837143742	0
548	1810.088782787323	0.16156770857735195	0.0	1
549	1813.6849143505096	0.16164267109609257	7.496251874061777e-05	0
550	1817.2343649864197	0.16192017516632307	0.00027750407023049983	0
551	1820.7980008125305	0.16192017516632307	0.0	1
552	1824.3268506526947	0.16243259595788043	0.0005124207915573609	0
553	1830.2024314403534	0.16243259595788043	0.0	1
554	1833.753362417221	0.16243259595788043	0.0	2
555	1837.3357508182526	0.16243259595788043	0.0	3
556	1840.8992640972137	0.16243259595788043	0.0	4
557	1844.4763913154602	0.16314010963268363	0.0007075136748032063	0
558	1848.0591003894806	0.16314010963268363	0.0	1
559	1851.6387326717377	0.1632588124882871	0.00011870285560347527	0
560	1855.202350616455	0.1632588124882871	0.0	1
561	1858.7752168178558	0.1636939830865817	0.00043517059829459304	0
562	1862.3428120613098	0.1636939830865817	0.0	1
563	1865.8774693012238	0.1636939830865817	0.0	2
564	1869.4395396709442	0.1636939830865817	0.0	3
565	1873.0102441310883	0.16386682147207646	0.00017283838549475572	0
566	1876.5598554611206	0.16386682147207646	0.0	1
567	1880.502589225769	0.16401932700641866	0.0001525055343422066	0
568	1884.7039012908936	0.16433312274526798	0.00031379573884932066	0
569	1888.8193798065186	0.16433312274526798	0.0	1
570	1892.9455060958862	0.16433312274526798	0.0	2
571	1896.490106344223	0.16474951611108507	0.00041639336581708597	0
572	1900.0495133399963	0.16474951611108507	0.0	1
573	1903.6186242103577	0.16474951611108507	0.0	2
574	1907.1904504299164	0.16501318432580583	0.00026366821472076363	0
575	1910.7715814113617	0.1651570882039449	0.00014390387813906225	0
576	1914.3412156105042	0.1651570882039449	0.0	1
577	1917.8969867229462	0.16540984878654422	0.00025276058259932066	0
578	1921.4719145298004	0.16574088444059218	0.000331035654047962	0
579	1925.0559356212616	0.16578941974325337	4.8535302661190105e-05	0
580	1928.6214501857758	0.16588819237842015	9.877263516677726e-05	0
581	1932.1785311698914	0.16603809911450523	0.00014990673608508698	0
582	1935.739345550537	0.16603809911450523	0.0	1
583	1939.3121318817139	0.16603809911450523	0.0	2
584	1942.8799846172333	0.16671210293290853	0.0006740038184032959	0
585	1946.485766172409	0.16719370417330395	0.00048160124039542396	0
586	1950.0758213996887	0.16719370417330395	0.0	1
587	1953.6514353752136	0.16719370417330395	0.0	2
588	1957.2106976509094	0.16719370417330395	0.0	3
589	1960.8002741336823	0.16719370417330395	0.0	4
590	1964.3797345161438	0.16728848710410418	9.478293080023015e-05	0
591	1967.961974620819	0.16732313164706708	3.464454296289721e-05	0
592	1971.570322751999	0.16732313164706708	0.0	1
593	1975.1678378582	0.16732313164706708	0.0	2
594	1978.7290620803833	0.1680547482606353	0.0007316166135682145	0
595	1982.3099570274353	0.1680547482606353	0.0	1
596	1985.9317753314972	0.1680932543981915	3.850613755621013e-05	0
597	1989.5338907241821	0.1681084811598107	1.5226761619191453e-05	0
598	1993.1298446655273	0.1684018525405266	0.00029337138071589	0
599	1996.7279114723206	0.16855408355392615	0.0001522310133995619	0
600	2000.3539781570435	0.16855408355392615	0.0	1
601	2003.9701199531555	0.16855408355392615	0.0	2
602	2007.5916907787323	0.16855408355392615	0.0	3
603	2011.1764633655548	0.1691002521200337	0.0005461685661075633	0
604	2014.7811036109924	0.1691002521200337	0.0	1
605	2018.3817410469055	0.1691506175623126	5.036544227887685e-05	0
606	2021.9772276878357	0.16927492064514615	0.00012430308283356561	0
607	2025.5721337795258	0.16999464135119938	0.0007197207060532229	0
608	2029.164163351059	0.16999464135119938	0.0	1
609	2032.7579793930054	0.16999464135119938	0.0	2
610	2036.3535442352295	0.16999464135119938	0.0	3
611	2039.968428850174	0.17006958556854385	7.494421734446921e-05	0
612	2043.5780427455902	0.17007450864411544	4.9230755715945484e-06	0
613	2047.1771006584167	0.1703051245373407	0.0002306158932252611	0
614	2050.770777463913	0.1703432463455772	3.812180823650757e-05	0
615	2054.3848826885223	0.17132760524034857	0.0009843588947713588	0
616	2057.9899673461914	0.17132760524034857	0.0	1
617	2061.6053528785706	0.17144151313015366	0.00011390788980508715	0
618	2065.251922607422	0.17144151313015366	0.0	1
619	2068.892478466034	0.17164114475965142	0.00019963162949776514	0
620	2072.505791425705	0.17164114475965142	0.0	1
621	2076.145739555359	0.17214073627248874	0.0004995915128373218	0
622	2079.7746317386627	0.17228015630856447	0.00013942003607572695	0
623	2083.380362510681	0.17228015630856447	0.0	1
624	2087.0205578804016	0.17228015630856447	0.0	2
625	2090.659566640854	0.17228015630856447	0.0	3
626	2094.2994227409363	0.17250875904821025	0.00022860273964578348	0
627	2098.2803127765656	0.1726997707201087	0.00019101167189844448	0
628	2102.5088946819305	0.17276964545071213	6.987473060343641e-05	0
629	2106.7368133068085	0.17276964545071213	0.0	1
630	2110.976712703705	0.17374278558962705	0.0009731401389149186	0
631	2114.5333490371704	0.17374278558962705	0.0	1
632	2118.1914048194885	0.17374278558962705	0.0	2
633	2121.8277020454407	0.17374278558962705	0.0	3
634	2125.4401071071625	0.17374278558962705	0.0	4
635	2129.059329032898	0.17389110010424474	0.0001483145146176923	0
636	2132.672291278839	0.17389110010424474	0.0	1
637	2136.3349957466125	0.1743080059091548	0.00041690580491005047	0
638	2139.95613861084	0.1743080059091548	0.0	1
639	2143.5879533290863	0.17439394926560156	8.594335644676598e-05	0
640	2147.2591421604156	0.17445604590282981	6.209663722825387e-05	0
641	2150.904039144516	0.17486153163652549	0.00040548573369567076	0
642	2154.5251791477203	0.17488834318192464	2.6811545399157977e-05	0
643	2158.1334199905396	0.17503554131137555	0.0001471981294509095	0
644	2161.822338819504	0.1753043705198182	0.00026882920844265024	0
645	2165.4866046905518	0.1753043705198182	0.0	1
646	2169.1084797382355	0.1753043705198182	0.0	2
647	2172.7058613300323	0.1753043705198182	0.0	3
648	2176.352133512497	0.17537933303855882	7.496251874061777e-05	0
649	2180.0294535160065	0.1756342714873032	0.0002549384487443851	0
650	2183.649398326874	0.1756342714873032	0.0	1
651	2187.2603812217712	0.1756342714873032	0.0	2
652	2190.862871646881	0.17566521914823838	3.0947660935171095e-05	0
653	2194.5276873111725	0.17568650367199212	2.128452375374512e-05	0
654	2198.2132544517517	0.175812801607009	0.00012629793501686692	0
655	2201.86146736145	0.17601957078101574	0.000206769174006749	0
656	2205.498447418213	0.17614716811516115	0.00012759733414541286	0
657	2209.1394712924957	0.17624683751874062	9.966940357947207e-05	0
658	2212.8149106502533	0.17624683751874062	0.0	1
659	2216.482397556305	0.1764859269583958	0.00023908943965517127	0
660	2220.105278491974	0.1767590020907515	0.00027307513235569347	0
661	2223.761108636856	0.1767590020907515	0.0	1
662	2227.3968420028687	0.1767590020907515	0.0	2
663	2231.057783603668	0.17726615208020988	0.0005071499894583886	0
664	2234.7123124599457	0.17726615208020988	0.0	1
665	2238.3636331558228	0.17726615208020988	0.0	2
666	2241.996094226837	0.17726615208020988	0.0	3
667	2245.6154816150665	0.17726615208020988	0.0	4
668	2251.665383577347	0.17753393810907045	0.0002677860288605727	0
669	2255.3192093372345	0.1775416612982571	7.7231891866536e-06	0
670	2258.9536893367767	0.17787778474044227	0.0003361234421851711	0
671	2262.6198120117188	0.17807534831217203	0.00019756357172975858	0
672	2266.265554666519	0.17807534831217203	0.0	1
673	2269.9147284030914	0.17807534831217203	0.0	2
674	2273.5850858688354	0.17851562499999998	0.0004402766878279507	0
675	2277.2569711208344	0.17851562499999998	0.0	1
676	2280.903352499008	0.17851562499999998	0.0	2
677	2284.5644969940186	0.17867634786122563	0.00016072286122564838	0
678	2288.230278968811	0.17907217045773988	0.0003958225965142448	0
679	2291.917361021042	0.17907217045773988	0.0	1
680	2295.605697631836	0.17907217045773988	0.0	2
681	2299.254552602768	0.17927604801115066	0.00020387755341078062	0
682	2302.9123587608337	0.17933226990020615	5.622188905549108e-05	0
683	2306.5673773288727	0.17933226990020615	0.0	1
684	2310.253919363022	0.17933226990020615	0.0	2
685	2313.919878721237	0.17944632420118065	0.00011405430097449765	0
686	2317.5960898399353	0.1794968543560251	5.053015484446366e-05	0
687	2321.6114716529846	0.1796584007800787	0.00016154642405358244	0
688	2325.8357191085815	0.17979793062453148	0.00013952984445278482	0
689	2330.117789745331	0.18034915037598387	0.000551219751452392	0
690	2334.34951543808	0.18034915037598387	0.0	1
691	2337.9545862674713	0.18034915037598387	0.0	2
692	2341.6021695137024	0.18034915037598387	0.0	3
693	2345.292237520218	0.18069920118065966	0.00035005080467578886	0
694	2348.958367586136	0.18069920118065966	0.0	1
695	2352.6141822338104	0.18069920118065966	0.0	2
696	2356.265528678894	0.18151745660372937	0.0008182554230697081	0
697	2359.923305749893	0.18151745660372937	0.0	1
698	2363.59570813179	0.18151745660372937	0.0	2
699	2367.257323026657	0.18151745660372937	0.0	3
700	2370.9331662654877	0.18151745660372937	0.0	4
701	2374.605050086975	0.18166752805238004	0.0001500714486506738	0
702	2378.306345462799	0.18167362241730695	6.094364926906293e-06	0
703	2381.965885400772	0.18216497830186468	0.0004913558845577315	0
704	2385.6543169021606	0.18216497830186468	0.0	1
705	2389.3340017795563	0.18216497830186468	0.0	2
706	2393.0048971176147	0.18216497830186468	0.0	3
707	2396.7056651115417	0.18219418733016304	2.9209028298365913e-05	0
708	2400.415649652481	0.18223395626405545	3.9768933892403435e-05	0
709	2404.1050701141357	0.18266993212378185	0.0004359758597264063	0
710	2407.813845396042	0.18266993212378185	0.0	1
711	2411.502300977707	0.18266993212378185	0.0	2
712	2415.2121930122375	0.182727984152455	5.805202867315007e-05	0
713	2418.9060418605804	0.18275569246626686	2.770831381185279e-05	0
714	2422.580738544464	0.18275569246626686	0.0	1
715	2426.288293838501	0.18275569246626686	0.0	2
716	2429.944025039673	0.18299626431901236	0.00024057185274550807	0
717	2433.659303665161	0.18299626431901236	0.0	1
718	2437.3307151794434	0.18323621392428785	0.0002399496052754857	0
719	2441.016343355179	0.18323621392428785	0.0	1
720	2444.7100868225098	0.18330257478682532	6.636086253747342e-05	0
721	2448.458399295807	0.18344089673913042	0.0001383219523050927	0
722	2452.146657705307	0.18344089673913042	0.0	1
723	2455.845640897751	0.18345896021715705	1.8063478026630886e-05	0
724	2459.5608522892	0.1836606416030266	0.00020168138586953988	0
725	2463.242621898651	0.18377619661848763	0.00011555501546103852	0
726	2466.9364881515503	0.1839220587460176	0.00014586212752998318	0
727	2470.6269171237946	0.1839220587460176	0.0	1
728	2474.303444623947	0.1839220587460176	0.0	2
729	2478.0259544849396	0.18393955488076272	1.7496134745109693e-05	0
730	2481.7158608436584	0.1842517400967485	0.0003121852159857774	0
731	2485.4377748966217	0.18432573264149174	7.399254474324546e-05	0
732	2489.1776361465454	0.18432573264149174	0.0	1
733	2492.8850054740906	0.18467250749625186	0.00034677485476011793	0
734	2496.654067516327	0.1847730004626593	0.00010049296640743388	0
735	2500.3603415489197	0.1847730004626593	0.0	1
736	2504.0807416439056	0.18505972843656296	0.00028672797390366656	0
737	2507.770610809326	0.18505972843656296	0.0	1
738	2511.471405982971	0.18505972843656296	0.0	2
739	2515.173867225647	0.1850765840224419	1.685558587893876e-05	0
740	2518.8893868923187	0.1850765840224419	0.0	1
741	2522.61953496933	0.1853936557112069	0.0003170716887649916	0
742	2526.3487269878387	0.18549294078546663	9.928507425974176e-05	0
743	2530.044266939163	0.18578706252342578	0.00029412173795914653	0
744	2533.753345489502	0.18578706252342578	0.0	1
745	2537.4533495903015	0.18578706252342578	0.0	2
746	2541.2000374794006	0.18584604792330395	5.898539987816975e-05	0
747	2545.2468292713165	0.18584604792330395	0.0	1
748	2549.4242293834686	0.18584604792330395	0.0	2
749	2553.72127532959	0.18599331925833956	0.00014727133503561474	0
750	2558.034425973892	0.18599758348364878	4.264225309219549e-06	0
751	2561.6786131858826	0.18606357831826273	6.599483461394717e-05	0
752	2565.3903172016144	0.18635726082271364	0.00029368250445091504	0
753	2569.0476970672607	0.18635726082271364	0.0	1
754	2572.742343902588	0.18647821475004683	0.00012095392733318944	0
755	2576.4599373340607	0.18661152211979945	0.0001333073697526166	0
756	2580.1677169799805	0.18661152211979945	0.0	1
757	2583.8842628002167	0.18666141172577772	4.988960597826497e-05	0
758	2587.585515975952	0.18672195274433095	6.054101855323957e-05	0
759	2591.251893758774	0.1871549637778767	0.00043301103354573267	0
760	2594.9563121795654	0.1871549637778767	0.0	1
761	2598.660202741623	0.1871549637778767	0.0	2
762	2602.367837667465	0.1871549637778767	0.0	3
763	2606.051719903946	0.18717180106235942	1.6837284482734693e-05	0
764	2609.7774271965027	0.18727890083278673	0.00010709977042730467	0
765	2613.514973640442	0.1878160102077867	0.0005371093749999833	0
766	2617.205754995346	0.1878160102077867	0.0	1
767	2620.902264356613	0.1878160102077867	0.0	2
768	2624.60249876976	0.18814724717719264	0.00033123696940592917	0
769	2628.3138267993927	0.18814724717719264	0.0	1
770	2632.027776479721	0.18814724717719264	0.0	2
771	2635.7189078330994	0.18814724717719264	0.0	3
772	2639.4436509609222	0.18814724717719264	0.0	4
773	2643.148656129837	0.1883607512649925	0.00021350408779985397	0
774	2646.8458139896393	0.1890238840540667	0.0006631327890742056	0
775	2650.5603857040405	0.18909840733929908	7.452328523238627e-05	0
776	2654.3028659820557	0.18909840733929908	0.0	1
777	2658.0345413684845	0.18909840733929908	0.0	2
778	2661.7489511966705	0.18918619913675974	8.77917974606568e-05	0
779	2665.439606666565	0.18918619913675974	0.0	1
780	2669.1690123081207	0.18953440150042164	0.00034820236366189805	0
781	2672.8866629600525	0.18953440150042164	0.0	1
782	2676.611212015152	0.18985224184782606	0.00031784034740442446	0
783	2680.2954614162445	0.18985224184782606	0.0	1
784	2684.0315709114075	0.1899272043665667	7.496251874064552e-05	0
785	2687.759392976761	0.19028790658381745	0.0003607022172507357	0
786	2691.4388031959534	0.19028790658381745	0.0	1
787	2695.1420817375183	0.19028790658381745	0.0	2
788	2698.87805891037	0.19028790658381745	0.0	3
789	2702.596531391144	0.19028790658381745	0.0	4
790	2706.301772594452	0.19028790658381745	0.0	5
791	2710.016665458679	0.19056392824095764	0.0002760216571401908	0
792	2713.7307603359222	0.19056392824095764	0.0	1
793	2717.4898104667664	0.19096405166557345	0.00040012342461581696	0
794	2721.2276113033295	0.19096405166557345	0.0	1
795	2724.9356503486633	0.19096405166557345	0.0	2
796	2728.6458308696747	0.19096405166557345	0.0	3
797	2732.3941671848297	0.19156369691130995	0.0005996452457364965	0
798	2736.1010189056396	0.19156369691130995	0.0	1
799	2739.8586015701294	0.19164579697455958	8.210006324962937e-05	0
800	2743.579911470413	0.19164579697455958	0.0	1
801	2747.294367790222	0.19164579697455958	0.0	2
802	2751.042223215103	0.19164579697455958	0.0	3
803	2754.7616498470306	0.19164579697455958	0.0	4
804	2758.5102100372314	0.1917426296617316	9.683268717203264e-05	0
805	2762.2497222423553	0.1917426296617316	0.0	1
806	2765.9683458805084	0.1917426296617316	0.0	2
807	2770.080130815506	0.19178746808236505	4.483842063343624e-05	0
808	2774.3845598697662	0.19220700928832457	0.0004195412059595227	0
809	2778.704561471939	0.19220700928832457	0.0	1
810	2783.1064236164093	0.19220700928832457	0.0	2
811	2786.806145429611	0.19220700928832457	0.0	3
812	2790.52766084671	0.19230263408334894	9.562479502436827e-05	0
813	2794.2983989715576	0.19248277472591827	0.00018014064256932638	0
814	2798.0554478168488	0.1928442089990161	0.0003614342730978437	0
815	2801.7819509506226	0.19291917151775673	7.496251874061777e-05	0
816	2805.4988350868225	0.19291917151775673	0.0	1
817	2809.269434928894	0.19291917151775673	0.0	2
818	2812.991852045059	0.19300619465657795	8.702313882122392e-05	0
819	2816.7415974140167	0.19321794181034482	0.00021174715376687248	0
820	2820.460060119629	0.19321794181034482	0.0	1
821	2824.1711659431458	0.1936745250421664	0.00045658323182157234	0
822	2827.9206466674805	0.1936745250421664	0.0	1
823	2831.642094373703	0.19370237976714766	2.785472498126329e-05	0
824	2835.3778727054596	0.19370237976714766	0.0	1
825	2839.1075279712677	0.19387093562593702	0.00016855585878935986	0
826	2842.8612093925476	0.1938994125983883	2.8476972451285665e-05	0
827	2846.5818088054657	0.1938994125983883	0.0	1
828	2852.882354736328	0.19394589814467764	4.64855462893321e-05	0
829	2856.6132295131683	0.1941186633245877	0.00017276517991005047	0
830	2860.3664236068726	0.1941186633245877	0.0	1
831	2864.1117017269135	0.19441792775487254	0.00029926443028485683	0
832	2867.8432631492615	0.19441792775487254	0.0	1
833	2871.5780901908875	0.19451699321237817	9.906545750562601e-05	0
834	2875.3297111988068	0.19473410267522487	0.00021710946284669852	0
835	2879.061313390732	0.19473410267522487	0.0	1
836	2882.786184310913	0.19473410267522487	0.0	2
837	2886.5161736011505	0.19473410267522487	0.0	3
838	2890.308165550232	0.1948168432873407	8.274061211582806e-05	0
839	2894.049076318741	0.1948168432873407	0.0	1
840	2897.7988126277924	0.1948210343070652	4.1910197245143e-06	0
841	2901.523939847946	0.19495013235569714	0.00012909804863192598	0
842	2905.2663407325745	0.19495013235569714	0.0	1
843	2909.002998828888	0.19535991891749435	0.0004097865617972152	0
844	2912.815455675125	0.19535991891749435	0.0	1
845	2916.5643424987793	0.19542585884791977	6.593993042541824e-05	0
846	2920.2711243629456	0.19547627919438718	5.0420346467405786e-05	0
847	2923.993926048279	0.19547627919438718	0.0	1
848	2927.7255384922028	0.1957365799522114	0.00026030075782421114	0
849	2931.48179602623	0.1957365799522114	0.0	1
850	2935.271019935608	0.1959745164039074	0.00023793645169600808	0
851	2939.0370116233826	0.1959745164039074	0.0	1
852	2942.8203434944153	0.19599561791369938	2.1101509791981998e-05	0
853	2946.595916032791	0.19599561791369938	0.0	1
854	2950.3787322044373	0.196145268430238	0.0001496505165386186	0
855	2954.1170840263367	0.19618538509065778	4.0116660419781125e-05	0
856	2957.852466106415	0.19623979514149173	5.4410050833952894e-05	0
857	2961.607936859131	0.19645496465634368	0.0002151695148519539	0
858	2965.35368847847	0.19645496465634368	0.0	1
859	2969.104070186615	0.19645496465634368	0.0	2
860	2972.857828140259	0.19655791000983883	0.000102945353495143	0
861	2976.606913805008	0.19655791000983883	0.0	1
862	2980.3733150959015	0.1966000764266304	4.2166416791583616e-05	0
863	2984.128442287445	0.1966612945968422	6.121817021179088e-05	0
864	2987.897300004959	0.1966612945968422	0.0	1
865	2991.6632494926453	0.1967550526494565	9.375805261430115e-05	0
866	2995.3963809013367	0.1969345161403673	0.00017946349091080283	0
867	2999.504706144333	0.19718489754146362	0.0002503814010963168	0
868	3003.8767042160034	0.19718489754146362	0.0	1
869	3008.322628736496	0.19727453777993814	8.964023847451985e-05	0
870	3012.8675348758698	0.1974586315240817	0.00018409374414354862	0
871	3016.5717327594757	0.1974586315240817	0.0	1
872	3020.3422796726227	0.1974586315240817	0.0	2
873	3024.137331724167	0.19770882991121624	0.00025019838713455367	0
874	3027.9204890727997	0.19773461657842953	2.5786667213284487e-05	0
875	3031.7332484722137	0.1978842853963643	0.00014966881793476716	0
876	3035.5408482551575	0.1978842853963643	0.0	1
877	3039.3461372852325	0.1978842853963643	0.0	2
878	3043.195216655731	0.19791629453827772	3.2009141913424966e-05	0
879	3046.999731063843	0.19791629453827772	0.0	1
880	3050.8102643489838	0.19840131813975823	0.0004850236014805054	0
881	3054.647274494171	0.19840131813975823	0.0	1
882	3058.450954437256	0.19863266608883057	0.00023134794907234135	0
883	3062.265903234482	0.19863266608883057	0.0	1
884	3066.0508704185486	0.19878259112631183	0.0001499250374812633	0
885	3069.8868732452393	0.19878259112631183	0.0	1
886	3073.7132329940796	0.19878259112631183	0.0	2
887	3077.535715341568	0.19878259112631183	0.0	3
888	3081.3265583515167	0.19880997001499248	2.7378888680651414e-05	0
889	3085.1411995887756	0.19898374177169226	0.0001737717566997754	0
890	3088.917788028717	0.19898374177169226	0.0	1
891	3092.7449786663055	0.19898374177169226	0.0	2
892	3096.542496919632	0.19898374177169226	0.0	3
893	3100.3449652194977	0.1992218246345577	0.00023808286286544633	0
894	3104.130969762802	0.1992218246345577	0.0	1
895	3107.934206008911	0.1995503896001218	0.0003285649655641043	0
896	3111.748473405838	0.1997041579308002	0.0001537683306783999	0
897	3115.5518736839294	0.1997041579308002	0.0	1
898	3119.360538005829	0.1997041579308002	0.0	2
899	3123.1515197753906	0.1997041579308002	0.0	3
900	3126.980435848236	0.1997041579308002	0.0	4
901	3130.7701666355133	0.1998349580092766	0.00013080007847637853	0
902	3134.523758649826	0.20014620985405734	0.00031125184478075774	0
903	3138.36700296402	0.2003141983695652	0.00016798851550786642	0
904	3142.2116706371307	0.2003141983695652	0.0	1
905	3145.987647294998	0.2005076075243628	0.0001934091547975969	0
906	3149.7986493110657	0.20080956225988567	0.000301954735522858	0
907	3153.6108753681183	0.20080956225988567	0.0	1
908	3157.4041821956635	0.20080956225988567	0.0	2
909	3161.200497150421	0.20080956225988567	0.0	3
910	3164.9788563251495	0.20081067864505245	1.1163851667828073e-06	0
911	3168.7966578006744	0.20081067864505245	0.0	1
912	3172.571937561035	0.20081792599793852	7.24735288606948e-06	0
913	3176.367361307144	0.2011606745455397	0.00034274854760119045	0
914	3180.1639313697815	0.20123483180284857	7.415725730886003e-05	0
915	3183.9276621341705	0.20123483180284857	0.0	1
916	3187.732491493225	0.20123483180284857	0.0	2
917	3191.5252163410187	0.20123483180284857	0.0	3
918	3195.3207292556763	0.20145971935907045	0.00022488755622188106	0
919	3199.142355442047	0.20145971935907045	0.0	1
920	3202.942636013031	0.20153215628513868	7.243692606823116e-05	0
921	3206.7196934223175	0.20165589202469075	0.00012373573955207218	0
922	3210.5172996520996	0.20165589202469075	0.0	1
923	3214.3179502487183	0.20165589202469075	0.0	2
924	3218.0966563224792	0.20179630033616003	0.00014040831146927557	0
925	3221.957156896591	0.2019454933177942	0.00014919298163418304	0
926	3225.80801486969	0.2019839445511619	3.845123336768119e-05	0
927	3229.935690879822	0.2019839445511619	0.0	1
928	3234.3070101737976	0.20198542696425223	1.4824130903368093e-06	0
929	3238.710256099701	0.2020725599114505	8.71329471982818e-05	0
930	3243.16121506691	0.20207537832646175	2.8184150112353645e-06	0
931	3246.913427591324	0.20215337887696774	7.800055050599664e-05	0
932	3250.7534165382385	0.20216046151728823	7.082640320482669e-06	0
933	3254.567117214203	0.20239583577351947	0.00023537425623124109	0
934	3258.459067583084	0.20239583577351947	0.0	1
935	3262.2932934761047	0.20246426469382495	6.842892030547998e-05	0
936	3266.1582658290863	0.2025695526260307	0.00010528793220576649	0
937	3270.003251314163	0.20266748339697338	9.793077094266689e-05	0
938	3273.880504846573	0.20266748339697338	0.0	1
939	3277.7237827777863	0.2027914387532796	0.00012395535630621568	0
940	3281.5773463249207	0.2027914387532796	0.0	1
941	3285.4131622314453	0.2027914387532796	0.0	2
942	3289.2339458465576	0.20291403980626874	0.0001226010529891408	0
943	3293.0648589134216	0.20312933743089392	0.0002152976246251881	0
944	3296.9406731128693	0.20318645608836206	5.7118657468130385e-05	0
945	3300.823811531067	0.20318645608836206	0.0	1
946	3304.710850715637	0.20318645608836206	0.0	2
947	3308.5894153118134	0.2033211726656203	0.00013471657725824815	0
948	3312.4585630893707	0.20339611688296474	7.494421734444145e-05	0
949	3316.319267272949	0.2034003628068778	4.245923913043237e-06	0
950	3320.1431822776794	0.20349816546804722	9.78026611694327e-05	0
951	3323.992705821991	0.2036148551700712	0.00011668970202396989	0
952	3327.853959083557	0.2038241865395427	0.00020933136947151598	0
953	3331.7487287521362	0.2038241865395427	0.0	1
954	3335.627124786377	0.2038241865395427	0.0	2
955	3339.4896700382233	0.2038241865395427	0.0	3
956	3343.3224608898163	0.2039127469956428	8.856045610008967e-05	0
957	3347.209153652191	0.2039127469956428	0.0	1
958	3351.0642886161804	0.2041445890824119	0.00023184208676910179	0
959	3354.8735506534576	0.20428411892686468	0.00013952984445278482	0
960	3358.7808520793915	0.20428411892686468	0.0	1
961	3362.6767814159393	0.20428411892686468	0.0	2
962	3366.5645978450775	0.20458772078804346	0.00030360186117878163	0
963	3370.4193935394287	0.20458772078804346	0.0	1
964	3374.291152238846	0.2047648600016398	0.0001771392135963279	0
965	3378.1526720523834	0.2049497041030266	0.00018484410138680518	0
966	3382.006166934967	0.2049497041030266	0.0	1
967	3385.8078515529633	0.2049497041030266	0.0	2
968	3389.645767211914	0.20502466662176722	7.496251874061777e-05	0
969	3393.4840908050537	0.2051664292365536	0.0001417626147863782	0
970	3397.3248839378357	0.2051664292365536	0.0	1
971	3401.174656391144	0.2051664292365536	0.0	2
972	3405.045503616333	0.20543939456053223	0.0002729653239786356	0
973	3408.8714220523834	0.20543939456053223	0.0	1
974	3412.714447259903	0.20543939456053223	0.0	2
975	3416.564171552658	0.20543939456053223	0.0	3
976	3420.423532485962	0.20543939456053223	0.0	4
977	3424.2552247047424	0.20543939456053223	0.0	5
978	3428.1109068393707	0.20543939456053223	0.0	6
979	3431.944959640503	0.20543939456053223	0.0	7
980	3435.788536310196	0.20559576168946775	0.00015636712893551952	0
981	3439.6371932029724	0.20559576168946775	0.0	1
982	3443.4656748771667	0.20568013112584332	8.436943637557537e-05	0
983	3447.290587425232	0.20575705189397486	7.69207681315387e-05	0
984	3451.102648496628	0.20575705189397486	0.0	1
985	3454.975855112076	0.20575705189397486	0.0	2
986	3458.846181869507	0.2063704048854479	0.0006133529914730262	0
987	3463.0732896327972	0.2063704048854479	0.0	1
988	3467.448697566986	0.2063704048854479	0.0	2
989	3471.9351921081543	0.2063704048854479	0.0	3
990	3476.3027069568634	0.20646959845272675	9.91935672788602e-05	0
991	3480.109781742096	0.20676033443239317	0.00029073597966641773	0
992	3483.997613430023	0.20676033443239317	0.0	1
993	3487.8889520168304	0.20709689710808657	0.0003365626756934026	0
994	3491.763906478882	0.20709689710808657	0.0	1
995	3495.6034002304077	0.20740377491918102	0.00030687781109445256	0
996	3499.4915466308594	0.20740377491918102	0.0	1
997	3503.3346602916718	0.20740377491918102	0.0	2
998	3507.1839928627014	0.20740377491918102	0.0	3
999	3511.017473936081	0.20761738881535793	0.00021361389617691184	0
1000	3514.860140800476	0.20761738881535793	0.0	1
1001	3518.723819732666	0.20761738881535793	0.0	2
1002	3522.583669900894	0.20761738881535793	0.0	3
1003	3526.4269001483917	0.20788973189186655	0.0002723430765086132	0
1004	3530.284305334091	0.20807267264805096	0.0001829407561844132	0
1005	3534.1557116508484	0.20807267264805096	0.0	1
1006	3538.0256910324097	0.20807267264805096	0.0	2
1007	3541.8681490421295	0.20807267264805096	0.0	3
1008	3545.7418735027313	0.20807267264805096	0.0	4
1009	3549.612176656723	0.2082362505270802	0.00016357787902923637	0
1010	3553.472503900528	0.20824245470038416	6.204173303964167e-06	0
1011	3557.337950706482	0.2083470654809314	0.00010461078054724293	0
1012	3561.2243931293488	0.208359748348482	1.2682867550600774e-05	0
1013	3565.1319239139557	0.2083835218621158	2.3773513633806864e-05	0
1014	3568.9980912208557	0.20855253525580958	0.00016901339369376767	0
1015	3572.862661600113	0.20855253525580958	0.0	1
1016	3576.7268204689026	0.20855253525580958	0.0	2
1017	3580.582865715027	0.208616096004732	6.356074892241437e-05	0
1018	3584.447344303131	0.20864600048608506	2.990448135306578e-05	0
1019	3588.3397347927094	0.20882985631207832	0.00018385582599325656	0
1020	3592.2315254211426	0.20889834013657232	6.848382449400892e-05	0
1021	3596.086245059967	0.20889834013657232	0.0	1
1022	3599.987053632736	0.20889834013657232	0.0	2
1023	3603.8479821681976	0.20900231036825337	0.00010397023168104425	0
