1	3.132282257080078	0.0182589995374889	10000000000.01826	0
2	5.218759298324585	0.01966890291790171	0.001409903380412813	0
3	7.32381796836853	0.027337515831521615	0.007668612913619904	0
4	9.430648803710938	0.027337515831521615	0.0	1
5	11.520287990570068	0.04072861953907115	0.013391103707549534	0
6	13.605916738510132	0.04072861953907115	0.0	1
7	15.710459470748901	0.05007069558317667	0.009342076044105523	0
8	17.79627752304077	0.05309810803855647	0.0030274124553797965	0
9	19.8454430103302	0.05309810803855647	0.0	1
10	21.924150943756104	0.05367970471013448	0.0005815966715780121	0
11	24.01728892326355	0.054429561983155336	0.0007498572730208555	0
12	26.121086359024048	0.06070506068960198	0.006275498706446642	0
13	28.21070909500122	0.062202286073523134	0.0014972253839211566	0
14	30.313750505447388	0.06410646130621137	0.0019041752326882308	0
15	32.39701247215271	0.07189547195054438	0.0077890106443330165	0
16	34.503493309020996	0.07189547195054438	0.0	1
17	36.57183361053467	0.07517865426119326	0.0032831823106488772	0
18	38.676058530807495	0.08259417232408539	0.007415518062892132	0
19	40.76184606552124	0.08259417232408539	0.0	1
20	42.87535810470581	0.08552322345458399	0.0029290511304986	0
21	44.95115637779236	0.08604596439466461	0.0005227409400806182	0
22	47.046366453170776	0.08604596439466461	0.0	1
23	49.17775845527649	0.09101097556052777	0.004965011165863162	0
24	51.291919469833374	0.09101097556052777	0.0	1
25	53.41058349609375	0.09183527680203624	0.0008243012415084655	0
26	56.190858364105225	0.09447447570361517	0.002639198901578932	0
27	58.972097396850586	0.09447447570361517	0.0	1
28	61.73439025878906	0.09627536197147767	0.0018008862678624976	0
29	64.09886407852173	0.10007498347466669	0.0037996215031890213	0
30	66.21581053733826	0.10007498347466669	0.0	1
31	68.30085492134094	0.10084842584035915	0.0007734423656924616	0
32	70.42801547050476	0.10362862845500208	0.0027802026146429293	0
33	72.5140860080719	0.10362862845500208	0.0	1
34	74.63811993598938	0.10782482642092638	0.004196197965924298	0
35	76.79057192802429	0.10805637481402242	0.00023154839309603992	0
36	78.91179823875427	0.11999856371966691	0.011942188905644496	0
37	81.03869938850403	0.11999856371966691	0.0	1
38	83.18532633781433	0.12428461931182529	0.004286055592158375	0
39	85.3474395275116	0.12428461931182529	0.0	1
40	87.48556733131409	0.12621183900468835	0.0019272196928630664	0
41	89.60386419296265	0.12621183900468835	0.0	1
42	91.75068211555481	0.12697914293890708	0.0007673039342187271	0
43	93.87290167808533	0.12697914293890708	0.0	1
44	96.00442242622375	0.12806885531521037	0.0010897123763032868	0
45	98.12615704536438	0.12818465203811244	0.00011579672290207288	0
46	100.2737340927124	0.12962757764563917	0.001442925607526735	0
47	102.43116331100464	0.12962757764563917	0.0	1
48	104.56883406639099	0.12962757764563917	0.0	2
49	106.69234943389893	0.1306773282698895	0.001049750624250334	0
50	108.85543274879456	0.13089186926569132	0.00021454099580181518	0
51	111.00530362129211	0.13143286218412645	0.0005409929184351236	0
52	113.17216849327087	0.13143286218412645	0.0	1
53	115.29832410812378	0.13143286218412645	0.0	2
54	117.4273886680603	0.1332505474805084	0.00181768529638196	0
55	119.58098411560059	0.1332505474805084	0.0	1
56	121.72572302818298	0.13882108956910869	0.005570542088600278	0
57	123.86399459838867	0.13882108956910869	0.0	1
58	126.01090550422668	0.13882108956910869	0.0	2
59	128.1851019859314	0.13919016135357076	0.0003690717844620772	0
60	130.34232568740845	0.13919016135357076	0.0	1
61	132.49540734291077	0.1396180494484107	0.00042788809483992885	0
62	134.68069887161255	0.14059542289715585	0.0009773734487451557	0
63	136.8169560432434	0.14059542289715585	0.0	1
64	138.97355389595032	0.14245566047630442	0.001860237579148577	0
65	141.10407900810242	0.14301753532492734	0.0005618748486229119	0
66	143.2616708278656	0.14301753532492734	0.0	1
67	145.42342376708984	0.14301753532492734	0.0	2
68	147.593111038208	0.14438451332983485	0.0013669780049075098	0
69	149.70149850845337	0.14438451332983485	0.0	1
70	151.86848711967468	0.1468223153631897	0.0024378020333548633	0
71	154.01989579200745	0.1468223153631897	0.0	1
72	156.188143491745	0.14741391373595797	0.0005915983727682594	0
73	158.32992815971375	0.14741391373595797	0.0	1
74	160.5182821750641	0.14741391373595797	0.0	2
75	162.69122099876404	0.14746789814339592	5.398440743795141e-05	0
76	164.8818871974945	0.1479943953530114	0.0005264972096154785	0
77	167.06245255470276	0.1479943953530114	0.0	1
78	169.2447624206543	0.14813025179417905	0.00013585644116764772	0
79	171.4297935962677	0.14894418528124423	0.0008139334870651826	0
80	173.58720993995667	0.1491226390578866	0.00017845377664238438	0
81	175.7453920841217	0.1491226390578866	0.0	1
82	177.89458537101746	0.1492094330999723	8.679404208569719e-05	0
83	180.04612588882446	0.14959525322865727	0.0003858201286849605	0
84	182.19758129119873	0.14959525322865727	0.0	1
85	184.37379360198975	0.1504753015648067	0.000880048336149436	0
86	187.14256024360657	0.1513450215676324	0.0008697200028257024	0
87	189.9331784248352	0.1513450215676324	0.0	1
88	192.70483231544495	0.15148282653842382	0.00013780497079141085	0
89	195.51607656478882	0.15237347352414538	0.0008906469857215549	0
90	197.71499276161194	0.15237347352414538	0.0	1
91	199.88983392715454	0.15324178562984406	0.000868312105698682	0
92	202.09568309783936	0.15371425337931352	0.0004724677494694629	0
93	204.2551760673523	0.15444997536517924	0.0007357219858657171	0
94	206.4364001750946	0.1545495080604701	9.953269529086595e-05	0
95	208.60156512260437	0.1545495080604701	0.0	1
96	210.79190397262573	0.15484126939789397	0.0002917613374238681	0
97	213.00144243240356	0.1552947699572684	0.00045350055937443123	0
98	215.17317986488342	0.1552947699572684	0.0	1
99	217.34224915504456	0.15561604081847435	0.0003212708612059523	0
100	219.54766416549683	0.1556373282230347	2.1287404560338397e-05	0
101	221.7303807735443	0.1556373282230347	0.0	1
102	223.9006471633911	0.15616649480560296	0.000529166582568269	0
103	226.0979335308075	0.15647965617935736	0.0003131613737543948	0
104	228.2786741256714	0.15736619210546804	0.000886535926110682	0
105	230.47537112236023	0.15761569400272768	0.0002495018972596408	0
106	232.65898823738098	0.15763961699070977	2.392298798209458e-05	0
107	234.88503694534302	0.15870420121909024	0.0010645842283804607	0
108	237.08606266975403	0.1595448396988605	0.000840638479770256	0
109	239.25333976745605	0.1595448396988605	0.0	1
110	241.4574100971222	0.1595448396988605	0.0	2
111	243.6643190383911	0.1600940322101633	0.0005491925113028095	0
112	245.88308262825012	0.1600940322101633	0.0	1
113	248.07584810256958	0.1600940322101633	0.0	2
114	250.2880609035492	0.1600940322101633	0.0	3
115	252.47092580795288	0.16085922993028004	0.0007651977201167393	0
116	254.71817278862	0.1614542635720382	0.0005950336417581692	0
117	256.93663263320923	0.1620078712487313	0.000553607676693102	0
118	259.1520321369171	0.16222349350952667	0.00021562226079535618	0
119	261.3555283546448	0.16222349350952667	0.0	1
120	263.5459339618683	0.16222349350952667	0.0	2
121	265.74112486839294	0.16222349350952667	0.0	3
122	267.9429075717926	0.16222349350952667	0.0	4
123	270.14389157295227	0.16267072047930314	0.00044722696977647636	0
124	272.32668924331665	0.1631150640757635	0.00044434359646036703	0
125	274.54129910469055	0.1631150640757635	0.0	1
126	276.7718665599823	0.1631150640757635	0.0	2
127	278.9864070415497	0.16366867175245664	0.0005536076766931297	0
128	281.2011995315552	0.16366867175245664	0.0	1
129	283.41001176834106	0.16390636984020346	0.00023769808774681822	0
130	285.5967035293579	0.16406231978916774	0.0001559499489642846	0
131	287.81688594818115	0.1642244081696058	0.00016208838043804685	0
132	290.0418221950531	0.16437976117018824	0.00015535300058244772	0
133	292.2611174583435	0.1650898481651654	0.0007100869949771549	0
134	294.4798367023468	0.1655481017852406	0.0004582536200752052	0
135	296.69104862213135	0.1655481017852406	0.0	1
136	298.888799905777	0.16566160082003137	0.0001134990347907705	0
137	301.110639333725	0.16584623808085555	0.00018463726082418308	0
138	303.33501744270325	0.1674023811437477	0.0015561430628921458	0
139	305.5160403251648	0.16758691703597872	0.00018453589223102473	0
140	307.7282853126526	0.1678956519811658	0.00030873494518707245	0
141	309.94634771347046	0.16800079373861068	0.00010514175744488763	0
142	312.1544551849365	0.16800079373861068	0.0	1
143	314.33354353904724	0.16814973799147098	0.00014894425286030022	0
144	316.5604031085968	0.16814973799147098	0.0	1
145	318.7740201950073	0.1685960188543781	0.000446280862907128	0
146	321.37824058532715	0.1685960188543781	0.0	1
147	324.29115772247314	0.16881963797085486	0.00022361911647675314	0
148	327.24031591415405	0.16973024330624883	0.0009106053353939714	0
149	330.17681407928467	0.16995474095053284	0.0002244976442840052	0
150	332.3508002758026	0.17036219764226565	0.0004074566917328104	0
151	334.5797872543335	0.17036219764226565	0.0	1
152	336.80475902557373	0.17036219764226565	0.0	2
153	338.9908049106598	0.17099435471546873	0.0006321570732030768	0
154	341.20788645744324	0.17099435471546873	0.0	1
155	343.43337297439575	0.17100254304515938	8.188329690655971e-06	0
156	345.67984414100647	0.17127792772320194	0.0002753846780425562	0
157	347.87822341918945	0.17180317472016862	0.0005252469969666829	0
158	350.09818148612976	0.1724894851484649	0.0006863104282962829	0
159	352.32237815856934	0.1724894851484649	0.0	1
160	354.53820848464966	0.17256655906878576	7.707392032085814e-05	0
161	356.7663106918335	0.172725978076271	0.00015941900748522864	0
162	358.99488949775696	0.172725978076271	0.0	1
163	361.2167341709137	0.17278023279995733	5.425472368633666e-05	0
164	363.4641447067261	0.17278023279995733	0.0	1
165	365.67067766189575	0.1730970321798879	0.00031679937993056573	0
166	367.92739963531494	0.17503433241618033	0.001937300236292433	0
167	370.2121524810791	0.17503433241618033	0.0	1
168	372.45849227905273	0.17503433241618033	0.0	2
169	374.738707780838	0.17503433241618033	0.0	3
170	376.9842371940613	0.17521886830841138	0.0001845358922310525	0
171	379.1878135204315	0.17623477308572846	0.0010159047773170837	0
172	381.4079246520996	0.17623477308572846	0.0	1
173	383.6506087779999	0.17623477308572846	0.0	2
174	385.8836681842804	0.17623477308572846	0.0	3
175	388.06783747673035	0.17658952937220312	0.0003547562864746612	0
176	390.28428077697754	0.17747049002569085	0.0008809606534877223	0
177	392.49367809295654	0.17756218354977857	9.169352408772147e-05	0
178	394.7482531070709	0.17756218354977857	0.0	1
179	396.97926688194275	0.17805417038501684	0.0004919868352382673	0
180	399.1901650428772	0.17852125433587263	0.00046708395085579	0
181	401.43425035476685	0.17852125433587263	0.0	1
182	403.6879186630249	0.17908235202528142	0.0005610976894087905	0
183	405.89060044288635	0.17908235202528142	0.0	1
184	408.1356694698334	0.17908235202528142	0.0	2
185	410.35878467559814	0.17908235202528142	0.0	3
186	412.620201587677	0.17908235202528142	0.0	4
187	414.8318078517914	0.1796252033679242	0.0005428513426427861	0
188	417.0736382007599	0.1796252033679242	0.0	1
189	419.3191623687744	0.1800427631294404	0.0004175597615161952	0
190	421.56274676322937	0.18028181279842914	0.00023904966898874447	0
191	423.8164641857147	0.18035254555008995	7.073275166080695e-05	0
192	426.022118806839	0.18084441975355808	0.0004918742034681345	0
193	428.24493050575256	0.18084441975355808	0.0	1
194	430.4912106990814	0.1810289556457891	0.00018453589223102473	0
195	432.69927883148193	0.18106666476243888	3.770911664977006e-05	0
196	434.95737290382385	0.1812053257346835	0.0001386609722446308	0
197	437.20988726615906	0.1812053257346835	0.0	1
198	439.4504933357239	0.18182549878754153	0.0006201730528580252	0
199	441.7293598651886	0.18182549878754153	0.0	1
200	443.9503650665283	0.18182698552690765	1.4867393661188721e-06	0
201	446.20116424560547	0.18187706161192102	5.0076085013367466e-05	0
202	448.4933490753174	0.18222439546474212	0.00034733385282109674	0
203	450.746036529541	0.18222439546474212	0.0	1
204	453.02193427085876	0.18276004963727163	0.000535654172529515	0
205	455.2877986431122	0.18276004963727163	0.0	1
206	457.93355536460876	0.18276004963727163	0.0	2
207	460.73815536499023	0.18301741323208848	0.0002573635948168451	0
208	463.57435131073	0.18301741323208848	0.0	1
209	466.4099967479706	0.1835609065758212	0.000543493343732715	0
210	468.6331443786621	0.1835609065758212	0.0	1
211	470.8906943798065	0.1835609065758212	0.0	2
212	473.1561300754547	0.183818957224436	0.0002580506486148104	0
213	475.3927228450775	0.183818957224436	0.0	1
214	477.6540756225586	0.18393062036137317	0.0001116631369371679	0
215	479.8733055591583	0.1840244313627399	9.381100136673926e-05	0
216	482.1487979888916	0.18465056263623938	0.0006261312734994751	0
217	484.39004135131836	0.18465056263623938	0.0	1
218	486.62271761894226	0.18481251585855324	0.00016195322231385423	0
219	488.88004994392395	0.18481251585855324	0.0	1
220	491.11767840385437	0.18511748890261695	0.00030497304406371106	0
221	493.3565020561218	0.18594722462703567	0.0008297357244187176	0
222	495.592120885849	0.18634118803270322	0.0003939634056675523	0
223	497.8284800052643	0.18634118803270322	0.0	1
224	500.0771942138672	0.18634118803270322	0.0	2
225	502.32716631889343	0.18650163198929692	0.00016044395659370325	0
226	504.57576870918274	0.18705523966599003	0.000553607676693102	0
227	506.83848452568054	0.18705523966599003	0.0	1
228	509.05993270874023	0.18705523966599003	0.0	2
229	511.2735404968262	0.187454395396262	0.00039915573027196616	0
230	513.517555475235	0.18759213278799133	0.0001377373917293423	0
231	515.7657256126404	0.18759213278799133	0.0	1
232	518.0196590423584	0.18759213278799133	0.0	2
233	520.2514424324036	0.18857146602953728	0.0009793332415459488	0
234	522.5097279548645	0.18857146602953728	0.0	1
235	524.7659111022949	0.18892697694887203	0.00035551091933475054	0
236	527.0193829536438	0.18892697694887203	0.0	1
237	529.2378866672516	0.18892697694887203	0.0	2
238	531.4783771038055	0.18925779898418757	0.00033082203531553667	0
239	533.7377429008484	0.18925779898418757	0.0	1
240	536.0025622844696	0.18925779898418757	0.0	2
241	538.2348785400391	0.18925779898418757	0.0	3
242	540.5011765956879	0.1900640397213508	0.000806240737163233	0
243	542.7655806541443	0.1900640397213508	0.0	1
244	545.0341513156891	0.1900640397213508	0.0	2
245	547.2845180034637	0.1900640397213508	0.0	3
246	549.5577368736267	0.19021672334898043	0.0001526836276296295	0
247	551.8043720722198	0.19054358074598635	0.0003268573970059141	0
248	554.0648937225342	0.19065188745617273	0.00010830671018638438	0
249	556.2867469787598	0.1909258980266193	0.00027401057044657007	0
250	558.5404088497162	0.1909258980266193	0.0	1
251	560.7882986068726	0.1911738230790967	0.0002479250524773935	0
252	563.047845363617	0.19204111023568693	0.0008672871565902351	0
253	565.2947554588318	0.19204111023568693	0.0	1
254	567.5464959144592	0.19255959932644398	0.0005184890907570516	0
255	569.7907888889313	0.19255959932644398	0.0	1
256	572.0191311836243	0.19255959932644398	0.0	2
257	574.2864384651184	0.19255959932644398	0.0	3
258	576.5977342128754	0.19255959932644398	0.0	4
259	578.8294494152069	0.19255959932644398	0.0	5
260	581.1240234375	0.19255959932644398	0.0	6
261	583.3738601207733	0.19313508009290228	0.0005754807664583028	0
262	585.633793592453	0.19313508009290228	0.0	1
263	587.9060361385345	0.1933416918120848	0.00020661171918251453	0
264	590.161951303482	0.1933416918120848	0.0	1
265	592.3949518203735	0.1938502467807137	0.0005085549686288937	0
266	595.0466642379761	0.1938502467807137	0.0	1
267	597.9001867771149	0.19421931856517577	0.0003690717844620772	0
268	600.7984869480133	0.19421931856517577	0.0	1
269	603.6858053207397	0.19421931856517577	0.0	2
270	605.9293463230133	0.19421931856517577	0.0	3
271	608.164656162262	0.19440385445740682	0.0001845358922310525	0
272	610.4198188781738	0.19454764017519377	0.00014378571778694837	0
273	612.6659779548645	0.19477898583110353	0.00023134565590976486	0
274	614.89972615242	0.19505707367162992	0.0002780878405263809	0
275	617.1613032817841	0.19519178126874193	0.0001347075971120104	0
276	619.44184923172	0.19519178126874193	0.0	1
277	621.7037622928619	0.19537629463461895	0.00018451336587702039	0
278	623.9680390357971	0.19565039531048165	0.0002741006758626985	0
279	626.2527475357056	0.19588514244585026	0.00023474713536861258	0
280	628.5149011611938	0.19696579922783264	0.001080656781982381	0
281	630.7696545124054	0.19696579922783264	0.0	1
282	633.0649044513702	0.19696579922783264	0.0	2
283	635.3213512897491	0.19705480085261348	8.900162478084339e-05	0
284	637.5804817676544	0.19705480085261348	0.0	1
285	639.8997917175293	0.19717013578525788	0.00011533493264440087	0
286	642.1695992946625	0.19717013578525788	0.0	1
287	644.4384243488312	0.1975329902960071	0.0003628545107492165	0
288	646.694965839386	0.19785511715866627	0.00032212686265917223	0
289	648.9522790908813	0.1978665830728686	1.1465914202340999e-05	0
290	651.2154560089111	0.1978665830728686	0.0	1
291	653.4590172767639	0.1980009302483161	0.00013434717544749675	0
292	655.7440111637115	0.1981087413787138	0.00010781113039767809	0
293	658.01722240448	0.1981087413787138	0.0	1
294	660.3089599609375	0.19856713015691319	0.00045838877819939783	0
295	662.6195514202118	0.19856713015691319	0.0	1
296	664.8989200592041	0.19899630225393292	0.000429172097019731	0
297	667.1453921794891	0.19899630225393292	0.0	1
298	669.40251994133	0.19923131970554991	0.00023501745161699783	0
299	671.6689579486847	0.19923131970554991	0.0	1
300	673.9151329994202	0.19923131970554991	0.0	2
301	676.1607503890991	0.19966785792033817	0.00043653821478825683	0
302	678.4136650562286	0.19994195859620087	0.0002741006758626985	0
303	680.6526687145233	0.20057188556035477	0.0006299269641538985	0
304	682.9177343845367	0.20057188556035477	0.0	1
305	685.1718182563782	0.20075892187788338	0.00018703631752861605	0
306	687.418781042099	0.20102394443307114	0.0002650225551877605	0
307	689.7151300907135	0.20102394443307114	0.0	1
308	691.970358133316	0.20102394443307114	0.0	2
309	694.2211163043976	0.2010262195948284	2.2751617572425165e-06	0
310	696.4740309715271	0.2013878126297518	0.00036159303492341865	0
311	698.7744541168213	0.2013878126297518	0.0	1
312	701.0401697158813	0.2013878126297518	0.0	2
313	703.29492020607	0.2015660186164998	0.00017820598674800348	0
314	705.5503349304199	0.2015660186164998	0.0	1
315	707.8198621273041	0.2015660186164998	0.0	2
316	710.0668480396271	0.20191137015016608	0.0003453515336662716	0
317	712.3318166732788	0.20194139778009088	3.0027629924794796e-05	0
318	714.630074262619	0.20195302137877144	1.1623598680565728e-05	0
319	716.8972911834717	0.20195302137877144	0.0	1
320	719.2013795375824	0.20231188872485698	0.00035886734608553406	0
321	721.495448589325	0.2024094954168781	9.760669202113492e-05	0
322	723.7807486057281	0.20258457024041568	0.00017507482353756876	0
323	726.06165766716	0.20309344057800102	0.0005088703375853432	0
324	728.3335580825806	0.20309344057800102	0.0	1
325	730.6091251373291	0.20309344057800102	0.0	2
326	733.313227891922	0.20320920351137203	0.00011576293337101085	0
327	736.2562646865845	0.20320920351137203	0.0	1
328	739.1825475692749	0.20364299351096835	0.00043378999959631237	0
329	742.1583888530731	0.20364299351096835	0.0	1
330	744.3942451477051	0.20364299351096835	0.0	2
331	746.6459591388702	0.20383158414692518	0.00018859063595683123	0
332	748.9625663757324	0.20389395962124007	6.237547431489632e-05	0
333	751.2293512821198	0.20390776827626175	1.3808655021679828e-05	0
334	753.5815322399139	0.20398555177673464	7.77835004728833e-05	0
335	755.8291954994202	0.20435529935181768	0.00036974757508304035	0
336	758.1314992904663	0.20435529935181768	0.0	1
337	760.3990805149078	0.20489178699944638	0.0005364876476287028	0
338	762.6753871440887	0.20489178699944638	0.0	1
339	764.9511380195618	0.20489178699944638	0.0	2
340	767.223254442215	0.20489178699944638	0.0	3
341	769.4862394332886	0.20489178699944638	0.0	4
342	771.7528913021088	0.20489178699944638	0.0	5
343	774.0368518829346	0.2050763003653234	0.00018451336587702039	0
344	776.2775704860687	0.2050763003653234	0.0	1
345	778.5374262332916	0.20568115549743957	0.0006048551321161666	0
346	780.8082201480865	0.20618353824506366	0.0005023827476240972	0
347	783.0656039714813	0.20618353824506366	0.0	1
348	785.3280458450317	0.20618353824506366	0.0	2
349	787.5970606803894	0.20618353824506366	0.0	3
350	789.8408238887787	0.20618353824506366	0.0	4
351	792.0876739025116	0.20623476317413267	5.1224929069004776e-05	0
352	794.3452823162079	0.2062718190265155	3.705585238283904e-05	0
353	796.6094737052917	0.20645405723063526	0.0001822382041197501	0
354	798.8680715560913	0.20645405723063526	0.0	1
355	801.1216909885406	0.20658648966599003	0.0001324324353547679	0
356	803.3571481704712	0.20680357613979747	0.00021708647380744295	0
357	805.6036229133606	0.20692116370784508	0.00011758756804761128	0
358	807.8743753433228	0.20692116370784508	0.0	1
359	810.1281735897064	0.20696024693209078	3.9083224245700654e-05	0
360	812.4228892326355	0.20698811203202852	2.7865099937740556e-05	0
361	814.6520323753357	0.2070409363322338	5.282430020528417e-05	0
362	816.8939650058746	0.20710015811698423	5.9221784750429496e-05	0
363	819.1618778705597	0.20733035492883833	0.0002301968118540998	0
364	821.4343039989471	0.20733035492883833	0.0	1
365	823.6837899684906	0.20733035492883833	0.0	2
366	825.9638450145721	0.20775972976304438	0.0004293748342060477	0
367	828.1956160068512	0.20775972976304438	0.0	1
368	830.4800355434418	0.2081563963311958	0.0003966665681514048	0
369	832.7211875915527	0.2082471099588831	9.071362768731106e-05	0
370	834.9789094924927	0.2082471099588831	0.0	1
371	837.2091724872589	0.2083049351096835	5.7825150800411285e-05	0
372	839.4768447875977	0.20924421649376038	0.0009392813840768677	0
373	841.7442831993103	0.20924421649376038	0.0	1
374	844.00723528862	0.20924421649376038	0.0	2
375	846.2836368083954	0.20924421649376038	0.0	3
376	848.5408368110657	0.20924421649376038	0.0	4
377	850.7969207763672	0.20924421649376038	0.0	5
378	853.063601732254	0.20978473635876085	0.0005405198650004772	0
379	855.3254041671753	0.20978473635876085	0.0	1
380	857.572452545166	0.20978473635876085	0.0	2
381	859.8399240970612	0.2099318109242365	0.00014707456547563558	0
382	862.1262283325195	0.2099318109242365	0.0	1
383	864.3898704051971	0.21005029954644538	0.00011848862220889544	0
384	866.6457571983337	0.21005029954644538	0.0	1
385	868.8838682174683	0.2105920583609176	0.0005417588144722152	0
386	871.5805537700653	0.2105920583609176	0.0	1
387	874.4543290138245	0.2105920583609176	0.0	2
388	877.3884267807007	0.2105920583609176	0.0	3
389	880.3631329536438	0.21061188155246585	1.982319154825163e-05	0
390	882.6129891872406	0.21114566603761073	0.0005337844851448781	0
391	884.8985393047333	0.21114566603761073	0.0	1
392	887.1984672546387	0.21114566603761073	0.0	2
393	889.4933223724365	0.21137417337291245	0.00022850733530171974	0
394	891.7794096469879	0.21137417337291245	0.0	1
395	894.04376912117	0.21137417337291245	0.0	2
396	896.3340222835541	0.21137417337291245	0.0	3
397	898.6135020256042	0.2115320605883235	0.00015788721541104556	0
398	900.8879702091217	0.21169650297275788	0.00016444238443438786	0
399	903.1502931118011	0.21169650297275788	0.0	1
400	905.4190664291382	0.21193521474643615	0.0002387117736782629	0
401	907.712952375412	0.2121197506386672	0.0001845358922310525	0
402	909.9628710746765	0.2121197506386672	0.0	1
403	912.2058246135712	0.2121197506386672	0.0	2
404	914.4935894012451	0.2121197506386672	0.0	3
405	916.7601342201233	0.21238968393903396	0.0002699333003667592	0
406	919.0276682376862	0.21238968393903396	0.0	1
407	921.289716720581	0.21238968393903396	0.0	2
408	923.5413770675659	0.21247652303382775	8.683909479378915e-05	0
409	925.798864364624	0.21247652303382775	0.0	1
410	928.0652420520782	0.21346558766031556	0.0009890646264878178	0
411	930.3296270370483	0.21346558766031556	0.0	1
412	932.5917530059814	0.21346558766031556	0.0	2
413	934.862375497818	0.21346558766031556	0.0	3
414	937.1215763092041	0.21346558766031556	0.0	4
415	939.4054191112518	0.21346558766031556	0.0	5
416	941.6641755104065	0.21420760576213324	0.0007420181018176764	0
417	943.9103882312775	0.21420760576213324	0.0	1
418	946.1935336589813	0.21420760576213324	0.0	2
419	948.4815955162048	0.21420760576213324	0.0	3
420	950.7465436458588	0.21420760576213324	0.0	4
421	953.0047845840454	0.21445244470410824	0.00024483894197499523	0
422	955.2688341140747	0.21445244470410824	0.0	1
423	957.5350141525269	0.21488335133038844	0.00043090662628020304	0
424	959.774986743927	0.21488335133038844	0.0	1
425	962.0302758216858	0.21517729772415345	0.00029394639376500997	0
426	964.3109030723572	0.21517729772415345	0.0	1
427	966.5636410713196	0.21517729772415345	0.0	2
428	968.8431396484375	0.21517729772415345	0.0	3
429	971.0867285728455	0.21517729772415345	0.0	4
430	973.3859374523163	0.2152966648741696	0.0001193671500161475	0
431	975.6478879451752	0.2152966648741696	0.0	1
432	977.914582490921	0.2154369815334356	0.00014031665926600434	0
433	980.2283022403717	0.21548120076640062	4.4219232965020394e-05	0
434	982.5299577713013	0.21548120076640062	0.0	1
435	984.8019125461578	0.21566573665863167	0.0001845358922310525	0
436	987.10861992836	0.21569240786180569	2.6671203174011282e-05	0
437	989.3904929161072	0.21569240786180569	0.0	1
438	991.637481212616	0.21569240786180569	0.0	2
439	993.9105474948883	0.2159905892101287	0.0002981813483230178	0
440	996.1931982040405	0.2159905892101287	0.0	1
441	998.4388427734375	0.2162460155384988	0.00025542632837008417	0
442	1000.6907947063446	0.2162460155384988	0.0	1
443	1002.9553599357605	0.2162460155384988	0.0	2
444	1005.2136693000793	0.2162460155384988	0.0	3
445	1007.4897592067719	0.2162460155384988	0.0	4
446	1010.1614561080933	0.21626126588017855	1.5250341679762247e-05	0
447	1013.0185739994049	0.21635966099459078	9.839511441223081e-05	0
448	1015.8995957374573	0.21640068148528327	4.1020490692489364e-05	0
449	1018.7987294197083	0.21687891598138495	0.00047823449610168156	0
450	1021.035373210907	0.21687891598138495	0.0	1
451	1023.265052318573	0.2169703053996932	9.138941830824643e-05	0
452	1025.5297808647156	0.2169703053996932	0.0	1
453	1027.7734320163727	0.21706345187361598	9.31464739227783e-05	0
454	1030.0772082805634	0.21706345187361598	0.0	1
455	1032.3436744213104	0.21719451020137479	0.00013105832775880955	0
456	1034.6364634037018	0.21737904609360584	0.0001845358922310525	0
457	1036.8676772117615	0.21737904609360584	0.0	1
458	1039.180284023285	0.21744495820550377	6.591211189793666e-05	0
459	1041.4220175743103	0.21746741698047378	2.245877497000781e-05	0
460	1043.682140827179	0.21754292531918942	7.550833871564078e-05	0
461	1045.9631791114807	0.21774811787806791	0.00020519255887849197	0
462	1048.2249438762665	0.2178364887649359	8.837088686797223e-05	0
463	1050.5121891498566	0.21797121888840193	0.00013473012346604252	0
464	1052.803118467331	0.21797121888840193	0.0	1
465	1055.0609965324402	0.21800363431185413	3.2415423452197833e-05	0
466	1057.342141866684	0.218092635936635	8.900162478087115e-05	0
467	1059.6057419776917	0.21844954348991974	0.000356907553284741	0
468	1061.8811695575714	0.21863407938215076	0.00018453589223102473	0
469	1064.1709568500519	0.21863407938215076	0.0	1
470	1066.4479207992554	0.21863407938215076	0.0	2
471	1068.7451748847961	0.21887842274433705	0.00024434336218628894	0
472	1071.0199728012085	0.21907843424178816	0.00020001149745110802	0
473	1073.2756876945496	0.21907843424178816	0.0	1
474	1075.5490853786469	0.21907843424178816	0.0	2
475	1077.8029565811157	0.21926294760766515	0.00018451336587699263	0
476	1080.1203553676605	0.21926294760766515	0.0	1
477	1082.374133348465	0.21926294760766515	0.0	2
478	1084.645314693451	0.21926294760766515	0.0	3
479	1086.8787443637848	0.21926294760766515	0.0	4
480	1089.1611740589142	0.2194579357281671	0.0001949881205019488	0
481	1091.3887150287628	0.21955723189674065	9.929616857354273e-05	0
482	1093.6641690731049	0.21955723189674065	0.0	1
483	1095.9399979114532	0.21981655528435828	0.0002593233876176382	0
484	1098.2214345932007	0.21990395753800285	8.7402253644564e-05	0
485	1100.4694120883942	0.22001368340849325	0.00010972587049040694	0
486	1102.7353112697601	0.22001368340849325	0.0	1
487	1105.0013976097107	0.2201263827577159	0.00011269934922264468	0
488	1107.252599954605	0.22034684818462816	0.00022046542691225857	0
489	1109.5440537929535	0.22038275519295533	3.590700832717397e-05	0
490	1111.793786764145	0.22038275519295533	0.0	1
491	1114.0255298614502	0.22038275519295533	0.0	2
492	1116.2556142807007	0.22040203775200684	1.9282559051508885e-05	0
493	1118.5319786071777	0.2206416731062004	0.00023963535419355142	0
494	1120.8105449676514	0.22077110953646892	0.0001294364302685258	0
495	1123.0709807872772	0.22077110953646892	0.0	1
496	1125.312621831894	0.221140181320931	0.0003690717844620772	0
497	1127.554233789444	0.221140181320931	0.0	1
498	1129.8029806613922	0.221140181320931	0.0	2
499	1132.0761489868164	0.2212347694815118	9.458816058080521e-05	0
500	1134.3236634731293	0.2212347694815118	0.0	1
501	1136.5766100883484	0.2212347694815118	0.0	2
502	1138.8488495349884	0.22141930537374285	0.0001845358922310525	0
503	1141.1193227767944	0.22160384126597388	0.00018453589223102473	0
504	1143.4080364704132	0.22160384126597388	0.0	1
505	1145.6884837150574	0.22160384126597388	0.0	2
506	1148.348656654358	0.2216615087322961	5.766746632221431e-05	0
507	1151.2597954273224	0.2216615087322961	0.0	1
508	1154.192794561386	0.22178837715820493	0.00012686842590883818	0
509	1157.1762385368347	0.22197291305043595	0.00018453589223102473	0
510	1159.4169425964355	0.22197291305043595	0.0	1
511	1161.6489834785461	0.222157448942667	0.0001845358922310525	0
512	1163.9133293628693	0.222157448942667	0.0	1
513	1166.2033488750458	0.222157448942667	0.0	2
514	1168.454167842865	0.22242758498022006	0.00027013603755304816	0
515	1170.7125611305237	0.22252652072712908	9.893574690902907e-05	0
516	1172.9889719486237	0.22252652072712908	0.0	1
517	1175.2456712722778	0.22252652072712908	0.0	2
518	1177.5418651103973	0.22252652072712908	0.0	3
519	1179.8146991729736	0.22252652072712908	0.0	4
520	1182.0821721553802	0.22268605236638447	0.00015953163925538916	0
521	1184.3388879299164	0.22279665676468213	0.000110604398297659	0
522	1186.6341938972473	0.22286006845128253	6.341168660040086e-05	0
523	1188.9464130401611	0.22286006845128253	0.0	1
524	1191.2455122470856	0.22294997113022466	8.990267894212756e-05	0
525	1193.519847869873	0.22298119265691319	3.122152668852407e-05	0
526	1195.7736184597015	0.2230291963173556	4.800366044241389e-05	0
527	1198.0178372859955	0.22307794334748107	4.874703012547332e-05	0
528	1200.2833161354065	0.22309817201340193	2.022866592085726e-05	0
529	1202.531837940216	0.22316602139174663	6.784937834469762e-05	0
530	1204.8316397666931	0.22316602139174663	0.0	1
531	1207.1156842708588	0.22344701513194315	0.00028099374019652235	0
532	1209.371383190155	0.22344701513194315	0.0	1
533	1211.6409702301025	0.22344701513194315	0.0	2
534	1213.9012370109558	0.22344701513194315	0.0	3
535	1216.1823127269745	0.22368811469914882	0.00024109956720566594	0
536	1218.4500923156738	0.22385219666191872	0.00016408196276990195	0
537	1220.732147693634	0.22385219666191872	0.0	1
538	1223.004597902298	0.22385397624388725	1.7795819685362257e-06	0
539	1225.2839460372925	0.22412697312840238	0.0002729968845151254	0
540	1227.5625083446503	0.22412697312840238	0.0	1
541	1229.8153536319733	0.22412697312840238	0.0	2
542	1232.0605475902557	0.2242729889552385	0.00014601582683612668	0
543	1234.2937071323395	0.2242729889552385	0.0	1
544	1236.5252890586853	0.2242729889552385	0.0	2
545	1238.7775065898895	0.2244566463196623	0.00018365736442380043	0
546	1241.0530009269714	0.2244566463196623	0.0	1
547	1243.3117940425873	0.2244566463196623	0.0	2
548	1245.565599679947	0.2244566463196623	0.0	3
549	1247.8259947299957	0.22464118221189333	0.00018453589223102473	0
550	1250.1141159534454	0.22464118221189333	0.0	1
551	1252.3927812576294	0.2249062047670811	0.0002650225551877605	0
552	1254.6703388690948	0.22499588218248293	8.967741540183427e-05	0
553	1256.9499065876007	0.22499588218248293	0.0	1
554	1259.2125673294067	0.22513570326196022	0.00013982107947729805	0
555	1261.50293302536	0.22552968919398184	0.00039398593202161214	0
556	1263.8546426296234	0.22552968919398184	0.0	1
557	1266.124969959259	0.22552968919398184	0.0	2
558	1268.405915260315	0.22554631364325753	1.6624449275692843e-05	0
559	1270.6532635688782	0.22554631364325753	0.0	1
560	1272.9379370212555	0.22573084953548855	0.00018453589223102473	0
561	1275.2014429569244	0.22597064257416036	0.0002397930386718039	0
562	1277.4764256477356	0.22610870659802315	0.00013806402386279393	0
563	1279.7410938739777	0.22638641149053101	0.0002777048925078629	0
564	1282.0098011493683	0.22659158152305545	0.0002051700325244321	0
565	1284.2850785255432	0.226594081948353	2.5004252975635577e-06	0
566	1286.9114336967468	0.226594081948353	0.0	1
567	1289.8357248306274	0.2267554832749931	0.00016140132664008155	0
568	1292.7400465011597	0.2267554832749931	0.0	1
569	1295.6992545127869	0.22676785024335672	1.2366968363625164e-05	0
570	1297.9355418682098	0.2269456282293781	0.0001777779860213935	0
571	1300.1850743293762	0.22696200488875945	1.6376659381339698e-05	0
572	1302.471310377121	0.22696200488875945	0.0	1
573	1304.7188947200775	0.22696200488875945	0.0	2
574	1306.9790263175964	0.22718005999579027	0.00021805510703082343	0
575	1309.2705671787262	0.2272422327329189	6.217273712863514e-05	0
576	1311.5261566638947	0.2276127912567471	0.0003705585238281961	0
577	1313.8075952529907	0.2276127912567471	0.0	1
578	1316.0745921134949	0.2276127912567471	0.0	2
579	1318.3734500408173	0.2276127912567471	0.0	3
580	1320.6469223499298	0.2276127912567471	0.0	4
581	1322.9000897407532	0.22764117446282756	2.8383206080451195e-05	0
582	1325.1602668762207	0.2277400426306745	9.886816784693275e-05	0
583	1327.4175877571106	0.22798186304120918	0.00024182041053469328	0
584	1329.7135708332062	0.22798186304120918	0.0	1
585	1331.970624923706	0.2282436192750623	0.0002617562338531054	0
586	1334.2465689182281	0.2282436192750623	0.0	1
587	1336.5219197273254	0.22856385392398273	0.00032023464892044773	0
588	1338.8063807487488	0.22856385392398273	0.0	1
589	1341.0893483161926	0.22856385392398273	0.0	2
590	1343.3566689491272	0.2293019974929069	0.0007381435689241544	0
591	1345.6305315494537	0.2293019974929069	0.0	1
592	1347.905601978302	0.2293019974929069	0.0	2
593	1350.1884570121765	0.2293019974929069	0.0	3
594	1352.4627780914307	0.22967106927736897	0.0003690717844620772	0
595	1354.735247373581	0.22967106927736897	0.0	1
596	1356.9957792758942	0.22967106927736897	0.0	2
597	1359.2656276226044	0.22968760362122856	1.6534343859592182e-05	0
598	1361.526221036911	0.22985560516960002	0.0001680015483714603	0
599	1363.8188593387604	0.22987536078208617	1.9755612486155316e-05	0
600	1366.0689017772675	0.22987536078208617	0.0	1
601	1368.3414287567139	0.23005989667431723	0.0001845358922310525	0
602	1370.616749048233	0.23005989667431723	0.0	1
603	1372.8742351531982	0.23024443256654825	0.00018453589223102473	0
604	1375.1524262428284	0.23024443256654825	0.0	1
605	1377.392291545868	0.23024443256654825	0.0	2
606	1379.6582462787628	0.23041700696478826	0.0001725743982400052	0
607	1381.930750131607	0.23062584879301992	0.00020884182823166508	0
608	1384.2042832374573	0.23062584879301992	0.0	1
609	1386.4972393512726	0.23075224416549409	0.000126395372474164	0
610	1388.7803530693054	0.23075224416549409	0.0	1
611	1391.0565893650055	0.23075224416549409	0.0	2
612	1393.3329832553864	0.23097061464148136	0.00021837047598727288	0
613	1395.6120443344116	0.23172071970439656	0.0007501050629152017	0
614	1397.908032655716	0.23172071970439656	0.0	1
615	1400.178978919983	0.2319052555966276	0.0001845358922310525	0
616	1402.44109249115	0.2319052555966276	0.0	1
617	1404.7212920188904	0.23226236588709864	0.00035711029047102993	0
618	1406.979919910431	0.23226236588709864	0.0	1
619	1409.2514941692352	0.2322743273810897	1.196149399104729e-05	0
620	1411.5285322666168	0.2322743273810897	0.0	1
621	1413.8217005729675	0.23244690177932967	0.00017257439823997744	0
622	1416.097759962082	0.23244690177932967	0.0	1
623	1418.3904507160187	0.23244690177932967	0.0	2
624	1420.6430530548096	0.23263143767156072	0.0001845358922310525	0
625	1422.8994431495667	0.23263143767156072	0.0	1
626	1425.5139722824097	0.23263143767156072	0.0	2
627	1428.3878407478333	0.23263143767156072	0.0	3
628	1431.274425983429	0.23264339916555177	1.196149399104729e-05	0
629	1434.1642236709595	0.23277625960163315	0.00013286043608137788	0
630	1436.3995690345764	0.23281597356379174	3.971396215859957e-05	0
631	1438.6538712978363	0.23281597356379174	0.0	1
632	1440.9149124622345	0.23281597356379174	0.0	2
633	1443.1841826438904	0.23332986727832625	0.0005138937145345024	0
634	1445.4415092468262	0.2335144031705573	0.0001845358922310525	0
635	1447.6913986206055	0.23356607862670695	5.167545614964686e-05	0
636	1449.9856343269348	0.23356607862670695	0.0	1
637	1452.2368750572205	0.23356607862670695	0.0	2
638	1454.5121674537659	0.23369893906278832	0.00013286043608137788	0
639	1456.8268625736237	0.23369893906278832	0.0	1
640	1459.0891392230988	0.23369893906278832	0.0	2
641	1461.3580889701843	0.23388347495501938	0.0001845358922310525	0
642	1463.6346077919006	0.23388347495501938	0.0	1
643	1465.8618698120117	0.23393515041116902	5.167545614964686e-05	0
644	1468.1371054649353	0.23393515041116902	0.0	1
645	1470.3934168815613	0.23393515041116902	0.0	2
646	1472.6663239002228	0.23425254673948145	0.00031739632831243036	0
647	1474.926439523697	0.23426034085797656	7.794118495108027e-06	0
648	1477.198613166809	0.23426034085797656	0.0	1
649	1479.4562072753906	0.23426034085797656	0.0	2
650	1481.723746061325	0.2344370826317125	0.00017674177373594446	0
651	1484.00048494339	0.2344370826317125	0.0	1
652	1486.2836575508118	0.23504236576455526	0.0006052831328427488	0
653	1488.5626895427704	0.23504236576455526	0.0	1
654	1490.8121390342712	0.23504236576455526	0.0	2
655	1493.0946898460388	0.23504236576455526	0.0	3
656	1495.3689653873444	0.23504236576455526	0.0	4
657	1497.6362149715424	0.23504236576455526	0.0	5
658	1499.8810458183289	0.23541143754901733	0.0003690717844620772	0
659	1502.163556098938	0.23586788906076997	0.0004564515117526369	0
660	1504.4479541778564	0.23586788906076997	0.0	1
661	1506.7243580818176	0.23586788906076997	0.0	2
662	1508.9925701618195	0.23586788906076997	0.0	3
663	1511.2616908550262	0.23586788906076997	0.0	4
664	1513.5395455360413	0.2359452896132243	7.740055245433752e-05	0
665	1515.8059976100922	0.2359452896132243	0.0	1
666	1518.053394794464	0.23668343318214846	0.0007381435689241544	0
667	1520.3329346179962	0.23668343318214846	0.0	1
668	1522.5755677223206	0.23668343318214846	0.0	2
669	1524.8432576656342	0.23668343318214846	0.0	3
670	1527.069889307022	0.23668343318214846	0.0	4
671	1529.3379468917847	0.23668343318214846	0.0	5
672	1531.623187303543	0.23668343318214846	0.0	6
673	1533.8977446556091	0.23668343318214846	0.0	7
674	1536.158480167389	0.23668343318214846	0.0	8
675	1538.3957252502441	0.236736437693186	5.3004511037541e-05	0
676	1540.656780719757	0.23686900528666496	0.00013256759347896052	0
677	1542.9310822486877	0.23686900528666496	0.0	1
678	1545.198994398117	0.23686900528666496	0.0	2
679	1547.4508838653564	0.23697273914698283	0.00010373386031786724	0
680	1549.7248260974884	0.23700702425781972	3.428511083689023e-05	0
681	1551.97234249115	0.23713607774006967	0.00012905348224995228	0
682	1554.227177143097	0.23713607774006967	0.0	1
683	1556.4749693870544	0.23713607774006967	0.0	2
684	1558.7495472431183	0.23715727503921388	2.119729914420998e-05	0
685	1561.023892879486	0.23715727503921388	0.0	1
686	1563.6600551605225	0.23718054476292905	2.326972371516356e-05	0
687	1566.5697073936462	0.23718054476292905	0.0	1
688	1569.4953169822693	0.2373760960422818	0.0001955512793527514	0
689	1572.4251668453217	0.2373760960422818	0.0	1
690	1574.679247379303	0.23755583382110398	0.00017973777882218656	0
691	1576.9447882175446	0.23755583382110398	0.0	1
692	1579.2164874076843	0.23755583382110398	0.0	2
693	1581.4789893627167	0.23755583382110398	0.0	3
694	1583.7494721412659	0.23755583382110398	0.0	4
695	1586.0123393535614	0.23756063193451282	4.798113408838178e-06	0
696	1588.3079044818878	0.23756063193451282	0.0	1
697	1590.5768132209778	0.2376845719343975	0.00012393999988466464	0
698	1592.8522894382477	0.23774516782674388	6.059589234638785e-05	0
699	1595.107992887497	0.23774516782674388	0.0	1
700	1597.3699390888214	0.2378905529156671	0.00014538508892322777	0
701	1599.6533136367798	0.2378905529156671	0.0	1
702	1601.9280910491943	0.23789541860813804	4.865692470934491e-06	0
703	1604.1944153308868	0.23795094607082717	5.5527462689136664e-05	0
704	1606.4389872550964	0.23807995450036906	0.00012900842954188807	0
705	1608.6666610240936	0.23807995450036906	0.0	1
706	1610.8961291313171	0.23811423961120595	3.428511083689023e-05	0
707	1613.1794419288635	0.23811423961120595	0.0	1
708	1615.4151566028595	0.23840509989446854	0.00029086028326258395	0
709	1617.675008058548	0.23840509989446854	0.0	1
710	1619.9461886882782	0.23840509989446854	0.0	2
711	1622.2051870822906	0.23852894978893707	0.00012384989446853623	0
712	1624.4778654575348	0.23864651483063065	0.00011756504169357918	0
713	1626.7573237419128	0.23864651483063065	0.0	1
714	1629.0256135463715	0.2389670873748616	0.00032057254423095705	0
715	1631.312520980835	0.2391777087850618	0.0002106214102002013	0
716	1633.598825454712	0.2391777087850618	0.0	1
717	1635.8891575336456	0.2391777087850618	0.0	2
718	1638.1471230983734	0.23942290814870132	0.0002451993636395089	0
719	1640.419471025467	0.23942290814870132	0.0	1
720	1642.7032945156097	0.23942290814870132	0.0	2
721	1644.9615993499756	0.23942290814870132	0.0	3
722	1647.1967136859894	0.23960744404093237	0.0001845358922310525	0
723	1649.4469516277313	0.23960744404093237	0.0	1
724	1651.7427065372467	0.23997651582539445	0.0003690717844620772	0
725	1654.022166967392	0.23997651582539445	0.0	1
726	1656.283361673355	0.24016105171762547	0.00018453589223102473	0
727	1658.5569491386414	0.24016105171762547	0.0	1
728	1660.818170785904	0.24016105171762547	0.0	2
729	1663.071317434311	0.24016105171762547	0.0	3
730	1665.3273961544037	0.24034558760985653	0.0001845358922310525	0
731	1667.616039276123	0.24053012350208755	0.00018453589223102473	0
732	1669.9008522033691	0.24053012350208755	0.0	1
733	1672.1844248771667	0.24053012350208755	0.0	2
734	1674.4550852775574	0.24053012350208755	0.0	3
735	1676.7088062763214	0.2407146593943186	0.0001845358922310525	0
736	1678.9799761772156	0.2407146593943186	0.0	1
737	1681.2706534862518	0.2407146593943186	0.0	2
738	1683.558111667633	0.2407146593943186	0.0	3
739	1685.855678319931	0.2407146593943186	0.0	4
740	1688.1468284130096	0.2407146593943186	0.0	5
741	1690.4213695526123	0.2407146593943186	0.0	6
742	1692.6916325092316	0.240888923269111	0.00017426387479238525	0
743	1694.9664342403412	0.24089919528654963	1.027201743863948e-05	0
744	1697.255599975586	0.24108373117878068	0.0001845358922310525	0
745	1699.5351581573486	0.24108373117878068	0.0	1
746	1702.2488436698914	0.24145280296324276	0.0003690717844620772	0
747	1705.21662068367	0.24145280296324276	0.0	1
748	1708.2160339355469	0.24163733885547378	0.00018453589223102473	0
749	1711.224998474121	0.24163733885547378	0.0	1
750	1713.4741275310516	0.24163733885547378	0.0	2
751	1715.7572524547577	0.24163733885547378	0.0	3
752	1718.043219089508	0.24165011129821	1.2772442736230794e-05	0
753	1720.3140726089478	0.24182187474770483	0.0001717634494948217	0
754	1722.5798797607422	0.24182187474770483	0.0	1
755	1724.8532176017761	0.242018417186635	0.000196542438930164	0
756	1727.1166408061981	0.242018417186635	0.0	1
757	1729.376976966858	0.242018417186635	0.0	2
758	1731.6761713027954	0.242018417186635	0.0	3
759	1734.008710384369	0.24210834239193116	8.992520529615966e-05	0
760	1736.2875437736511	0.24220295307886602	9.461068693486507e-05	0
761	1738.5444407463074	0.24220295307886602	0.0	1
762	1740.803889989853	0.2422126168847458	9.663805879772669e-06	0
763	1743.0801465511322	0.24240562268609292	0.00019300580134712364	0
764	1745.327546596527	0.24240562268609292	0.0	1
765	1747.578132390976	0.24240562268609292	0.0	2
766	1749.8508968353271	0.2425846621479401	0.00017903946184719133	0
767	1752.1274197101593	0.24259015857832394	5.496430383833406e-06	0
768	1754.4137330055237	0.24259015857832394	0.0	1
769	1756.6633212566376	0.24259015857832394	0.0	2
770	1758.927547454834	0.24278652080642185	0.00019636222809790715	0
771	1761.2165729999542	0.24294235812361598	0.00015583731719412408	0
772	1763.4569869041443	0.24297137206760933	2.901394399335011e-05	0
773	1765.7103805541992	0.24311362599332212	0.00014225392571279305	0
774	1767.970638513565	0.24311362599332212	0.0	1
775	1770.2403814792633	0.24314376625501707	3.0140261694955317e-05	0
776	1772.4685389995575	0.24314376625501707	0.0	1
777	1774.718959569931	0.24314376625501707	0.0	2
778	1776.95534157753	0.24327306752716138	0.00012930127214430542	0
779	1779.1917765140533	0.24349468179812928	0.00022161427096789588	0
780	1781.4603571891785	0.243524664375346	2.9982577216730588e-05	0
781	1783.7305235862732	0.243524664375346	0.0	1
782	1785.9725301265717	0.243524664375346	0.0	2
783	1788.2431333065033	0.24364213931162346	0.00011747493627745076	0
784	1790.5100362300873	0.24382216993304806	0.0001800306214246039	0
785	1792.7673251628876	0.24383863669784556	1.646676479749587e-05	0
786	1795.0480885505676	0.24385287335359385	1.4236655748289806e-05	0
787	1797.3288960456848	0.24386481232123086	1.1938967637015185e-05	0
788	1799.5906038284302	0.24386481232123086	0.0	1
789	1801.8705279827118	0.24402317259007658	0.00015836026884571974	0
790	1804.1003906726837	0.24403740924582487	1.4236655748289806e-05	0
791	1806.3471465110779	0.2440493482134619	1.1938967637015185e-05	0
792	1808.5998866558075	0.2440493482134619	0.0	1
793	1810.844074010849	0.2440493482134619	0.0	2
794	1813.0854799747467	0.2440493482134619	0.0	3
795	1815.3690934181213	0.2442380740075429	0.00018872579408102386	0
796	1817.6090381145477	0.24439670459263702	0.000158630585094105	0
797	1819.8578431606293	0.24439670459263702	0.0	1
798	1822.0869190692902	0.24439670459263702	0.0	2
799	1824.3430511951447	0.24458124048486807	0.0001845358922310525	0
800	1826.6057970523834	0.244607145792005	2.5905307136919742e-05	0
801	1828.8651173114777	0.244607145792005	0.0	1
802	1831.1326367855072	0.24462345487232423	1.6309080319243385e-05	0
803	1833.3827226161957	0.24462345487232423	0.0	1
804	1835.656456232071	0.24484502409058406	0.00022156921825983167	0
805	1837.9414975643158	0.24484502409058406	0.0	1
806	1840.6308698654175	0.2449338905572407	8.886646665665077e-05	0
807	1843.6055436134338	0.24495031226933014	1.642171208943166e-05	0
808	1846.5487124919891	0.24517706254901733	0.00022675027968718786	0
809	1849.5177505016327	0.24517706254901733	0.0	1
810	1851.7582008838654	0.24517706254901733	0.0	2
811	1854.0614714622498	0.2452586980560297	8.16355070123731e-05	0
812	1856.3379516601562	0.2452586980560297	0.0	1
813	1858.6032495498657	0.2453100356168689	5.133756083919305e-05	0
814	1860.8699748516083	0.24555149560573908	0.0002414599888701796	0
815	1863.152842283249	0.24555149560573908	0.0	1
816	1865.4197235107422	0.24555149560573908	0.0	2
817	1867.6601586341858	0.24555149560573908	0.0	3
818	1869.9175019264221	0.24587299173048532	0.00032149612474624556	0
819	1872.1702127456665	0.24589040460215214	1.7412871666816487e-05	0
820	1874.4304802417755	0.24589040460215214	0.0	1
821	1876.6902816295624	0.24589040460215214	0.0	2
822	1878.9300427436829	0.24605752762271638	0.000167123020564236	0
823	1881.1742417812347	0.24610510328243218	4.757565971580391e-05	0
824	1883.448008775711	0.24610510328243218	0.0	1
825	1885.7168440818787	0.24610510328243218	0.0	2
826	1887.963702917099	0.24625947638661422	0.0001543731041820373	0
827	1890.1809566020966	0.24644401227884527	0.0001845358922310525	0
828	1892.4461688995361	0.24644401227884527	0.0	1
829	1894.6901016235352	0.24644401227884527	0.0	2
830	1896.9514365196228	0.24648737551035707	4.336323151180044e-05	0
831	1899.2208456993103	0.2466285481710763	0.0001411726607192243	0
832	1901.4837443828583	0.2466285481710763	0.0	1
833	1903.7404148578644	0.2466285481710763	0.0	2
834	1906.0111784934998	0.24681308406330735	0.0001845358922310525	0
835	1908.2534387111664	0.24681308406330735	0.0	1
836	1910.5365517139435	0.24681308406330735	0.0	2
837	1912.7935559749603	0.24681308406330735	0.0	3
838	1915.0151886940002	0.24709678096598772	0.00028369690268037484	0
839	1917.2563993930817	0.24722545150021913	0.0001286705342314065	0
840	1919.5049691200256	0.24722545150021913	0.0	1
841	1921.7754604816437	0.24722545150021913	0.0	2
842	1924.0501172542572	0.24728131685821877	5.586535799964598e-05	0
843	1926.291261434555	0.24728131685821877	0.0	1
844	1928.5646908283234	0.24728131685821877	0.0	2
845	1930.79465341568	0.24728131685821877	0.0	3
846	1933.057993888855	0.2474158892972066	0.0001345724389878178	0
847	1935.3094699382782	0.2474658527504498	4.9963453243206946e-05	0
848	1937.5837993621826	0.2474658527504498	0.0	1
849	1939.7934720516205	0.2474658527504498	0.0	2
850	1942.0527951717377	0.2474658527504498	0.0	3
851	1944.289056301117	0.24765038864268085	0.0001845358922310525	0
852	1946.5463144779205	0.24765038864268085	0.0	1
853	1948.7932012081146	0.24765038864268085	0.0	2
854	1951.0536229610443	0.24768667859902657	3.628995634571974e-05	0
855	1953.3094499111176	0.24768667859902657	0.0	1
856	1955.5401854515076	0.2478613930008996	0.00017471440187302734	0
857	1957.7709228992462	0.2478613930008996	0.0	1
858	1960.0166127681732	0.2478613930008996	0.0	2
859	1962.2798461914062	0.2478613930008996	0.0	3
860	1964.5328118801117	0.2478613930008996	0.0	4
861	1966.7842009067535	0.24787121449125762	9.821490358025153e-06	0
862	1969.0181903839111	0.24804592889313065	0.00017471440187302734	0
863	1971.2667984962463	0.24814815348772837	0.00010222459459771627	0
864	1973.4903218746185	0.24814815348772837	0.0	1
865	1975.7361085414886	0.24814815348772837	0.0	2
866	1978.3991372585297	0.2483326893799594	0.00018453589223102473	0
867	1981.3203222751617	0.2483326893799594	0.0	1
868	1984.1927585601807	0.2483744307139809	4.1741334021516696e-05	0
869	1987.125356912613	0.24841500067759273	4.0569963611819526e-05	0
870	1989.3546478748322	0.24851722527219045	0.00010222459459771627	0
871	1991.621217250824	0.24851722527219045	0.0	1
872	1993.8923425674438	0.24851722527219045	0.0	2
873	1996.1508557796478	0.24851722527219045	0.0	3
874	1998.4143433570862	0.24851722527219045	0.0	4
875	2000.6662604808807	0.24859953656982378	8.231129763333622e-05	0
876	2002.9039940834045	0.24859953656982378	0.0	1
877	2005.134616613388	0.24859953656982378	0.0	2
878	2007.3908183574677	0.24870176116442147	0.00010222459459768851	0
879	2009.6470539569855	0.24870176116442147	0.0	1
880	2011.9172103404999	0.24870176116442147	0.0	2
881	2014.150229692459	0.24870176116442147	0.0	3
882	2016.3884692192078	0.24888629705665252	0.0001845358922310525	0
883	2018.6504912376404	0.24888629705665252	0.0	1
884	2020.8796956539154	0.24888629705665252	0.0	2
885	2023.1328077316284	0.24888629705665252	0.0	3
886	2025.3633253574371	0.24888629705665252	0.0	4
887	2027.6128520965576	0.24888629705665252	0.0	5
888	2029.8677129745483	0.24907083294888355	0.00018453589223102473	0
889	2032.108312368393	0.24907083294888355	0.0	1
890	2034.3423850536346	0.24907083294888355	0.0	2
891	2036.588351726532	0.24908781781982378	1.6984870940234265e-05	0
892	2038.8200898170471	0.24919001988806744	0.00010220206824365641	0
893	2041.0467789173126	0.24955909167252951	0.0003690717844620772	0
894	2043.2840638160706	0.24955909167252951	0.0	1
895	2045.5219750404358	0.24955909167252951	0.0	2
896	2047.78102850914	0.24955909167252951	0.0	3
897	2050.049280643463	0.24955909167252951	0.0	4
898	2052.3203098773956	0.24955909167252951	0.0	5
899	2054.5596640110016	0.24974362756476057	0.0001845358922310525	0
900	2056.786777496338	0.24974362756476057	0.0	1
901	2058.9928121566772	0.24974362756476057	0.0	2
902	2061.2383992671967	0.2499281634569916	0.00018453589223102473	0
903	2063.439584493637	0.2499281634569916	0.0	1
904	2065.688199043274	0.2499281634569916	0.0	2
905	2067.9075875282288	0.2499281634569916	0.0	3
906	2070.136354446411	0.2501780483022698	0.0002498848452782143	0
907	2072.381200313568	0.2501780483022698	0.0	1
908	2074.6294622421265	0.25042250429622626	0.00024445599395644946	0
909	2076.8441483974457	0.25042250429622626	0.0	1
910	2079.092895269394	0.25042250429622626	0.0	2
911	2081.355155467987	0.25042250429622626	0.0	3
912	2083.5895569324493	0.25042250429622626	0.0	4
913	2085.8059294223785	0.25042250429622626	0.0	5
914	2088.0367891788483	0.25042250429622626	0.0	6
915	2090.239224433899	0.2504817711336847	5.926683745843819e-05	0
916	2092.4812302589417	0.2504817711336847	0.0	1
917	2094.675712823868	0.25063290044288616	0.00015112930920146983	0
918	2096.933902025223	0.25063290044288616	0.0	1
919	2099.164628505707	0.25063290044288616	0.0	2
920	2101.3919084072113	0.25066630702591575	3.340658302958266e-05	0
921	2103.6315495967865	0.25066630702591575	0.0	1
922	2105.832308292389	0.25097611197291936	0.0003098049470036113	0
923	2108.073486804962	0.25097611197291936	0.0	1
924	2110.292523622513	0.25097748608051534	1.374107595986107e-06	0
925	2112.4916887283325	0.25102508426658515	4.759818606980826e-05	0
926	2115.1148080825806	0.25102508426658515	0.0	1
927	2117.9854865074158	0.25103537881037785	1.029454379269934e-05	0
928	2120.861270904541	0.2511606478651504	0.00012526905477255879	0
929	2123.78355550766	0.2512096201588162	4.8972293665794364e-05	0
930	2125.9582195281982	0.251429094426151	0.00021947426733481823	0
931	2128.2013506889343	0.251429094426151	0.0	1
932	2130.44487118721	0.2518691918048764	0.00044009737872535704	0
933	2132.640868663788	0.2518691918048764	0.0	1
934	2134.8746938705444	0.2518691918048764	0.0	2
935	2137.1295330524445	0.25194776372774036	7.857192286397918e-05	0
936	2139.3485622406006	0.25223826358933843	0.0002904998615980703	0
937	2141.54500579834	0.25223826358933843	0.0	1
938	2143.784547805786	0.25223826358933843	0.0	2
939	2145.9949374198914	0.25225959604660686	2.133245726843036e-05	0
940	2148.1996948719025	0.25275763120790273	0.0004980351612958733	0
941	2150.429191350937	0.25275763120790273	0.0	1
942	2152.6334733963013	0.25275763120790273	0.0	2
943	2154.8414821624756	0.25275763120790273	0.0	3
944	2157.082184076309	0.25290734135680015	0.00014971014889741951	0
945	2159.364721775055	0.25312670299236484	0.00021936163556468546	0
946	2161.60645031929	0.25316094305049364	3.424005812879827e-05	0
947	2163.8246517181396	0.2534001504039606	0.00023920735346694144	0
948	2166.0373294353485	0.2534001504039606	0.0	1
949	2168.2710087299347	0.25358468629619163	0.0001845358922310525	0
950	2170.622237920761	0.25358468629619163	0.0	1
951	2172.875874042511	0.25358468629619163	0.0	2
952	2175.089197874069	0.2539802040202874	0.0003955177240957952	0
953	2177.3001103401184	0.2539802040202874	0.0	1
954	2179.5389728546143	0.2539802040202874	0.0	2
955	2181.7478637695312	0.2539802040202874	0.0	3
956	2183.945544719696	0.2539802040202874	0.0	4
957	2186.202007293701	0.2539802040202874	0.0	5
958	2188.4492571353912	0.2539802040202874	0.0	6
959	2190.6950528621674	0.25417034897467244	0.00019014495438501866	0
960	2192.9388616085052	0.25417034897467244	0.0	1
961	2195.1902990341187	0.25417034897467244	0.0	2
962	2197.4377870559692	0.25417034897467244	0.0	3
963	2199.6475763320923	0.25435058233328334	0.00018023335861089285	0
964	2201.8619084358215	0.2543548848669035	4.302533620159643e-06	0
965	2204.0886702537537	0.2543548848669035	0.0	1
966	2206.301233768463	0.25454392602994097	0.00018904116303747331	0
967	2208.550703525543	0.25454392602994097	0.0	1
968	2210.788484096527	0.25454392602994097	0.0	2
969	2213.0278844833374	0.25454392602994097	0.0	3
970	2215.2451043128967	0.25454392602994097	0.0	4
971	2217.473824262619	0.25454392602994097	0.0	5
972	2219.683686733246	0.25454392602994097	0.0	6
973	2221.91618847847	0.2546010528637664	5.712683382541606e-05	0
974	2224.129850625992	0.25468203510651183	8.098224274544208e-05	0
975	2226.362420797348	0.2550510618382658	0.00036902673175398526	0
976	2228.613097190857	0.2550510618382658	0.0	1
977	2230.8523201942444	0.2550510618382658	0.0	2
978	2233.066102027893	0.2552820695988651	0.00023100776059931105	0
979	2235.2857389450073	0.2552820695988651	0.0	1
980	2237.529913663864	0.2552820695988651	0.0	2
981	2239.7517099380493	0.2552820695988651	0.0	3
982	2241.9747064113617	0.2552820695988651	0.0	4
983	2244.1782217025757	0.2552820695988651	0.0	5
984	2246.4192373752594	0.2552820695988651	0.0	6
985	2248.6251118183136	0.25533919643269054	5.712683382541606e-05	0
986	2251.2359504699707	0.2554201336227279	8.093719003737787e-05	0
987	2254.103000640869	0.2555237323249216	0.00010359870219367462	0
988	2257.025287628174	0.2555237323249216	0.0	1
989	2259.9282789230347	0.2555237323249216	0.0	2
990	2262.1137351989746	0.25553463508027313	1.0902755351538396e-05	0
991	2264.3069953918457	0.2556511413833272	0.00011650630305404253	0
992	2266.542493581772	0.2556511413833272	0.0	1
993	2268.7541406154633	0.2557082682171526	5.712683382541606e-05	0
994	2270.9742538928986	0.2557082682171526	0.0	1
995	2273.168150663376	0.2557082682171526	0.0	2
996	2275.360442638397	0.25589280410938364	0.0001845358922310525	0
997	2277.58589053154	0.25589280410938364	0.0	1
998	2279.8036828041077	0.255973741299421	8.093719003737787e-05	0
999	2282.0169038772583	0.255973741299421	0.0	1
1000	2284.2263593673706	0.2560202131677893	4.647186836825856e-05	0
1001	2286.4236948490143	0.2560202131677893	0.0	1
1002	2288.631782770157	0.2562047490600203	0.00018453589223099698	0
1003	2290.8505053520203	0.2562047490600203	0.0	1
1004	2293.065515756607	0.2562047490600203	0.0	2
1005	2295.2917864322662	0.25626187589384575	5.712683382547157e-05	0
1006	2297.51811504364	0.25626187589384575	0.0	1
1007	2299.719090938568	0.25644641178607674	0.00018453589223099698	0
1008	2301.9308495521545	0.25644641178607674	0.0	1
1009	2304.1368086338043	0.2565738208444824	0.00012740905840563643	0
1010	2306.3577201366425	0.2565738208444824	0.0	1
1011	2308.5998396873474	0.2565738208444824	0.0	2
1012	2310.8077476024628	0.2565738208444824	0.0	3
1013	2313.0319697856903	0.2566309476783078	5.712683382541606e-05	0
1014	2315.230528354645	0.25675835673671343	0.00012740905840563643	0
1015	2317.439932346344	0.25675835673671343	0.0	1
1016	2319.6706154346466	0.25694289262894443	0.00018453589223099698	0
1017	2321.8823866844177	0.25694289262894443	0.0	1
1018	2324.098392724991	0.2571274285211755	0.0001845358922310525	0
1019	2326.318310022354	0.2571274285211755	0.0	1
1020	2328.524312019348	0.2571274285211755	0.0	2
1021	2330.7442305088043	0.2576272432644399	0.0004998147432644373	0
1022	2332.9700467586517	0.2576272432644399	0.0	1
1023	2335.1779050827026	0.2576272432644399	0.0	2
1024	2337.3939764499664	0.2576272432644399	0.0	3
1025	2339.5984542369843	0.2576272432644399	0.0	4
1026	2341.8118546009064	0.2576272432644399	0.0	5
1027	2344.040615081787	0.2576272432644399	0.0	6
1028	2346.2313561439514	0.257811779156671	0.0001845358922310525	0
1029	2348.437919616699	0.2578369861468329	2.520699016195227e-05	0
1030	2350.6476726531982	0.2578369861468329	0.0	1
1031	2352.860518217087	0.257996315048902	0.00015932890206910022	0
1032	2355.054067850113	0.257996315048902	0.0	1
1033	2357.2537229061127	0.25805008545597663	5.377040707460479e-05	0
1034	2359.459634065628	0.258206057931295	0.00015597247531834446	0
1035	2361.670557498932	0.258206057931295	0.0	1
1036	2363.8897676467896	0.258206057931295	0.0	2
1037	2366.116163253784	0.2583653868333641	0.00015932890206910022	0
1038	2368.3134911060333	0.25841915724043873	5.37704070746603e-05	0
1039	2370.5177533626556	0.25841915724043873	0.0	1
1040	2372.7240459918976	0.25857454403055224	0.00015538679011350975	0
1041	2374.904838323593	0.25857454403055224	0.0	1
1042	2377.1030814647675	0.25857454403055224	0.0	2
1043	2379.311139345169	0.25875907992278324	0.00018453589223099698	0
1044	2381.505688905716	0.25875907992278324	0.0	1
1045	2383.6782681941986	0.25875907992278324	0.0	2
1046	2386.301314353943	0.2591618511328774	0.00040277121009413275	0
1047	2389.168347597122	0.2591618511328774	0.0	1
1048	2392.0051078796387	0.2591618511328774	0.0	2
1049	2394.863405227661	0.2593463870251084	0.0001845358922310525	0
1050	2397.0385761260986	0.2593463870251084	0.0	1
1051	2399.2631726264954	0.2593463870251084	0.0	2
1052	2401.469207048416	0.25938197866447915	3.5591639370724515e-05	0
1053	2403.6505465507507	0.25968175938393845	0.0002997807194592972	0
1054	2405.820480823517	0.2598662952761695	0.0001845358922310525	0
1055	2408.0162813663483	0.2598662952761695	0.0	1
1056	2410.18669962883	0.2598662952761695	0.0	2
1057	2412.393141746521	0.2598662952761695	0.0	3
1058	2414.536904335022	0.25987138623218076	5.090956011255532e-06	0
1059	2416.7375667095184	0.25987138623218076	0.0	1
1060	2418.953853368759	0.25987138623218076	0.0	2
1061	2421.110078573227	0.2601201222334033	0.00024873600122254924	0
1062	2423.324402332306	0.26069452173486807	0.0005743995014647618	0
1063	2425.506889104843	0.26069452173486807	0.0	1
1064	2427.7020995616913	0.26069452173486807	0.0	2
1065	2429.9055409431458	0.2613918926029941	0.000697370868126046	0
1066	2432.1101472377777	0.2613918926029941	0.0	1
1067	2434.2820262908936	0.2613918926029941	0.0	2
1068	2436.49481344223	0.26155020781913174	0.00015831521613762778	0
1069	2438.704890012741	0.26155020781913174	0.0	1
1070	2440.9201045036316	0.26155020781913174	0.0	2
1071	2443.097101688385	0.26155020781913174	0.0	3
1072	2445.2809154987335	0.26155020781913174	0.0	4
1073	2447.483315229416	0.26155020781913174	0.0	5
1074	2449.695967912674	0.26155020781913174	0.0	6
1075	2451.8901357650757	0.2615886377791105	3.8429959978769634e-05	0
1076	2454.079645395279	0.2615886377791105	0.0	1
1077	2456.2503578662872	0.2615886377791105	0.0	2
1078	2458.455625772476	0.2617625412322384	0.00017390345312789934	0
1079	2460.6681864261627	0.2617625412322384	0.0	1
1080	2462.868973016739	0.2617625412322384	0.0	2
1081	2465.0729455947876	0.2617625412322384	0.0	3
1082	2467.253177881241	0.2622883513880559	0.0005258101558174855	0
1083	2469.4683225154877	0.2622883513880559	0.0	1
1084	2471.6606106758118	0.2622883513880559	0.0	2
1085	2473.871325969696	0.2622883513880559	0.0	3
1086	2476.065409898758	0.2622883513880559	0.0	4
1087	2478.2664783000946	0.2622883513880559	0.0	5
1088	2480.450311899185	0.2622883513880559	0.0	6
1089	2482.6320610046387	0.26232678134803467	3.8429959978769634e-05	0
1090	2484.8181788921356	0.26232678134803467	0.0	1
1091	2487.0012056827545	0.26247288728028695	0.00014610593225228286	0
1092	2489.2220735549927	0.26247288728028695	0.0	1
1093	2491.410837650299	0.26247288728028695	0.0	2
1094	2493.5717763900757	0.262657423172518	0.0001845358922310525	0
1095	2495.786077260971	0.262657423172518	0.0	1
1096	2497.9931411743164	0.262657423172518	0.0	2
1097	2500.1767654418945	0.26284195906474905	0.0001845358922310525	0
1098	2502.35716176033	0.26284195906474905	0.0	1
1099	2504.5206456184387	0.26284195906474905	0.0	2
1100	2506.7123172283173	0.26284195906474905	0.0	3
1101	2508.923364877701	0.26284195906474905	0.0	4
1102	2511.093428850174	0.26302649495698005	0.00018453589223099698	0
1103	2513.2576365470886	0.26302649495698005	0.0	1
1104	2515.4304411411285	0.26302649495698005	0.0	2
1105	2517.619355201721	0.26302649495698005	0.0	3
1106	2520.2732439041138	0.26302649495698005	0.0	4
1107	2523.162537574768	0.26302649495698005	0.0	5
1108	2526.0366430282593	0.26302649495698005	0.0	6
1109	2528.9864954948425	0.263120429853294	9.39348963139297e-05	0
1110	2531.172400712967	0.263120429853294	0.0	1
1111	2533.3482196331024	0.2632494608091899	0.00012903095589589242	0
1112	2535.511734724045	0.263304965745525	5.550493633510456e-05	0
1113	2537.681845664978	0.26339556674144216	9.06009959171783e-05	0
1114	2539.837434530258	0.2635801026336732	0.0001845358922310525	0
1115	2542.0090506076813	0.2635801026336732	0.0	1
1116	2544.193669319153	0.2635801026336732	0.0	2
1117	2546.407009124756	0.2635801026336732	0.0	3
1118	2548.5810754299164	0.2637646385259042	0.00018453589223099698	0
1119	2550.7634406089783	0.26385857342221813	9.39348963139297e-05	0
1120	2552.940807580948	0.26385857342221813	0.0	1
1121	2555.140236854553	0.26385857342221813	0.0	2
1122	2557.3485765457153	0.2640431093144492	0.0001845358922310525	0
1123	2559.5545263290405	0.2640431093144492	0.0	1
1124	2561.748690843582	0.2640431093144492	0.0	2
1125	2563.9439277648926	0.26406730261867967	2.419330423047983e-05	0
1126	2566.105040073395	0.26406730261867967	0.0	1
1127	2568.300098180771	0.26406730261867967	0.0	2
1128	2570.4982590675354	0.2642276452066802	0.00016034258800051715	0
1129	2572.648647069931	0.2643458635126407	0.00011821830596053795	0
1130	2574.800789117813	0.2643458635126407	0.0	1
1131	2576.9929728507996	0.26460849827430105	0.00026263476166032973	0
1132	2579.162266731262	0.26460849827430105	0.0	1
1133	2581.351087331772	0.26470705107319153	9.85527988904833e-05	0
1134	2583.529998779297	0.26470705107319153	0.0	1
1135	2585.717958211899	0.2648994711893338	0.00019242011614228893	0
1136	2587.914654493332	0.2648994711893338	0.0	1
1137	2590.098799467087	0.26496587888102047	6.640769168664296e-05	0
1138	2592.2534885406494	0.26496587888102047	0.0	1
1139	2594.4666469097137	0.2650067416872347	4.086280621423688e-05	0
1140	2596.625769853592	0.2651621059509942	0.0001553642637595054	0
1141	2598.800934076309	0.2651621059509942	0.0	1
1142	2600.9949214458466	0.2653466418432252	0.00018453589223099698	0
1143	2603.168558359146	0.26554111185758444	0.00019447001435923816	0
1144	2605.3330216407776	0.26554111185758444	0.0	1
1145	2607.476001262665	0.2657157136276873	0.00017460177010286682	0
1146	2609.64045381546	0.2657157136276873	0.0	1
1147	2611.845942258835	0.2657157136276873	0.0	2
1148	2614.0044753551483	0.2657157136276873	0.0	3
1149	2616.203094482422	0.2657157136276873	0.0	4
1150	2618.363217830658	0.2660475493489343	0.0003318357212470091	0
1151	2620.5283241271973	0.2662320852411653	0.00018453589223099698	0
1152	2622.736387491226	0.2662320852411653	0.0	1
1153	2624.956873893738	0.2662320852411653	0.0	2
1154	2627.1558890342712	0.26640833143511256	0.00017624619394723817	0
1155	2629.3747594356537	0.26640833143511256	0.0	1
1156	2631.5398499965668	0.26640833143511256	0.0	2
1157	2633.716359615326	0.26640833143511256	0.0	3
1158	2635.906944990158	0.26640833143511256	0.0	4
1159	2638.0954201221466	0.26640833143511256	0.0	5
1160	2640.2503883838654	0.26641662113339637	8.289698283814317e-06	0
1161	2642.4338285923004	0.26641662113339637	0.0	1
1162	2644.629030942917	0.2664421660188688	2.5544885472406076e-05	0
1163	2646.8306906223297	0.2664421660188688	0.0	1
1164	2648.9787273406982	0.2664421660188688	0.0	2
1165	2651.1570653915405	0.26645385719661147	1.1691177742689796e-05	0
1166	2653.725148677826	0.2666011570256274	0.00014729982901595662	0
1167	2656.5483436584473	0.2667856929178585	0.0001845358922310525	0
1168	2659.392860889435	0.2667856929178585	0.0	1
1169	2662.259515285492	0.2667856929178585	0.0	2
1170	2664.4231157302856	0.2667856929178585	0.0	3
1171	2666.600620985031	0.2667856929178585	0.0	4
1172	2668.7593789100647	0.2667856929178585	0.0	5
1173	2670.939245700836	0.2669385792826744	0.00015288636481591844	0
1174	2673.1185250282288	0.2669385792826744	0.0	1
1175	2675.2759380340576	0.26696193911180566	2.335982913126422e-05	0
1176	2677.4852294921875	0.26698043324846604	1.849413666038524e-05	0
1177	2679.6465876102448	0.26698043324846604	0.0	1
1178	2681.809313058853	0.26698043324846604	0.0	2
1179	2683.9947612285614	0.2672837731318624	0.00030333988339636964	0
1180	2686.090566635132	0.2672837731318624	0.0	1
1181	2688.2483525276184	0.2672837731318624	0.0	2
1182	2690.417117834091	0.2672837731318624	0.0	3
1183	2692.6037936210632	0.26746830902409346	0.0001845358922310525	0
1184	2694.7589151859283	0.26746830902409346	0.0	1
1185	2696.946721792221	0.26746830902409346	0.0	2
1186	2699.134199142456	0.26752383648678263	5.552746268916442e-05	0
1187	2701.3178255558014	0.2676528449163245	0.00012900842954188807	0
1188	2703.501988887787	0.2676528449163245	0.0	1
1189	2705.6607551574707	0.26783738080855557	0.0001845358922310525	0
1190	2707.8021326065063	0.26783738080855557	0.0	1
1191	2709.95179438591	0.26783738080855557	0.0	2
1192	2712.124960422516	0.26783738080855557	0.0	3
1193	2714.3023841381073	0.26783738080855557	0.0	4
1194	2716.448783636093	0.26802191670078657	0.00018453589223099698	0
1195	2718.620488166809	0.26802191670078657	0.0	1
1196	2720.808676481247	0.26802191670078657	0.0	2
1197	2722.9330282211304	0.26802191670078657	0.0	3
1198	2725.074758529663	0.26802191670078657	0.0	4
1199	2727.2359702587128	0.26802191670078657	0.0	5
1200	2729.401468515396	0.2682064525930176	0.0001845358922310525	0
1201	2731.5797815322876	0.26829950896152427	9.305636850664989e-05	0
1202	2733.7633934020996	0.26829950896152427	0.0	1
1203	2735.926361322403	0.26839098848524867	9.14795237244026e-05	0
1204	2738.0459411144257	0.26839098848524867	0.0	1
1205	2740.208521127701	0.2684840448537553	9.305636850664989e-05	0
1206	2742.339348077774	0.2684840448537553	0.0	1
1207	2744.4721167087555	0.2686685807459863	0.00018453589223099698	0
1208	2746.631453037262	0.2686685807459863	0.0	1
1209	2748.7861104011536	0.2686685807459863	0.0	2
1210	2750.954381942749	0.2686685807459863	0.0	3
1211	2753.1148331165314	0.2686685807459863	0.0	4
1212	2755.261076450348	0.2686685807459863	0.0	5
1213	2757.4353873729706	0.26885311663821737	0.0001845358922310525	0
1214	2759.5933208465576	0.26885311663821737	0.0	1
1215	2761.75204205513	0.26885311663821737	0.0	2
1216	2763.906256914139	0.2690585795133443	0.00020546287512690498	0
1217	2766.0680742263794	0.2690585795133443	0.0	1
1218	2768.2181475162506	0.2690585795133443	0.0	2
1219	2770.401767015457	0.2690585795133443	0.0	3
1220	2772.527471780777	0.2690585795133443	0.0	4
1221	2774.6806631088257	0.2690585795133443	0.0	5
1222	2776.863174200058	0.2690585795133443	0.0	6
1223	2779.0111560821533	0.2690585795133443	0.0	7
1224	2781.1764442920685	0.26952744304616855	0.00046886353282427073	0
1225	2783.3471188545227	0.26952744304616855	0.0	1
1226	2785.8714570999146	0.26952744304616855	0.0	2
1227	2788.6259253025055	0.26952744304616855	0.0	3
1228	2791.315402984619	0.26952744304616855	0.0	4
1229	2794.110612630844	0.26973292844764946	0.00020548540148090932	0
1230	2796.22079372406	0.26973292844764946	0.0	1
1231	2798.3909227848053	0.26980237719713046	6.944874948100477e-05	0
1232	2800.5183069705963	0.26980237719713046	0.0	1
1233	2802.6992547512054	0.2699174643398805	0.00011508714275004772	0
1234	2804.8553400039673	0.2699174643398805	0.0	1
1235	2807.025672674179	0.2699174643398805	0.0	2
1236	2809.1734397411346	0.2699174643398805	0.0	3
1237	2811.33269071579	0.2699174643398805	0.0	4
1238	2813.4867191314697	0.2699174643398805	0.0	5
1239	2815.625499725342	0.27010200023211156	0.0001845358922310525	0
1240	2817.815276861191	0.27010200023211156	0.0	1
1241	2819.9409050941467	0.27010200023211156	0.0	2
1242	2822.086639881134	0.27010200023211156	0.0	3
1243	2824.2237980365753	0.27010200023211156	0.0	4
1244	2826.4384410381317	0.27010200023211156	0.0	5
1245	2828.5959038734436	0.27010200023211156	0.0	6
1246	2830.743753194809	0.27010200023211156	0.0	7
1247	2832.892557859421	0.27010200023211156	0.0	8
1248	2835.0416395664215	0.27010200023211156	0.0	9
1249	2837.1735405921936	0.27010200023211156	0.0	10
1250	2839.318686723709	0.2702865361243426	0.0001845358922310525	0
1251	2841.461405992508	0.2702865361243426	0.0	1
1252	2843.592010974884	0.2702865361243426	0.0	2
1253	2845.731735944748	0.2702865361243426	0.0	3
1254	2847.8841474056244	0.27031057174409484	2.4035619752227344e-05	0
1255	2850.0615088939667	0.2703583050882889	4.773334419405639e-05	0
1256	2852.210333585739	0.2703583050882889	0.0	1
1257	2854.3448872566223	0.2705459045646683	0.00018759947637941865	0
1258	2856.4854803085327	0.2705459045646683	0.0	1
1259	2858.649947166443	0.2705459045646683	0.0	2
1260	2860.8081579208374	0.2707558727106016	0.0002099681459332703	0
1261	2862.9592010974884	0.2707558727106016	0.0	1
1262	2865.093934059143	0.2707558727106016	0.0	2
1263	2867.225474357605	0.27083140357567126	7.553086506967288e-05	0
1264	2869.3744280338287	0.27083140357567126	0.0	1
1265	2871.521844625473	0.27083140357567126	0.0	2
1266	2873.697376728058	0.27083140357567126	0.0	3
1267	2875.835389614105	0.2710159394679023	0.0001845358922310525	0
1268	2877.99090218544	0.2710159394679023	0.0	1
1269	2880.1599876880646	0.2710159394679023	0.0	2
1270	2882.3132162094116	0.2710159394679023	0.0	3
1271	2884.4847152233124	0.2710159394679023	0.0	4
1272	2886.623859643936	0.2710159394679023	0.0	5
1273	2888.8618001937866	0.2710159394679023	0.0	6
1274	2890.9983196258545	0.2710159394679023	0.0	7
1275	2893.148282289505	0.2711754711071577	0.0001595316392553614	0
1276	2895.2739703655243	0.2711754711071577	0.0	1
1277	2897.400216817856	0.2712004753601333	2.5004252975635577e-05	0
1278	2899.536149740219	0.2712004753601333	0.0	1
1279	2901.6982975006104	0.2712004753601333	0.0	2
1280	2903.858243227005	0.2712004753601333	0.0	3
1281	2906.0231099128723	0.2713600069993887	0.0001595316392554169	0
1282	2908.169043302536	0.2713600069993887	0.0	1
1283	2910.301909685135	0.2713600069993887	0.0	2
1284	2912.442598581314	0.27138501125236436	2.5004252975635577e-05	0
1285	2914.6030707359314	0.27138501125236436	0.0	1
1286	2917.1473047733307	0.2714048794966207	1.9868244256315837e-05	0
1287	2919.9823672771454	0.2714048794966207	0.0	1
1288	2922.819997549057	0.2715445428916198	0.00013966339499910108	0
1289	2925.6846499443054	0.2715695471445954	2.5004252975635577e-05	0
1290	2927.852105617523	0.2715695471445954	0.0	1
1291	2929.995363712311	0.2715695471445954	0.0	2
1292	2932.1456611156464	0.2715695471445954	0.0	3
1293	2934.2816326618195	0.27158941538885173	1.9868244256315837e-05	0
1294	2936.4353761672974	0.27158941538885173	0.0	1
1295	2938.5863134860992	0.27158941538885173	0.0	2
1296	2940.7285826206207	0.27175408303682647	0.00016466764797473665	0
1297	2942.8624279499054	0.27175408303682647	0.0	1
1298	2944.979529619217	0.2717739512810828	1.9868244256315837e-05	0
1299	2947.13067650795	0.2717739512810828	0.0	1
1300	2949.269843816757	0.2717739512810828	0.0	2
1301	2951.3857572078705	0.2717739512810828	0.0	3
1302	2953.554087162018	0.27230769071351957	0.0005337394324367861	0
1303	2955.681544780731	0.27230769071351957	0.0	1
1304	2957.8226137161255	0.27230769071351957	0.0	2
1305	2959.98894906044	0.27230769071351957	0.0	3
1306	2962.1299319267273	0.27230769071351957	0.0	4
1307	2964.2802855968475	0.27230769071351957	0.0	5
1308	2966.4448578357697	0.27230769071351957	0.0	6
1309	2968.593719959259	0.2723275589577759	1.9868244256315837e-05	0
1310	2970.748395681381	0.2724922266057506	0.00016466764797473665	0
1311	2972.9162328243256	0.2724922266057506	0.0	1
1312	2975.0364429950714	0.2724922266057506	0.0	2
1313	2977.1661138534546	0.27251209485000694	1.9868244256315837e-05	0
1314	2979.314413547516	0.27269663074223793	0.00018453589223099698	0
1315	2981.477221250534	0.27269663074223793	0.0	1
1316	2983.642221212387	0.27269663074223793	0.0	2
1317	2985.7857913970947	0.27269663074223793	0.0	3
1318	2987.9035687446594	0.27269663074223793	0.0	4
1319	2990.099088191986	0.27286129839021267	0.00016466764797473665	0
1320	2992.2634098529816	0.27286129839021267	0.0	1
1321	2994.419492006302	0.27286129839021267	0.0	2
1322	2996.5758135318756	0.272881166634469	1.9868244256315837e-05	0
1323	2998.7135620117188	0.272881166634469	0.0	1
1324	3000.8618705272675	0.272881166634469	0.0	2
1325	3002.983631372452	0.2730458342824437	0.00016466764797473665	0
1326	3005.1206595897675	0.2730458342824437	0.0	1
1327	3007.292036294937	0.2730458342824437	0.0	2
1328	3009.405124902725	0.2730458342824437	0.0	3
1329	3011.5468847751617	0.27306570252670004	1.9868244256315837e-05	0
1330	3013.6659009456635	0.2732303701746748	0.00016466764797473665	0
1331	3015.790629863739	0.2732303701746748	0.0	1
1332	3017.912193775177	0.2732303701746748	0.0	2
1333	3020.0296812057495	0.2732303701746748	0.0	3
1334	3022.1835989952087	0.2732502384189311	1.9868244256315837e-05	0
1335	3024.326291322708	0.273371542835394	0.00012130441646290846	0
1336	3026.4429733753204	0.27341490606690577	4.336323151177268e-05	0
1337	3028.584328651428	0.2735763299198999	0.00016142385299411366	0
1338	3030.69974565506	0.2735763299198999	0.0	1
1339	3032.8309388160706	0.2735763299198999	0.0	2
1340	3034.9819746017456	0.273945401704362	0.000369071784462105	0
1341	3037.110029697418	0.273945401704362	0.0	1
1342	3039.221051931381	0.273945401704362	0.0	2
1343	3041.37154173851	0.273945401704362	0.0	3
1344	3043.497583389282	0.273945401704362	0.0	4
1345	3045.6294827461243	0.273945401704362	0.0	5
1346	3048.2032611370087	0.27410968640431815	0.00016428469995616313	0
1347	3051.0572516918182	0.27410968640431815	0.0	1
1348	3053.8728020191193	0.27410968640431815	0.0	2
1349	3056.8225467205048	0.27410968640431815	0.0	3
1350	3058.9188928604126	0.27410968640431815	0.0	4
1351	3061.0346236228943	0.2742942222965492	0.0001845358922310525	0
1352	3063.178303003311	0.2742942222965492	0.0	1
1353	3065.308039665222	0.2742942222965492	0.0	2
1354	3067.4431896209717	0.2744787581887802	0.00018453589223099698	0
1355	3069.5777316093445	0.2744787581887802	0.0	1
1356	3071.7284574508667	0.2744787581887802	0.0	2
1357	3073.8650166988373	0.2744787581887802	0.0	3
1358	3075.971588373184	0.27466329408101126	0.0001845358922310525	0
1359	3078.1165051460266	0.27466329408101126	0.0	1
1360	3080.237340927124	0.27466329408101126	0.0	2
1361	3082.3757383823395	0.27468354527328614	2.0251192274889362e-05	0
1362	3084.507152080536	0.27468354527328614	0.0	1
1363	3086.6700253486633	0.27468354527328614	0.0	2
1364	3088.8156020641327	0.27468354527328614	0.0	3
1365	3090.9325606822968	0.27468354527328614	0.0	4
1366	3093.072536468506	0.2748478299732423	0.00016428469995616313	0
1367	3095.2156546115875	0.2748478299732423	0.0	1
1368	3097.3266303539276	0.2748478299732423	0.0	2
1369	3099.44499540329	0.2748478299732423	0.0	3
1370	3101.528861761093	0.2748478299732423	0.0	4
1371	3103.643662214279	0.2748478299732423	0.0	5
1372	3105.754660129547	0.27486808116551714	2.025119227483385e-05	0
1373	3107.8829040527344	0.27486808116551714	0.0	1
1374	3110.0202424526215	0.27486808116551714	0.0	2
1375	3112.1229825019836	0.27486808116551714	0.0	3
1376	3114.23899269104	0.27486808116551714	0.0	4
1377	3116.3486757278442	0.27486808116551714	0.0	5
1378	3118.489338874817	0.27486808116551714	0.0	6
1379	3120.621438264847	0.27487851086743403	1.0429701916891965e-05	0
1380	3122.7254242897034	0.2750526170577482	0.00017410619031416052	0
1381	3124.8361880779266	0.2750526170577482	0.0	1
1382	3126.9377727508545	0.2750526170577482	0.0	2
1383	3129.074125289917	0.2750630467596651	1.0429701916891965e-05	0
1384	3131.2082092761993	0.2750630467596651	0.0	1
1385	3133.343367576599	0.27523715294997925	0.00017410619031416052	0
1386	3135.460452079773	0.27523715294997925	0.0	1
1387	3137.5965478420258	0.27523715294997925	0.0	2
1388	3139.6881341934204	0.27535897547258487	0.0001218225226056191	0
1389	3141.7927236557007	0.27535897547258487	0.0	1
1390	3143.8986916542053	0.27535897547258487	0.0	2
1391	3146.038709640503	0.2754216888422103	6.271336962543339e-05	0
1392	3148.137943983078	0.2754216888422103	0.0	1
1393	3150.251519680023	0.2754216888422103	0.0	2
1394	3152.385251045227	0.2754216888422103	0.0	3
1395	3154.5205266475677	0.2754216888422103	0.0	4
1396	3156.6502492427826	0.2754216888422103	0.0	5
1397	3158.741978406906	0.2755435113648159	0.0001218225226056191	0
1398	3160.846687078476	0.2755435113648159	0.0	1
1399	3162.9721200466156	0.2756062247344413	6.271336962537788e-05	0
1400	3165.1129982471466	0.2758779376167766	0.00027171288233529545	0
1401	3167.223827123642	0.2758779376167766	0.0	1
1402	3169.326673269272	0.2758779376167766	0.0	2
1403	3171.446652173996	0.2758779376167766	0.0	3
1404	3173.570205926895	0.2758779376167766	0.0	4
1405	3175.6801176071167	0.2758779376167766	0.0	5
1406	3178.217123031616	0.27606247350900764	0.0001845358922310525	0
1407	3181.019859313965	0.27606247350900764	0.0	1
1408	3183.858751296997	0.27615983241113445	9.735890212680953e-05	0
1409	3186.694931745529	0.27615983241113445	0.0	1
1410	3188.8055069446564	0.27615983241113445	0.0	2
1411	3190.9396369457245	0.27615983241113445	0.0	3
1412	3193.0573949813843	0.27615983241113445	0.0	4
1413	3195.206315279007	0.27615983241113445	0.0	5
1414	3197.333233833313	0.27615983241113445	0.0	6
1415	3199.4562492370605	0.27615983241113445	0.0	7
1416	3201.584398508072	0.27615983241113445	0.0	8
1417	3203.685442686081	0.27634436830336545	0.00018453589223099698	0
1418	3205.817429304123	0.27634436830336545	0.0	1
1419	3207.951418399811	0.27634436830336545	0.0	2
1420	3210.096135854721	0.27634436830336545	0.0	3
1421	3212.209728002548	0.2763565100081888	1.2141704823331878e-05	0
1422	3214.32617688179	0.2763565100081888	0.0	1
1423	3216.4585268497467	0.2764661908259711	0.00010968081778234273	0
1424	3218.567631006241	0.2764661908259711	0.0	1
1425	3220.662328720093	0.2764661908259711	0.0	2
1426	3222.773110628128	0.2765553501352302	8.915930925906812e-05	0
1427	3224.8997876644135	0.2765553501352302	0.0	1
1428	3227.036999464035	0.27672558179265083	0.00017023165742063862	0
1429	3229.164211988449	0.2768567302258258	0.00013114843317496572	0
1430	3231.269250869751	0.2768567302258258	0.0	1
1431	3233.3742139339447	0.2770526644531971	0.00019593422737129718	0
1432	3235.505580663681	0.27723720034542815	0.0001845358922310525	0
1433	3237.6235263347626	0.27742173623765914	0.00018453589223099698	0
1434	3239.729034423828	0.27742173623765914	0.0	1
1435	3241.84876871109	0.27742173623765914	0.0	2
1436	3243.954123020172	0.27742173623765914	0.0	3
1437	3246.0748183727264	0.27742173623765914	0.0	4
1438	3248.1669323444366	0.27745000681196946	2.827057431031843e-05	0
1439	3250.312164545059	0.27745000681196946	0.0	1
1440	3252.416644334793	0.27745000681196946	0.0	2
1441	3254.5311267375946	0.2776062721298902	0.00015626531792073406	0
1442	3256.6320462226868	0.2776345427042005	2.827057431031843e-05	0
1443	3258.7530705928802	0.2777459580512433	0.000111415347042787	0
1444	3260.881430387497	0.2777459580512433	0.0	1
1445	3262.98454785347	0.2777459580512433	0.0	2
1446	3265.109850168228	0.27793049394347435	0.0001845358922310525	0
1447	3267.2080914974213	0.2779753439143523	4.4849970877947065e-05	0
1448	3269.328278064728	0.2779753439143523	0.0	1
1449	3271.439973115921	0.27800361448866256	2.827057431026292e-05	0
1450	3273.5571908950806	0.27800361448866256	0.0	1
1451	3275.665476322174	0.27800361448866256	0.0	2
1452	3277.7572197914124	0.27800361448866256	0.0	3
1453	3279.841563940048	0.27800361448866256	0.0	4
1454	3281.9477050304413	0.27800361448866256	0.0	5
1455	3284.031102180481	0.2781150298357054	0.0001114153470428425	0
1456	3286.123600244522	0.2781150298357054	0.0	1
1457	3288.2342998981476	0.2781881503808936	7.312054518820998e-05	0
1458	3290.321378469467	0.2781881503808936	0.0	1
1459	3292.4493927955627	0.27837268627312467	0.0001845358922310525	0
1460	3294.5533380508423	0.27855722216535567	0.00018453589223099698	0
1461	3296.6750223636627	0.27855722216535567	0.0	1
1462	3298.733366250992	0.27855722216535567	0.0	2
1463	3300.8547818660736	0.27855722216535567	0.0	3
1464	3302.945331811905	0.27855722216535567	0.0	4
1465	3305.0054602622986	0.27855722216535567	0.0	5
1466	3307.4831058979034	0.27855722216535567	0.0	6
1467	3310.1892354488373	0.27855722216535567	0.0	7
1468	3312.9125130176544	0.2787866981338808	0.00022947596852512797	0
1469	3315.7149505615234	0.2787866981338808	0.0	1
1470	3317.761903524399	0.2787866981338808	0.0	2
1471	3319.8610677719116	0.2787866981338808	0.0	3
1472	3321.9753210544586	0.2787866981338808	0.0	4
1473	3324.0675621032715	0.27892629394981777	0.000139595815936977	0
1474	3326.15682721138	0.27892629394981777	0.0	1
1475	3328.2490496635437	0.2789534607327805	2.7166782962717573e-05	0
1476	3330.3389513492584	0.27900662292829626	5.316219551576573e-05	0
1477	3332.4219937324524	0.27900662292829626	0.0	1
1478	3334.5075130462646	0.2791108298420488	0.00010420691375256919	0
1479	3336.6063644886017	0.27926709515996956	0.00015626531792073406	0
1480	3338.668455839157	0.27926709515996956	0.0	1
1481	3340.7643909454346	0.27926709515996956	0.0	2
1482	3342.854978322983	0.27926709515996956	0.0	3
1483	3345.0041484832764	0.27926709515996956	0.0	4
1484	3347.0896558761597	0.27926709515996956	0.0	5
1485	3349.207437515259	0.27926709515996956	0.0	6
1486	3351.2505881786346	0.2799327489216184	0.0006656537616488434	0
1487	3353.3367154598236	0.2799327489216184	0.0	1
1488	3355.4428701400757	0.2799327489216184	0.0	2
1489	3357.520970106125	0.2799327489216184	0.0	3
1490	3359.611406326294	0.280171010168216	0.00023826124659759307	0
1491	3361.7204144001007	0.280171010168216	0.0	1
1492	3363.8304665088654	0.280171010168216	0.0	2
1493	3365.956936597824	0.280171010168216	0.0	3
1494	3368.0315465927124	0.28036854376672354	0.0001975335985075488	0
1495	3370.134595632553	0.28036854376672354	0.0	1
1496	3372.2467861175537	0.28036854376672354	0.0	2
1497	3374.313967227936	0.28036854376672354	0.0	3
1498	3376.413784980774	0.2804385556750554	7.001190833183513e-05	0
1499	3378.512449979782	0.2805530796589546	0.00011452398389921736	0
1500	3380.5722448825836	0.2805530796589546	0.0	1
1501	3382.6449041366577	0.2805530796589546	0.0	2
1502	3384.747693300247	0.28080762745951743	0.0002545478005628321	0
1503	3386.8509950637817	0.28090865815735144	0.00010103069783401475	0
1504	3388.929164171219	0.2810931940495825	0.0001845358922310525	0
1505	3390.9928274154663	0.2810931940495825	0.0	1
1506	3393.0661005973816	0.2810931940495825	0.0	2
1507	3395.134209871292	0.2810931940495825	0.0	3
1508	3397.1963744163513	0.2810931940495825	0.0	4
1509	3399.2865059375763	0.2810931940495825	0.0	5
1510	3401.3669781684875	0.2810931940495825	0.0	6
1511	3403.4679918289185	0.2810931940495825	0.0	7
1512	3405.5705761909485	0.2810931940495825	0.0	8
1513	3407.6526713371277	0.2810931940495825	0.0	9
1514	3409.753461122513	0.2810931940495825	0.0	10
1515	3411.8433401584625	0.2810931940495825	0.0	11
1516	3413.933438062668	0.2810931940495825	0.0	12
1517	3416.026732444763	0.2810931940495825	0.0	13
1518	3418.108516216278	0.2810931940495825	0.0	14
1519	3420.2250378131866	0.28127772994181355	0.0001845358922310525	0
1520	3422.28476023674	0.28127772994181355	0.0	1
1521	3424.3555686473846	0.28127772994181355	0.0	2
1522	3426.429924964905	0.28127772994181355	0.0	3
1523	3428.5127291679382	0.28127772994181355	0.0	4
1524	3430.5882782936096	0.28127772994181355	0.0	5
1525	3432.6591835021973	0.28127772994181355	0.0	6
1526	3435.2715084552765	0.28127772994181355	0.0	7
1527	3438.0564301013947	0.2813686913593952	9.096141758163645e-05	0
1528	3440.881982564926	0.2813715972590653	2.9058996701136763e-06	0
1529	3443.7200286388397	0.2813715972590653	0.0	1
1530	3445.763702392578	0.28146226583404454	9.066857497924685e-05	0
1531	3447.8475918769836	0.28146226583404454	0.0	1
1532	3449.8897111415863	0.28146226583404454	0.0	2
1533	3451.9689950942993	0.28164610340930063	0.00018383757525608502	0
1534	3454.056077480316	0.28164610340930063	0.0	1
1535	3456.1353294849396	0.28164610340930063	0.0	2
1536	3458.203901052475	0.28164610340930063	0.0	3
1537	3460.2727999687195	0.28164610340930063	0.0	4
1538	3462.36203956604	0.28164610340930063	0.0	5
1539	3464.440964460373	0.28164610340930063	0.0	6
1540	3466.499771595001	0.28164610340930063	0.0	7
1541	3468.596521615982	0.28164610340930063	0.0	8
1542	3470.6496317386627	0.28173776314385723	9.165973455660392e-05	0
1543	3472.699837207794	0.2818306393015316	9.287615767439306e-05	0
1544	3474.762859582901	0.2818306393015316	0.0	1
1545	3476.9055070877075	0.2818306393015316	0.0	2
1546	3478.995763063431	0.2818306393015316	0.0	3
1547	3481.0770967006683	0.2818306393015316	0.0	4
1548	3483.1675729751587	0.2818306393015316	0.0	5
1549	3485.236080646515	0.2818306393015316	0.0	6
1550	3487.282371520996	0.28210683492831934	0.0002761956267877119	0
1551	3489.361663341522	0.28210683492831934	0.0	1
1552	3491.4345190525055	0.28210683492831934	0.0	2
1553	3493.498497724533	0.28210683492831934	0.0	3
1554	3495.5600855350494	0.28210683492831934	0.0	4
1555	3497.6234459877014	0.28210683492831934	0.0	5
1556	3499.697254180908	0.28210683492831934	0.0	6
1557	3501.7773094177246	0.28210683492831934	0.0	7
1558	3503.83487200737	0.28210683492831934	0.0	8
1559	3505.903645515442	0.28210683492831934	0.0	9
1560	3507.9824690818787	0.28210683492831934	0.0	10
1561	3510.0457808971405	0.28210683492831934	0.0	11
1562	3512.112327814102	0.28210683492831934	0.0	12
1563	3514.195720911026	0.28210683492831934	0.0	13
1564	3516.2494490146637	0.28210683492831934	0.0	14
1565	3518.3283352851868	0.2822913708205504	0.0001845358922310525	0
1566	3520.3936438560486	0.2822913708205504	0.0	1
1567	3522.460734128952	0.2822913708205504	0.0	2
1568	3524.5244646072388	0.2822913708205504	0.0	3
1569	3526.604744911194	0.2822913708205504	0.0	4
1570	3528.6851868629456	0.2822913708205504	0.0	5
1571	3530.7696838378906	0.28247590671278144	0.0001845358922310525	0
1572	3532.8432142734528	0.28247590671278144	0.0	1
1573	3534.9201345443726	0.28247590671278144	0.0	2
1574	3537.0092210769653	0.28247590671278144	0.0	3
1575	3539.051986694336	0.28247590671278144	0.0	4
1576	3541.143547296524	0.283165235672518	0.0006893289597365571	0
1577	3543.1985907554626	0.283165235672518	0.0	1
1578	3545.261564016342	0.283165235672518	0.0	2
1579	3547.3602249622345	0.283165235672518	0.0	3
1580	3549.4157643318176	0.28334977156474905	0.0001845358922310525	0
1581	3551.500148296356	0.28353430745698005	0.00018453589223099698	0
1582	3553.5723898410797	0.28353430745698005	0.0	1
1583	3555.6489906311035	0.2840879151336732	0.0005536076766931575	0
1584	3557.705369234085	0.2840879151336732	0.0	1
1585	3559.7748658657074	0.2840879151336732	0.0	2
1586	3562.177983522415	0.28418083634405567	9.292121038245726e-05	0
1587	3564.884834051132	0.28418083634405567	0.0	1
1588	3567.5769617557526	0.28418083634405567	0.0	2
1589	3570.275530576706	0.28418083634405567	0.0	3
1590	3572.3012709617615	0.28436537223628666	0.00018453589223099698	0
1591	3574.364505290985	0.28436537223628666	0.0	1
1592	3576.4341027736664	0.28436537223628666	0.0	2
1593	3578.5075199604034	0.28436537223628666	0.0	3
1594	3580.562578201294	0.28445698691813526	9.161468184859523e-05	0
1595	3582.6501467227936	0.28445698691813526	0.0	1
1596	3584.702740907669	0.28445698691813526	0.0	2
1597	3586.750040769577	0.28445698691813526	0.0	3
1598	3588.8268287181854	0.28445698691813526	0.0	4
1599	3590.876268863678	0.2845499081285177	9.292121038245726e-05	0
1600	3592.950227022171	0.2845499081285177	0.0	1
1601	3595.018718481064	0.2845499081285177	0.0	2
1602	3597.0688247680664	0.2845499081285177	0.0	3
1603	3599.149046421051	0.28473444402074877	0.0001845358922310525	0
1604	3601.196626186371	0.28473444402074877	0.0	1
