1	3.0174965858459473	0.025591391130311173	10000000000.02559	0
2	5.133746862411499	0.02632284155629354	0.0007314504259823655	0
3	7.293586492538452	0.038329036281126015	0.012006194724832477	0
4	9.447914361953735	0.038329036281126015	0.0	1
5	11.634052515029907	0.05492130666008777	0.016592270378961757	0
6	13.814935207366943	0.05529037844454985	0.0003690717844620772	0
7	16.0069363117218	0.06522720936678239	0.009936830922232541	0
8	18.19390082359314	0.06902966919057944	0.0038024598237970525	0
9	20.40485906600952	0.06931600167668159	0.0002863324861021449	0
10	22.625754356384277	0.06931600167668159	0.0	1
11	24.87140965461731	0.07205069542459114	0.00273469374790955	0
12	27.108174085617065	0.07392622276653903	0.0018755273419478885	0
13	29.302720308303833	0.07595196710035004	0.0020257443338110165	0
14	31.54855751991272	0.0770822832297962	0.0011303161294461544	0
15	33.795703411102295	0.0770822832297962	0.0	1
16	36.01365518569946	0.07820032812788337	0.0011180448980871727	0
17	38.22698712348938	0.08171858420603433	0.0035182560781509553	0
18	40.43810319900513	0.08171858420603433	0.0	1
19	42.62061595916748	0.08171858420603433	0.0	2
20	44.82814884185791	0.08340947428715803	0.0016908900811237054	0
21	47.08626961708069	0.08684634264819097	0.0034368683610329354	0
22	49.3044753074646	0.08684634264819097	0.0	1
23	51.516557693481445	0.09407591129013655	0.007229568641945586	0
24	53.730785608291626	0.09407591129013655	0.0	1
25	55.95440077781677	0.09407591129013655	0.0	2
26	58.162906885147095	0.0943497585445164	0.00027384725437984425	0
27	60.37820816040039	0.09845769262375438	0.004107934079237985	0
28	62.57704305648804	0.09845769262375438	0.0	1
29	64.81340909004211	0.09845769262375438	0.0	2
30	67.03499698638916	0.10255156462648782	0.004093872002733437	0
31	69.24591302871704	0.10255156462648782	0.0	1
32	71.49539756774902	0.10792086753134227	0.005369302904854448	0
33	73.73946571350098	0.10792086753134227	0.0	1
34	75.971750497818	0.10792086753134227	0.0	2
35	78.16453862190247	0.11046127710731339	0.0025404095759711254	0
36	80.42540264129639	0.11046127710731339	0.0	1
37	82.63644480705261	0.11102895249209956	0.0005676753847861649	0
38	84.88705730438232	0.11788529886885264	0.006856346376753086	0
39	87.09609317779541	0.11788529886885264	0.0	1
40	89.31783437728882	0.11812126242733899	0.0002359635584863462	0
41	91.54386067390442	0.11812126242733899	0.0	1
42	93.7757089138031	0.12028426546785616	0.0021630030405171696	0
43	95.9399950504303	0.12060277685069316	0.00031851138283700564	0
44	98.18093800544739	0.12060277685069316	0.0	1
45	100.30566096305847	0.1213992073606754	0.0007964305099822377	0
46	102.56786346435547	0.1213992073606754	0.0	1
47	104.73808026313782	0.12253148328292236	0.0011322759222469614	0
48	106.96096801757812	0.12461440513485537	0.0020829218519330117	0
49	109.16829347610474	0.12498347691931745	0.0003690717844620772	0
50	111.46017742156982	0.12498347691931745	0.0	1
51	113.94835996627808	0.12574017094078704	0.0007566940214695922	0
52	116.81774234771729	0.1264457076122497	0.0007055366714626699	0
53	119.66346597671509	0.1264457076122497	0.0	1
54	122.53648614883423	0.1264457076122497	0.0	2
55	125.4440290927887	0.12758384038654502	0.0011381327742953085	0
56	127.68615674972534	0.12759459672059537	1.0756334050343597e-05	0
57	129.93079495429993	0.12857790586362797	0.0009833091430326013	0
58	132.15288257598877	0.12857790586362797	0.0	1
59	134.3894567489624	0.1299778737140155	0.0013999678503875401	0
60	136.65366196632385	0.1299778737140155	0.0	1
61	138.8890402317047	0.1299778737140155	0.0	2
62	141.13061237335205	0.1299778737140155	0.0	3
63	143.35671162605286	0.132633606959454	0.0026557332454384963	0
64	145.57283329963684	0.13273310586521384	9.949890575983167e-05	0
65	147.80217266082764	0.13273310586521384	0.0	1
66	149.99687027931213	0.1334162626039456	0.0006831567387317605	0
67	152.23448157310486	0.13586679202732863	0.00245052942338303	0
68	154.49106884002686	0.13586679202732863	0.0	1
69	156.72866368293762	0.13586679202732863	0.0	2
70	159.00887298583984	0.13723618035211754	0.0013693883247889171	0
71	161.23421096801758	0.13738809808371008	0.00015191773159253796	0
72	163.51569747924805	0.13955897408496148	0.002170876001251404	0
73	165.75926399230957	0.13955897408496148	0.0	1
74	168.05370688438416	0.13982516801055891	0.00026619392559742994	0
75	170.3570840358734	0.14045709982022167	0.0006319318096627558	0
76	172.68664717674255	0.1414692426964154	0.0010121428761937223	0
77	174.9750270843506	0.14243239075258926	0.0009631480561738681	0
78	177.28594708442688	0.14243239075258926	0.0	1
79	179.59601759910583	0.14263019466734522	0.00019780391475596182	0
80	181.9779577255249	0.14263019466734522	0.0	1
81	184.34198331832886	0.1437624030105301	0.001132208343184865	0
82	186.69114661216736	0.1437624030105301	0.0	1
83	188.98202252388	0.1437624030105301	0.0	2
84	191.33954334259033	0.1437624030105301	0.0	3
85	193.6073818206787	0.1449188497106535	0.0011564467001234091	0
86	195.98083305358887	0.1449188497106535	0.0	1
87	198.31368279457092	0.14537010889780172	0.000451259187148223	0
88	200.67394852638245	0.14585902088571462	0.0004889119879128989	0
89	203.05172538757324	0.1460932499149405	0.00023422902922587419	0
90	205.3999195098877	0.14617946953499839	8.621962005789241e-05	0
91	207.6424379348755	0.14656571766440996	0.0003862481294115705	0
92	210.02352738380432	0.1466070647872359	4.1347122825940996e-05	0
93	212.319682598114	0.1471718117459979	0.0005647469587619913	0
94	214.68671584129333	0.1476319688429888	0.0004601570969909041	0
95	216.98121523857117	0.1476319688429888	0.0	1
96	219.33807110786438	0.14791997954246633	0.00028801069947753666	0
97	221.6510910987854	0.14806909274298186	0.00014911320051552712	0
98	224.02556681632996	0.14833786593611598	0.00026877319313411974	0
99	226.37204146385193	0.14856591148116005	0.00022804554504407548	0
100	228.7224578857422	0.14908808363080134	0.0005221721496412868	0
101	231.0895607471466	0.1494151212386395	0.00032703760783817093	0
102	233.45667552947998	0.1497101826869291	0.00029506144828958525	0
103	235.75837993621826	0.15007925447139117	0.0003690717844620772	0
104	238.1231894493103	0.15010473177780148	2.5477306410309764e-05	0
105	240.5072145462036	0.15114981944676717	0.0010450876689656885	0
106	242.8915023803711	0.15232043522357677	0.0011706157768096026	0
107	245.1550805568695	0.15232043522357677	0.0	1
108	247.4991660118103	0.15232043522357677	0.0	2
109	249.85099458694458	0.15232043522357677	0.0	3
110	252.27445316314697	0.15279833182436797	0.0004778966007912	0
111	254.58493304252625	0.15279833182436797	0.0	1
112	257.31249713897705	0.15279833182436797	0.0	2
113	260.29764437675476	0.15289150082464475	9.316900027678265e-05	0
114	263.31356739997864	0.15339834379036724	0.0005068429657224816	0
115	266.36315298080444	0.15373859310484522	0.0003402493144779861	0
116	268.7004461288452	0.15406867177047773	0.000330078665632505	0
117	271.0049078464508	0.15406867177047773	0.0	1
118	273.35259795188904	0.15406867177047773	0.0	2
119	275.7143726348877	0.15410923047091252	4.0558700434789596e-05	0
120	278.0316390991211	0.15702713668775373	0.0029179062168412095	0
121	280.31968903541565	0.15702713668775373	0.0	1
122	282.68093156814575	0.15702713668775373	0.0	2
123	284.9927406311035	0.15814620090336087	0.0011190642156071462	0
124	287.34706830978394	0.15814620090336087	0.0	1
125	289.6867821216583	0.1581935738258904	4.737292252951497e-05	0
126	292.06547570228577	0.15887417382343952	0.0006805999975491306	0
127	294.36230874061584	0.15887417382343952	0.0	1
128	296.7423493862152	0.15887417382343952	0.0	2
129	299.05171275138855	0.16012568173757843	0.0012515079141389163	0
130	301.41117548942566	0.16012568173757843	0.0	1
131	303.67058277130127	0.16012568173757843	0.0	2
132	306.0358591079712	0.16012568173757843	0.0	3
133	308.31560134887695	0.16012568173757843	0.0	4
134	310.6827082633972	0.16012568173757843	0.0	5
135	312.95381331443787	0.1604194028678031	0.0002937211302246612	0
136	315.32553339004517	0.16078847465226517	0.0003690717844620772	0
137	317.6245713233948	0.16078847465226517	0.0	1
138	320.0001378059387	0.1612770487448676	0.0004885740926024174	0
139	322.2810604572296	0.1612770487448676	0.0	1
140	324.65115213394165	0.1612770487448676	0.0	2
141	327.00295305252075	0.1613773022834875	0.00010025353861992103	0
142	329.367702960968	0.16236841680819225	0.0009911145247047393	0
143	331.7457482814789	0.16236841680819225	0.0	1
144	334.07355976104736	0.16262780777487199	0.0002593909666797345	0
145	336.3753092288971	0.16262780777487199	0.0	1
146	338.7551271915436	0.16328824668556238	0.0006604389106903974	0
147	341.0429096221924	0.16328824668556238	0.0	1
148	343.39655900001526	0.16328824668556238	0.0	2
149	345.78268098831177	0.163415655743968	0.00012740905840560868	0
150	348.1522386074066	0.16361487881902795	0.00019922307505995662	0
151	350.4756398200989	0.16379460533467313	0.00017972651564518438	0
152	352.85562014579773	0.16395638960933176	0.00016178427465862733	0
153	355.14064598083496	0.16428795501433036	0.0003315654049985961	0
154	357.52321195602417	0.16428795501433036	0.0	1
155	359.8607816696167	0.16539610521140893	0.0011081501970785779	0
156	362.2181761264801	0.16539610521140893	0.0	1
157	364.5027844905853	0.16575230318454165	0.00035619797313271584	0
158	366.9208233356476	0.16575230318454165	0.0	1
159	369.1865954399109	0.1661994963647871	0.0004471931802454421	0
160	371.5645477771759	0.1661994963647871	0.0	1
161	373.85055804252625	0.16638283836025444	0.00018334199546735097	0
162	376.24897742271423	0.16680590581533147	0.0004230674550770308	0
163	378.6046164035797	0.16755776793386118	0.0007518621185297059	0
164	380.9726400375366	0.16755776793386118	0.0	1
165	383.3115417957306	0.16755776793386118	0.0	2
166	385.70546865463257	0.16789378229378113	0.00033601435991995054	0
167	388.07621693611145	0.16789378229378113	0.0	1
168	390.42802715301514	0.16819435143563158	0.0003005691418504486	0
169	392.78886890411377	0.16819435143563158	0.0	1
170	395.17747712135315	0.16887545827614642	0.000681106840514839	0
171	397.486389875412	0.16913778893202736	0.00026233065588093796	0
172	400.1748743057251	0.16913778893202736	0.0	1
173	403.06270456314087	0.16913778893202736	0.0	2
174	405.8812458515167	0.16913778893202736	0.0	3
175	408.7998046875	0.16925690829214915	0.00011911936012179436	0
176	411.14540672302246	0.1693564973033251	9.958901117596008e-05	0
177	413.4287211894989	0.17006523271706034	0.0007087354137352286	0
178	415.8199088573456	0.17006523271706034	0.0	1
179	418.0775923728943	0.17006523271706034	0.0	2
180	420.4502537250519	0.17088653232189402	0.0008212996048336807	0
181	422.74775862693787	0.17088653232189402	0.0	1
182	425.1469280719757	0.1711201981922691	0.00023366587037507158	0
183	427.51352620124817	0.1716618781645022	0.0005416799722331167	0
184	429.860374212265	0.17184009541442724	0.0001782172499250334	0
185	432.1857783794403	0.17264185340713809	0.0008017579927108442	0
186	434.55571484565735	0.17264185340713809	0.0	1
187	436.8449158668518	0.17264185340713809	0.0	2
188	439.24867153167725	0.17264185340713809	0.0	3
189	441.61463260650635	0.17264185340713809	0.0	4
190	444.02025532722473	0.17287559811975226	0.00023374471261417007	0
191	446.35955715179443	0.1730777496208364	0.00020215150108415791	0
192	448.754775762558	0.17386848096324853	0.0007907313424121154	0
193	451.059250831604	0.17386848096324853	0.0	1
194	453.4470615386963	0.17386848096324853	0.0	2
195	455.74832463264465	0.17386848096324853	0.0	3
196	458.0948703289032	0.17386848096324853	0.0	4
197	460.41492652893066	0.17408563501611807	0.00021715405286953926	0
198	462.81236577033997	0.1741156851723969	3.00501562788269e-05	0
199	465.1509864330292	0.17527829283034807	0.0011626076579511757	0
200	467.4977729320526	0.17527829283034807	0.0	1
201	469.8116970062256	0.17527829283034807	0.0	2
202	472.16149139404297	0.17527829283034807	0.0	3
203	474.458389043808	0.1758583351834979	0.0005800423531498178	0
204	476.8169367313385	0.1758583351834979	0.0	1
205	479.1410138607025	0.17607082628108275	0.00021249109758486595	0
206	481.5612621307373	0.17607082628108275	0.0	1
207	483.9193878173828	0.17607082628108275	0.0	2
208	486.2566149234772	0.17620097229150328	0.0001301460104205232	0
209	488.57863759994507	0.17679649024987312	0.0005955179583698456	0
210	490.99614119529724	0.17679649024987312	0.0	1
211	493.31450366973877	0.1771454910528926	0.00034900080301947245	0
212	495.6674358844757	0.1771454910528926	0.0	1
213	498.02250719070435	0.17835183362719714	0.0012063425743045475	0
214	500.4231994152069	0.17835183362719714	0.0	1
215	502.776652097702	0.17835183362719714	0.0	2
216	505.17708921432495	0.17835970658793135	7.872960734206513e-06	0
217	507.5184094905853	0.17835970658793135	0.0	1
218	509.9660358428955	0.17835970658793135	0.0	2
219	512.2621433734894	0.17835970658793135	0.0	3
220	514.6336989402771	0.17869798484643154	0.0003382782585001909	0
221	516.9806456565857	0.17869798484643154	0.0	1
222	519.3777146339417	0.17895430096578588	0.0002563161193543384	0
223	521.7146604061127	0.17895430096578588	0.0	1
224	524.0782377719879	0.17900999737613027	5.569641034439132e-05	0
225	526.3620858192444	0.17985288849130374	0.0008428911151734664	0
226	528.6984872817993	0.17985288849130374	0.0	1
227	530.9985883235931	0.17993267683728548	7.978834598174056e-05	0
228	533.3881340026855	0.18089206299233598	0.0009593861550505067	0
229	535.7201697826385	0.18177803575959586	0.0008859727672598794	0
230	538.1249928474426	0.18177803575959586	0.0	1
231	540.5363712310791	0.18214710754405794	0.0003690717844620772	0
232	543.27028465271	0.18214710754405794	0.0	1
233	546.1383826732635	0.18214710754405794	0.0	2
234	549.1121814250946	0.18214710754405794	0.0	3
235	552.1185300350189	0.18214710754405794	0.0	4
236	554.4515142440796	0.1825799401736079	0.0004328326295499618	0
237	556.8134541511536	0.1825799401736079	0.0	1
238	559.1846351623535	0.1825799401736079	0.0	2
239	561.5279252529144	0.18288529616569016	0.00030535599208225683	0
240	563.8980803489685	0.18288529616569016	0.0	1
241	566.2102675437927	0.18325922237944617	0.00037392621375600954	0
242	568.5539271831512	0.18325922237944617	0.0	1
243	570.8513600826263	0.18325922237944617	0.0	2
244	573.2231934070587	0.1833521886425367	9.296626309052147e-05	0
245	575.6536545753479	0.18350594227198283	0.00015375362944614057	0
246	578.0077393054962	0.18360281685749794	9.687458551510542e-05	0
247	580.370824098587	0.18405948236961386	0.000456665512115928	0
248	582.7543666362762	0.18461309004630697	0.000553607676693102	0
249	585.084775686264	0.18461309004630697	0.0	1
250	587.4749293327332	0.18498216183076904	0.0003690717844620772	0
251	589.7624056339264	0.18501911631455872	3.695448378968069e-05	0
252	592.1431348323822	0.18501911631455872	0.0	1
253	594.4364383220673	0.18501911631455872	0.0	2
254	596.7900981903076	0.18517542668518752	0.00015631037062879827	0
255	599.08385014534	0.18517542668518752	0.0	1
256	601.4798192977905	0.1855444984696496	0.0003690717844620772	0
257	603.7664952278137	0.18591935952709795	0.00037486105744835574	0
258	606.1381797790527	0.18591935952709795	0.0	1
259	608.4777715206146	0.18591935952709795	0.0	2
260	610.8578059673309	0.18591935952709795	0.0	3
261	613.1759054660797	0.18624221849626316	0.00032285896916520174	0
262	615.5246045589447	0.18661760892303123	0.00037539042676806855	0
263	617.8334052562714	0.18724669114890893	0.0006290822258777085	0
264	620.3138699531555	0.18724669114890893	0.0	1
265	622.6409616470337	0.18724669114890893	0.0	2
266	624.9932477474213	0.18724669114890893	0.0	3
267	627.3044209480286	0.18735066153594412	0.00010397038703519046	0
268	629.6663455963135	0.18796992227146384	0.0006192607355197111	0
269	632.0022041797638	0.18796992227146384	0.0	1
270	634.3681764602661	0.18815445816369486	0.00018453589223102473	0
271	636.686861038208	0.18815445816369486	0.0	1
272	639.0841143131256	0.18823005660782663	7.55984441317692e-05	0
273	641.4064385890961	0.1883389940559259	0.0001089374480992833	0
274	643.7659685611725	0.1886311158150143	0.0002921217590883818	0
275	646.1065819263458	0.18930933928221305	0.0006782234671987575	0
276	648.4706876277924	0.18930933928221305	0.0	1
277	650.7609741687775	0.18944620940931214	0.0001368701270990924	0
278	653.1567616462708	0.18944620940931214	0.0	1
279	655.4714140892029	0.18973089747156993	0.0002846880622577874	0
280	657.8061897754669	0.18973089747156993	0.0	1
281	660.1347661018372	0.18973089747156993	0.0	2
282	662.4886960983276	0.18973089747156993	0.0	3
283	664.8381533622742	0.18973089747156993	0.0	4
284	667.2421274185181	0.19041655463559928	0.0006856571640293518	0
285	669.635137796402	0.19057550058964984	0.00015894595405055445	0
286	671.9538571834564	0.19071016313405378	0.0001346625444039462	0
287	674.3028018474579	0.19106152920424663	0.0003513660701928434	0
288	676.6618032455444	0.19106152920424663	0.0	1
289	678.996232509613	0.19106152920424663	0.0	2
290	681.3378307819366	0.1912828506326121	0.00022132142836547852	0
291	683.670271396637	0.1917707714609476	0.00048792082833548633	0
292	686.3563237190247	0.1917707714609476	0.0	1
293	689.2763960361481	0.1920406597086063	0.000269888247658695	0
294	692.2099859714508	0.1920465616133627	5.90190475641128e-06	0
295	695.1425890922546	0.1920465616133627	0.0	1
296	697.5257759094238	0.19228153401227163	0.00023497239890893362	0
297	699.8875501155853	0.19228153401227163	0.0	1
298	702.2327823638916	0.19244638187107863	0.00016484785880699349	0
299	704.5906722545624	0.1928154536555407	0.0003690717844620772	0
300	706.9750216007233	0.1928154536555407	0.0	1
301	709.3176376819611	0.1928154536555407	0.0	2
302	711.7033936977386	0.19338672199379497	0.0005712683382542716	0
303	714.0769681930542	0.19338672199379497	0.0	1
304	716.4332895278931	0.19376104241874653	0.0003743204249515575	0
305	718.7405078411102	0.19376104241874653	0.0	1
306	721.0886063575745	0.19376104241874653	0.0	2
307	723.4243814945221	0.19376104241874653	0.0	3
308	725.8185873031616	0.1939861482745894	0.00022510585584287202	0
309	728.1138699054718	0.19399164470497324	5.496430383833406e-06	0
310	730.5298509597778	0.19436076154214338	0.00036911683717014143	0
311	732.8906960487366	0.19436076154214338	0.0	1
312	735.289468050003	0.19436076154214338	0.0	2
313	737.700572013855	0.19454529743437443	0.0001845358922310525	0
314	740.1057877540588	0.19459016993160638	4.4872497231951414e-05	0
315	742.4188139438629	0.19459016993160638	0.0	1
316	744.7925732135773	0.19481338357371056	0.00022321364210417527	0
317	747.0991806983948	0.19493304356632912	0.00011965999261856486	0
318	749.4845244884491	0.19493304356632912	0.0	1
319	751.816189289093	0.19493304356632912	0.0	2
320	754.1971726417542	0.1952776292039583	0.00034458563762918004	0
321	756.5255665779114	0.19539336961097528	0.00011574040701697874	0
322	758.9439268112183	0.19540893532161147	1.556571063618395e-05	0
323	761.3371119499207	0.19540893532161147	0.0	1
324	763.7499704360962	0.19546795436917558	5.90190475641128e-05	0
325	766.0429444313049	0.19565249026140663	0.0001845358922310525	0
326	768.404492855072	0.19565249026140663	0.0	1
327	770.7019288539886	0.19566301006873962	1.0519807332992626e-05	0
328	773.1285855770111	0.19573036386729561	6.735379855599133e-05	0
329	775.4408881664276	0.196004216753264	0.0002738528859683731	0
330	777.8423941135406	0.1964701518600641	0.00046593510680012495	0
331	780.1648843288422	0.1964701518600641	0.0	1
332	782.5078270435333	0.1964701518600641	0.0	2
333	784.8354308605194	0.1964701518600641	0.0	3
334	787.2339038848877	0.19695138236125206	0.0004812305011879514	0
335	789.5365226268768	0.19695138236125206	0.0	1
336	791.901132106781	0.19695138236125206	0.0	2
337	794.2178614139557	0.1977762974459079	0.0008249150846558473	0
338	796.5799560546875	0.1977762974459079	0.0	1
339	798.9051976203918	0.1977762974459079	0.0	2
340	801.3241741657257	0.1977762974459079	0.0	3
341	803.6512801647186	0.1977762974459079	0.0	4
342	806.0106272697449	0.19805145686041012	0.0002751594145022074	0
343	808.32377409935	0.1981726035923948	0.00012114673198468373	0
344	810.7161102294922	0.1982144800845405	4.187649214570932e-05	0
345	813.0421352386475	0.19854613559495524	0.0003316555104147245	0
346	815.4519944190979	0.19889642040015454	0.0003502848051993024	0
347	817.7668678760529	0.19889642040015454	0.0	1
348	820.1940593719482	0.19889642040015454	0.0	2
349	822.5492398738861	0.19889642040015454	0.0	3
350	824.926342010498	0.19914328671399242	0.0002468663138378846	0
351	827.2447354793549	0.19948375002883373	0.000340463314841305	0
352	830.0019421577454	0.19948375002883373	0.0	1
353	832.9491753578186	0.1998380895777588	0.0003543395489250811	0
354	835.9511086940765	0.1998380895777588	0.0	1
355	838.9287524223328	0.20014336672760197	0.00030527714984315835	0
356	841.3189234733582	0.20014336672760197	0.0	1
357	843.7167534828186	0.20014336672760197	0.0	2
358	846.0705258846283	0.200775501274451	0.0006321345468490447	0
359	848.4555878639221	0.200775501274451	0.0	1
360	850.8208487033844	0.200775501274451	0.0	2
361	853.1520357131958	0.2011732040548879	0.00039770278043688156	0
362	855.5538737773895	0.20119478430205065	2.158024716275575e-05	0
363	857.8825349807739	0.20156387861286676	0.00036909431081610933	0
364	860.2381472587585	0.20156387861286676	0.0	1
365	862.5102055072784	0.2021087911169035	0.0005449125040367375	0
366	864.8668546676636	0.2021087911169035	0.0	1
367	867.1828441619873	0.2021087911169035	0.0	2
368	869.587568283081	0.2021087911169035	0.0	3
369	871.973653793335	0.2023614917564357	0.00025270063953219957	0
370	874.3308227062225	0.2024731098406648	0.00011161808422910369	0
371	876.6187071800232	0.20281924979672217	0.00034613995605736747	0
372	878.9882316589355	0.20281924979672217	0.0	1
373	881.3625626564026	0.20321733552517762	0.0003980857284554551	0
374	883.7670636177063	0.2037612343432829	0.0005438988181052651	0
375	886.0888319015503	0.2037612343432829	0.0	1
376	888.4600858688354	0.20395547909410178	0.00019424475081888937	0
377	890.8273153305054	0.20395547909410178	0.0	1
378	893.2301244735718	0.20413030612774496	0.00017482703364318786	0
379	895.5106055736542	0.20449937791220704	0.0003690717844620772	0
380	897.8931109905243	0.20449937791220704	0.0	1
381	900.2083282470703	0.20469362266302593	0.00019424475081888937	0
382	902.5826976299286	0.20505298558890017	0.00035936292587424035	0
383	904.8808584213257	0.20505298558890017	0.0	1
384	907.2346103191376	0.2052375214811312	0.00018453589223102473	0
385	909.6086342334747	0.20542205737336225	0.0001845358922310525	0
386	912.0014984607697	0.20542205737336225	0.0	1
387	914.3073563575745	0.20560999474505212	0.00018793737168987246	0
388	916.6842405796051	0.20560999474505212	0.0	1
389	918.9944157600403	0.20579112915782433	0.00018113441277220477	0
390	921.354573726654	0.2061602009422864	0.0003690717844620772	0
391	923.687567949295	0.20616360242174525	3.4014794588477226e-06	0
392	926.0585992336273	0.2067234949512133	0.000559892529468059	0
393	928.4095168113708	0.2067234949512133	0.0	1
394	930.7826225757599	0.2067234949512133	0.0	2
395	933.0526525974274	0.2074616385201375	0.0007381435689241822	0
396	935.4078652858734	0.2074616385201375	0.0	1
397	937.7933542728424	0.2074616385201375	0.0	2
398	940.1696846485138	0.2074616385201375	0.0	3
399	942.5099482536316	0.2074616385201375	0.0	4
400	944.8997800350189	0.2074616385201375	0.0	5
401	947.1979894638062	0.2074616385201375	0.0	6
402	949.5851535797119	0.2074616385201375	0.0	7
403	951.9702236652374	0.20764617441236852	0.00018453589223102473	0
404	954.34965467453	0.20764617441236852	0.0	1
405	956.6586935520172	0.2083503031867042	0.0007041287743356772	0
406	959.0396294593811	0.2083503031867042	0.0	1
407	961.3777232170105	0.2083503031867042	0.0	2
408	963.7740797996521	0.2083503031867042	0.0	3
409	966.0744252204895	0.2083503031867042	0.0	4
410	968.5014350414276	0.2083503031867042	0.0	5
411	970.8239583969116	0.2083503031867042	0.0	6
412	973.5965008735657	0.20855202668706171	0.00020172350035752018	0
413	976.4622313976288	0.20878636834805775	0.0002343416609960347	0
414	979.4298012256622	0.20878636834805775	0.0	1
415	982.3677489757538	0.20878636834805775	0.0	2
416	984.7287449836731	0.2092901702559859	0.0005038019079281475	0
417	987.058355808258	0.2092901702559859	0.0	1
418	989.4511547088623	0.2099303467112244	0.0006401764552385059	0
419	991.7856900691986	0.2099303467112244	0.0	1
420	994.1422245502472	0.2099303467112244	0.0	2
421	996.4825410842896	0.21011488260345543	0.00018453589223102473	0
422	998.8590669631958	0.21011488260345543	0.0	1
423	1001.1690781116486	0.21011488260345543	0.0	2
424	1003.5501549243927	0.21026756623108508	0.00015268362762965726	0
425	1005.9374876022339	0.21026756623108508	0.0	1
426	1008.3345549106598	0.21039738560937213	0.00012981937828704382	0
427	1010.6363861560822	0.21084327226108368	0.0004458866517115523	0
428	1013.066020488739	0.21084327226108368	0.0	1
429	1015.3252363204956	0.21084327226108368	0.0	2
430	1017.6626486778259	0.21084327226108368	0.0	3
431	1019.9475631713867	0.21084327226108368	0.0	4
432	1022.3583962917328	0.21125478369654227	0.00041151143545858915	0
433	1024.7061672210693	0.21125478369654227	0.0	1
434	1027.1044163703918	0.21125478369654227	0.0	2
435	1029.3805084228516	0.21158661941778925	0.00033183572124698135	0
436	1031.7627866268158	0.21158661941778925	0.0	1
437	1034.0915067195892	0.21179138397594113	0.000204764558151882	0
438	1036.4570026397705	0.21179138397594113	0.0	1
439	1038.8145761489868	0.2119504876144699	0.00015910363852877918	0
440	1041.2390224933624	0.21213004518245987	0.00017955756798995748	0
441	1043.6042149066925	0.21216117660373224	3.11314212723679e-05	0
442	1045.9687683582306	0.21216117660373224	0.0	1
443	1048.2820003032684	0.2122144739573722	5.3297353639958356e-05	0
444	1050.6283674240112	0.21242320315383373	0.00020872919646153232	0
445	1052.9268445968628	0.21269383477117548	0.00027063161734175445	0
446	1055.2476332187653	0.21299755760259043	0.00030372283141494316	0
447	1057.5491099357605	0.21306961940913913	7.206180654870109e-05	0
448	1059.895275592804	0.21306961940913913	0.0	1
449	1062.1981675624847	0.21331596761683427	0.0002463482076951462	0
450	1064.58375954628	0.21331596761683427	0.0	1
451	1066.913864850998	0.21353145471950544	0.00021548710267116356	0
452	1069.2783255577087	0.21360142157512918	6.996685562374316e-05	0
453	1071.5912940502167	0.21360142157512918	0.0	1
454	1073.9760220050812	0.21386673697291936	0.0002653153977901779	0
455	1076.3287780284882	0.21402669661290136	0.00015995963998199914	0
456	1078.7097244262695	0.2147648401818255	0.0007381435689241544	0
457	1081.1381015777588	0.2147648401818255	0.0	1
458	1083.5243110656738	0.2147648401818255	0.0	2
459	1085.921247959137	0.2147648401818255	0.0	3
460	1088.333194732666	0.2147648401818255	0.0	4
461	1090.6649944782257	0.2148531434896314	8.830330780587592e-05	0
462	1093.0438644886017	0.2148531434896314	0.0	1
463	1095.3445837497711	0.21492088023620595	6.773674657456485e-05	0
464	1097.7074036598206	0.2151613265391447	0.00024044630293873492	0
465	1099.9807307720184	0.2153458624313757	0.00018453589223102473	0
466	1102.3737852573395	0.21581790218011856	0.0004720397487428529	0
467	1104.6900820732117	0.21581790218011856	0.0	1
468	1107.035740852356	0.21581790218011856	0.0	2
469	1109.3327369689941	0.21581790218011856	0.0	3
470	1111.7058987617493	0.21618697396458064	0.0003690717844620772	0
471	1114.049736738205	0.21618697396458064	0.0	1
472	1116.7697098255157	0.21625998187799872	7.300791341807722e-05	0
473	1119.5458736419678	0.21641007497491466	0.00015009309691593753	0
474	1122.4903538227081	0.2164490455673902	3.8970592475540133e-05	0
475	1125.3419497013092	0.21658170326628529	0.00013265769889508894	0
476	1127.7037856578827	0.21677826823156948	0.0001965649652841961	0
477	1130.0803542137146	0.21680050174299917	2.223351142968677e-05	0
478	1132.4678027629852	0.21683215127041428	3.164952741510629e-05	0
479	1134.737936258316	0.21683215127041428	0.0	1
480	1137.1260709762573	0.2171540979222412	0.0003219466518269154	0
481	1139.4145085811615	0.21752253896879037	0.0003684410465491783	0
482	1141.774463891983	0.21752253896879037	0.0	1
483	1144.0658113956451	0.21752253896879037	0.0	2
484	1146.4129748344421	0.21752253896879037	0.0	3
485	1148.7077460289001	0.21772318120415438	0.00020064223536400694	0
486	1151.0710189342499	0.21772318120415438	0.0	1
487	1153.3603069782257	0.21789224149116534	0.0001690602870109692	0
488	1155.7350041866302	0.21789224149116534	0.0	1
489	1158.0096399784088	0.21847402963675264	0.000581788145587292	0
490	1160.3929805755615	0.21847402963675264	0.0	1
491	1162.6768691539764	0.21887675579413868	0.0004027261573860408	0
492	1165.0473809242249	0.21887675579413868	0.0	1
493	1167.3421528339386	0.21887675579413868	0.0	2
494	1169.7201750278473	0.21887675579413868	0.0	3
495	1172.0211124420166	0.21948755788371932	0.0006108020895806421	0
496	1174.3657364845276	0.21948755788371932	0.0	1
497	1176.6713037490845	0.21993923380841715	0.0004516759246978308	0
498	1179.0665900707245	0.22053190218300195	0.0005926683745847983	0
499	1181.4569172859192	0.22053190218300195	0.0	1
500	1183.8454682826996	0.22053190218300195	0.0	2
501	1186.1399204730988	0.22053190218300195	0.0	3
502	1188.5465140342712	0.2206382491003875	0.00010634691738556357	0
503	1190.9041066169739	0.2206382491003875	0.0	1
504	1193.2890355587006	0.22071643807523297	7.818897484546117e-05	0
505	1195.597797870636	0.22071643807523297	0.0	1
506	1197.9796288013458	0.22130342980860168	0.000586991733368708	0
507	1200.3550946712494	0.22163911753638818	0.0003356877277864989	0
508	1202.7244684696198	0.22163911753638818	0.0	1
509	1205.0186350345612	0.22204157337752584	0.00040245584113765553	0
510	1207.4225215911865	0.22204157337752584	0.0	1
511	1209.814157485962	0.22204157337752584	0.0	2
512	1212.193303346634	0.22204157337752584	0.0	3
513	1214.4587678909302	0.22204157337752584	0.0	4
514	1216.834195137024	0.22216208937159762	0.00012051599407178482	0
515	1219.1258144378662	0.22216208937159762	0.0	1
516	1221.4660041332245	0.22222610926975686	6.401989815923992e-05	0
517	1223.766749382019	0.22222610926975686	0.0	1
518	1226.1147096157074	0.22237129162149383	0.00014518235173696659	0
519	1228.4080395698547	0.22259518105421897	0.0002238894327251384	0
520	1230.784441947937	0.2227403634059559	0.00014518235173693883	0
521	1233.066524028778	0.22295285450354077	0.00021249109758486595	0
522	1235.4539268016815	0.22295285450354077	0.0	1
523	1237.7399439811707	0.22313739039577182	0.0001845358922310525	0
524	1240.094806432724	0.22313739039577182	0.0	1
525	1242.4328036308289	0.22319704018124883	5.964978547701172e-05	0
526	1244.8120484352112	0.2235064621802339	0.0003094219989850655	0
527	1247.0803544521332	0.2235064621802339	0.0	1
528	1249.4511239528656	0.2235064621802339	0.0	2
529	1251.7331833839417	0.22373866383759689	0.00023220165736298481	0
530	1254.0982401371002	0.22373866383759689	0.0	1
531	1256.4289872646332	0.22373866383759689	0.0	2
532	1259.1358370780945	0.2241499950622232	0.00041133122462630456	0
533	1261.9475269317627	0.22424460574915805	9.461068693486507e-05	0
534	1264.8505940437317	0.22451906684668527	0.00027446109752721215	0
535	1267.7438294887543	0.22451906684668527	0.0	1
536	1270.08806681633	0.2256262822000715	0.0011072153533862317	0
537	1272.377899646759	0.2256262822000715	0.0	1
538	1274.733570575714	0.22572089288700636	9.461068693486507e-05	0
539	1277.0157868862152	0.22572089288700636	0.0	1
540	1279.3671870231628	0.22572089288700636	0.0	2
541	1281.6472544670105	0.22581086314501062	8.997025800425162e-05	0
542	1284.03480219841	0.22581086314501062	0.0	1
543	1286.2897667884827	0.2262877685862244	0.0004769054412137874	0
544	1288.671411037445	0.2262877685862244	0.0	1
545	1291.0371305942535	0.22691807849839685	0.0006303099121724443	0
546	1293.404693365097	0.22747164112238188	0.0005535626239850377	0
547	1295.6895925998688	0.227656222067321	0.0001845809449391167	0
548	1298.047219991684	0.227656222067321	0.0	1
549	1300.329253911972	0.227656222067321	0.0	2
550	1302.7074151039124	0.22802529385178308	0.0003690717844620772	0
551	1305.0019311904907	0.22802529385178308	0.0	1
552	1307.3527736663818	0.22802529385178308	0.0	2
553	1309.6270537376404	0.22802529385178308	0.0	3
554	1311.9770143032074	0.2282098297440141	0.00018453589223102473	0
555	1314.2489171028137	0.2282098297440141	0.0	1
556	1316.6077239513397	0.2282098297440141	0.0	2
557	1318.8726761341095	0.2282098297440141	0.0	3
558	1321.2252271175385	0.2285789015284762	0.000369071784462105	0
559	1323.4889805316925	0.2285789015284762	0.0	1
560	1325.8452830314636	0.2285789015284762	0.0	2
561	1328.0995967388153	0.22887942561761856	0.0003005240891423566	0
562	1330.476463317871	0.22887942561761856	0.0	1
563	1332.7389841079712	0.22887942561761856	0.0	2
564	1335.1042478084564	0.22887942561761856	0.0	3
565	1337.3667242527008	0.22911793465411054	0.00023850903649197397	0
566	1339.7173647880554	0.22911793465411054	0.0	1
567	1341.9947068691254	0.22911793465411054	0.0	2
568	1344.3510069847107	0.22976189553682644	0.0006439608827158994	0
569	1346.628513097763	0.2300871760890501	0.0003252805522236668	0
570	1348.9849672317505	0.2300871760890501	0.0	1
571	1351.3455836772919	0.2300871760890501	0.0	2
572	1353.6880903244019	0.2306407837657432	0.000553607676693102	0
573	1355.9499197006226	0.2306407837657432	0.0	1
574	1358.3067569732666	0.23068457499798165	4.379123223843817e-05	0
575	1360.6008596420288	0.23068457499798165	0.0	1
576	1362.9394760131836	0.23068457499798165	0.0	2
577	1365.2005517482758	0.23086911089021267	0.00018453589223102473	0
578	1367.5734486579895	0.23086911089021267	0.0	1
579	1369.824209690094	0.23104028865450268	0.00017117776429001474	0
580	1372.1874432563782	0.23119439144243634	0.00015410278793365206	0
581	1374.4289252758026	0.23119439144243634	0.0	1
582	1376.7724895477295	0.23119439144243634	0.0	2
583	1379.0631341934204	0.23137892733466736	0.00018453589223102473	0
584	1381.4400160312653	0.23156346322689841	0.0001845358922310525	0
585	1383.7160561084747	0.23156346322689841	0.0	1
586	1386.0738484859467	0.23156346322689841	0.0	2
587	1388.3829777240753	0.23164084125299872	7.737802610030542e-05	0
588	1390.7489070892334	0.23174799911912944	0.00010715786613071931	0
589	1393.0256006717682	0.23174799911912944	0.0	1
590	1395.421098947525	0.23174799911912944	0.0	2
591	1397.6927509307861	0.23174799911912944	0.0	3
592	1400.366807937622	0.2320098454583987	0.0002618463392692616	0
593	1403.2733232975006	0.23230160679582257	0.0002917613374238681	0
594	1406.2413244247437	0.23230160679582257	0.0	1
595	1409.0457110404968	0.23230160679582257	0.0	2
596	1411.3767337799072	0.23230160679582257	0.0	3
597	1413.6194505691528	0.23230160679582257	0.0	4
598	1415.9934549331665	0.23260109467267945	0.00029948787685687983	0
599	1418.3170266151428	0.23274798902732285	0.0001468943546434065	0
600	1420.657788991928	0.23274798902732285	0.0	1
601	1422.9726181030273	0.23293252491955388	0.00018453589223102473	0
602	1425.3549947738647	0.23293252491955388	0.0	1
603	1427.7016746997833	0.23293252491955388	0.0	2
604	1430.0698957443237	0.23300393346183568	7.140854228179783e-05	0
605	1432.4244995117188	0.23311190227671158	0.00010796881487590282	0
606	1434.7918350696564	0.23330159670401596	0.00018969442730437658	0
607	1437.077297925949	0.23330159670401596	0.0	1
608	1439.4682223796844	0.23330159670401596	0.0	2
609	1441.7377285957336	0.233451757379994	0.00015016067597803384	0
610	1444.102195262909	0.23363629327222504	0.0001845358922310525	0
611	1446.3680028915405	0.23363629327222504	0.0	1
612	1448.7131035327911	0.23363629327222504	0.0	2
613	1451.0193395614624	0.23392661292299086	0.00029031965076581345	0
614	1453.3929781913757	0.23392661292299086	0.0	1
615	1455.671134710312	0.23392661292299086	0.0	2
616	1458.0388162136078	0.23394154789571414	1.4934972723285034e-05	0
617	1460.3191397190094	0.23400378821190487	6.224031619073145e-05	0
618	1462.670508146286	0.23452349372577966	0.0005197055138747853	0
619	1464.9338479042053	0.23452349372577966	0.0	1
620	1467.3005955219269	0.23491405565198836	0.00039056192620870456	0
621	1469.5713393688202	0.23511258041007335	0.00019852475808498915	0
622	1471.8987081050873	0.23511258041007335	0.0	1
623	1474.16597366333	0.23511258041007335	0.0	2
624	1476.51797914505	0.23511258041007335	0.0	3
625	1478.8829991817474	0.23548165219453543	0.0003690717844620772	0
626	1481.2533345222473	0.2357347583084402	0.00025310611390477744	0
627	1483.5599088668823	0.2357347583084402	0.0	1
628	1485.9129762649536	0.2358507239789975	0.00011596567055729978	0
629	1488.1814119815826	0.23623961895500784	0.00038889497601032885	0
630	1490.5254001617432	0.23623961895500784	0.0	1
631	1492.7883048057556	0.23623961895500784	0.0	2
632	1495.142503976822	0.23623961895500784	0.0	3
633	1497.5057020187378	0.23623961895500784	0.0	4
634	1499.8883664608002	0.23623961895500784	0.0	5
635	1502.1567101478577	0.23634788061248616	0.00010826165747832017	0
636	1504.515103816986	0.2364241548472389	7.627423475273232e-05	0
637	1506.780264377594	0.2364763709358853	5.221608864641736e-05	0
638	1509.1701610088348	0.23667633738062835	0.00019996644474304381	0
639	1511.5424649715424	0.23686522085918757	0.00018888347855922083	0
640	1513.8976821899414	0.23686522085918757	0.0	1
641	1516.2100076675415	0.23717741359971858	0.0003121927405310143	0
642	1518.5620565414429	0.23717741359971858	0.0	1
643	1520.900990486145	0.23717741359971858	0.0	2
644	1523.2589704990387	0.23734712715099648	0.00016971355127790022	0
645	1525.5618660449982	0.23734712715099648	0.0	1
646	1527.910096168518	0.23767506581299594	0.0003279386619994551	0
647	1530.1982510089874	0.23773102127641169	5.595546341574664e-05	0
648	1532.5505940914154	0.23773102127641169	0.0	1
649	1534.8652637004852	0.23786307076374794	0.00013204948733624988	0
650	1537.2304911613464	0.23800295942228733	0.00013988865853939436	0
651	1539.4915037155151	0.2381859860487982	0.00018302662651087376	0
652	1542.2271728515625	0.2381859860487982	0.0	1
653	1545.1308398246765	0.23839922051606616	0.00021323446726795314	0
654	1548.078955411911	0.23839922051606616	0.0	1
655	1551.067883014679	0.23858375640829718	0.00018453589223102473	0
656	1553.385020017624	0.23858375640829718	0.0	1
657	1555.6375460624695	0.23858375640829718	0.0	2
658	1558.034551858902	0.23858375640829718	0.0	3
659	1560.3071503639221	0.23882974419432781	0.00024598778603063254	0
660	1562.6294045448303	0.23882974419432781	0.0	1
661	1564.945990562439	0.23882974419432781	0.0	2
662	1567.2869930267334	0.23919881597878992	0.000369071784462105	0
663	1569.5449533462524	0.23919881597878992	0.0	1
664	1571.9163510799408	0.23919881597878992	0.0	2
665	1574.17085647583	0.23919881597878992	0.0	3
666	1576.4974093437195	0.2393289507260334	0.00013013474724349328	0
667	1578.770133972168	0.2393289507260334	0.0	1
668	1581.118453502655	0.23951348661826444	0.00018453589223102473	0
669	1583.4756104946136	0.23951348661826444	0.0	1
670	1585.8190751075745	0.23951348661826444	0.0	2
671	1588.08731508255	0.23951348661826444	0.0	3
672	1590.4561240673065	0.23951348661826444	0.0	4
673	1592.8056840896606	0.2397193549677639	0.0002058683494994551	0
674	1595.1640508174896	0.2397193549677639	0.0	1
675	1597.4247598648071	0.24006709429495757	0.0003477393271936746	0
676	1599.7974441051483	0.24006709429495757	0.0	1
677	1602.124807357788	0.24006709429495757	0.0	2
678	1604.4605820178986	0.24006709429495757	0.0	3
679	1606.7098438739777	0.24006709429495757	0.0	4
680	1609.0817770957947	0.24006709429495757	0.0	5
681	1611.3477323055267	0.24006709429495757	0.0	6
682	1613.689757823944	0.2403154698745156	0.0002483755795580356	0
683	1615.9506523609161	0.2403154698745156	0.0	1
684	1618.2953734397888	0.24050000576674663	0.00018453589223102473	0
685	1620.6241493225098	0.24050000576674663	0.0	1
686	1622.9603505134583	0.2406633668861875	0.00016336111944087461	0
687	1625.2001705169678	0.24068454165897768	2.1174772790177876e-05	0
688	1627.5421986579895	0.24080523786388172	0.00012069620490404165	0
689	1629.7825992107391	0.24080523786388172	0.0	1
690	1632.1329238414764	0.24122535436658055	0.00042011650269882517	0
691	1634.4414303302765	0.24122535436658055	0.0	1
692	1636.8029572963715	0.24123814933567078	1.2794969090235142e-05	0
693	1639.14759349823	0.24123814933567078	0.0	1
694	1641.4918777942657	0.24123814933567078	0.0	2
695	1643.836553812027	0.24123814933567078	0.0	3
696	1646.1482486724854	0.24142268522790183	0.0001845358922310525	0
697	1648.4443843364716	0.24142268522790183	0.0	1
698	1650.753954410553	0.24160722112013286	0.00018453589223102473	0
699	1653.015614748001	0.2416184842971489	1.1263177016052062e-05	0
700	1655.3684225082397	0.2416184842971489	0.0	1
701	1657.70814371109	0.2416184842971489	0.0	2
702	1660.0806198120117	0.2416184842971489	0.0	3
703	1662.307721376419	0.2416184842971489	0.0	4
704	1664.6400363445282	0.2416184842971489	0.0	5
705	1666.962652683258	0.2416184842971489	0.0	6
706	1669.281243801117	0.2416184842971489	0.0	7
707	1671.6265423297882	0.2417917570123639	0.00017327271521500043	0
708	1673.9705131053925	0.24196570551819985	0.0001739485058359358	0
709	1676.3325724601746	0.24196570551819985	0.0	1
710	1678.6870443820953	0.241987556081611	2.1850563411141e-05	0
711	1680.9172291755676	0.241987556081611	0.0	1
712	1683.5994148254395	0.2421502414104309	0.0001626853288199115	0
713	1686.4146897792816	0.24217209197384204	2.1850563411141e-05	0
714	1689.2963395118713	0.24228715659023806	0.00011506461639601562	0
715	1692.2329473495483	0.24235662786607307	6.947127583500912e-05	0
716	1694.5426642894745	0.24235662786607307	0.0	1
717	1696.7968399524689	0.24235662786607307	0.0	2
718	1699.119149684906	0.24251710561219783	0.00016047774612476529	0
719	1701.3599183559418	0.2425630368480693	4.593123587146031e-05	0
720	1703.6900706291199	0.2425630368480693	0.0	1
721	1705.9424340724945	0.2425630368480693	0.0	2
722	1708.260163784027	0.242703849087124	0.00014081223905471063	0
723	1710.5085263252258	0.2427144364735191	1.0587386395088938e-05	0
724	1712.8128719329834	0.24288838497935505	0.00017394850583596355	0
725	1715.1221959590912	0.24288838497935505	0.0	1
726	1717.4425611495972	0.24288838497935505	0.0	2
727	1719.6702871322632	0.24307071328889093	0.00018232830953587853	0
728	1722.004068851471	0.2431193026345382	4.858934564727635e-05	0
729	1724.22585439682	0.2431193026345382	0.0	1
730	1726.5840175151825	0.243439785073353	0.0003204824388148009	0
731	1728.8261444568634	0.24344199265604816	2.207582695146204e-06	0
732	1731.1339139938354	0.2435789078358553	0.00013691517980715662	0
733	1733.3879594802856	0.2435789078358553	0.0	1
734	1735.7104740142822	0.2436265285482792	4.762071242389587e-05	0
735	1737.9404690265656	0.2438088568578151	0.00018232830953587853	0
736	1740.241907119751	0.2438088568578151	0.0	1
737	1742.5095572471619	0.2438088568578151	0.0	2
738	1744.8494970798492	0.2441801362249723	0.00037127936715722343	0
739	1747.1355876922607	0.2441801362249723	0.0	1
740	1749.4542152881622	0.2441801362249723	0.0	2
741	1751.6956503391266	0.2441801362249723	0.0	3
742	1754.022796869278	0.2441801362249723	0.0	4
743	1756.265976190567	0.2441801362249723	0.0	5
744	1758.5909864902496	0.24436467211720336	0.0001845358922310525	0
745	1760.889804840088	0.24436467211720336	0.0	1
746	1763.1820740699768	0.24436467211720336	0.0	2
747	1765.4021649360657	0.24436467211720336	0.0	3
748	1767.7393610477448	0.24436467211720336	0.0	4
749	1770.0326211452484	0.24452569049582487	0.00016101837862150803	0
750	1772.3696825504303	0.24487264140062742	0.000346950904802551	0
751	1774.61270070076	0.24487264140062742	0.0	1
752	1776.9398696422577	0.24487264140062742	0.0	2
753	1779.238516330719	0.24487264140062742	0.0	3
754	1781.5613470077515	0.24487264140062742	0.0	4
755	1783.773684978485	0.24487264140062742	0.0	5
756	1786.0660417079926	0.24487264140062742	0.0	6
757	1788.3245594501495	0.24510281568612752	0.00023017428550009544	0
758	1790.629858493805	0.24510281568612752	0.0	1
759	1792.9453060626984	0.24510281568612752	0.0	2
760	1795.258113861084	0.24510281568612752	0.0	3
761	1797.5783123970032	0.24510281568612752	0.0	4
762	1799.919126033783	0.24510281568612752	0.0	5
763	1802.2365596294403	0.24542624907732055	0.00032343339119303427	0
764	1804.5307929515839	0.24542624907732055	0.0	1
765	1806.8127346038818	0.24561078496955158	0.00018453589223102473	0
766	1809.170422554016	0.24563168942609337	2.0904456541792626e-05	0
767	1811.4281418323517	0.24563168942609337	0.0	1
768	1813.7243797779083	0.24597985675401365	0.0003481673279202846	0
769	1815.9912433624268	0.2461852971027865	0.00020544034877284512	0
770	1818.2781760692596	0.2461852971027865	0.0	1
771	1820.504899263382	0.24621005356586778	2.475646308128243e-05	0
772	1823.1537644863129	0.24621005356586778	0.0	1
773	1825.9568119049072	0.24621005356586778	0.0	2
774	1828.8424854278564	0.24663909050476332	0.0004290369388955384	0
775	1831.6907629966736	0.2467180003229378	7.89098181744885e-05	0
776	1833.9906346797943	0.24682362639699437	0.00010562607405656399	0
777	1836.2156434059143	0.24682362639699437	0.0	1
778	1838.5412485599518	0.24710797656394168	0.00028435016694730586	0
779	1840.913560628891	0.24710797656394168	0.0	1
780	1843.2097244262695	0.24710797656394168	0.0	2
781	1845.4279344081879	0.24710797656394168	0.0	3
782	1847.7459743022919	0.24756176996591853	0.0004537934019768486	0
783	1850.0039052963257	0.24756176996591853	0.0	1
784	1852.3468816280365	0.24756176996591853	0.0	2
785	1854.5942404270172	0.24756176996591853	0.0	3
786	1856.9088151454926	0.24756176996591853	0.0	4
787	1859.1407630443573	0.24756176996591853	0.0	5
788	1861.4641525745392	0.24760393930066663	4.216933474809892e-05	0
789	1863.6866629123688	0.2479730110851287	0.0003690717844620772	0
790	1866.0095138549805	0.24797303361148273	2.2526354032104123e-08	1
791	1868.2527787685394	0.24797303361148273	0.0	2
792	1870.5726442337036	0.24809884329875206	0.00012580968726932928	0
793	1872.8259344100952	0.24809884329875206	0.0	1
794	1875.1281523704529	0.24809884329875206	0.0	2
795	1877.3696947097778	0.24815754697735976	5.87036786076911e-05	0
796	1879.704199552536	0.24815754697735976	0.0	1
797	1881.9278948307037	0.2481996712593998	4.212428204003471e-05	0
798	1884.2311191558838	0.24834208286959078	0.00014241161019099002	0
799	1886.476462841034	0.24838420715163084	4.2124282040062466e-05	0
800	1888.7660751342773	0.24871115465405286	0.00032694750242201476	0
801	1891.0866122245789	0.24871115465405286	0.0	1
802	1893.3924951553345	0.24871115465405286	0.0	2
803	1895.626827955246	0.24871115465405286	0.0	3
804	1897.959371805191	0.24893781482832394	0.0002266601742710872	0
805	1900.1681430339813	0.24893781482832394	0.0	1
806	1902.4495649337769	0.24893781482832394	0.0	2
807	1904.6723260879517	0.24893781482832394	0.0	3
808	1906.992181777954	0.249122350720555	0.0001845358922310525	0
809	1909.2219960689545	0.2495751304366004	0.0004527797160454039	0
810	1911.5419363975525	0.2495751304366004	0.0	1
811	1913.746903181076	0.2495751304366004	0.0	2
812	1916.0563604831696	0.2495751304366004	0.0	3
813	1918.2820959091187	0.24986049428947915	0.00028536385287875055	0
814	1920.6024754047394	0.24986049428947915	0.0	1
815	1922.9368426799774	0.24994420222106248	8.370793158332668e-05	0
816	1925.2457785606384	0.2504868170369879	0.0005426148159254074	0
817	1927.4769613742828	0.2504868170369879	0.0	1
818	1929.794204711914	0.2504868170369879	0.0	2
819	1932.037701845169	0.2504868170369879	0.0	3
820	1934.3360493183136	0.2504978098977556	1.0992860767722323e-05	0
821	1936.5621371269226	0.25078317375063436	0.00028536385287875055	0
822	1938.8966000080109	0.25078317375063436	0.0	1
823	1941.126652956009	0.25096770964286536	0.00018453589223099698	0
824	1943.4598906040192	0.25096770964286536	0.0	1
825	1945.6933453083038	0.25096770964286536	0.0	2
826	1947.9984393119812	0.25096770964286536	0.0	3
827	1950.1983065605164	0.25096770964286536	0.0	4
828	1952.4880154132843	0.25133678142732746	0.000369071784462105	0
829	1954.7290008068085	0.25133678142732746	0.0	1
830	1957.0490391254425	0.25133678142732746	0.0	2
831	1959.2697052955627	0.25133678142732746	0.0	3
832	1961.9840245246887	0.2514094964981431	7.271507081563211e-05	0
833	1964.8077237606049	0.2514094964981431	0.0	1
834	1967.7416548728943	0.2514094964981431	0.0	2
835	1970.6011548042297	0.2514094964981431	0.0	3
836	1972.9002566337585	0.2514094964981431	0.0	4
837	1975.1157574653625	0.2515213173195585	0.00011182082141542038	0
838	1977.416758775711	0.25159403239037414	7.271507081563211e-05	0
839	1979.6554925441742	0.25159403239037414	0.0	1
840	1981.9636526107788	0.2517785682826052	0.0001845358922310525	0
841	1984.20139503479	0.2517785682826052	0.0	1
842	1986.48379611969	0.25196310417483625	0.0001845358922310525	0
843	1988.7544212341309	0.25196310417483625	0.0	1
844	1991.0421936511993	0.25196310417483625	0.0	2
845	1993.2520751953125	0.25196310417483625	0.0	3
846	1995.536206960678	0.25196310417483625	0.0	4
847	1997.7648808956146	0.25196310417483625	0.0	5
848	2000.1069378852844	0.25214764006706725	0.00018453589223099698	0
849	2002.327092885971	0.25214764006706725	0.0	1
850	2004.6371366977692	0.25214764006706725	0.0	2
851	2006.863838672638	0.25214764006706725	0.0	3
852	2009.1763906478882	0.25231185718796134	0.00016421712089409457	0
853	2011.4029092788696	0.2523321759592983	2.031877133695792e-05	0
854	2013.702213048935	0.2523321759592983	0.0	1
855	2016.0135145187378	0.25251671185152935	0.0001845358922310525	0
856	2018.3037815093994	0.25251671185152935	0.0	1
857	2020.5480554103851	0.25251671185152935	0.0	2
858	2022.9045267105103	0.25251671185152935	0.0	3
859	2025.1993429660797	0.2526809289724234	0.00016421712089403906	0
860	2027.5144016742706	0.2526809289724234	0.0	1
861	2029.7329382896423	0.2527900241050009	0.00010909513257750802	0
862	2032.0576572418213	0.2527900241050009	0.0	1
863	2034.2757806777954	0.2529235152789952	0.00013349117399430455	0
864	2036.6099848747253	0.2529235152789952	0.0	1
865	2038.8217468261719	0.2529235152789952	0.0	2
866	2041.1197481155396	0.2529235152789952	0.0	3
867	2043.3591539859772	0.2529235152789952	0.0	4
868	2045.66277217865	0.25310805117122626	0.0001845358922310525	0
869	2047.8884854316711	0.253159095889463	5.1044718236747944e-05	0
870	2050.1757481098175	0.25317092222532983	1.182633586682691e-05	0
871	2052.3836262226105	0.2534771229556883	0.0003062007303584746	0
872	2054.7066111564636	0.2534771229556883	0.0	1
873	2056.928595304489	0.25355339719044107	7.627423475276007e-05	0
874	2059.2106578350067	0.25355339719044107	0.0	1
875	2061.444055080414	0.25355339719044107	0.0	2
876	2063.6698298454285	0.25355339719044107	0.0	3
877	2065.8969819545746	0.25355339719044107	0.0	4
878	2068.1830570697784	0.25355339719044107	0.0	5
879	2070.4449043273926	0.25366165884791936	0.00010826165747829242	0
880	2072.7358734607697	0.25387509605237357	0.00021343720445421432	0
881	2074.948627948761	0.25387509605237357	0.0	1
882	2077.234422683716	0.25387509605237357	0.0	2
883	2079.513972043991	0.25393461067972645	5.9514627352874605e-05	0
884	2081.802518606186	0.2539926160413591	5.800536163264036e-05	0
885	2084.008992433548	0.25403073063238146	3.811459102237569e-05	0
886	2086.2530994415283	0.25403073063238146	0.0	1
887	2088.4720225334167	0.25426978030137015	0.00023904966898868896	0
888	2090.7791821956635	0.25426978030137015	0.0	1
889	2093.0641214847565	0.25426978030137015	0.0	2
890	2095.3613958358765	0.25454622371805224	0.0002764434166820928	0
891	2097.614785194397	0.2549152955025143	0.00036907178446204947	0
892	2100.26767206192	0.25509983139474535	0.0001845358922310525	0
893	2103.138367652893	0.25509983139474535	0.0	1
894	2106.0082066059113	0.2552843672869764	0.0001845358922310525	0
895	2108.896689414978	0.2552843672869764	0.0	1
896	2111.181596517563	0.25532581577839547	4.144849141907159e-05	0
897	2113.4995155334473	0.25560473709402104	0.00027892131562556877	0
898	2115.779547214508	0.25560473709402104	0.0	1
899	2118.0211815834045	0.25560473709402104	0.0	2
900	2120.2976677417755	0.25560473709402104	0.0	3
901	2122.555882692337	0.2557892729862521	0.0001845358922310525	0
902	2124.842475414276	0.2557892729862521	0.0	1
903	2127.064876794815	0.2557892729862521	0.0	2
904	2129.3225288391113	0.2563428806629452	0.000553607676693102	0
905	2131.5625245571136	0.2563428806629452	0.0	1
906	2133.825960636139	0.2563428806629452	0.0	2
907	2136.097445011139	0.25645391306196946	0.00011103239902426898	0
908	2138.3817987442017	0.25645391306196946	0.0	1
909	2140.625806093216	0.25645391306196946	0.0	2
910	2142.9425485134125	0.25671195244740724	0.0002580393854377805	0
911	2145.2324459552765	0.25671195244740724	0.0	1
912	2147.548640012741	0.25696082360675404	0.0002488711593467974	0
913	2149.8195955753326	0.25696082360675404	0.0	1
914	2152.1203348636627	0.25696082360675404	0.0	2
915	2154.418555498123	0.25696082360675404	0.0	3
916	2156.7195184230804	0.25696082360675404	0.0	4
917	2158.9691977500916	0.25696082360675404	0.0	5
918	2161.256417274475	0.25700752073866256	4.669713190852409e-05	0
919	2163.635439157486	0.25708102423186935	7.350349320678351e-05	0
920	2165.9806139469147	0.2574203837553631	0.0003393595234937319	0
921	2168.243311405182	0.2574203837553631	0.0	1
922	2170.5286676883698	0.2574203837553631	0.0	2
923	2172.7348527908325	0.25793265557240724	0.0005122718170441631	0
924	2175.004035949707	0.25793265557240724	0.0	1
925	2177.2164566516876	0.257942251799225	9.596226817731868e-06	0
926	2179.5021579265594	0.25809394426727716	0.00015169246805218917	0
927	2181.697008371353	0.25855728884336365	0.0004633445760864885	0
928	2183.9480078220367	0.25855728884336365	0.0	1
929	2186.1245679855347	0.2588966708932114	0.00033938204984773623	0
930	2188.418701648712	0.2588966708932114	0.0	1
931	2190.6379895210266	0.2589263606278257	2.9689734614313235e-05	0
932	2192.9239761829376	0.2589263606278257	0.0	1
933	2195.17617893219	0.2597292224118841	0.0008028617840584173	0
934	2197.5145218372345	0.2597292224118841	0.0	1
935	2199.7199323177338	0.2597292224118841	0.0	2
936	2202.0115761756897	0.2597292224118841	0.0	3
937	2204.24543261528	0.2597292224118841	0.0	4
938	2206.533963918686	0.2597547672973565	2.5544885472406076e-05	0
939	2208.8198821544647	0.25991375830411517	0.00015899100675864641	0
940	2211.079344511032	0.25991375830411517	0.0	1
941	2213.362512588501	0.2599625503869487	4.879208283353753e-05	0
942	2215.689615011215	0.26008457564674065	0.00012202525979193579	0
943	2218.0037474632263	0.26008457564674065	0.0	1
944	2220.308231830597	0.26008457564674065	0.0	2
945	2222.5077831745148	0.26008457564674065	0.0	3
946	2224.750137090683	0.26008457564674065	0.0	4
947	2226.940039873123	0.26009230218617363	7.726539432983959e-06	0
948	2229.2353026866913	0.26009829419634617	5.992010172539697e-06	0
949	2231.466337442398	0.26009829419634617	0.0	1
950	2233.7420768737793	0.26023563737687994	0.0001373431805337666	0
951	2235.9909064769745	0.2602691115389717	3.347416209176224e-05	0
952	2238.633219242096	0.2604536474312027	0.00018453589223099698	0
953	2241.524624824524	0.2604536474312027	0.0	1
954	2244.4228913784027	0.2604536474312027	0.0	2
955	2247.2670273780823	0.2604536474312027	0.0	3
956	2249.5339257717133	0.26048027358166864	2.6626150465947074e-05	0
957	2251.7089982032776	0.2607907993720013	0.0003105257903326386	0
958	2253.995252609253	0.26093931562413497	0.00014851625213369024	0
959	2256.216800928116	0.26093931562413497	0.0	1
960	2258.5443868637085	0.26093931562413497	0.0	2
961	2260.8415327072144	0.26093931562413497	0.0	3
962	2263.1093821525574	0.2610198022870917	8.048666295673579e-05	0
963	2265.381731271744	0.26118834446795997	0.00016854218086825856	0
964	2267.6530334949493	0.2613083874085971	0.00012004294063711063	0
965	2269.8350427150726	0.2613083874085971	0.0	1
966	2272.0863659381866	0.26147990306819757	0.0001715156596004963	0
967	2274.288950443268	0.261557416252422	7.751318422444253e-05	0
968	2276.562591314316	0.26232579018845725	0.0007683739360352382	0
969	2278.770686864853	0.26232579018845725	0.0	1
970	2281.045778989792	0.26232579018845725	0.0	2
971	2283.2338886260986	0.26232579018845725	0.0	3
972	2285.547860622406	0.26232579018845725	0.0	4
973	2287.74608707428	0.26232579018845725	0.0	5
974	2290.0667867660522	0.2623563133981708	3.052320971352884e-05	0
975	2292.244938135147	0.2625312305372301	0.00017491713905931627	0
976	2294.5242607593536	0.26269486197291936	0.00016363143568925986	0
977	2296.7379581928253	0.26269486197291936	0.0	1
978	2299.0554773807526	0.26269486197291936	0.0	2
979	2301.252913713455	0.26269486197291936	0.0	3
980	2303.5332498550415	0.2628491674980393	0.00015430552511996876	0
981	2305.7450959682465	0.2628491674980393	0.0	1
982	2308.030847787857	0.26293864217625484	8.947467821551758e-05	0
983	2310.308794260025	0.2635873335933175	0.0006486914170626412	0
984	2312.5931379795074	0.2635873335933175	0.0	1
985	2314.7829043865204	0.2635873335933175	0.0	2
986	2317.056672334671	0.2635873335933175	0.0	3
987	2319.2771170139313	0.2635873335933175	0.0	4
988	2321.536876678467	0.2635873335933175	0.0	5
989	2323.7475895881653	0.26372936225548993	0.00014202866217244425	0
990	2326.0138800144196	0.26404583500328704	0.0003164727477971141	0
991	2328.2265310287476	0.26404583500328704	0.0	1
992	2330.4767413139343	0.26404583500328704	0.0	2
993	2332.6654040813446	0.26404583500328704	0.0	3
994	2334.9642696380615	0.26404583500328704	0.0	4
995	2337.1772890090942	0.26404583500328704	0.0	5
996	2339.5101709365845	0.26404583500328704	0.0	6
997	2341.714630842209	0.26417112658441366	0.00012529158112661865	0
998	2343.9982018470764	0.26417112658441366	0.0	1
999	2346.2704508304596	0.26417112658441366	0.0	2
1000	2348.547578573227	0.2644675058244141	0.0002963792400004217	0
1001	2350.7830719947815	0.2644675058244141	0.0	1
1002	2353.054048061371	0.2644675058244141	0.0	2
1003	2355.2290337085724	0.26450895431583316	4.144849141907159e-05	0
1004	2357.524540424347	0.26459944267998015	9.048836414699002e-05	0
1005	2359.734849214554	0.26459944267998015	0.0	1
1006	2361.9726536273956	0.26459944267998015	0.0	2
1007	2364.1548614501953	0.26496592393372853	0.00036648125374838525	0
1008	2366.423755168915	0.26496592393372853	0.0	1
1009	2368.702477455139	0.26496592393372853	0.0	2
1010	2370.9900312423706	0.26496592393372853	0.0	3
1011	2373.1870999336243	0.2651504598259596	0.0001845358922310525	0
1012	2375.849603176117	0.2651504598259596	0.0	1
1013	2378.76442193985	0.2652040049694939	5.354514353433926e-05	0
1014	2381.728580236435	0.2652040049694939	0.0	1
1015	2384.6070940494537	0.2652040049694939	0.0	2
1016	2386.928332567215	0.2652040049694939	0.0	3
1017	2389.101444721222	0.26533499571819064	0.00013099074869671323	0
1018	2391.3288497924805	0.265388540861725	5.354514353433926e-05	0
1019	2393.5614054203033	0.265388540861725	0.0	1
1020	2395.8170437812805	0.265388540861725	0.0	2
1021	2398.005759000778	0.26551950908406763	0.00013096822234265337	0
1022	2400.258342027664	0.2657040675026527	0.00018455841858505684	0
1023	2402.5177466869354	0.265757612646187	5.354514353433926e-05	0
1024	2404.795231103897	0.265757612646187	0.0	1
1025	2407.012411594391	0.26588858086852973	0.00013096822234270888	0
1026	2409.290804386139	0.26612668443064913	0.0002381035621193961	0
1027	2411.502706050873	0.26612668443064913	0.0	1
1028	2413.771910905838	0.26612668443064913	0.0	2
1029	2415.9859306812286	0.26612668443064913	0.0	3
1030	2418.2082555294037	0.26612668443064913	0.0	4
1031	2420.3853554725647	0.26612668443064913	0.0	5
1032	2422.693280696869	0.26612668443064913	0.0	6
1033	2424.9355142116547	0.26625767517934584	0.00013099074869671323	0
1034	2427.20263338089	0.2663112203228801	5.3545143534283746e-05	0
1035	2429.4391009807587	0.2664957562151112	0.0001845358922310525	0
1036	2431.7093920707703	0.2674152819867019	0.0009195257715907124	0
1037	2433.9795684814453	0.2674152819867019	0.0	1
1038	2436.2249281406403	0.2674152819867019	0.0	2
1039	2438.465098142624	0.2674152819867019	0.0	3
1040	2440.6936962604523	0.2674152819867019	0.0	4
1041	2443.0055623054504	0.2674152819867019	0.0	5
1042	2445.2891368865967	0.267841886079362	0.0004266040926600989	0
1043	2447.5737545490265	0.267841886079362	0.0	1
1044	2449.8368339538574	0.267968889663395	0.00012700358403300305	0
1045	2452.1004321575165	0.267968889663395	0.0	1
1046	2454.3657472133636	0.267968889663395	0.0	2
1047	2456.63419342041	0.268026421971593	5.753230819799393e-05	0
1048	2458.864045381546	0.26821093533747004	0.00018451336587704814	0
1049	2461.0862624645233	0.26821093533747004	0.0	1
1050	2463.3445949554443	0.26821093533747004	0.0	2
1051	2465.5835671424866	0.26821093533747004	0.0	3
1052	2467.847323179245	0.26821093533747004	0.0	4
1053	2470.094358444214	0.2683379614478571	0.0001270261103870629	0
1054	2472.3682732582092	0.2683379614478571	0.0	1
1055	2474.57484292984	0.2683379614478571	0.0	2
1056	2476.839923620224	0.2683379614478571	0.0	3
1057	2479.1000351905823	0.2683379614478571	0.0	4
1058	2481.36416721344	0.2683379614478571	0.0	5
1059	2483.6030638217926	0.2684420332034854	0.00010407175562832105	0
1060	2485.861464738846	0.2684420332034854	0.0	1
1061	2488.1149077415466	0.2684420332034854	0.0	2
1062	2490.3602724075317	0.2685224973400881	8.046413660267593e-05	0
1063	2492.6148562431335	0.26856707699471766	4.4579654629561816e-05	0
1064	2494.8652727603912	0.26856707699471766	0.0	1
1065	2497.055510997772	0.2688915691245502	0.00032449212983254316	0
1066	2499.297079563141	0.2688915691245502	0.0	1
1067	2501.515999317169	0.2688915691245502	0.0	2
1068	2503.7852504253387	0.2688915691245502	0.0	3
1069	2506.0493416786194	0.2688915691245502	0.0	4
1070	2508.3233449459076	0.2688915691245502	0.0	5
1071	2510.5244555473328	0.2691336147986252	0.00024204567407498656	0
1072	2513.1204657554626	0.2691336147986252	0.0	1
1073	2515.9550654888153	0.2691336147986252	0.0	2
1074	2518.808575630188	0.2691336147986252	0.0	3
1075	2521.7298679351807	0.2691336147986252	0.0	4
1076	2523.974888563156	0.26926064090901225	0.0001270261103870629	0
1077	2526.1902265548706	0.269340451781348	7.981087233577266e-05	0
1078	2528.461766242981	0.269340451781348	0.0	1
1079	2530.696565389633	0.2693647126646406	2.4260883292603896e-05	0
1080	2532.977901697159	0.26948975645587286	0.00012504379123223774	0
1081	2535.2124350070953	0.26948975645587286	0.0	1
1082	2537.447660446167	0.26948975645587286	0.0	2
1083	2539.672363758087	0.26948975645587286	0.0	3
1084	2541.94420671463	0.2695492485568717	5.9492100998814745e-05	0
1085	2544.1726133823395	0.26962971269347435	8.046413660267593e-05	0
1086	2546.441866874695	0.26962971269347435	0.0	1
1087	2548.6775147914886	0.26962971269347435	0.0	2
1088	2550.946823120117	0.2696742923481039	4.4579654629561816e-05	0
1089	2553.17768406868	0.2698588282403349	0.00018453589223099698	0
1090	2555.4342033863068	0.2698588282403349	0.0	1
1091	2557.675591945648	0.2699990547941848	0.00014022655384987592	0
1092	2559.922838449478	0.2699990547941848	0.0	1
1093	2562.1843161582947	0.2699990547941848	0.0	2
1094	2564.4139320850372	0.2701225893196969	0.00012353452551211452	0
1095	2566.6363155841827	0.2701225893196969	0.0	1
1096	2568.8879296779633	0.27016822771296595	4.5638393269042954e-05	0
1097	2571.126410007477	0.27018359068641584	1.5362973449895012e-05	0
1098	2573.3819885253906	0.27018359068641584	0.0	1
1099	2575.6313326358795	0.270357674350376	0.00017408366396015618	0
1100	2577.9062418937683	0.270357674350376	0.0	1
1101	2580.116375207901	0.27049166110415895	0.00013398675378295533	0
1102	2582.444756746292	0.27049166110415895	0.0	1
1103	2584.6772248744965	0.27049166110415895	0.0	2
1104	2586.945771217346	0.27054221024260705	5.0549138448097164e-05	0
1105	2589.136948823929	0.2713536320411976	0.0008114217985905614	0
1106	2591.4098398685455	0.2713536320411976	0.0	1
1107	2593.6462495326996	0.2713536320411976	0.0	2
1108	2595.922201156616	0.2713536320411976	0.0	3
1109	2598.1993889808655	0.2713536320411976	0.0	4
1110	2600.460978269577	0.2713536320411976	0.0	5
1111	2602.6717352867126	0.2713536320411976	0.0	6
1112	2604.925428390503	0.2713536320411976	0.0	7
1113	2607.2037613391876	0.2713536320411976	0.0	8
1114	2609.480076313019	0.2717227038256597	0.000369071784462105	0
1115	2611.7957792282104	0.2717227038256597	0.0	1
1116	2614.0151450634003	0.2717227038256597	0.0	2
1117	2616.1920914649963	0.2717227038256597	0.0	3
1118	2618.453854560852	0.2717227038256597	0.0	4
1119	2620.6318249702454	0.2717227038256597	0.0	5
1120	2622.892694711685	0.2717227038256597	0.0	6
1121	2625.0779666900635	0.27209177561012177	0.00036907178446204947	0
1122	2627.347004175186	0.27209177561012177	0.0	1
1123	2629.527435541153	0.27209177561012177	0.0	2
1124	2631.783929347992	0.27243965009543963	0.00034787448531786724	0
1125	2633.996575832367	0.27246084739458387	2.1197299144237736e-05	0
1126	2636.258973121643	0.27246084739458387	0.0	1
1127	2638.4421656131744	0.27246084739458387	0.0	2
1128	2640.688752889633	0.272829919179046	0.000369071784462105	0
1129	2642.8669996261597	0.272829919179046	0.0	1
1130	2645.117251396179	0.272829919179046	0.0	2
1131	2647.2970955371857	0.2729932577721328	0.00016333859308681475	0
1132	2649.8833787441254	0.2729932577721328	0.0	1
1133	2652.7538981437683	0.2729932577721328	0.0	2
1134	2655.633012533188	0.2729932577721328	0.0	3
1135	2658.434195280075	0.2729932577721328	0.0	4
1136	2660.643482208252	0.27336232955659484	0.00036907178446204947	0
1137	2662.821521997452	0.27336232955659484	0.0	1
1138	2665.0807025432587	0.27336232955659484	0.0	2
1139	2667.2389628887177	0.27336232955659484	0.0	3
1140	2669.4616436958313	0.27336232955659484	0.0	4
1141	2671.609470844269	0.2735468654488259	0.0001845358922310525	0
1142	2673.8294479846954	0.27373140134105695	0.0001845358922310525	0
1143	2675.99369931221	0.27373140134105695	0.0	1
1144	2678.2421531677246	0.27373140134105695	0.0	2
1145	2680.3949587345123	0.27373140134105695	0.0	3
1146	2682.6246950626373	0.27373140134105695	0.0	4
1147	2684.8084075450897	0.27373140134105695	0.0	5
1148	2687.0665321350098	0.27373140134105695	0.0	6
1149	2689.221556663513	0.27373140134105695	0.0	7
1150	2691.43932390213	0.27373140134105695	0.0	8
1151	2693.6551332473755	0.27391593723328794	0.00018453589223099698	0
1152	2695.9287877082825	0.27391593723328794	0.0	1
1153	2698.1451115608215	0.27391593723328794	0.0	2
1154	2700.3767433166504	0.27391593723328794	0.0	3
1155	2702.6267495155334	0.27391593723328794	0.0	4
1156	2704.865079164505	0.27391593723328794	0.0	5
1157	2707.0419042110443	0.27391593723328794	0.0	6
1158	2709.2844820022583	0.27391593723328794	0.0	7
1159	2711.4525425434113	0.274100473125519	0.0001845358922310525	0
1160	2713.6993079185486	0.274100473125519	0.0	1
1161	2715.8874530792236	0.274100473125519	0.0	2
1162	2718.145252227783	0.274100473125519	0.0	3
1163	2720.3544552326202	0.27428500901775005	0.0001845358922310525	0
1164	2722.605414867401	0.27428500901775005	0.0	1
1165	2724.902890920639	0.2743780653862567	9.305636850664989e-05	0
1166	2727.1522097587585	0.2743780653862567	0.0	1
1167	2729.4117970466614	0.2743780653862567	0.0	2
1168	2731.6116366386414	0.2746540808022121	0.0002760154159553996	0
1169	2733.8043262958527	0.2746540808022121	0.0	1
1170	2736.004870891571	0.2746540808022121	0.0	2
1171	2738.2006933689117	0.27483861669444315	0.0001845358922310525	0
1172	2740.4230303764343	0.27483861669444315	0.0	1
1173	2742.6330876350403	0.27483861669444315	0.0	2
1174	2744.884097337723	0.27483861669444315	0.0	3
1175	2747.1632277965546	0.27483861669444315	0.0	4
1176	2749.401081085205	0.27483861669444315	0.0	5
1177	2751.615759372711	0.2750231525866742	0.0001845358922310525	0
1178	2753.8382606506348	0.2750231525866742	0.0	1
1179	2756.010298728943	0.2750231525866742	0.0	2
1180	2758.2382657527924	0.2753922243711363	0.000369071784462105	0
1181	2760.432909965515	0.2753922243711363	0.0	1
1182	2762.646214723587	0.2753922243711363	0.0	2
1183	2764.887118577957	0.2753922243711363	0.0	3
1184	2767.1101467609406	0.2753922243711363	0.0	4
1185	2769.307204246521	0.2753922243711363	0.0	5
1186	2771.5546791553497	0.2753922243711363	0.0	6
1187	2773.74364733696	0.2753922243711363	0.0	7
1188	2775.983050584793	0.2753922243711363	0.0	8
1189	2778.136535167694	0.2753922243711363	0.0	9
1190	2780.4420850276947	0.2753922243711363	0.0	10
1191	2782.675258398056	0.27551852963819434	0.00012630526705803558	0
1192	2785.2674582004547	0.27551852963819434	0.0	1
1193	2788.0597715377808	0.2755767602633673	5.82306251729614e-05	0
1194	2790.914439678192	0.2755767602633673	0.0	1
1195	2793.7772629261017	0.27576129615559836	0.0001845358922310525	0
1196	2796.008816719055	0.27631490383229146	0.000553607676693102	0
1197	2798.2019979953766	0.27631490383229146	0.0	1
1198	2800.4307477474213	0.27631490383229146	0.0	2
1199	2802.6368379592896	0.27631490383229146	0.0	3
1200	2804.8745300769806	0.2764994397245225	0.0001845358922310525	0
1201	2807.13610291481	0.2764994397245225	0.0	1
1202	2809.360417842865	0.27658765292691223	8.821320238971975e-05	0
1203	2811.5658371448517	0.2767202880994533	0.0001326351725410846	0
1204	2813.77973818779	0.2771412606036054	0.0004209725041520729	0
1205	2815.98047208786	0.2771412606036054	0.0	1
1206	2818.1922719478607	0.2773257964958364	0.00018453589223099698	0
1207	2820.3670585155487	0.2773257964958364	0.0	1
1208	2822.5965826511383	0.2773257964958364	0.0	2
1209	2824.793937444687	0.27753245326772696	0.00020665677189057874	0
1210	2827.002883195877	0.27753245326772696	0.0	1
1211	2829.1880164146423	0.27753245326772696	0.0	2
1212	2831.420723438263	0.27753245326772696	0.0	3
1213	2833.618706226349	0.27753245326772696	0.0	4
1214	2835.8533158302307	0.27753245326772696	0.0	5
1215	2838.0606117248535	0.27783570304570726	0.00030324977798029673	0
1216	2840.3087980747223	0.27783570304570726	0.0	1
1217	2842.509838581085	0.27802023893793826	0.00018453589223099698	0
1218	2844.723599910736	0.27802023893793826	0.0	1
1219	2846.9372601509094	0.27802023893793826	0.0	2
1220	2849.2202479839325	0.2781188367895368	9.85978515985475e-05	0
1221	2851.3756828308105	0.2782047748301693	8.593804063250499e-05	0
1222	2853.598621606827	0.2782047748301693	0.0	1
1223	2855.818907022476	0.27838931072240036	0.0001845358922310525	0
1224	2858.0323615074158	0.27838931072240036	0.0	1
1225	2860.225360393524	0.27838931072240036	0.0	2
1226	2862.451762199402	0.2783963389448584	7.0282224580164865e-06	0
1227	2864.688878059387	0.2783963389448584	0.0	1
1228	2866.9309215545654	0.2785738466146314	0.000177507669773036	0
1229	2869.1110966205597	0.2785738466146314	0.0	1
1230	2871.319591999054	0.2785738466146314	0.0	2
1231	2873.5226876735687	0.27858087483708943	7.0282224580164865e-06	0
1232	2875.744904756546	0.2788474517107054	0.0002665768736159757	0
1233	2877.9482474327087	0.2788474517107054	0.0	1
1234	2880.160549402237	0.2788474517107054	0.0	2
1235	2882.3418805599213	0.2788474517107054	0.0	3
1236	2884.579302072525	0.2788474517107054	0.0	4
1237	2886.7617621421814	0.2790319876029364	0.00018453589223099698	0
1238	2889.0173740386963	0.27921652349516746	0.0001845358922310525	0
1239	2891.2309985160828	0.27921652349516746	0.0	1
1240	2893.4687716960907	0.27921652349516746	0.0	2
1241	2895.6687791347504	0.2794010593873985	0.0001845358922310525	0
1242	2897.8829476833344	0.27958559527962956	0.0001845358922310525	0
1243	2900.06068611145	0.27958559527962956	0.0	1
1244	2902.29509305954	0.27958559527962956	0.0	2
1245	2904.545310020447	0.27958559527962956	0.0	3
1246	2906.7739446163177	0.27958559527962956	0.0	4
1247	2909.0035145282745	0.27958559527962956	0.0	5
1248	2911.2154490947723	0.27977013117186056	0.00018453589223099698	0
1249	2913.387009859085	0.27977013117186056	0.0	1
1250	2915.594480276108	0.27977013117186056	0.0	2
1251	2917.75789809227	0.27977013117186056	0.0	3
1252	2920.3175146579742	0.27977013117186056	0.0	4
1253	2923.068694114685	0.2799546670640916	0.0001845358922310525	0
1254	2925.81103849411	0.2799546670640916	0.0	1
1255	2928.594702243805	0.2799730936216899	1.8426557598261173e-05	0
1256	2930.800998687744	0.2799730936216899	0.0	1
1257	2933.021474838257	0.28013920295632266	0.00016610933463279132	0
1258	2935.2092785835266	0.2801576295139209	1.8426557598261173e-05	0
1259	2937.416042804718	0.2801768219675563	1.9192453635352713e-05	0
1260	2939.686141729355	0.280342165406152	0.00016534343859569978	0
1261	2941.8818686008453	0.28069281063301577	0.0003506452268637883	0
1262	2944.132156610489	0.28069281063301577	0.0	1
1263	2946.3219096660614	0.28069281063301577	0.0	2
1264	2948.5434906482697	0.28069281063301577	0.0	3
1265	2950.750550031662	0.2808773465252468	0.0001845358922310525	0
1266	2952.953008413315	0.2808773465252468	0.0	1
1267	2955.138430118561	0.2808773465252468	0.0	2
1268	2957.337439060211	0.2808773465252468	0.0	3
1269	2959.5193922519684	0.2808773465252468	0.0	4
1270	2961.719801425934	0.2813013375608392	0.00042399103559237483	0
1271	2963.8921658992767	0.2813013375608392	0.0	1
1272	2966.0927896499634	0.2813013375608392	0.0	2
1273	2968.252249479294	0.2813013375608392	0.0	3
1274	2970.471531391144	0.2813013375608392	0.0	4
1275	2972.72816157341	0.2814493807595382	0.0001480431986989883	0
1276	2974.898718357086	0.2814493807595382	0.0	1
1277	2977.0282711982727	0.28151333307863535	6.395231909717136e-05	0
1278	2979.2141737937927	0.2815134907631136	1.5768447825248444e-07	1
1279	2981.3251559734344	0.2815134907631136	0.0	2
1280	2983.5442860126495	0.2815134907631136	0.0	3
1281	2985.734213113785	0.2815134907631136	0.0	4
1282	2987.9445929527283	0.2815134907631136	0.0	5
1283	2990.100410223007	0.2815134907631136	0.0	6
1284	2992.3001840114594	0.2816980266553446	0.00018453589223099698	0
1285	2994.4263095855713	0.2816980266553446	0.0	1
1286	2996.6346530914307	0.2816980266553446	0.0	2
1287	2998.7537937164307	0.2816980266553446	0.0	3
1288	3000.9773421287537	0.2816980266553446	0.0	4
1289	3003.132246017456	0.2816980266553446	0.0	5
1290	3005.377539396286	0.2816980266553446	0.0	6
1291	3007.503527402878	0.2816980266553446	0.0	7
1292	3009.728353738785	0.2816980266553446	0.0	8
1293	3011.8791472911835	0.2816980266553446	0.0	9
1294	3014.075207710266	0.2817994628275512	0.00010143617220659262	0
1295	3016.2169897556305	0.2817994628275512	0.0	1
1296	3018.424210548401	0.2820670984398067	0.00026763561225551236	0
1297	3020.574211359024	0.2820670984398067	0.0	1
1298	3022.763296365738	0.2820670984398067	0.0	2
1299	3024.9832203388214	0.2820670984398067	0.0	3
1300	3027.190749645233	0.2820670984398067	0.0	4
1301	3029.4062538146973	0.2820670984398067	0.0	5
1302	3031.602739095688	0.2820670984398067	0.0	6
1303	3033.759783267975	0.2820670984398067	0.0	7
1304	3035.956837415695	0.2820670984398067	0.0	8
1305	3038.0841081142426	0.28225163433203776	0.0001845358922310525	0
1306	3040.290974378586	0.28225163433203776	0.0	1
1307	3042.412853717804	0.28225163433203776	0.0	2
1308	3044.603102207184	0.28225163433203776	0.0	3
1309	3046.7500088214874	0.28243617022426876	0.00018453589223099698	0
1310	3048.933982849121	0.28243617022426876	0.0	1
1311	3051.109564304352	0.28243617022426876	0.0	2
1312	3053.6556494235992	0.28243617022426876	0.0	3
1313	3056.4946150779724	0.28243617022426876	0.0	4
1314	3059.307371377945	0.28243617022426876	0.0	5
1315	3062.153093099594	0.2824488976142969	1.2727390028166585e-05	0
1316	3064.3282120227814	0.2824488976142969	0.0	1
1317	3066.4903359413147	0.2824488976142969	0.0	2
1318	3068.7128360271454	0.2824488976142969	0.0	3
1319	3070.9065959453583	0.2826207061164998	0.0001718085022028859	0
1320	3073.122974395752	0.2826207061164998	0.0	1
1321	3075.2543063163757	0.2826207061164998	0.0	2
1322	3077.4578087329865	0.2826207061164998	0.0	3
1323	3079.6018359661102	0.2826207061164998	0.0	4
1324	3081.826051712036	0.2826207061164998	0.0	5
1325	3084.047392129898	0.282633433506528	1.2727390028166585e-05	0
1326	3086.2450845241547	0.2827221422887064	8.870878217842604e-05	0
1327	3088.400682449341	0.28280524200873086	8.309972002445987e-05	0
1328	3090.6100931167603	0.28280524200873086	0.0	1
1329	3092.7432227134705	0.28280524200873086	0.0	2
1330	3094.9552612304688	0.28280524200873086	0.0	3
1331	3097.103356361389	0.28280524200873086	0.0	4
1332	3099.2916238307953	0.28287306886072155	6.782685199069327e-05	0
1333	3101.503598690033	0.2829897779009619	0.00011670904024035922	0
1334	3103.703906774521	0.2829897779009619	0.0	1
1335	3105.8145484924316	0.2829897779009619	0.0	2
1336	3108.026581764221	0.2831743137931929	0.00018453589223099698	0
1337	3110.1872305870056	0.2831743137931929	0.0	1
1338	3112.3166496753693	0.2831743137931929	0.0	2
1339	3114.431120157242	0.2831743137931929	0.0	3
1340	3116.6423194408417	0.2831743137931929	0.0	4
1341	3118.8384881019592	0.2831743137931929	0.0	5
1342	3121.0755133628845	0.28335884968542396	0.0001845358922310525	0
1343	3123.1901195049286	0.28335884968542396	0.0	1
1344	3125.384385585785	0.28335884968542396	0.0	2
1345	3127.502033472061	0.28335884968542396	0.0	3
1346	3129.698568344116	0.28335884968542396	0.0	4
1347	3131.8531107902527	0.28335884968542396	0.0	5
1348	3134.0535242557526	0.28335884968542396	0.0	6
1349	3136.265640258789	0.283543385577655	0.0001845358922310525	0
1350	3138.439999103546	0.28372792146988607	0.0001845358922310525	0
1351	3140.5984869003296	0.28372792146988607	0.0	1
1352	3142.7901425361633	0.28372792146988607	0.0	2
1353	3144.9758462905884	0.28391245736211707	0.00018453589223099698	0
1354	3147.1594998836517	0.28391245736211707	0.0	1
1355	3149.358668088913	0.28391245736211707	0.0	2
1356	3151.5521953105927	0.28391245736211707	0.0	3
1357	3153.7471170425415	0.28391245736211707	0.0	4
1358	3155.999757051468	0.28391245736211707	0.0	5
1359	3158.101665019989	0.2840969932543481	0.0001845358922310525	0
1360	3160.296651124954	0.2840969932543481	0.0	1
1361	3162.395338535309	0.2840969932543481	0.0	2
1362	3164.574858903885	0.2840969932543481	0.0	3
1363	3166.6829154491425	0.2840969932543481	0.0	4
1364	3168.8623354434967	0.28428152914657917	0.0001845358922310525	0
1365	3170.9713501930237	0.28428152914657917	0.0	1
1366	3173.181127309799	0.28428152914657917	0.0	2
1367	3175.2834420204163	0.28428152914657917	0.0	3
1368	3177.459114551544	0.2844660650388102	0.0001845358922310525	0
1369	3179.539598464966	0.2844660650388102	0.0	1
1370	3181.7041521072388	0.2846506009310412	0.00018453589223099698	0
1371	3183.8114478588104	0.2848351368232723	0.0001845358922310525	0
1372	3186.355976343155	0.2848351368232723	0.0	1
1373	3189.1076896190643	0.2848351368232723	0.0	2
1374	3191.9338862895966	0.2850196727155033	0.0001845358922310525	0
1375	3194.7639253139496	0.2850196727155033	0.0	1
1376	3196.947380542755	0.2850196727155033	0.0	2
1377	3199.0475449562073	0.2850196727155033	0.0	3
1378	3201.2190799713135	0.2850196727155033	0.0	4
1379	3203.2937870025635	0.2850196727155033	0.0	5
1380	3205.481966972351	0.2852042086077344	0.0001845358922310525	0
1381	3207.5747344493866	0.2852042086077344	0.0	1
1382	3209.7320091724396	0.2852042086077344	0.0	2
1383	3211.8138494491577	0.2852042086077344	0.0	3
1384	3213.9649934768677	0.2852042086077344	0.0	4
1385	3216.067835330963	0.2857578162844275	0.000553607676693102	0
1386	3218.2202677726746	0.2857578162844275	0.0	1
1387	3220.3125014305115	0.2857578162844275	0.0	2
1388	3222.504717350006	0.2857578162844275	0.0	3
1389	3224.5826902389526	0.2857578162844275	0.0	4
1390	3226.776342153549	0.2857578162844275	0.0	5
1391	3228.870683193207	0.2857578162844275	0.0	6
1392	3231.0449044704437	0.28594235217665853	0.0001845358922310525	0
1393	3233.1436953544617	0.28594235217665853	0.0	1
1394	3235.2979159355164	0.28594235217665853	0.0	2
1395	3237.392708301544	0.28594235217665853	0.0	3
1396	3239.5304923057556	0.28594235217665853	0.0	4
1397	3241.629746198654	0.28594235217665853	0.0	5
1398	3243.812324523926	0.28594235217665853	0.0	6
1399	3245.8933441638947	0.2859986905880928	5.633841143426466e-05	0
1400	3248.058894634247	0.2859986905880928	0.0	1
1401	3250.153751373291	0.28612688806888953	0.00012819748079673232	0
1402	3252.358566761017	0.28612688806888953	0.0	1
1403	3254.432883501053	0.28612688806888953	0.0	2
1404	3256.64000415802	0.28612688806888953	0.0	3
1405	3258.7450284957886	0.28627680095497327	0.0001499128860837362	0
1406	3260.8862493038177	0.28627680095497327	0.0	1
1407	3262.966273546219	0.28627680095497327	0.0	2
1408	3265.1193828582764	0.28649595985335163	0.00021915889837836877	0
1409	3267.211021900177	0.28649595985335163	0.0	1
1410	3269.3587498664856	0.28649595985335163	0.0	2
1411	3271.4497463703156	0.2866804957455827	0.0001845358922310525	0
1412	3273.5846905708313	0.2866804957455827	0.0	1
1413	3275.67192029953	0.2866804957455827	0.0	2
1414	3277.8730149269104	0.2866804957455827	0.0	3
1415	3279.959592819214	0.2866804957455827	0.0	4
1416	3282.117645263672	0.2867659156800724	8.541993448973884e-05	0
1417	3284.2037868499756	0.2867745207473127	8.605067240263775e-06	0
1418	3286.3580417633057	0.2868650316378137	9.051089050099437e-05	0
1419	3288.4298589229584	0.2868650316378137	0.0	1
1420	3290.5998661518097	0.2868650316378137	0.0	2
1421	3292.658395051956	0.2868650316378137	0.0	3
1422	3294.8049716949463	0.28695905663954374	9.402500173005812e-05	0
1423	3296.8931555747986	0.2870793023173671	0.00012024567782337181	0
1424	3299.0287857055664	0.2870793023173671	0.0	1
1425	3301.108583211899	0.2870793023173671	0.0	2
1426	3303.270089864731	0.2870793023173671	0.0	3
1427	3305.356109857559	0.2870793023173671	0.0	4
1428	3307.5235784053802	0.2870793023173671	0.0	5
1429	3309.6319777965546	0.2871435925317748	6.429021440768068e-05	0
1430	3311.811808824539	0.2871435925317748	0.0	1
1431	3313.891587495804	0.28726383820959817	0.00012024567782337181	0
1432	3316.4306094646454	0.28726383820959817	0.0	1
1433	3319.1977338790894	0.28726383820959817	0.0	2
1434	3321.912193775177	0.2872969744763794	3.313626678125292e-05	0
1435	3324.6858444213867	0.2872969744763794	0.0	1
1436	3326.816291332245	0.2872969744763794	0.0	2
1437	3328.959436416626	0.2874483741018292	0.00015139962544979957	0
1438	3331.112944841385	0.2874483741018292	0.0	1
1439	3333.2393095493317	0.28763290999406027	0.0001845358922310525	0
1440	3335.4057309627533	0.28763290999406027	0.0	1
1441	3337.5389103889465	0.28763290999406027	0.0	2
1442	3339.695343017578	0.28763290999406027	0.0	3
1443	3341.812275648117	0.28763290999406027	0.0	4
1444	3344.002989768982	0.28763290999406027	0.0	5
1445	3346.1627905368805	0.28763290999406027	0.0	6
1446	3348.2878992557526	0.28763290999406027	0.0	7
1447	3350.438812494278	0.28763290999406027	0.0	8
1448	3352.6201317310333	0.28763290999406027	0.0	9
1449	3354.76163315773	0.28763290999406027	0.0	10
1450	3356.9654591083527	0.28766604626084147	3.313626678119741e-05	0
1451	3359.0669887065887	0.28781744588629127	0.00015139962544979957	0
1452	3361.2366263866425	0.28781744588629127	0.0	1
1453	3363.3432812690735	0.28781744588629127	0.0	2
1454	3365.4764194488525	0.28781744588629127	0.0	3
1455	3367.6066212654114	0.2880019817785223	0.0001845358922310525	0
1456	3369.7853860855103	0.2880019817785223	0.0	1
1457	3371.9301056861877	0.2880019817785223	0.0	2
1458	3374.0743839740753	0.2880019817785223	0.0	3
1459	3376.2096819877625	0.2880351180453036	3.313626678125292e-05	0
1460	3378.360707759857	0.2881865176707534	0.00015139962544979957	0
1461	3380.4473712444305	0.2882196539375346	3.313626678125292e-05	0
1462	3382.5490624904633	0.2882196539375346	0.0	1
1463	3384.6670570373535	0.2882196539375346	0.0	2
1464	3386.876391887665	0.2882196539375346	0.0	3
1465	3389.0188689231873	0.2883710535629844	0.00015139962544979957	0
1466	3391.162213563919	0.2883710535629844	0.0	1
1467	3393.294373512268	0.2883710535629844	0.0	2
1468	3395.441902399063	0.2884041898297656	3.313626678119741e-05	0
1469	3397.5805966854095	0.2884041898297656	0.0	1
1470	3399.722028017044	0.2884041898297656	0.0	2
1471	3401.8582239151	0.2884041898297656	0.0	3
1472	3404.0146391391754	0.2884041898297656	0.0	4
1473	3406.1605875492096	0.2885887257219967	0.0001845358922310525	0
1474	3408.3314893245697	0.2885887257219967	0.0	1
1475	3410.4749035835266	0.2885887257219967	0.0	2
1476	3412.6213717460632	0.2885887257219967	0.0	3
1477	3414.7478079795837	0.2885887257219967	0.0	4
1478	3416.9009714126587	0.2887732616142277	0.0001845358922310525	0
1479	3419.0446667671204	0.2887732616142277	0.0	1
1480	3421.141654253006	0.2887732616142277	0.0	2
1481	3423.2693939208984	0.2887732616142277	0.0	3
1482	3425.4086101055145	0.2889577975064588	0.0001845358922310525	0
1483	3427.5240552425385	0.2889577975064588	0.0	1
1484	3429.6441202163696	0.2889577975064588	0.0	2
1485	3431.836498975754	0.2889577975064588	0.0	3
1486	3433.9896717071533	0.2889577975064588	0.0	4
1487	3436.116941690445	0.2889577975064588	0.0	5
1488	3438.2817029953003	0.2889577975064588	0.0	6
1489	3440.4371223449707	0.2889577975064588	0.0	7
1490	3442.586588859558	0.2891423333986898	0.00018453589223099698	0
1491	3444.701023578644	0.2891423333986898	0.0	1
1492	3447.163460254669	0.2891423333986898	0.0	2
1493	3449.8973944187164	0.2891423333986898	0.0	3
1494	3452.5954883098602	0.28932686929092083	0.0001845358922310525	0
1495	3455.3599610328674	0.28932686929092083	0.0	1
1496	3457.4709827899933	0.28932686929092083	0.0	2
1497	3459.593371152878	0.2895114051831519	0.0001845358922310525	0
1498	3461.7442309856415	0.2895114051831519	0.0	1
1499	3463.8565571308136	0.2895114051831519	0.0	2
1500	3465.992643594742	0.2895114051831519	0.0	3
1501	3468.1343359947205	0.2895114051831519	0.0	4
1502	3470.2670047283173	0.2895114051831519	0.0	5
1503	3472.3911600112915	0.28969594107538293	0.0001845358922310525	0
1504	3474.5185923576355	0.2897078349903119	1.1893914928950977e-05	0
1505	3476.617520570755	0.2897078349903119	0.0	1
1506	3478.748729944229	0.2898923708825429	0.00018453589223099698	0
1507	3480.854452610016	0.2898923708825429	0.0	1
1508	3482.9767537117004	0.2898923708825429	0.0	2
1509	3485.1083076000214	0.2898923708825429	0.0	3
1510	3487.242029905319	0.290065012859845	0.0001726419773021015	0
1511	3489.3156039714813	0.290065012859845	0.0	1
1512	3491.4725863933563	0.290065012859845	0.0	2
1513	3493.586867570877	0.290065012859845	0.0	3
1514	3495.71276140213	0.29007690677477393	1.1893914928950977e-05	0
1515	3497.815634727478	0.29007690677477393	0.0	1
1516	3499.941747188568	0.29007690677477393	0.0	2
1517	3502.0322744846344	0.2902648441464638	0.00018793737168987246	0
1518	3504.1803648471832	0.2902648441464638	0.0	1
1519	3506.269172668457	0.2902648441464638	0.0	2
1520	3508.380132675171	0.29044938003869486	0.0001845358922310525	0
1521	3510.479662656784	0.29044938003869486	0.0	1
1522	3512.6287744045258	0.29044938003869486	0.0	2
1523	3514.7231874465942	0.29044938003869486	0.0	3
1524	3516.8391942977905	0.2906339159309259	0.0001845358922310525	0
1525	3518.9901061058044	0.2906339159309259	0.0	1
1526	3521.108425140381	0.2906339159309259	0.0	2
1527	3523.220048189163	0.2906339159309259	0.0	3
1528	3525.337246656418	0.2906339159309259	0.0	4
1529	3527.4375436306	0.2908150503436981	0.000181134412772177	0
1530	3529.55033326149	0.29081845182315696	3.401479458875478e-06	0
1531	3531.670900583267	0.29081845182315696	0.0	1
1532	3533.7669723033905	0.29100298771538796	0.00018453589223099698	0
1533	3535.869789123535	0.29100298771538796	0.0	1
1534	3537.978791475296	0.29100298771538796	0.0	2
1535	3540.0807626247406	0.29100298771538796	0.0	3
1536	3542.2109591960907	0.29100298771538796	0.0	4
1537	3544.240076780319	0.29100298771538796	0.0	5
1538	3546.3249349594116	0.2911662362030587	0.00016324848767074185	0
1539	3548.4217500686646	0.2911662362030587	0.0	1
1540	3550.530948638916	0.2911662362030587	0.0	2
1541	3552.621983766556	0.2911662362030587	0.0	3
1542	3554.7281007766724	0.2911662362030587	0.0	4
1543	3556.8607561588287	0.2911662362030587	0.0	5
1544	3558.9709067344666	0.291187523607619	2.128740456031064e-05	0
1545	3561.0756289958954	0.291187523607619	0.0	1
1546	3563.2068836688995	0.291187523607619	0.0	2
1547	3565.324583053589	0.291187523607619	0.0	3
1548	3567.4334304332733	0.291187523607619	0.0	4
1549	3569.5320632457733	0.29137205949985007	0.0001845358922310525	0
1550	3571.644359588623	0.29137205949985007	0.0	1
1551	3573.7504642009735	0.29137205949985007	0.0	2
1552	3576.1932196617126	0.29137205949985007	0.0	3
1553	3578.92622756958	0.29137205949985007	0.0	4
1554	3581.6610243320465	0.2915565953920811	0.0001845358922310525	0
1555	3584.438852787018	0.2917198438797518	0.00016324848767068634	0
1556	3586.5973908901215	0.2917411312843121	2.128740456031064e-05	0
1557	3588.677490711212	0.2917411312843121	0.0	1
1558	3590.7521290779114	0.2918096339269238	6.85026426116564e-05	0
1559	3592.825833082199	0.2918096339269238	0.0	1
1560	3594.9291582107544	0.29190437977198286	9.474584505908545e-05	0
1561	3597.0236093997955	0.29190437977198286	0.0	1
1562	3599.1606328487396	0.2919941698191548	8.979004717196704e-05	0
1563	3601.259697675705	0.2919941698191548	0.0	1
