1	13.853513717651367	0.03639677631654826	10000000000.036396	0
2	22.422561168670654	0.052865613538591066	0.016468837222042808	0
3	31.28992486000061	0.058111162285981614	0.005245548747390548	0
4	40.27617883682251	0.058111162285981614	0.0	1
5	49.735795974731445	0.058111162285981614	0.0	2
6	59.51174259185791	0.0633841706589373	0.005273008372955683	0
7	69.34866833686829	0.06513896800645011	0.0017547973475128126	0
8	79.69753670692444	0.07413682728197372	0.008997859275523615	0
9	90.35890460014343	0.08063607463143281	0.006499247349459086	0
10	101.55055689811707	0.08063607463143281	0.0	1
11	113.36463856697083	0.09186603653846709	0.011229961907034278	0
12	125.31779360771179	0.09186603653846709	0.0	1
13	137.6728298664093	0.09223510832292917	0.0003690717844620772	0
14	150.27613878250122	0.09223510832292917	0.0	1
15	163.2157325744629	0.09223510832292917	0.0	2
16	176.36467504501343	0.09223510832292917	0.0	3
17	189.87435746192932	0.09547691535280955	0.003241807029880389	0
18	203.47793340682983	0.09672060662209933	0.0012436912692897761	0
19	217.08319640159607	0.09672060662209933	0.0	1
20	230.83350014686584	0.10291960019866442	0.006198993576565087	0
21	244.6671805381775	0.10291960019866442	0.0	1
22	258.3923919200897	0.10291960019866442	0.0	2
23	272.05917048454285	0.10291960019866442	0.0	3
24	285.831111907959	0.1032886719831265	0.0003690717844620772	0
25	299.45456862449646	0.1032886719831265	0.0	1
26	313.1700851917267	0.1032886719831265	0.0	2
27	326.8543393611908	0.10401439226780194	0.000725720284675449	0
28	340.510422706604	0.1060233263099165	0.002008934042114552	0
29	354.23418378829956	0.1097153168935401	0.0036919905836236	0
30	368.00006127357483	0.1097153168935401	0.0	1
31	381.7379379272461	0.11046225700371379	0.0007469401101736911	0
32	395.4223487377167	0.11192307979951906	0.0014608227958052694	0
33	409.182359457016	0.11447126096763124	0.0025481811681121874	0
34	422.9338586330414	0.11447126096763124	0.0	1
35	436.64553117752075	0.11532169841140547	0.0008504374437742213	0
36	450.4246230125427	0.11532169841140547	0.0	1
37	464.1509232521057	0.11638749906290367	0.0010658006514982082	0
38	477.9605736732483	0.12024244529159554	0.003854946228691869	0
39	491.7893497943878	0.12024244529159554	0.0	1
40	505.5056116580963	0.12213756492996286	0.001895119638367318	0
41	519.2699890136719	0.12288894273188088	0.0007513778019180156	0
42	533.0156123638153	0.12339667548858761	0.0005077327567067358	0
43	546.90283370018	0.12339667548858761	0.0	1
44	560.8838512897491	0.12339667548858761	0.0	2
45	574.7621991634369	0.125202737186289	0.0018060616977013805	0
46	588.7248928546906	0.12520275971264302	2.2526354032104123e-08	1
47	602.6726157665253	0.12627124100027104	0.0010684812876280148	0
48	616.4742820262909	0.12743313907807022	0.0011618980777991783	0
49	630.3520016670227	0.12743313907807022	0.0	1
50	644.3014929294586	0.13295066539245595	0.0055175263143857345	0
51	658.2563941478729	0.13295066539245595	0.0	1
52	672.3509314060211	0.13920248326922632	0.006251817876770371	0
53	686.3376662731171	0.13920248326922632	0.0	1
54	700.4447069168091	0.13920248326922632	0.0	2
55	714.4444108009338	0.14058127634682369	0.0013787930775973622	0
56	728.5373458862305	0.1431609718842268	0.002579695537403115	0
57	742.6662511825562	0.1431609718842268	0.0	1
58	756.6790988445282	0.14376007153288775	0.0005990996486609501	0
59	770.8351294994354	0.1440819843951836	0.00032191286229585336	0
60	784.8981852531433	0.14853743816966344	0.0044554537744798395	0
61	799.2844264507294	0.14899181725684513	0.0004543790871816833	0
62	813.5895948410034	0.1492418259970705	0.000250008740225377	0
63	827.9094138145447	0.1494034751136049	0.00016164911653440694	0
64	842.1409046649933	0.1594348435121217	0.010031368398516788	0
65	856.5919804573059	0.1594348435121217	0.0	1
66	871.1551446914673	0.160438978269457	0.0010041347573352954	0
67	885.625645160675	0.16056327869100617	0.0001243004215491783	0
68	900.1350619792938	0.1607984538271014	0.00023517513609522256	0
69	914.7507073879242	0.1607984538271014	0.0	1
70	929.5349552631378	0.1607984538271014	0.0	2
71	944.3582978248596	0.16135206150379452	0.0005536076766931297	0
72	958.9857614040375	0.16135206150379452	0.0	1
73	973.8807113170624	0.16241029330033793	0.0010582317965434074	0
74	988.885849237442	0.16343024155820376	0.0010199482578658325	0
75	1003.8803443908691	0.16354906807572314	0.000118826517519377	0
76	1019.1171088218689	0.16462311337279711	0.0010740452970739722	0
77	1034.3888890743256	0.16462311337279711	0.0	1
78	1049.7164475917816	0.16584532576351727	0.001222212390720151	0
79	1065.280998468399	0.16618889771521497	0.0003435719516977076	0
80	1081.0928332805634	0.16618889771521497	0.0	1
81	1096.7749280929565	0.16736826498056606	0.001179367265351089	0
82	1112.5255601406097	0.16736826498056606	0.0	1
83	1128.4968197345734	0.16736826498056606	0.0	2
84	1144.5274765491486	0.1678809197456288	0.0005126547650627367	0
85	1160.4904186725616	0.1678809197456288	0.0	1
86	1176.6112682819366	0.1688724284815291	0.000991508735900315	0
87	1192.79927444458	0.1688724284815291	0.0	1
88	1209.0625517368317	0.16926596388647006	0.0003935354049409423	0
89	1225.2669506072998	0.16930019268142185	3.422879495179609e-05	0
90	1241.5305984020233	0.16936384089473958	6.364821331772408e-05	0
91	1257.8686451911926	0.1706201243959333	0.0012562835011937223	0
92	1274.2924139499664	0.17119909674726655	0.0005789723513332512	0
93	1290.6316976547241	0.17119909674726655	0.0	1
94	1307.0689270496368	0.17175133031636372	0.0005522335690971714	0
95	1323.3678812980652	0.17192863524895044	0.0001773049325867193	0
96	1339.868094444275	0.17308812300686818	0.0011594877579177432	0
97	1356.3256866931915	0.1743742314008004	0.0012861083939322282	0
98	1372.5815024375916	0.1743742314008004	0.0	1
99	1389.1788759231567	0.1743742314008004	0.0	2
100	1405.7141683101654	0.17598842487803332	0.0016141934772329058	0
101	1422.2675821781158	0.17679937362318923	0.000810948745155915	0
102	1438.7204599380493	0.17679937362318923	0.0	1
103	1455.1610310077667	0.17714791263595106	0.0003485390127618282	0
104	1471.6668100357056	0.17898223364478572	0.001834321008834655	0
105	1488.2078285217285	0.17898223364478572	0.0	1
106	1504.7029345035553	0.17898223364478572	0.0	2
107	1521.2808351516724	0.17916676953701674	0.00018453589223102473	0
108	1537.7850368022919	0.17950848306450684	0.00034171352749010064	0
109	1554.366178035736	0.18086331936459102	0.0013548363000841779	0
110	1570.9916808605194	0.18162522823701904	0.0007619088724280243	0
111	1587.5801286697388	0.18162522823701904	0.0	1
112	1604.1096518039703	0.18162522823701904	0.0	2
113	1620.703849554062	0.18162522823701904	0.0	3
114	1637.3150701522827	0.18172862420202643	0.00010339596500738568	0
115	1653.847674369812	0.1822745616551716	0.0005459374531451844	0
116	1670.558420419693	0.1822745616551716	0.0	1
117	1687.1243143081665	0.18230621118258672	3.164952741510629e-05	0
118	1703.7642557621002	0.18286713992434028	0.0005609287417535636	0
119	1720.4734570980072	0.18286713992434028	0.0	1
120	1737.2154202461243	0.1829979955149128	0.0001308555905725206	0
121	1753.6105625629425	0.18304844328476771	5.044776985491106e-05	0
122	1770.2341861724854	0.184822168401256	0.001773725116488295	0
123	1786.871943473816	0.184822168401256	0.0	1
124	1803.5550622940063	0.18524816428235721	0.00042599588110120434	0
125	1820.1856455802917	0.18524816428235721	0.0	1
126	1836.8798365592957	0.18566237888029963	0.0004142145979424139	0
127	1853.5873494148254	0.18566237888029963	0.0	1
128	1870.3734748363495	0.18566237888029963	0.0	2
129	1887.141314983368	0.18615551455959356	0.0004931356792939323	0
130	1903.8313488960266	0.18615551455959356	0.0	1
131	1920.5917475223541	0.18615551455959356	0.0	2
132	1937.3322792053223	0.18707902749584795	0.0009235129362543948	0
133	1954.2526965141296	0.18707902749584795	0.0	1
134	1971.059918165207	0.18707902749584795	0.0	2
135	1987.888132572174	0.18707902749584795	0.0	3
136	2004.5876536369324	0.18811755999579027	0.0010385324999423184	0
137	2021.6654660701752	0.18811755999579027	0.0	1
138	2038.5361366271973	0.18811755999579027	0.0	2
139	2055.298005580902	0.18846321563523596	0.0003456556394456911	0
140	2072.2028379440308	0.18865997207452945	0.00019675643929348285	0
141	2089.088660478592	0.18892053441161885	0.0002605623370894039	0
142	2105.9884226322174	0.18984911577753044	0.0009285813659115905	0
143	2122.9294254779816	0.18984911577753044	0.0	1
144	2139.836670398712	0.18984911577753044	0.0	2
145	2156.7202484607697	0.18984911577753044	0.0	3
146	2173.6087050437927	0.1901079661117134	0.000258850334182964	0
147	2190.4266464710236	0.19055734434829996	0.0004493782365865562	0
148	2207.214521884918	0.19074188024053101	0.0001845358922310525	0
149	2224.10538315773	0.19074188024053101	0.0	1
150	2240.909018754959	0.1911979713306191	0.00045609109008809545	0
151	2257.7622122764587	0.19177854305308867	0.0005805717224695583	0
152	2274.599287509918	0.19177854305308867	0.0	1
153	2291.393889904022	0.19177854305308867	0.0	2
154	2308.3254585266113	0.1929181738299271	0.0011396307768384295	0
155	2325.0416162014008	0.1929181738299271	0.0	1
156	2341.9593584537506	0.1929181738299271	0.0	2
157	2360.147052049637	0.1929181738299271	0.0	3
158	2377.0990731716156	0.1929181738299271	0.0	4
159	2393.987481355667	0.1936027497289629	0.0006845758990358108	0
160	2410.834962129593	0.1936027497289629	0.0	1
161	2427.6918601989746	0.19406566630432276	0.00046291657535985076	0
162	2444.6028735637665	0.1944586385504129	0.0003929722460901397	0
163	2461.5742666721344	0.1944586385504129	0.0	1
164	2478.575631380081	0.1944586385504129	0.0	2
165	2495.5341424942017	0.19459100340670557	0.00013236485629267158	0
166	2512.2815301418304	0.19464317444264395	5.2171035938380905e-05	0
167	2529.258645296097	0.19474134429351586	9.816985087190977e-05	0
168	2546.466749191284	0.1953331341402934	0.0005917898467775462	0
169	2563.6149384975433	0.1953331341402934	0.0	1
170	2580.7625358104706	0.1953331341402934	0.0	2
171	2597.7934577465057	0.19537881758627054	4.568344597713492e-05	0
172	2614.8347868919373	0.19572484491055775	0.00034602732428720695	0
173	2634.3891167640686	0.1969359743350941	0.0012111294245363557	0
174	2651.3548724651337	0.1969359743350941	0.0	1
175	2668.4776453971863	0.1972941208378506	0.0003581465027565067	0
176	2685.6600835323334	0.19746239270247049	0.0001682718646198733	0
177	2702.76246714592	0.19746239270247049	0.0	1
178	2719.812343597412	0.19759340597752123	0.00013101327505074534	0
179	2736.7189104557037	0.19777794186975226	0.00018453589223102473	0
180	2753.9653294086456	0.19777794186975226	0.0	1
181	2771.1903376579285	0.19792021832181905	0.0001422764520667974	0
182	2788.460846424103	0.1990886152527565	0.0011683969309374542	0
183	2805.696443080902	0.1990886152527565	0.0	1
184	2822.9961853027344	0.1990886152527565	0.0	2
185	2840.039101600647	0.1990886152527565	0.0	3
186	2857.2324476242065	0.19934782600860398	0.00025921075584747766	0
187	2874.46511220932	0.19949704057771267	0.00014921456910868547	0
188	2891.423017501831	0.20029571245992112	0.000798671882208446	0
189	2908.6023354530334	0.2008532397222158	0.0005575272622946881	0
190	2925.805363893509	0.2011166629062673	0.0002634231840515089	0
191	2943.0956416130066	0.2011166629062673	0.0	1
192	2960.4556691646576	0.20152885013234684	0.0004121872260795245	0
193	2977.7806696891785	0.20171338602457786	0.00018453589223102473	0
194	2995.035280227661	0.20171338602457786	0.0	1
195	3012.3197026252747	0.20181950767842313	0.00010612165384527028	0
196	3029.613112449646	0.20181950767842313	0.0	1
197	3046.97833609581	0.20198162984839224	0.0001621221699691089	0
198	3064.3774173259735	0.20279510154519975	0.0008134716968075106	0
199	3081.7969410419464	0.20279510154519975	0.0	1
200	3099.2089524269104	0.20286252292281787	6.74213776181154e-05	0
201	3116.593813419342	0.20307091422396892	0.00020839130115105076	0
202	3133.9972224235535	0.2040399754480762	0.0009690612241072816	0
203	3151.219505548477	0.20449160632006597	0.0004516308719897666	0
204	3168.655262231827	0.20449160632006597	0.0	1
205	3186.252081632614	0.20490992071444225	0.0004183143943762846	0
206	3203.72346162796	0.20490992071444225	0.0	1
207	3221.201723575592	0.20490992071444225	0.0	2
208	3238.438378095627	0.20501885816254153	0.0001089374480992833	0
209	3255.932642221451	0.20501885816254153	0.0	1
210	3273.3403503894806	0.20621392629665297	0.0011950681341114378	0
211	3290.836521625519	0.20621392629665297	0.0	1
212	3308.2639887332916	0.20621392629665297	0.0	2
213	3325.7548723220825	0.20640853146913637	0.00019460517248340303	0
214	3343.1798498630524	0.20640853146913637	0.0	1
215	3360.548472881317	0.2067400292950729	0.00033149782593652755	0
216	3378.006432533264	0.2067400292950729	0.0	1
217	3395.5055260658264	0.20674047982215354	4.5052708064208247e-07	2
218	3412.9939601421356	0.20701660786987913	0.00027612804772558786	0
219	3430.4951751232147	0.20709526989815927	7.866202828013535e-05	0
220	3448.0596945285797	0.2075741126058198	0.0004788427076605206	0
221	3465.669400691986	0.2075741126058198	0.0	1
222	3483.055662870407	0.20806701175839637	0.0004928991525765813	0
223	3500.5246098041534	0.20806701175839637	0.0	1
224	3518.0823092460632	0.20810071118402843	3.3699425632055524e-05	0
225	3535.5455696582794	0.20868132795920605	0.0005806167751776226	0
226	3553.210765361786	0.20868132795920605	0.0	1
227	3570.815062046051	0.20868132795920605	0.0	2
228	3588.478024959564	0.20962684914334978	0.0009455211841437328	0
229	3606.0084269046783	0.20962684914334978	0.0	1
