1	10.17092251777649	0.028317074336607885	10000000000.028316	0
2	16.787728548049927	0.030073014896587816	0.0017559405599799315	0
3	23.606208562850952	0.03705834717652876	0.006985332279940946	0
4	30.56806182861328	0.03705834717652876	0.0	1
5	37.433406829833984	0.04154374973869429	0.004485402562165529	0
6	44.411297082901	0.048518573474479264	0.006974823735784973	0
7	51.53417611122131	0.048518573474479264	0.0	1
8	58.71079349517822	0.048518573474479264	0.0	2
9	65.92052602767944	0.048518573474479264	0.0	3
10	73.34999108314514	0.048518573474479264	0.0	4
11	80.9098870754242	0.048518573474479264	0.0	5
12	88.53841066360474	0.05091059632485237	0.002392022850373106	0
13	96.32378959655762	0.05091059632485237	0.0	1
14	104.11083388328552	0.06329832272372093	0.012387726398868565	0
15	112.08132791519165	0.06329832272372093	0.0	1
16	119.99803185462952	0.06369824435002999	0.0003999216263090577	0
17	128.00757455825806	0.06414049862715387	0.00044225427712388243	0
18	136.5568871498108	0.06414049862715387	0.0	1
19	144.74097323417664	0.06414049862715387	0.0	2
20	153.36609315872192	0.06414049862715387	0.0	3
21	161.91068506240845	0.06876908432713601	0.004628585699982132	0
22	170.56868147850037	0.06876908432713601	0.0	1
23	179.54611372947693	0.08286093504012214	0.014091850712986131	0
24	188.67564392089844	0.0899143194355941	0.007053384395471957	0
25	197.8421914577484	0.0899143194355941	0.0	1
26	207.3833794593811	0.0899143194355941	0.0	2
27	217.1895489692688	0.09248893528016297	0.0025746158445688755	0
28	227.14419889450073	0.09248893528016297	0.0	1
29	237.32686114311218	0.09617964749319524	0.003690712213032271	0
30	248.10292720794678	0.09617964749319524	0.0	1
31	259.28336811065674	0.10503375484046296	0.008854107347267715	0
32	270.9819920063019	0.10503375484046296	0.0	1
33	282.58819913864136	0.10503375484046296	0.0	2
34	294.535617351532	0.11872438303019468	0.013690628189731727	0
35	307.11262917518616	0.11872438303019468	0.0	1
36	319.9828243255615	0.11872438303019468	0.0	2
37	333.0619053840637	0.12533306340754174	0.006608680377347062	0
38	346.6953749656677	0.12533306340754174	0.0	1
39	360.6330072879791	0.12533306340754174	0.0	2
40	375.290824174881	0.12533306340754174	0.0	3
41	390.8304216861725	0.12533306340754174	0.0	4
42	407.3805410861969	0.13396685174919842	0.008633788341656679	0
43	424.3650028705597	0.13396685174919842	0.0	1
44	442.05963110923767	0.13396685174919842	0.0	2
45	459.94232511520386	0.13562576003918506	0.0016589082899866325	0
46	478.44661498069763	0.13773583741090376	0.0021100773717186994	0
47	497.162885427475	0.13949397429040183	0.001758136879498079	0
48	515.7063021659851	0.13949397429040183	0.0	1
49	534.4542520046234	0.13985386658559582	0.0003598922951939809	0
50	553.3113784790039	0.14198287735787854	0.0021290107722827245	0
51	572.1563951969147	0.14198287735787854	0.0	1
52	591.1187386512756	0.14355012591330849	0.0015672485554299453	0
53	610.2036805152893	0.14355012591330849	0.0	1
54	629.209849357605	0.14355012591330849	0.0	2
55	648.2530128955841	0.14368904593862453	0.00013892002531604164	0
56	666.9858555793762	0.1449474243907432	0.0012583784521186803	0
57	685.9268636703491	0.1449474243907432	0.0	1
58	704.8423664569855	0.14736792618420141	0.0024205017934582074	0
59	723.7472548484802	0.14736792618420141	0.0	1
60	742.6897919178009	0.14920957952127353	0.0018416533370721189	0
61	761.7682812213898	0.15030536274998846	0.001095783228714925	0
62	780.8749856948853	0.15030536274998846	0.0	1
63	799.7936670780182	0.15033112163582418	2.5758885835724943e-05	0
64	818.5539395809174	0.15033112163582418	0.0	1
65	837.4778790473938	0.1527300882348277	0.002398966599003516	0
66	856.3864240646362	0.15296582652977372	0.00023573829494602516	0
67	875.3273231983185	0.1534717797045119	0.0005059531747381718	0
68	894.0244817733765	0.15385618067289283	0.00038440096838093796	0
69	912.8968098163605	0.15511041427586963	0.0012542336029768009	0
70	931.6425499916077	0.15511041427586963	0.0	1
71	950.4741427898407	0.15589785677059306	0.0007874424947234282	0
72	969.4809982776642	0.15968103403533862	0.0037831772647455575	0
73	988.2350614070892	0.15968103403533862	0.0	1
74	1006.9906966686249	0.16023464171203175	0.0005536076766931297	0
75	1025.67999625206	0.1615533907929565	0.001318749080924747	0
76	1044.549277305603	0.1615533907929565	0.0	1
77	1062.8014833927155	0.1615533907929565	0.0	2
78	1081.4666333198547	0.1615533907929565	0.0	3
79	1099.9444601535797	0.1615533907929565	0.0	4
80	1118.5605182647705	0.16171493854089777	0.00016154774794127635	0
81	1137.0906641483307	0.16438391728250715	0.0026689787416093735	0
82	1155.9178113937378	0.16573287420418897	0.0013489569216818265	0
83	1174.6160085201263	0.16690263397954536	0.0011697597753563826	0
84	1193.0993297100067	0.16690263397954536	0.0	1
85	1211.56259226799	0.168649946945931	0.001747312966385639	0
86	1230.0523719787598	0.168649946945931	0.0	1
87	1248.6901502609253	0.17196130972547402	0.0033113627795430256	0
88	1267.304169178009	0.17196130972547402	0.0	1
89	1285.9516837596893	0.1724994530601241	0.0005381433346500764	0
90	1304.7283790111542	0.1724994530601241	0.0	1
91	1323.33163356781	0.1724994530601241	0.0	2
92	1342.1985120773315	0.17286064062067494	0.0003611875605508408	0
93	1360.9060966968536	0.17537544899528856	0.002514808374613625	0
94	1379.8369228839874	0.17657818735294797	0.0012027383576594108	0
95	1398.7565295696259	0.17657818735294797	0.0	1
96	1417.750501871109	0.17657818735294797	0.0	2
97	1436.6579360961914	0.1777727486440937	0.0011945612911457293	0
98	1455.402173757553	0.1777727486440937	0.0	1
99	1473.9716987609863	0.1777727486440937	0.0	2
100	1492.7759041786194	0.17959259647046272	0.0018198478263690143	0
101	1511.5349187850952	0.1795967075300736	4.11105961087288e-06	0
102	1530.3867812156677	0.1795967075300736	0.0	1
103	1549.4194593429565	0.1795967075300736	0.0	2
104	1568.2522962093353	0.17962556378958872	2.8856259515125382e-05	0
105	1587.3157031536102	0.18037770748754384	0.000752143697955121	0
106	1606.4144604206085	0.18060770156221168	0.0002299940746678386	0
107	1625.277676820755	0.18097858671817332	0.00037088515596164773	0
108	1644.0701200962067	0.18264284501724257	0.0016642582990692434	0
109	1663.155893087387	0.18264284501724257	0.0	1
110	1682.260305404663	0.1835757176535973	0.0009328726363547202	0
111	1701.3014979362488	0.1835757176535973	0.0	1
112	1720.2407898902893	0.1835757176535973	0.0	2
113	1739.269525051117	0.1842579170222827	0.00068219936868541	0
114	1758.3983070850372	0.18481152469897583	0.0005536076766931297	0
115	1777.4969458580017	0.18481152469897583	0.0	1
116	1796.7043747901917	0.1853417500201836	0.0005302253212077779	0
117	1815.937578678131	0.1857338324752895	0.00039208245510588546	0
118	1834.905869960785	0.1857338324752895	0.0	1
119	1854.0902633666992	0.1857338324752895	0.0	2
120	1873.3337938785553	0.18614668422881298	0.00041285175352348547	0
121	1892.583481311798	0.18614668422881298	0.0	1
122	1911.791232585907	0.18623694732941964	9.026310060666898e-05	0
123	1931.0272207260132	0.1872101196131378	0.0009731722837181545	0
124	1950.3309066295624	0.18737286125784278	0.00016274164470497787	0
125	1969.5468459129333	0.18737286125784278	0.0	1
126	1988.801841020584	0.18776372728983093	0.00039086603198815184	0
127	2008.0729038715363	0.18776372728983093	0.0	1
128	2027.3800127506256	0.1883263680344909	0.0005626407446599757	0
129	2046.7224743366241	0.18852874479911538	0.00020237676462447896	0
130	2066.143546819687	0.18898241430614504	0.00045366950702965814	0
131	2085.521736383438	0.18919814919871056	0.0002157348925655167	0
132	2104.8502995967865	0.18944361887859845	0.00024546967988789414	0
133	2124.2093534469604	0.19104037695781048	0.0015967580792120295	0
134	2143.568694591522	0.19104037695781048	0.0	1
135	2162.9503412246704	0.19104037695781048	0.0	2
136	2182.2718625068665	0.19157621134117225	0.0005358343833617718	0
137	2201.6432008743286	0.19157621134117225	0.0	1
138	2220.9874567985535	0.19192433361638447	0.0003481222752122204	0
139	2240.4016115665436	0.19192433361638447	0.0	1
140	2259.7416796684265	0.19192433361638447	0.0	2
141	2279.1677389144897	0.192132364495871	0.0002080308794865371	0
142	2298.5390408039093	0.1926454697880144	0.0005131052921433787	0
143	2317.8344452381134	0.19364852328035614	0.0010030534923417544	0
144	2337.1935353279114	0.19364852328035614	0.0	1
145	2356.5994255542755	0.19378021234602785	0.00013168906567170846	0
146	2375.979778289795	0.19378021234602785	0.0	1
147	2395.3657348155975	0.19419264736200176	0.0004124350159739054	0
148	2414.696377515793	0.19456171914646384	0.0003690717844620772	0
149	2434.2483415603638	0.19456171914646384	0.0	1
150	2453.7028062343597	0.19456171914646384	0.0	2
151	2473.0090804100037	0.19557795055591437	0.0010162314094505354	0
152	2492.3735728263855	0.19599347168239067	0.0004155211264763037	0
153	2511.905053138733	0.19599347168239067	0.0	1
154	2531.3682391643524	0.19599347168239067	0.0	2
155	2550.7027430534363	0.19599347168239067	0.0	3
156	2570.156095266342	0.19624524874140756	0.0002517770590168833	0
157	2589.4404995441437	0.19654656125294104	0.00030131251153348027	0
158	2608.813159942627	0.19682262172160453	0.00027606046866349154	0
159	2628.411161661148	0.19737622939829766	0.0005536076766931297	0
160	2647.9685773849487	0.19737622939829766	0.0	1
161	2667.4572846889496	0.19737622939829766	0.0	2
162	2686.895455598831	0.19737622939829766	0.0	3
163	2706.4794261455536	0.19737622939829766	0.0	4
164	2726.000155210495	0.19836950645298948	0.0009932770546918213	0
165	2745.538713693619	0.19856255730704467	0.00019305085405518785	0
166	2765.17844581604	0.19856255730704467	0.0	1
167	2784.6212508678436	0.1988220834318486	0.0002595261248039271	0
168	2804.1468963623047	0.19923810013811358	0.0004160167062649822	0
169	2823.7220046520233	0.19923810013811358	0.0	1
170	2843.2382955551147	0.19948868330036676	0.0002505831622531818	0
171	2862.6716191768646	0.19961627256960462	0.0001275892692378655	0
172	2882.181042909622	0.19961627256960462	0.0	1
173	2901.6706602573395	0.1999299745758558	0.0003137020062511653	0
174	2921.31471657753	0.2004866007839892	0.0005566262081334039	0
175	2941.0247554779053	0.20051221324852372	2.5612464534530144e-05	0
176	2960.6352927684784	0.20068566617457095	0.0001734529260472295	0
177	2980.2030322551727	0.20068566617457095	0.0	1
178	2999.8736476898193	0.20068566617457095	0.0	2
179	3019.4457750320435	0.20068566617457095	0.0	3
180	3038.9519789218903	0.20090856444771868	0.0002228982731477258	0
181	3058.607851266861	0.20146217212441178	0.000553607676693102	0
182	3078.092153072357	0.20146217212441178	0.0	1
183	3098.012775182724	0.20146217212441178	0.0	2
184	3117.634788274765	0.20180114869988697	0.0003389765754751861	0
185	3137.353196620941	0.20180114869988697	0.0	1
186	3157.0137057304382	0.2019201554282386	0.00011900672835163384	0
187	3176.5076990127563	0.20296562604522284	0.0010454706169842343	0
188	3196.1341259479523	0.2032820762666659	0.00031645022144305424	0
189	3215.957675218582	0.2032820762666659	0.0	1
190	3235.576348543167	0.2032820762666659	0.0	2
191	3255.290548324585	0.20377918784744647	0.0004971115807805848	0
192	3275.005257844925	0.2042047557278211	0.0004255678803746221	0
193	3294.729345560074	0.2042047557278211	0.0	1
194	3314.5733227729797	0.2043615616782386	0.00015680595041750456	0
195	3334.488758325577	0.20549650697343835	0.0011349452951997518	0
196	3356.0887274742126	0.20549650697343835	0.0	1
197	3376.055160522461	0.20580214454494603	0.000305637571507672	0
198	3396.1137883663177	0.2067248240061012	0.0009226794611551792	0
199	3416.0056104660034	0.2067248240061012	0.0	1
200	3436.173241853714	0.20690933737197822	0.00018451336587702039	0
201	3456.105799674988	0.20690933737197822	0.0	1
202	3476.033191680908	0.20709387326420928	0.0001845358922310525	0
203	3496.053167819977	0.20709387326420928	0.0	1
204	3516.3021125793457	0.20709387326420928	0.0	2
205	3536.3821289539337	0.20709387326420928	0.0	3
206	3556.6330964565277	0.20801094366321046	0.0009170703990011853	0
207	3576.6000607013702	0.20801094366321046	0.0	1
208	3596.6556746959686	0.20801094366321046	0.0	2
209	3616.748342514038	0.20801094366321046	0.0	3
