1	32.47015714645386	0.06561519202545442	10000000000.065615	0
2	52.928876638412476	0.10926614139413983	0.04365094936868541	0
3	73.90936517715454	0.10926614139413983	0.0	1
4	95.66301465034485	0.10926614139413983	0.0	2
5	117.82891297340393	0.10926614139413983	0.0	3
6	140.61516642570496	0.10926614139413983	0.0	4
7	164.3286702632904	0.10926614139413983	0.0	5
8	188.26417112350464	0.10926614139413983	0.0	6
9	212.312175989151	0.10926614139413983	0.0	7
10	236.6593508720398	0.10926614139413983	0.0	8
11	260.4807097911835	0.10926614139413983	0.0	9
12	284.62793922424316	0.10926614139413983	0.0	10
13	308.8019211292267	0.10926614139413983	0.0	11
14	332.22672963142395	0.10926614139413983	0.0	12
15	356.1254105567932	0.10947678533069409	0.00021064393655426117	0
16	380.28211426734924	0.10947678533069409	0.0	1
17	404.7890582084656	0.11113336214303839	0.0016565768123442959	0
18	429.35763788223267	0.11269386405543573	0.001560501912397344	0
19	453.9624488353729	0.11672928016945584	0.004035416114020113	0
20	478.4814291000366	0.11709835195391793	0.0003690717844620911	0
21	503.12441182136536	0.11709835195391793	0.0	1
22	527.902428150177	0.1193344642764463	0.0022361123225283636	0
23	552.9376196861267	0.1193344642764463	0.0	1
24	577.482533454895	0.11970353606090837	0.0003690717844620772	0
25	602.3130314350128	0.12009285903764533	0.0003893229767369527	0
26	627.4508671760559	0.12321313075593399	0.0031202717182886586	0
27	652.458740234375	0.12461163439330943	0.0013985036373754395	0
28	677.3803696632385	0.12461163439330943	0.0	1
29	702.424122095108	0.12802826282524452	0.00341662843193509	0
30	727.4181351661682	0.12802826282524452	0.0	1
31	752.406533241272	0.12914929809682943	0.0011210352715849137	0
32	777.5846471786499	0.12914929809682943	0.0	1
33	802.6583180427551	0.13134137139722504	0.002192073300395614	0
34	827.7360887527466	0.13134137139722504	0.0	1
35	852.9359834194183	0.13134137139722504	0.0	2
36	878.0120542049408	0.13134137139722504	0.0	3
37	903.2898523807526	0.13164921655142783	0.00030784515420279046	0
38	928.6644439697266	0.13224071355560296	0.0005914970041751288	0
39	954.0186550617218	0.13266188879694132	0.0004211752413383618	0
40	979.1557095050812	0.13378764333969598	0.0011257545427546534	0
41	1004.6665077209473	0.13378764333969598	0.0	1
42	1030.1568500995636	0.13378764333969598	0.0	2
43	1055.6613366603851	0.13378764333969598	0.0	3
44	1080.9103775024414	0.13485898547428607	0.001071342134590092	0
45	1106.3638956546783	0.13485898547428607	0.0	1
46	1131.8266849517822	0.13485898547428607	0.0	2
47	1157.2078669071198	0.1355601407698895	0.0007011552956034395	0
48	1182.8524041175842	0.1355601407698895	0.0	1
49	1207.9272775650024	0.13652194850799848	0.0009618077381089718	0
50	1233.402599811554	0.1372428819424421	0.0007209334344436269	0
51	1258.879801750183	0.13828136938967636	0.0010384874472342542	0
52	1284.1649706363678	0.13828136938967636	0.0	1
53	1309.531688451767	0.13828136938967636	0.0	2
54	1334.9559292793274	0.13828136938967636	0.0	3
55	1360.2422704696655	0.13828136938967636	0.0	4
56	1385.7680287361145	0.13858998043991627	0.00030861105023990976	0
57	1411.101045370102	0.14056129547079718	0.00197131503088091	0
58	1436.560979604721	0.14056129547079718	0.0	1
59	1462.0267980098724	0.14056129547079718	0.0	2
60	1487.410587310791	0.14056129547079718	0.0	3
61	1512.805401802063	0.14056129547079718	0.0	4
62	1538.2733879089355	0.1411149031474903	0.0005536076766931297	0
63	1563.9128704071045	0.1411149031474903	0.0	1
64	1589.3892452716827	0.1411149031474903	0.0	2
65	1614.8877770900726	0.1416287855988478	0.0005138824513575002	0
66	1640.3973026275635	0.1416287855988478	0.0	1
67	1665.9586670398712	0.1416287855988478	0.0	2
68	1691.5286657810211	0.14228390828998663	0.0006551226911388208	0
69	1717.329740524292	0.14309715472325382	0.0008132464332671896	0
70	1742.781257867813	0.14309715472325382	0.0	1
71	1768.3982677459717	0.14309715472325382	0.0	2
72	1793.9895768165588	0.14309715472325382	0.0	3
73	1819.3156850337982	0.1433238036343479	0.00022664891109408503	0
74	1844.8044302463531	0.14339562891417929	7.182527983137788e-05	0
75	1870.1299979686737	0.1439667733574864	0.0005711444433071089	0
76	1895.8193728923798	0.1451691625566583	0.0012023891991718993	0
77	1921.2960796356201	0.1451691625566583	0.0	1
78	1946.7871947288513	0.1451691625566583	0.0	2
79	1972.0590434074402	0.1455718549245133	0.0004026923678550065	0
80	1997.670282125473	0.1455718549245133	0.0	1
81	2023.291255235672	0.14571863664738652	0.00014678172287321822	0
82	2049.047045946121	0.14701806937972872	0.001299432732342204	0
83	2074.7789845466614	0.14701806937972872	0.0	1
84	2100.3190157413483	0.14721088370706656	0.00019281432733783688	0
85	2125.8511641025543	0.14721088370706656	0.0	1
86	2151.2992720603943	0.14752081254901733	0.00030992884195077397	0
87	2177.054741859436	0.1481549068886672	0.0006340943396498655	0
88	2202.767709493637	0.1481549068886672	0.0	1
89	2228.4229369163513	0.14850263495268384	0.0003477280640166447	0
90	2254.2331688404083	0.14850263495268384	0.0	1
91	2279.9776108264923	0.1490418820786815	0.0005392471259976495	0
92	2305.4076387882233	0.14922641797091252	0.00018453589223102473	0
93	2331.0163345336914	0.14941095386314357	0.0001845358922310525	0
94	2356.756776571274	0.1498060886392208	0.0003951347760772217	0
95	2382.4532341957092	0.15094859152619833	0.0011425028869775367	0
96	2408.024756669998	0.15094859152619833	0.0	1
97	2433.489937543869	0.15094859152619833	0.0	2
98	2459.209966659546	0.15094859152619833	0.0	3
99	2484.8544397354126	0.15094859152619833	0.0	4
100	2510.554847717285	0.15113312741842938	0.0001845358922310525	0
101	2536.252551317215	0.151461201238553	0.00032807382012361996	0
102	2561.959039211273	0.151461201238553	0.0	1
103	2587.734507083893	0.15233500977463554	0.0008738085360825432	0
104	2613.233733654022	0.15233500977463554	0.0	1
105	2638.839828968048	0.15233500977463554	0.0	2
106	2664.5793023109436	0.15233500977463554	0.0	3
107	2690.1602096557617	0.1524857448726414	0.00015073509800586637	0
108	2715.779664039612	0.1524857448726414	0.0	1
109	2741.222715616226	0.15271820558307575	0.00023246071043434013	0
110	2766.6656289100647	0.15330616594966784	0.0005879603665920885	0
111	2792.3264214992523	0.15330616594966784	0.0	1
112	2818.0802981853485	0.1540610916523459	0.000754925702678072	0
113	2843.681603193283	0.15484272234772906	0.0007816306953831453	0
114	2869.165967941284	0.15484272234772906	0.0	1
115	2894.724553823471	0.15484272234772906	0.0	2
116	2920.3910143375397	0.15484272234772906	0.0	3
117	2945.86461353302	0.15500697325815418	0.00016425091042512885	0
118	2971.5408029556274	0.15514313380510125	0.00013616054694706725	0
119	2997.2894859313965	0.15533291833782178	0.00018978453272053275	0
120	3022.995905160904	0.15585416690694778	0.0005212485691259983	0
121	3048.3919019699097	0.15585416690694778	0.0	1
122	3074.1540837287903	0.15657343339119303	0.0007192664842452512	0
123	3100.0125794410706	0.15657343339119303	0.0	1
124	3125.885706424713	0.15657343339119303	0.0	2
125	3151.4444427490234	0.1566999751849684	0.0001265417937753588	0
126	3177.222585439682	0.15691407691686657	0.00021410173189817527	0
127	3203.016870737076	0.15720694204563804	0.000292865128771469	0
128	3228.8621418476105	0.15773523010039905	0.0005282880547610169	0
129	3254.403855085373	0.15807153730292142	0.0003363072025223679	0
130	3280.2372884750366	0.15853911683356592	0.0004675795306444963	0
131	3306.267834186554	0.15853911683356592	0.0	1
132	3332.009284734726	0.15887215771475363	0.0003330408811877128	0
133	3357.8548855781555	0.15954468201438227	0.0006725242996286351	0
134	3383.755696773529	0.15954468201438227	0.0	1
135	3409.2996442317963	0.15954468201438227	0.0	2
136	3435.100979566574	0.15954468201438227	0.0	3
137	3460.655643224716	0.15954468201438227	0.0	4
138	3486.429556131363	0.15980503035110838	0.0002603483367261128	0
139	3511.967920780182	0.16019137984911308	0.0003863494980047011	0
140	3537.580075740814	0.16048159813128576	0.00029021828217268286	0
141	3563.5205278396606	0.1606091648741696	0.0001275667428838334	0
142	3589.2239751815796	0.1608813733362936	0.00027220846212400174	0
143	3614.777861595154	0.1611413725145322	0.0002599991782386013	0
