1	23.046161890029907	0.07440349426100584	10000000000.074404	0
2	38.312586069107056	0.07440349426100584	0.0	1
3	54.03276801109314	0.07440349426100584	0.0	2
4	70.10938239097595	0.07440349426100584	0.0	3
5	86.44945907592773	0.07458803015323688	0.0001845358922310386	0
6	103.37919902801514	0.07661723791398033	0.0020292077607434456	0
7	120.4634017944336	0.07661723791398033	0.0	1
8	137.91099381446838	0.07661723791398033	0.0	2
9	155.90092134475708	0.08553360810379279	0.008916370189812464	0
10	173.96504855155945	0.08626065181176762	0.0007270437079748282	0
11	192.52191710472107	0.09460165386689195	0.008341002055124336	0
12	211.60268688201904	0.09460165386689195	0.0	1
13	230.80731081962585	0.09482794235632151	0.00022628848942955748	0
14	250.3989987373352	0.09482794235632151	0.0	1
15	269.67514967918396	0.09482794235632151	0.0	2
16	289.4078137874603	0.09607794100474026	0.0012499986484187514	0
17	309.1901204586029	0.09751451418042997	0.0014365731756897093	0
18	329.2323703765869	0.10358182995450037	0.006067315774070395	0
19	349.6938831806183	0.10358182995450037	0.0	1
20	370.28190088272095	0.10517106423146567	0.0015892342769653067	0
21	391.35150051116943	0.10517106423146567	0.0	1
22	412.8067195415497	0.10618624816545373	0.0010151839339880564	0
23	434.1807978153229	0.11235461716371217	0.006168368998258442	0
24	456.0476565361023	0.11459723960255583	0.0022426224388436555	0
25	477.94333124160767	0.11459723960255583	0.0	1
26	499.76294469833374	0.11532174346411353	0.0007245038615577015	0
27	521.5068147182465	0.11532174346411353	0.0	1
28	543.5065178871155	0.11728856448736506	0.001966821023251533	0
29	565.513750076294	0.1182785526943682	0.000989988207003134	0
30	587.4717190265656	0.12078926127254798	0.002510708578179782	0
31	609.325740814209	0.12093392551814218	0.00014466424559420044	0
32	631.1805579662323	0.12241011128739736	0.0014761857692551783	0
33	652.9788246154785	0.12241011128739736	0.0	1
34	674.6665954589844	0.12415762699096927	0.001747515703571914	0
35	696.295149564743	0.1286912922666486	0.004533665275679333	0
36	718.0001637935638	0.12910385117756967	0.0004125589109210681	0
37	739.6856622695923	0.12910385117756967	0.0	1
38	761.468957901001	0.13264129970935598	0.003537448531786308	0
39	783.064905166626	0.13264129970935598	0.0	1
40	804.6389043331146	0.1330675095908205	0.0004262098814645232	0
41	826.3771281242371	0.1330675095908205	0.0	1
42	848.1003897190094	0.1330675095908205	0.0	2
43	869.6249396800995	0.13343324747488583	0.0003657378840653258	0
44	891.2706289291382	0.13343324747488583	0.0	1
45	912.9229927062988	0.135201994267133	0.0017687467922471722	0
46	934.7063224315643	0.135201994267133	0.0	1
47	956.4164893627167	0.13538147299288383	0.00017947872575083124	0
48	978.0413670539856	0.1377703027325729	0.002388829739689069	0
49	999.6684241294861	0.1377703027325729	0.0	1
50	1021.3819143772125	0.1377703027325729	0.0	2
51	1042.965737581253	0.1385143144167224	0.0007440116841495037	0
52	1064.6548783779144	0.1389606966482227	0.00044638223150028633	0
53	1086.4826357364655	0.1396618406806491	0.0007011440324264095	0
54	1108.1708736419678	0.14125609833456357	0.001594257653914466	0
55	1129.9372913837433	0.14125609833456357	0.0	1
56	1151.7254049777985	0.14125609833456357	0.0	2
57	1173.364676952362	0.14388682732702643	0.0026307289924628607	0
58	1195.1899337768555	0.14388682732702643	0.0	1
59	1217.0464396476746	0.14420245533654732	0.0003156280095208963	0
60	1238.8626463413239	0.14420245533654732	0.0	1
61	1260.7102386951447	0.14691863805303101	0.0027161827164836894	0
62	1282.5346069335938	0.1479821184900639	0.0010634804370328876	0
63	1304.4412002563477	0.1479821184900639	0.0	1
64	1325.9934549331665	0.1479821184900639	0.0	2
65	1347.9583241939545	0.1479821184900639	0.0	3
66	1369.9664061069489	0.14862120241713186	0.0006390839270679627	0
67	1391.832263469696	0.14890479795121908	0.0002835955340872165	0
68	1413.901935338974	0.14890479795121908	0.0	1
69	1435.923904657364	0.1493187309697361	0.00041393301851702646	0
70	1458.0839486122131	0.14964559962991902	0.00032686866018291627	0
71	1479.8843076229095	0.15086828507407385	0.0012226854441548252	0
72	1501.9207348823547	0.1510314321931514	0.00016314711907755575	0
73	1524.1899800300598	0.15209277262655124	0.0010613404333998377	0
74	1546.3166835308075	0.15209277262655124	0.0	1
75	1568.4866080284119	0.15241059695559028	0.00031782432903904034	0
76	1590.7257986068726	0.1532531163859222	0.0008425194303319228	0
77	1613.1305391788483	0.1535856391609672	0.00033252277504500216	0
78	1635.4652450084686	0.1535856391609672	0.0	1
79	1657.6946003437042	0.15488321346910178	0.0012975743081345692	0
80	1679.7812118530273	0.1552976533305845	0.00041443986148273493	0
81	1702.1223652362823	0.1567145046833191	0.0014168513527345883	0
82	1724.7527866363525	0.1567145046833191	0.0	1
83	1747.4664571285248	0.1567145046833191	0.0	2
84	1770.1127545833588	0.15693745927235192	0.00022295458903281995	0
85	1792.8388912677765	0.15800447634696785	0.001067017074615928	0
86	1815.6224958896637	0.15800447634696785	0.0	1
87	1838.2573850154877	0.15881808320189958	0.000813606854931731	0
88	1860.708424091339	0.15881808320189958	0.0	1
89	1883.2976672649384	0.15953051293769607	0.0007124297357964937	0
90	1905.8564574718475	0.16129715351584126	0.0017666405781451844	0
91	1928.3663733005524	0.16153436728697637	0.0002372137711351141	0
92	1950.8463714122772	0.16153436728697637	0.0	1
93	1973.4349536895752	0.16234269171188756	0.0008083244249111887	0
94	1995.988921403885	0.16270034263485536	0.00035765092296780043	0
95	2018.7241280078888	0.162911245624481	0.00021090298962564424	0
96	2041.7046554088593	0.16343211124558843	0.0005208656211074247	0
97	2064.42032122612	0.16371896183783333	0.0002868505922448972	0
98	2087.295811891556	0.16371896183783333	0.0	1
99	2110.139937877655	0.16371896183783333	0.0	2
100	2132.9073610305786	0.16427448425461916	0.0005555224167858308	0
101	2155.812218427658	0.16427448425461916	0.0	1
102	2178.7255704402924	0.16427448425461916	0.0	2
103	2201.667984724045	0.1644866036673625	0.0002121194127433501	0
104	2224.8232893943787	0.1647248423876061	0.00023823872024358872	0
105	2248.1171798706055	0.16571066321911332	0.0009858208315072226	0
106	2271.1835124492645	0.1667152147139982	0.0010045514948848755	0
107	2294.3192360401154	0.1667152147139982	0.0	1
108	2317.37863945961	0.1667152147139982	0.0	2
109	2340.186229944229	0.1667152147139982	0.0	3
110	2363.2959287166595	0.16747678569111574	0.0007615709771175427	0
111	2386.278681755066	0.16817001171009988	0.0006932260189841388	0
112	2409.324072599411	0.1685674554374654	0.00039744372736552624	0
113	2432.2808446884155	0.16907117850315442	0.0005037230656890213	0
114	2455.2588443756104	0.16907117850315442	0.0	1
115	2477.9512128829956	0.16971491412233	0.0006437356191755783	0
116	2500.6363797187805	0.16971491412233	0.0	1
117	2523.186574935913	0.1697632556780829	4.834155575289545e-05	0
118	2545.7292804718018	0.17095255706556214	0.0011893013874792469	0
119	2568.483819246292	0.17095255706556214	0.0	1
120	2590.948000431061	0.17095255706556214	0.0	2
121	2613.6614260673523	0.17135624059299456	0.0004036835274324191	0
122	2636.1327846050262	0.17135624059299456	0.0	1
123	2658.7052850723267	0.17188505801707535	0.0005288174240807852	0
124	2681.0794970989227	0.1720941701615554	0.00020911214448005033	0
125	2703.745134830475	0.17243866569376845	0.0003444955322130516	0
126	2726.372990131378	0.17243866569376845	0.0	1
127	2749.1821398735046	0.17352521311733024	0.00108654742356179	0
128	2771.9423038959503	0.17352521311733024	0.0	1
129	2794.871314764023	0.1743314200649624	0.0008062069476321709	0
130	2817.7233893871307	0.1743314200649624	0.0	1
131	2840.6066517829895	0.17451879427780148	0.00018737421283906985	0
132	2863.1389198303223	0.1745213960716922	2.601793890721904e-06	0
133	2885.9922845363617	0.1761775561464869	0.001656160074794688	0
134	2908.749801635742	0.17622058148268824	4.302533620134663e-05	0
135	2931.6585762500763	0.17699757174914074	0.0007769902664525041	0
136	2954.4488871097565	0.17699757174914074	0.0	1
137	2977.095163345337	0.17774603238821163	0.0007484606390708859	0
138	2999.8962631225586	0.17774603238821163	0.0	1
139	3022.5847046375275	0.17774603238821163	0.0	2
140	3045.3396048545837	0.17890214119302456	0.0011561088048129275	0
141	3068.157191514969	0.17890214119302456	0.0	1
142	3090.742558479309	0.1795562389350549	0.0006540977420303462	0
143	3113.433764696121	0.1795562389350549	0.0	1
144	3136.26012635231	0.1795562389350549	0.0	2
145	3159.1563427448273	0.18065963607143268	0.0011033971363777761	0
146	3181.748271226883	0.18065963607143268	0.0	1
147	3204.6355125904083	0.18065963607143268	0.0	2
148	3227.52472448349	0.18119785824832188	0.0005382221768892026	0
149	3250.452058315277	0.18119785824832188	0.0	1
150	3273.137451648712	0.18178805998714015	0.000590201738818269	0
151	3296.0673081874847	0.1820849122805753	0.0002968522934351514	0
152	3318.946547269821	0.18266015652031625	0.0005752442397409518	0
153	3341.890495300293	0.18336955646149544	0.0007093999411791896	0
154	3364.7720987796783	0.18340618431315164	3.6627851656201305e-05	0
155	3387.6717569828033	0.18431498754022305	0.000908803227071403	0
156	3410.5303885936737	0.18478573202360907	0.0004707444833860208	0
157	3433.4626014232635	0.18478573202360907	0.0	1
158	3456.3914353847504	0.18478573202360907	0.0	2
159	3479.27272105217	0.18478573202360907	0.0	3
160	3502.2377033233643	0.1849433151332407	0.00015758310963162603	0
161	3525.434649705887	0.1854828325754867	0.000539517442246007	0
162	3548.4748067855835	0.1854828325754867	0.0	1
163	3571.601195335388	0.1854828325754867	0.0	2
164	3594.773588180542	0.18559625276803837	0.00011342019255167202	0
165	3617.8059270381927	0.18585508057586733	0.00025882780782895964	0
