1	30.517260313034058	0.023673478640083772	10000000000.023674	0
2	50.09642958641052	0.023705629126274354	3.215048619058247e-05	0
3	70.0875506401062	0.026634984422755532	0.002929355296481178	0
4	90.20611906051636	0.026634984422755532	0.0	1
5	111.61996817588806	0.028340755793465823	0.0017057713707102906	0
6	133.45937705039978	0.028340755793465823	0.0	1
7	156.33570885658264	0.028658383244044298	0.0003176274505784747	0
8	179.9903645515442	0.03065019036249721	0.0019918071184529124	0
9	204.56618118286133	0.03065019036249721	0.0	1
10	230.02046060562134	0.04081820070778498	0.010168010345287772	0
11	256.5199248790741	0.040932178883288095	0.00011397817550311273	0
12	283.4348976612091	0.040932178883288095	0.0	1
13	310.7086489200592	0.040932178883288095	0.0	2
14	338.654908657074	0.040932178883288095	0.0	3
15	366.48061990737915	0.04098110309176738	4.892420847928819e-05	0
16	393.67702412605286	0.04548307066336143	0.0045019675715940455	0
17	420.0862157344818	0.04548307066336143	0.0	1
18	446.05507230758667	0.04627939486652001	0.0007963242031585813	0
19	472.08129262924194	0.05073917088761618	0.004459776021096172	0
20	498.00944900512695	0.05104345908920821	0.0003042882015920276	0
21	524.1611921787262	0.05104345908920821	0.0	1
22	550.2608687877655	0.05104345908920821	0.0	2
23	576.5375864505768	0.057572328099704834	0.006528869010496624	0
24	602.8732402324677	0.05799157916210191	0.00041925106239707605	0
25	629.1412217617035	0.05799157916210191	0.0	1
26	655.5184814929962	0.05799157916210191	0.0	2
27	682.168802022934	0.05799157916210191	0.0	3
28	708.5032739639282	0.05799157916210191	0.0	4
29	735.1327881813049	0.05799157916210191	0.0	5
30	761.6086769104004	0.05885937652643258	0.0008677973643306733	0
31	788.2372562885284	0.05954901740263977	0.0006896408762071884	0
32	815.1392168998718	0.059650865890686494	0.0001018484880467227	0
33	841.9313790798187	0.059650865890686494	0.0	1
34	868.5743870735168	0.060029523386691604	0.0003786574960051095	0
35	895.0330865383148	0.06110121534561923	0.0010716919589276244	0
36	921.4959418773651	0.06110121534561923	0.0	1
37	948.1419589519501	0.06110121534561923	0.0	2
38	974.5719673633575	0.06110121534561923	0.0	3
39	1000.9416897296906	0.06141045423144556	0.0003092388858263323	0
40	1027.4524347782135	0.06251595258333449	0.001105498351888931	0
41	1054.053254365921	0.06398936207329668	0.0014734094899621908	0
42	1080.524122953415	0.06398936207329668	0.0	1
43	1107.1134748458862	0.06398936207329668	0.0	2
44	1133.6754434108734	0.06441247010372764	0.0004231080304309548	0
45	1160.1828548908234	0.06441247010372764	0.0	1
46	1186.3866517543793	0.06645329001826486	0.002040819914537223	0
47	1212.8059117794037	0.06756546651268597	0.0011121764944211077	0
48	1239.3945469856262	0.06756546651268597	0.0	1
49	1265.9975712299347	0.06768904622168685	0.00012357970900088444	0
50	1292.6807339191437	0.06776678525230623	7.773903061937537e-05	0
51	1319.3474130630493	0.06776678525230623	0.0	1
52	1345.923045873642	0.07250845043978703	0.004741665187480801	0
53	1372.542104959488	0.07250851176966742	6.132988039642129e-08	1
54	1399.0761008262634	0.07250851176966742	0.0	2
55	1425.6920201778412	0.07250851176966742	0.0	3
56	1451.905160665512	0.07257305806157019	6.454629190276451e-05	0
57	1478.5641515254974	0.07259040760329151	1.7349541721320416e-05	0
58	1505.290742635727	0.07469473120176473	0.0021043235984732206	0
59	1531.81307387352	0.07469473120176473	0.0	1
60	1558.6260030269623	0.07469473120176473	0.0	2
61	1585.3291835784912	0.07469473120176473	0.0	3
62	1611.5787496566772	0.07469473120176473	0.0	4
63	1638.206932067871	0.07469473120176473	0.0	5
64	1664.4997770786285	0.07469473120176473	0.0	6
65	1691.1008393764496	0.07469473120176473	0.0	7
66	1717.632140636444	0.07469473120176473	0.0	8
67	1744.0396564006805	0.07647556012443478	0.0017808289226700497	0
68	1770.3951151371002	0.07666759079439041	0.00019203066995562845	0
69	1797.053174495697	0.07666759079439041	0.0	1
70	1823.7343649864197	0.07672828011825927	6.068932386886494e-05	0
71	1850.405024766922	0.07682781851414436	9.953839588508484e-05	0
72	1877.0581424236298	0.07734778686901639	0.0005199683548720302	0
73	1903.7315700054169	0.07762212905289656	0.00027434218388017184	0
74	1930.312581539154	0.07782610542066737	0.0002039763677708084	0
75	1957.0771188735962	0.07782610542066737	0.0	1
76	1983.8932819366455	0.07782610542066737	0.0	2
77	2010.6819095611572	0.07790045767900257	7.43522583352002e-05	0
78	2037.5377459526062	0.07790045767900257	0.0	1
79	2064.4848308563232	0.07796944698001856	6.898930101599532e-05	0
80	2091.1910061836243	0.07796944698001856	0.0	1
81	2117.9431948661804	0.0781732529870105	0.00020380600699193563	0
82	2144.6220266819	0.0781732529870105	0.0	1
83	2171.2174088954926	0.0790166683166676	0.0008434153296570934	0
84	2197.95871257782	0.07918212270511765	0.00016545438845005922	0
85	2224.614082336426	0.07933544740611131	0.00015332470099366224	0
86	2251.432973384857	0.07933544740611131	0.0	1
87	2278.1772015094757	0.07933544740611131	0.0	2
88	2304.8353040218353	0.07933544740611131	0.0	3
89	2331.470990896225	0.07986615530448404	0.0005307078983727287	0
90	2358.3167321681976	0.07986615530448404	0.0	1
91	2385.2136220932007	0.07986615530448404	0.0	2
92	2411.8934273719788	0.07986615530448404	0.0	3
93	2438.5836629867554	0.07986615530448404	0.0	4
94	2465.5080914497375	0.0807758546059885	0.0009096993015044602	0
95	2492.3745505809784	0.0807758546059885	0.0	1
96	2519.2578756809235	0.0807758546059885	0.0	2
97	2545.7487885951996	0.0807758546059885	0.0	3
98	2572.731596469879	0.0808421317634047	6.627715741619467e-05	0
99	2599.1146924495697	0.0808421317634047	0.0	1
100	2625.9151804447174	0.0808421317634047	0.0	2
101	2652.5978672504425	0.08089848710905881	5.635534565411049e-05	0
102	2679.4322171211243	0.08090664398315167	8.15687409286281e-06	0
103	2706.2175586223602	0.0810997104466429	0.00019306646349122325	0
104	2732.887465953827	0.0810997104466429	0.0	1
105	2759.3869466781616	0.0810997104466429	0.0	2
106	2786.2458198070526	0.0810997104466429	0.0	3
107	2812.8787887096405	0.08126335219640564	0.00016364174976274404	0
108	2839.533994913101	0.08126335219640564	0.0	1
109	2866.1944918632507	0.08126335219640564	0.0	2
110	2892.9713039398193	0.08126335219640564	0.0	3
111	2919.5915570259094	0.0815633847857412	0.0003000325893355582	0
112	2946.3223357200623	0.0815633847857412	0.0	1
113	2973.140386581421	0.0815633847857412	0.0	2
114	2999.86647772789	0.0815633847857412	0.0	3
115	3026.656181573868	0.08160212482685894	3.874004111774354e-05	0
116	3053.4319322109222	0.08168733247402447	8.52076471655333e-05	0
117	3080.279772043228	0.08168733247402447	0.0	1
118	3107.169570207596	0.08183487172296731	0.00014753924894284065	0
119	3133.779131412506	0.08183487172296731	0.0	1
120	3160.457537651062	0.08195691137052712	0.00012203964755980179	0
121	3187.363926887512	0.08220920205518882	0.00025229068466170457	0
122	3214.07915019989	0.08272861844113727	0.0005194163859484485	0
123	3240.85485291481	0.08272861844113727	0.0	1
124	3267.577362537384	0.08272861844113727	0.0	2
125	3294.2759068012238	0.08312613828258018	0.0003975198414429143	0
126	3320.9789798259735	0.08312613828258018	0.0	1
127	3347.772711992264	0.08318196210260419	5.5823820024003545e-05	0
128	3374.546382665634	0.08318196210260419	0.0	1
129	3401.304290533066	0.08318196210260419	0.0	2
130	3428.2067539691925	0.08330816536759986	0.00012620326499566958	0
131	3454.815699338913	0.08330816536759986	0.0	1
132	3481.6886973381042	0.08330816536759986	0.0	2
133	3508.4948723316193	0.08333245881466841	2.4293447068557406e-05	0
134	3535.227890253067	0.08333245881466841	0.0	1
135	3561.9036355018616	0.08351534451801365	0.0001828857033452369	0
136	3588.699635744095	0.08351534451801365	0.0	1
137	3615.3035130500793	0.08351534451801365	0.0	2
138	3642.0888204574585	0.08359385357935356	7.850906133990976e-05	0
139	3668.7638404369354	0.08359385357935356	0.0	1
140	3695.46430516243	0.08385169121097566	0.0002578376316220987	0
141	3722.107783317566	0.08385169121097566	0.0	1
142	3748.7553827762604	0.0838999850845731	4.829387359743531e-05	0
143	3775.4807407855988	0.0838999850845731	0.0	1
144	3802.2971136569977	0.0838999850845731	0.0	2
145	3829.1050209999084	0.08395535233770969	5.536725313659563e-05	0
146	3856.0600736141205	0.08409587953699375	0.00014052719928406288	0
147	3882.89590716362	0.08422736398613476	0.00013148444914100332	0
148	3909.8382501602173	0.08422736398613476	0.0	1
149	3936.5919291973114	0.08473016678892664	0.0005028028027918852	0
150	3963.4400923252106	0.08473016678892664	0.0	1
151	3990.354810476303	0.08473016678892664	0.0	2
152	4017.329345703125	0.08473016678892664	0.0	3
153	4044.180269241333	0.08473016678892664	0.0	4
154	4071.2588081359863	0.08479108098902365	6.091420009700366e-05	0
155	4098.025100708008	0.08705653181216332	0.0022654508231396697	0
156	4124.82336974144	0.08705653181216332	0.0	1
157	4151.486081361771	0.08705653181216332	0.0	2
158	4178.049990415573	0.08705653181216332	0.0	3
159	4204.5573117733	0.08705653181216332	0.0	4
160	4231.025153875351	0.08711206261164764	5.5530799484324045e-05	0
161	4257.283742189407	0.08866094192665448	0.001548879315006843	0
162	4283.589588403702	0.08866094192665448	0.0	1
163	4310.39195227623	0.08883301994218745	0.00017207801553296986	0
164	4337.422558307648	0.08883301994218745	0.0	1
165	4364.309606313705	0.08883301994218745	0.0	2
166	4391.164108037949	0.08930583243346499	0.00047281249127753555	0
167	4417.996281862259	0.08930583243346499	0.0	1
168	4444.911458969116	0.08933409187946591	2.8259446000919453e-05	0
169	4471.785331726074	0.08933409187946591	0.0	1
170	4498.688962697983	0.08933409187946591	0.0	2
171	4525.660141944885	0.08933409187946591	0.0	3
172	4552.583059310913	0.08937008570482806	3.599382536215168e-05	0
173	4579.599108695984	0.08937378594094537	3.700236117315514e-06	0
174	4606.74045419693	0.08937378594094537	0.0	1
175	4633.577827215195	0.08937378594094537	0.0	2
176	4660.405937433243	0.08944858795173682	7.480201079144988e-05	0
177	4687.374148845673	0.0895735101036753	0.00012492215193847522	0
178	4714.445501565933	0.08973881457463993	0.0001653044709646334	0
179	4741.354289770126	0.08973881457463993	0.0	1
180	4768.37461066246	0.08973881457463993	0.0	2
181	4795.256420850754	0.08973881457463993	0.0	3
182	4822.411879062653	0.08994974166218914	0.00021092708754920364	0
183	4849.328235387802	0.08994974166218914	0.0	1
184	4876.371497631073	0.09019180388568677	0.00024206222349763828	0
185	4903.263560295105	0.0904692602646049	0.00027745637891812835	0
186	4930.151385307312	0.09061073466981955	0.00014147440521464216	0
187	4957.263194799423	0.09061073466981955	0.0	1
188	4984.288540840149	0.09061073466981955	0.0	2
189	5011.282435655594	0.09061073466981955	0.0	3
190	5038.19655585289	0.09061073466981955	0.0	4
191	5065.0293180942535	0.09061073466981955	0.0	5
192	5091.961943387985	0.09063306556071539	2.233089089584417e-05	0
193	5118.690353393555	0.09064227185720616	9.20629649077409e-06	0
194	5145.651514530182	0.09064227185720616	0.0	1
195	5172.408053636551	0.09066652441768777	2.4252560481607954e-05	0
196	5198.937770605087	0.09071776212554428	5.1237707856505166e-05	0
197	5225.847245931625	0.09097985877663843	0.00026209665109415414	0
198	5252.625989198685	0.09109685574514333	0.0001169969685048955	0
199	5279.561428070068	0.09109685574514333	0.0	1
200	5306.489608049393	0.09109685574514333	0.0	2
201	5333.252361536026	0.09132285635440798	0.0002260006092646566	0
202	5360.146287679672	0.09132285635440798	0.0	1
203	5387.0254554748535	0.09136270033337288	3.9843978964893e-05	0
204	5413.824994564056	0.09136270033337288	0.0	1
205	5440.739859819412	0.09136270033337288	0.0	2
206	5467.634425401688	0.09136270033337288	0.0	3
207	5494.577074289322	0.09198973021612541	0.0006270298827525389	0
208	5521.7726674079895	0.09198973021612541	0.0	1
209	5548.312479972839	0.09198973021612541	0.0	2
210	5575.247999191284	0.09198973021612541	0.0	3
211	5602.21168923378	0.09198973021612541	0.0	4
212	5628.918174266815	0.09198973021612541	0.0	5
213	5655.743235588074	0.09202626919597999	3.6538979854575104e-05	0
214	5682.533871650696	0.09229352437145867	0.00026725517547868116	0
215	5709.5412476062775	0.09229352437145867	0.0	1
216	5736.256335020065	0.09229352437145867	0.0	2
217	5763.128447771072	0.09229352437145867	0.0	3
218	5789.94793343544	0.09229352437145867	0.0	4
219	5816.855730772018	0.09229352437145867	0.0	5
220	5843.883679628372	0.09250451278888827	0.00021098841742960006	0
221	5870.723492860794	0.09250451278888827	0.0	1
222	5897.509818792343	0.09250451278888827	0.0	2
223	5924.362047195435	0.09372197905908951	0.0012174662702012368	0
224	5951.15518116951	0.09372197905908951	0.0	1
225	5978.04301738739	0.09372197905908951	0.0	2
226	6004.755665779114	0.09372197905908951	0.0	3
227	6031.5763392448425	0.09372197905908951	0.0	4
228	6058.402308702469	0.09384955883917856	0.00012757978008905158	0
229	6085.2859625816345	0.09384955883917856	0.0	1
230	6112.087438106537	0.09384955883917856	0.0	2
231	6139.0723123550415	0.09414459645047729	0.00029503761129873185	0
232	6165.998825311661	0.09423736130179404	9.276485131674839e-05	0
233	6192.679607629776	0.09423736130179404	0.0	1
234	6219.653115272522	0.09423736130179404	0.0	2
235	6246.546027183533	0.09423736130179404	0.0	3
236	6273.410232782364	0.09423736130179404	0.0	4
237	6300.311787843704	0.09425577389477559	1.841259298154818e-05	0
238	6327.22696852684	0.09425577389477559	0.0	1
239	6354.174656867981	0.0943299557923319	7.418189755631355e-05	0
240	6381.086218833923	0.09440846485367181	7.850906133990976e-05	0
241	6408.171264410019	0.09451399313454238	0.00010552828087057042	0
242	6435.0167281627655	0.09470419072251723	0.00019019758797485242	0
243	6462.098358631134	0.09470419072251723	0.0	1
244	6489.089427471161	0.09473104639570017	2.685567318293225e-05	0
245	6516.043455839157	0.09473104639570017	0.0	1
246	6543.065379142761	0.09473104639570017	0.0	2
247	6570.013479709625	0.09491113818227175	0.00018009178657157898	0
248	6596.996054649353	0.09491113818227175	0.0	1
249	6623.736485719681	0.09491113818227175	0.0	2
250	6650.557266712189	0.09501442451529224	0.00010328633302049417	0
251	6677.399739265442	0.09501442451529224	0.0	1
252	6704.36784863472	0.0959038440696786	0.0008894195543863587	0
253	6731.173970222473	0.0959038440696786	0.0	1
254	6758.132480621338	0.0959038440696786	0.0	2
255	6785.215965509415	0.09595627430298727	5.243023330867014e-05	0
256	6812.072056055069	0.09595627430298727	0.0	1
257	6838.900300979614	0.09622316149918357	0.00026688719619630263	0
258	6865.467857122421	0.09645081120078781	0.00022764970160424336	0
259	6892.0702612400055	0.09645081120078781	0.0	1
260	6919.0516521930695	0.09645081120078781	0.0	2
261	6945.897803068161	0.09645081120078781	0.0	3
262	6972.982522010803	0.09655085386457839	0.0001000426637905727	0
263	6999.877767562866	0.09655085386457839	0.0	1
264	7026.723600625992	0.0966441434270941	9.328956251571097e-05	0
265	7053.748715639114	0.09681161488716611	0.00016747146007201064	0
266	7080.661524057388	0.09681161488716611	0.0	1
267	7107.53954911232	0.09695867031149692	0.00014705542433081364	0
268	7134.583409547806	0.09715074186803947	0.00019207155654255015	0
269	7161.296959161758	0.09715074186803947	0.0	1
270	7188.139324903488	0.09715074186803947	0.0	2
271	7215.09871673584	0.09726452242503908	0.00011378055699960699	0
272	7241.913058996201	0.09726452242503908	0.0	1
273	7268.953748226166	0.09736544415044869	0.0001009217254096112	0
274	7296.013483285904	0.09736544415044869	0.0	1
275	7322.933380365372	0.09736544415044869	0.0	2
276	7349.95378279686	0.09742916589618165	6.372174573296419e-05	0
277	7377.320467472076	0.09751458479071301	8.541889453135554e-05	0
278	7404.140912532806	0.09776802711423996	0.00025344232352694784	0
279	7431.080663204193	0.09776802711423996	0.0	1
280	7458.0060749053955	0.09776802711423996	0.0	2
281	7484.931696653366	0.09776802711423996	0.0	3
282	7511.880668640137	0.09803749016541295	0.00026946305117299396	0
283	7538.930745840073	0.09803749016541295	0.0	1
284	7565.556909561157	0.09821601463281883	0.00017852446740587724	0
285	7592.254314661026	0.09821601463281883	0.0	1
286	7619.222634077072	0.09821601463281883	0.0	2
287	7645.744044542313	0.09821601463281883	0.0	3
288	7672.559041976929	0.09821601463281883	0.0	4
289	7699.398714542389	0.09838741801966742	0.00017140338684859535	0
290	7726.33377122879	0.09839373499734837	6.316977680942415e-06	0
291	7753.149744272232	0.0984891847345403	9.544973719192995e-05	0
292	7780.202497720718	0.0984891847345403	0.0	1
293	7807.323011159897	0.09886744017910724	0.0003782554445669467	0
294	7833.990171670914	0.09886744017910724	0.0	1
295	7860.710732460022	0.09887691905284422	9.478873736978866e-06	0
296	7887.677524328232	0.09887691905284422	0.0	1
297	7914.531532049179	0.09893475313005903	5.78340772148106e-05	0
298	7941.4747223854065	0.09893475313005903	0.0	1
299	7968.071671962738	0.09946070455548539	0.0005259514254263575	0
300	7995.013585329056	0.09946070455548539	0.0	1
301	8022.038758993149	0.0995569175089667	9.62129534813061e-05	0
302	8049.029695749283	0.0995569175089667	0.0	1
303	8075.952089309692	0.0995569175089667	0.0	2
304	8102.934685707092	0.09956057685849709	3.6593495303938184e-06	0
305	8129.656527996063	0.09956057685849709	0.0	1
306	8156.77201962471	0.0996719655501612	0.00011138869166410492	0
307	8183.34542632103	0.09968939005062523	1.742450046403332e-05	0
308	8210.271382331848	0.09968939005062523	0.0	1
309	8237.16528248787	0.09981632927418567	0.00012693922356044052	0
310	8264.186963319778	0.09981632927418567	0.0	1
311	8291.457057237625	0.09984593797755534	2.9608703369668476e-05	0
312	8318.459647893906	0.09996736432631116	0.0001214263487558237	0
313	8345.142231464386	0.10008256909942223	0.00011520477311106891	0
314	8372.0912399292	0.10011051508159001	2.7945982167779104e-05	0
315	8399.08287191391	0.1002476691374522	0.00013715405586219032	0
316	8425.888427257538	0.10029637187691895	4.870273946674941e-05	0
317	8452.825589418411	0.10029637187691895	0.0	1
318	8479.770346403122	0.10039862241640383	0.0001022505394848855	0
319	8506.9107940197	0.10048980631969255	9.118390328871628e-05	0
320	8533.87085533142	0.10050764650045706	1.7840180764505664e-05	0
321	8560.71017408371	0.10071280857924889	0.00020516207879182902	0
322	8587.760761260986	0.10090585459944665	0.0001930460201977624	0
323	8614.679764270782	0.1014025380430611	0.0004966834436144485	0
324	8641.658768177032	0.1015141720542468	0.00011163401118570448	0
325	8668.611649513245	0.1015141720542468	0.0	1
326	8695.598079919815	0.1015141720542468	0.0	2
327	8722.556915998459	0.1015141720542468	0.0	3
328	8749.534569978714	0.1015141720542468	0.0	4
329	8776.578558206558	0.1015141720542468	0.0	5
330	8803.550115823746	0.1016275573742394	0.00011338531999259549	0
331	8830.416288852692	0.10183645376130432	0.00020889638706492186	0
332	8857.178280591965	0.10189148710731431	5.503334600999443e-05	0
333	8884.139287948608	0.10211416908860636	0.00022268198129204997	0
334	8911.036260128021	0.10254323974629818	0.0004290706576918213	0
335	8937.786035776138	0.10254323974629818	0.0	1
336	8964.192137241364	0.10283915641921595	0.00029591667291777035	0
337	8990.618777275085	0.10283915641921595	0.0	1
338	9017.684141874313	0.10320601813489129	0.00036686171567533454	0
339	9044.414823055267	0.10320601813489129	0.0	1
340	9071.225873231888	0.10352703235775393	0.0003210142228626395	0
341	9098.075898170471	0.10352703235775393	0.0	1
342	9125.18938422203	0.10352703235775393	0.0	2
343	9152.142794132233	0.10352703235775393	0.0	3
344	9179.113295078278	0.10362625728980587	9.922493205194449e-05	0
345	9206.111905813217	0.10362625728980587	0.0	1
346	9233.12754702568	0.10365905514695621	3.2797857150337895e-05	0
347	9260.09500837326	0.10365905514695621	0.0	1
348	9287.348336696625	0.10365905514695621	0.0	2
349	9314.457991600037	0.10365905514695621	0.0	3
350	9341.54130744934	0.10379306775005583	0.0001340126030996147	0
351	9368.494759082794	0.10382019600048498	2.7128250429150902e-05	0
352	9395.557563304901	0.10383165787368814	1.1461873203166828e-05	0
353	9422.584828853607	0.10421759999659824	0.000385942122910099	0
354	9449.830567598343	0.10421759999659824	0.0	1
355	9476.982679367065	0.10425321902824686	3.561903164861491e-05	0
356	9504.02330160141	0.10425321902824686	0.0	1
357	9531.110617399216	0.10425321902824686	0.0	2
358	9558.038511514664	0.10425321902824686	0.0	3
359	9585.11965584755	0.10442271437437198	0.0001694953461251203	0
360	9612.18066573143	0.1044558188809243	3.310450655232e-05	0
361	9639.071280241013	0.10451539745251487	5.957857159057112e-05	0
362	9666.072609424591	0.10451539745251487	0.0	1
363	9693.133321762085	0.10456211719251542	4.671974000054757e-05	0
364	9720.196512699127	0.10456211719251542	0.0	1
365	9747.22651553154	0.10472057997460016	0.0001584627820847423	0
366	9774.586224794388	0.10492486980620412	0.00020428983160396263	0
367	9801.790656089783	0.10492486980620412	0.0	1
368	9829.122964143753	0.10492486980620412	0.0	2
369	9856.263983726501	0.10496709883607336	4.222902986923682e-05	0
370	9883.347830533981	0.10496709883607336	0.0	1
371	9910.37581372261	0.10554818582397703	0.0005810869879036701	0
372	9937.438462257385	0.10554818582397703	0.0	1
373	9964.491105556488	0.10554818582397703	0.0	2
374	9991.541366815567	0.10554818582397703	0.0	3
375	10018.8238530159	0.10554818582397703	0.0	4
376	10045.9773645401	0.10554818582397703	0.0	5
377	10073.125034332275	0.10609260435783417	0.0005444185338571439	0
378	10100.151770114899	0.1060970814391032	4.477081269022021e-06	0
379	10127.261431217194	0.10611650256789572	1.942112879252389e-05	0
380	10154.20660352707	0.10611650256789572	0.0	1
381	10181.347531318665	0.10617062959456207	5.412702666635072e-05	0
382	10208.339948654175	0.10617759394320275	6.9643486406839594e-06	0
383	10235.580074310303	0.10625559873663717	7.80047934344219e-05	0
384	10262.734735965729	0.10640441228420605	0.00014881354756887677	0
385	10289.82285284996	0.10640441228420605	0.0	1
386	10316.9781832695	0.10705185820269979	0.0006474459184937359	0
387	10344.112037181854	0.10705185820269979	0.0	1
388	10371.282286643982	0.10714954307331064	9.768487061084796e-05	0
389	10398.235941171646	0.10714954307331064	0.0	1
390	10425.306015968323	0.10714954307331064	0.0	2
391	10452.292210578918	0.10715307976308022	3.536689769587098e-06	0
392	10479.4141061306	0.10715307976308022	0.0	1
393	10506.519624233246	0.10718931890796397	3.623914488375124e-05	0
394	10533.54093337059	0.10718931890796397	0.0	1
395	10560.5863199234	0.10806692223872708	0.000877603330763102	0
396	10587.633009195328	0.10806692223872708	0.0	1
397	10614.63208413124	0.10806692223872708	0.0	2
398	10641.74531674385	0.10806692223872708	0.0	3
399	10668.714752674103	0.10840921793008765	0.00034229569136057236	0
400	10695.753732442856	0.10840921793008765	0.0	1
401	10722.804359912872	0.10840921793008765	0.0	2
402	10749.91058397293	0.10840921793008765	0.0	3
403	10776.92319560051	0.10840921793008765	0.0	4
404	10804.324833154678	0.10855431079824573	0.00014509286815808653	0
405	10831.449380159378	0.10855431079824573	0.0	1
406	10858.454160690308	0.10855431079824573	0.0	2
407	10885.716754674911	0.10855431079824573	0.0	3
408	10912.687014579773	0.10855431079824573	0.0	4
409	10939.969841957092	0.10856015076574581	5.839967500073651e-06	0
410	10967.108434200287	0.10856015076574581	0.0	1
411	10994.136185646057	0.1086556345750935	9.54838093476934e-05	0
412	11021.430005311966	0.1086556345750935	0.0	1
413	11048.502251148224	0.10881336139861347	0.00015772682351997136	0
414	11075.703387022018	0.10891245004204232	9.908864342884904e-05	0
415	11102.883235931396	0.10891245004204232	0.0	1
416	11129.978831768036	0.10891245004204232	0.0	2
417	11157.086638450623	0.10891245004204232	0.0	3
418	11184.242773294449	0.10948609567112444	0.0005736456290821174	0
419	11211.403027534485	0.10948609567112444	0.0	1
420	11238.771823644638	0.10948609567112444	0.0	2
421	11266.07799744606	0.10948609567112444	0.0	3
422	11293.259074687958	0.10948609567112444	0.0	4
423	11320.181950330734	0.10948609567112444	0.0	5
424	11347.26583313942	0.10948609567112444	0.0	6
425	11374.5049700737	0.10948609567112444	0.0	7
426	11401.648740053177	0.10948609567112444	0.0	8
427	11428.570474147797	0.11157242235691657	0.002086326685792131	0
428	11455.321501255035	0.1116514152428685	7.899288595193676e-05	0
429	11482.08707690239	0.1116514152428685	0.0	1
430	11508.875552654266	0.1116514152428685	0.0	2
431	11535.636783838272	0.11267068378291861	0.0010192685400501056	0
432	11562.278585672379	0.11267068378291861	0.0	1
433	11589.040799856186	0.11267068378291861	0.0	2
434	11615.830445051193	0.11267068378291861	0.0	3
435	11642.70453119278	0.11267068378291861	0.0	4
436	11669.634530067444	0.11267068378291861	0.0	5
437	11696.390714883804	0.11267068378291861	0.0	6
438	11723.578839302063	0.11267068378291861	0.0	7
439	11750.620537519455	0.11267068378291861	0.0	8
440	11777.708231925964	0.11267068378291861	0.0	9
441	11804.910699129105	0.11326225136593909	0.0005915675830204803	0
442	11832.10908317566	0.11326225136593909	0.0	1
443	11859.14672589302	0.11326225136593909	0.0	2
444	11886.299297094345	0.11326225136593909	0.0	3
445	11913.332392692566	0.11326225136593909	0.0	4
446	11940.667121171951	0.11346727715610783	0.00020502579016873357	0
447	11967.852817296982	0.11346727715610783	0.0	1
448	11995.236094713211	0.11358644792815126	0.00011917077204343096	0
449	12022.519168376923	0.11358644792815126	0.0	1
450	12049.79225063324	0.11366238794894563	7.594002079437667e-05	0
451	12077.194690227509	0.11379393372796703	0.00013154577902139974	0
452	12104.501524209976	0.11427796277292615	0.0004840290449591167	0
453	12131.966324090958	0.11427796277292615	0.0	1
454	12159.479580163956	0.11427796277292615	0.0	2
455	12186.742096424103	0.11427796277292615	0.0	3
456	12214.16630601883	0.11427796277292615	0.0	4
457	12241.587876081467	0.11427796277292615	0.0	5
458	12269.211474657059	0.11482345117247467	0.000545488399548516	0
459	12296.812291622162	0.11482345117247467	0.0	1
460	12324.0326628685	0.11482345117247467	0.0	2
461	12351.672417402267	0.11482345117247467	0.0	3
462	12379.340242385864	0.11509620559389566	0.0002727544214209954	0
463	12407.052550315857	0.11509620559389566	0.0	1
464	12434.615902900696	0.11518257169435761	8.63661004619487e-05	0
465	12462.26129436493	0.11527632463819187	9.375294383426325e-05	0
466	12490.035064220428	0.1154679737000028	0.00019164906181091956	0
467	12517.63451576233	0.1154679737000028	0.0	1
468	12545.2938144207	0.1154679737000028	0.0	2
469	12572.840894699097	0.11566720040925839	0.0001992267092555955	0
470	12600.476302146912	0.11566720040925839	0.0	1
471	12628.170800209045	0.11566720040925839	0.0	2
472	12655.81426358223	0.11566720040925839	0.0	3
473	12683.433984518051	0.11571186219105005	4.466178179166058e-05	0
474	12711.14175915718	0.11571186219105005	0.0	1
475	12738.802401781082	0.11571186219105005	0.0	2
476	12766.414897441864	0.11571186219105005	0.0	3
477	12794.180298566818	0.11600331541156111	0.0002914532205110648	0
478	12821.967880249023	0.11600331541156111	0.0	1
479	12849.543392181396	0.11600331541156111	0.0	2
480	12877.399708271027	0.11600331541156111	0.0	3
481	12904.84999537468	0.11637896774342675	0.0003756523318656363	0
482	12932.62959909439	0.11637896774342675	0.0	1
483	12960.31228518486	0.11641573841394061	3.6770670513858184e-05	0
484	12988.068132162094	0.11656748216690624	0.00015174375296563014	0
485	13015.8614320755	0.11656748216690624	0.0	1
486	13043.46577000618	0.11677128817389817	0.00020380600699193563	0
487	13071.124988079071	0.11677128817389817	0.0	1
488	13098.81436920166	0.11677128817389817	0.0	2
489	13126.565653800964	0.11677128817389817	0.0	3
490	13154.215215206146	0.11677128817389817	0.0	4
491	13181.995352745056	0.11677128817389817	0.0	5
492	13209.799790143967	0.11688795123527647	0.0001166630613782943	0
493	13237.524946928024	0.11688795123527647	0.0	1
494	13265.335495471954	0.11716813338665671	0.0002801821513802455	0
495	13293.148896932602	0.11716813338665671	0.0	1
496	13321.050829648972	0.11716813338665671	0.0	2
497	13348.793896436691	0.11720892457155219	4.079118489547229e-05	0
498	13376.152476787567	0.11720892457155219	0.0	1
499	13404.025146007538	0.11728381516994864	7.489059839645151e-05	0
500	13431.836134195328	0.11729398230123231	1.0167131283669861e-05	0
501	13459.715891838074	0.11745680631925642	0.00016282401802411584	0
502	13487.466732501984	0.11798377990935607	0.0005269735900996497	0
503	13515.188977479935	0.11820639374633657	0.0002226138369804953	0
504	13543.11438035965	0.11820639374633657	0.0	1
505	13570.60527229309	0.11820639374633657	0.0	2
506	13598.135261297226	0.11820639374633657	0.0	3
507	13625.921327829361	0.11832767699203812	0.00012128324570155613	0
508	13653.567137241364	0.11832767699203812	0.0	1
509	13681.39916062355	0.11849862381199933	0.0001709468199612013	0
510	13709.072305440903	0.11849862381199933	0.0	1
511	13736.835061311722	0.11849862381199933	0.0	2
512	13764.906321287155	0.11861337883265415	0.00011475502065481924	0
513	13792.729923725128	0.11861337883265415	0.0	1
514	13820.427849531174	0.11872021548430653	0.00010683665165238387	0
515	13848.075513839722	0.11872021548430653	0.0	1
516	13875.810636520386	0.11902724649443855	0.0003070310101320195	0
517	13903.664511442184	0.11902724649443855	0.0	1
518	13931.36017870903	0.11917505150619645	0.00014780501175790106	0
519	13959.153086423874	0.11928682180600525	0.00011177029980879993	0
520	13986.960484981537	0.11929951027681637	1.268847081112301e-05	0
521	14014.664543151855	0.11929951027681637	0.0	1
522	14042.488277435303	0.11929951027681637	0.0	2
523	14070.17175078392	0.11948110123824211	0.00018159096142573994	0
524	14097.694833755493	0.12260884336533899	0.0031277421270968775	0
525	14125.50267124176	0.12260884336533899	0.0	1
526	14153.27672624588	0.12292094431225054	0.0003121009469115449	0
527	14181.06656551361	0.12293044362928099	9.499317030453591e-06	0
528	14209.180279016495	0.12300556591833674	7.512228905574847e-05	0
529	14236.903499603271	0.12301464274063556	9.076822298823006e-06	0
530	14264.618029356003	0.12309862379019315	8.3981049557591e-05	0
531	14292.524063587189	0.1231835724889748	8.494869878164502e-05	0
532	14320.361824512482	0.1231835724889748	0.0	1
533	14348.301656484604	0.1231835724889748	0.0	2
534	14376.153341770172	0.12334983098030117	0.00016625849132637094	0
535	14404.085891723633	0.1236694005437589	0.0003195695634577306	0
536	14432.110660791397	0.1236694005437589	0.0	1
537	14460.011842012405	0.1236694005437589	0.0	2
538	14487.683312654495	0.1236694005437589	0.0	3
539	14515.544862031937	0.1236694005437589	0.0	4
540	14543.388563632965	0.1236694005437589	0.0	5
541	14571.447929143906	0.1236694005437589	0.0	6
542	14599.509003400803	0.1240376524033899	0.00036825185963100526	0
543	14627.357330322266	0.1240376524033899	0.0	1
544	14655.048250675201	0.1240376524033899	0.0	2
545	14682.985120773315	0.1240376524033899	0.0	3
546	14710.94262290001	0.1240376524033899	0.0	4
547	14738.83565235138	0.12414672418846122	0.00010907178507131576	0
548	14766.677859067917	0.12414672418846122	0.0	1
549	14794.572368860245	0.12421200643892874	6.528225046752156e-05	0
550	14822.488612651825	0.12421200643892874	0.0	1
551	14850.320789337158	0.12437999579576856	0.00016798935683981497	0
552	14878.051014184952	0.12437999579576856	0.0	1
553	14906.044231891632	0.12467298907772072	0.00029299328195216134	0
554	14934.047493934631	0.12467298907772072	0.0	1
555	14962.09528040886	0.12467298907772072	0.0	2
556	14990.11681175232	0.12474601252198063	7.302344425991203e-05	0
557	15017.959389686584	0.12474601252198063	0.0	1
558	15045.846081018448	0.12474601252198063	0.0	2
559	15073.721938610077	0.12502601749815084	0.00028000497617021447	0
560	15101.764837026596	0.12502601749815084	0.0	1
561	15129.748418331146	0.12502601749815084	0.0	2
562	15157.612216711044	0.12603137778421303	0.0010053602860621846	0
563	15185.583009719849	0.12603137778421303	0.0	1
564	15213.679455280304	0.12603137778421303	0.0	2
565	15241.660154104233	0.12606397802285985	3.260023864681827e-05	0
566	15269.48719239235	0.12606397802285985	0.0	1
567	15297.571099042892	0.12647127657301058	0.0004072985501507309	0
568	15325.446921825409	0.12647127657301058	0.0	1
569	15353.360730409622	0.12647127657301058	0.0	2
570	15381.174962759018	0.12653005785615598	5.878128314540376e-05	0
571	15409.076535224915	0.12653005785615598	0.0	1
572	15437.030638217926	0.12653005785615598	0.0	2
573	15464.915639400482	0.12653005785615598	0.0	3
574	15492.735967159271	0.12653005785615598	0.0	4
575	15520.409794330597	0.12844631678360593	0.0019162589274499542	0
576	15548.211779594421	0.12844631678360593	0.0	1
577	15576.164728164673	0.12844631678360593	0.0	2
578	15604.06886768341	0.1290065039111564	0.00056018712755046	0
579	15632.116698980331	0.1290065039111564	0.0	1
580	15660.238425016403	0.1290065039111564	0.0	2
581	15688.28422164917	0.1290065039111564	0.0	3
582	15716.091586351395	0.1290065039111564	0.0	4
583	15743.9640147686	0.1290065039111564	0.0	5
584	15771.999124288559	0.1290065039111564	0.0	6
585	15799.77385354042	0.1290065039111564	0.0	7
586	15827.612373113632	0.1290065039111564	0.0	8
587	15855.465042829514	0.12930069653299187	0.0002941926218354707	0
588	15883.338848352432	0.12930069653299187	0.0	1
589	15911.32900428772	0.12930069653299187	0.0	2
590	15939.243067026138	0.12930069653299187	0.0	3
591	15967.034922122955	0.12954200916906244	0.00024131263607057862	0
592	15994.996068239212	0.12954200916906244	0.0	1
593	16023.014042854309	0.1295697302750021	2.7721105939654267e-05	0
594	16050.883605480194	0.1295697302750021	0.0	1
595	16078.803671121597	0.12968219564678873	0.00011246537178663529	0
596	16106.702723026276	0.12968219564678873	0.0	1
597	16134.678558826447	0.1297225643369526	4.036869016385558e-05	0
598	16162.663834095001	0.12974199909460743	1.9434757654840373e-05	0
599	16190.680573701859	0.13008055366326374	0.0003385545686563074	0
600	16218.902772188187	0.1309198462620719	0.0008392925988081612	0
601	16246.696065187454	0.1309198462620719	0.0	1
602	16274.801988840103	0.1309198462620719	0.0	2
603	16302.530147075653	0.1309198462620719	0.0	3
604	16330.62633728981	0.13144822362498954	0.0005283773629176369	0
605	16358.488312482834	0.13144822362498954	0.0	1
606	16386.41400361061	0.13144822362498954	0.0	2
607	16414.380312681198	0.13144822362498954	0.0	3
608	16442.414558172226	0.13144822362498954	0.0	4
609	16470.40922021866	0.13144822362498954	0.0	5
610	16498.385370731354	0.1324532840760809	0.0010050604510913608	0
611	16526.41434621811	0.1324532840760809	0.0	1
612	16554.324841737747	0.1324532840760809	0.0	2
613	16582.315595149994	0.1324532840760809	0.0	3
614	16610.05060529709	0.1324532840760809	0.0	4
615	16638.028349399567	0.1326610697108675	0.00020778563478660028	0
616	16665.922712802887	0.1326610697108675	0.0	1
617	16693.99653315544	0.1326610697108675	0.0	2
618	16722.30635857582	0.1326610697108675	0.0	3
619	16750.47010564804	0.1326610697108675	0.0	4
620	16778.55711197853	0.1326610697108675	0.0	5
621	16806.581028699875	0.13276603920838334	0.00010496949751584439	0
622	16834.614918470383	0.13276603920838334	0.0	1
623	16862.470705270767	0.13287731886914897	0.00011127966076562856	0
624	16890.19421005249	0.13287731886914897	0.0	1
625	16918.279728412628	0.13287731886914897	0.0	2
626	16946.396780729294	0.13287731886914897	0.0	3
627	16974.494929790497	0.13287731886914897	0.0	4
628	17002.707733631134	0.1329978934140104	0.00012057454486141816	0
629	17030.55066013336	0.1329978934140104	0.0	1
630	17058.704313755035	0.1330028134333045	4.9200192941134535e-06	0
631	17086.901091337204	0.13303556358943674	3.275015613224408e-05	0
632	17114.893766880035	0.13303556358943674	0.0	1
633	17142.95380783081	0.13311312544484608	7.756185540933047e-05	0
634	17171.083344459534	0.13312888040967705	1.575496483097183e-05	0
635	17199.206842422485	0.13312888040967705	0.0	1
636	17227.19726371765	0.1334503852715829	0.0003215048619058525	0
637	17255.181334495544	0.1334503852715829	0.0	1
638	17282.973655939102	0.1334503852715829	0.0	2
639	17311.234659433365	0.13359132133673626	0.0001409360651533631	0
640	17339.42139196396	0.13359132133673626	0.0	1
641	17367.41454577446	0.13359132133673626	0.0	2
642	17395.720600366592	0.1335979858504061	6.664513669846217e-06	0
643	17424.194669008255	0.1336838885695495	8.590271914338254e-05	0
644	17452.45569205284	0.1336838885695495	0.0	1
645	17480.74450302124	0.1336838885695495	0.0	2
646	17508.959223031998	0.133832729374843	0.00014884080529350974	0
647	17537.169951200485	0.13384754394817455	1.4814573331550784e-05	0
648	17565.51940894127	0.13392993042084184	8.238647266728405e-05	0
649	17593.34819126129	0.13392993042084184	0.0	1
650	17621.523348093033	0.13392993042084184	0.0	2
651	17649.528833150864	0.1339522272395819	2.229681874005296e-05	0
652	17677.50884246826	0.13396006383541045	7.836595828564219e-06	0
653	17705.543664693832	0.13402082130359086	6.075746818040573e-05	0
654	17733.363582611084	0.1341627522756929	0.00014193097210205008	0
655	17761.73261642456	0.13424441641865772	8.166414296481572e-05	0
656	17790.07074570656	0.13424441641865772	0.0	1
657	17818.492941856384	0.13433138218906132	8.696577040359643e-05	0
658	17846.81329393387	0.13433138218906132	0.0	1
659	17875.250651359558	0.13433138218906132	0.0	2
660	17903.3342628479	0.13433138218906132	0.0	3
661	17931.44491004944	0.13433138218906132	0.0	4
662	17959.970359563828	0.13501401101560973	0.0006826288265484037	0
663	17988.297788381577	0.13501401101560973	0.0	1
664	18016.269617319107	0.13501401101560973	0.0	2
