1	23.011220693588257	0.011335514058062443	10000000000.011335	0
2	38.283963680267334	0.016897680198636852	0.005562166140574408	0
3	53.890934467315674	0.021789654701325118	0.004891974502688266	0
4	69.59484386444092	0.021789654701325118	0.0	1
5	85.04241919517517	0.021849563772826708	5.990907150158972e-05	0
6	100.57810854911804	0.021849563772826708	0.0	1
7	115.89997339248657	0.021849563772826708	0.0	2
8	131.5809075832367	0.021849563772826708	0.0	3
9	148.24075889587402	0.02840570072959116	0.006556136956764453	0
10	164.4876537322998	0.02840570072959116	0.0	1
11	180.7290439605713	0.02840570072959116	0.0	2
12	196.48216915130615	0.02840570072959116	0.0	3
13	212.00177240371704	0.03102611867882463	0.0026204179492334695	0
14	227.87268090248108	0.032782030633975424	0.0017559119551507942	0
15	243.37041354179382	0.03315934909425852	0.00037731846028309785	0
16	258.4814431667328	0.03350648643895491	0.00034713734469638685	0
17	273.9344410896301	0.03383978026675936	0.0003332938278044484	0
18	289.0066442489624	0.034377728498234575	0.0005379482314752174	0
19	304.271977186203	0.035281557167298756	0.0009038286690641814	0
20	319.70495200157166	0.035281557167298756	0.0	1
21	335.09759068489075	0.03621990433737998	0.000938347170081226	0
22	350.6061909198761	0.03621990433737998	0.0	1
23	366.2117705345154	0.03621990433737998	0.0	2
24	381.7070035934448	0.037186855082235466	0.000966950744855484	0
25	397.10599160194397	0.03721477380667862	2.7918724443153076e-05	0
26	412.6013147830963	0.03721477380667862	0.0	1
27	428.1477220058441	0.03721477380667862	0.0	2
28	443.5202136039734	0.03721477380667862	0.0	3
29	459.1486530303955	0.03759997656380837	0.00038520275712974894	0
30	474.7251465320587	0.03759997656380837	0.0	1
31	490.4223232269287	0.03776683472507641	0.00016685816126803948	0
32	506.23057317733765	0.04640504616259211	0.008638211437515704	0
33	521.912618637085	0.04640504616259211	0.0	1
34	537.8800988197327	0.04640504616259211	0.0	2
35	553.9289627075195	0.04881745019359526	0.0024124040310031514	0
36	570.5107395648956	0.05041045635754808	0.0015930061639528176	0
37	587.3784606456757	0.05041045635754808	0.0	1
38	604.6841123104095	0.05081736648512295	0.0004069101275748707	0
39	622.317060470581	0.05081736648512295	0.0	1
40	640.3524096012115	0.05081736648512295	0.0	2
41	658.3776104450226	0.05081736648512295	0.0	3
42	676.900383234024	0.05093202951095717	0.00011466302583421767	0
43	695.7604289054871	0.05426690990188091	0.003334880390923743	0
44	715.0954420566559	0.05443154996580791	0.00016464006392699626	0
45	734.8893423080444	0.05443154996580791	0.0	1
46	754.7944257259369	0.055789270858047	0.0013577208922390949	0
47	774.6136291027069	0.055789270858047	0.0	1
48	794.6750869750977	0.05615873909363923	0.0003694682355922241	0
49	815.0203905105591	0.05615873909363923	0.0	1
50	835.6199321746826	0.05615873909363923	0.0	2
51	856.3389439582825	0.05615873909363923	0.0	3
52	877.0103144645691	0.056841838115937356	0.0006830990222981281	0
53	897.866051197052	0.056841838115937356	0.0	1
54	918.5564224720001	0.0570419404795964	0.000200102363659041	0
55	939.165463924408	0.0570419404795964	0.0	1
56	959.8770506381989	0.06020479055600525	0.0031628500764088532	0
57	980.5923142433167	0.06020479055600525	0.0	1
58	1001.3375914096832	0.06020479055600525	0.0	2
59	1022.0392286777496	0.06413964753799509	0.003934856981989837	0
60	1042.6929519176483	0.06434487776109847	0.00020523022310338368	0
61	1063.487728357315	0.06434889146104893	4.013699950455862e-06	0
62	1084.209921836853	0.06437278285667931	2.389139563038767e-05	0
63	1105.0909132957458	0.06437278285667931	0.0	1
64	1125.9324083328247	0.06752988155319313	0.003157098696513816	0
65	1146.7272713184357	0.06752988155319313	0.0	1
66	1167.478441953659	0.06752988155319313	0.0	2
67	1188.150414466858	0.06752988155319313	0.0	3
68	1208.9630241394043	0.06752988155319313	0.0	4
69	1229.8043975830078	0.06790692402901444	0.000377042475821307	0
70	1250.5340824127197	0.06932472776074958	0.00141780373173514	0
71	1271.2276678085327	0.06932472776074958	0.0	1
72	1291.7879610061646	0.06932472776074958	0.0	2
73	1312.5951526165009	0.06932472776074958	0.0	3
74	1333.099241733551	0.06932472776074958	0.0	4
75	1353.7251195907593	0.06949129971590909	0.0001665719551595113	0
76	1374.299289226532	0.06949129971590909	0.0	1
77	1395.0817844867706	0.06951129325691867	1.9993541009580285e-05	0
78	1415.8981301784515	0.07047503099748444	0.0009637377405657677	0
79	1436.626872062683	0.07186865712748067	0.001393626129996231	0
80	1457.3890550136566	0.07186865712748067	0.0	1
81	1478.2010774612427	0.07196157189628283	9.291476880216032e-05	0
82	1498.86421585083	0.07196157189628283	0.0	1
83	1519.526210784912	0.07208705283157604	0.00012548093529321513	0
84	1540.142415046692	0.07216837625298309	8.13234214070424e-05	0
85	1560.7628264427185	0.07216837625298309	0.0	1
86	1581.6494731903076	0.0722309940608689	6.261780788581472e-05	0
87	1602.4741730690002	0.07224473876850909	1.3744707640192533e-05	0
88	1622.9178767204285	0.07224473876850909	0.0	1
89	1643.359498500824	0.07233160913687652	8.687036836742268e-05	0
90	1663.8262250423431	0.07233160913687652	0.0	1
91	1684.5530076026917	0.07378010506653501	0.001448495929658497	0
92	1705.192842721939	0.07378010506653501	0.0	1
93	1725.579556465149	0.07378010506653501	0.0	2
94	1746.409592628479	0.07378010506653501	0.0	3
95	1766.8679983615875	0.07378010506653501	0.0	4
96	1787.8240463733673	0.07378010506653501	0.0	5
97	1808.6014640331268	0.07392211781181092	0.00014201274527590735	0
98	1829.2476942539215	0.07392211781181092	0.0	1
99	1850.0249626636505	0.07392211781181092	0.0	2
100	1870.7374436855316	0.07514132176195676	0.001219203950145839	0
101	1891.4555344581604	0.07514132176195676	0.0	1
102	1912.0739862918854	0.07520249491043766	6.117314848090583e-05	0
103	1932.7348132133484	0.07562047848863986	0.00041798357820219123	0
104	1953.6061310768127	0.07562047848863986	0.0	1
105	1974.304229259491	0.07584713328329543	0.00022665479465557026	0
106	1995.0611708164215	0.07584713328329543	0.0	1
107	2015.700358390808	0.07584713328329543	0.0	2
108	2036.5408601760864	0.07670391171244802	0.000856778429152591	0
109	2057.169134616852	0.07670391171244802	0.0	1
110	2077.789936065674	0.07700493920873225	0.0003010274962842313	0
111	2098.4619674682617	0.07768422896401457	0.0006792897552823224	0
112	2119.180057287216	0.07768422896401457	0.0	1
113	2139.829137802124	0.07768422896401457	0.0	2
114	2160.4747262001038	0.0801630191833324	0.0024787902193178363	0
115	2181.2433412075043	0.0801630191833324	0.0	1
116	2201.9648020267487	0.0801630191833324	0.0	2
117	2222.5281686782837	0.0801630191833324	0.0	3
118	2243.2842030525208	0.0801630191833324	0.0	4
119	2263.8035695552826	0.08025911629148408	9.60971081516715e-05	0
120	2284.3334579467773	0.08025911629148408	0.0	1
121	2305.0044887065887	0.08025911629148408	0.0	2
122	2325.5828902721405	0.08036972813799649	0.00011061184651241229	0
123	2346.30157327652	0.08041254320894507	4.2815070948581946e-05	0
124	2366.9802832603455	0.08041254320894507	0.0	1
125	2387.725440263748	0.08053612291794596	0.00012357970900088444	0
126	2408.3062641620636	0.08061121794927709	7.509503133112938e-05	0
127	2428.902007818222	0.08086305888148254	0.0002518409322054549	0
128	2449.8454349040985	0.08086305888148254	0.0	1
129	2470.616952896118	0.08094039586066375	7.733697918120563e-05	0
130	2491.304062128067	0.08109263025267256	0.0001522343920088154	0
131	2512.058267593384	0.08110729490851872	1.466465584615273e-05	0
132	2532.5837376117706	0.08124536891258688	0.0001380740040681644	0
133	2553.286924600601	0.08133245052832012	8.708161573324491e-05	0
134	2573.8167474269867	0.08142740281203771	9.495228371758646e-05	0
135	2594.5179784297943	0.08146514794620677	3.774513416905656e-05	0
136	2615.2986183166504	0.08146514794620677	0.0	1
137	2636.08144903183	0.08148544132218717	2.029337598040415e-05	0
138	2656.8202228546143	0.08157368820564798	8.824688346080467e-05	0
139	2677.553117752075	0.08169600724488514	0.0001223190392371648	0
140	2698.3115129470825	0.08226172087610252	0.0005657136312173794	0
141	2719.0806980133057	0.08226172087610252	0.0	1
142	2739.5603461265564	0.08226172087610252	0.0	2
143	2760.3616375923157	0.08236067323090826	9.895235480573972e-05	0
144	2781.3019077777863	0.08237520841256245	1.4535181654187768e-05	0
145	2802.1691012382507	0.08263945842390166	0.0002642500113392149	0
146	2822.7687764167786	0.08386093157962221	0.0012214731557205483	0
147	2843.6383917331696	0.08386093157962221	0.0	1
148	2864.42205452919	0.08386093157962221	0.0	2
149	2885.1162254810333	0.08386093157962221	0.0	3
150	2905.863508939743	0.08386093157962221	0.0	4
151	2926.7002618312836	0.08387198458695606	1.1053007333852727e-05	0
152	2947.3721857070923	0.08407057755411422	0.00019859296715815655	0
153	2968.1496613025665	0.08408951485829472	1.8937304180496883e-05	0
154	2988.647130250931	0.08408951485829472	0.0	1
155	3009.3879251480103	0.0841584769015861	6.896204329137623e-05	0
156	3030.1276376247406	0.0841584769015861	0.0	1
157	3050.91819524765	0.08420359525026516	4.51183486790685e-05	0
158	3071.580330848694	0.08420359525026516	0.0	1
159	3092.2797615528107	0.08421711508167723	1.3519831412067695e-05	0
160	3113.1529624462128	0.08425208674236609	3.4971660688859485e-05	0
161	3134.0672874450684	0.08427726606548483	2.517932311874027e-05	0
162	3154.8233194351196	0.08447182488939906	0.00019455882391422596	0
163	3175.699611902237	0.08447182488939906	0.0	1
164	3196.3342423439026	0.08447182488939906	0.0	2
165	3217.085836172104	0.08460739118280208	0.00013556629340302773	0
166	3237.912927389145	0.08460739118280208	0.0	1
167	3258.7196202278137	0.08461958901457002	1.2197831767937761e-05	0
168	3279.410793542862	0.08461958901457002	0.0	1
169	3300.1434206962585	0.08545690542834315	0.0008373164137731315	0
170	3320.7390642166138	0.08545690542834315	0.0	1
171	3341.6228289604187	0.08576204202661401	0.0003051365982708609	0
172	3362.406292438507	0.08576204202661401	0.0	1
173	3383.347862958908	0.08576204202661401	0.0	2
174	3404.1409022808075	0.08576204202661401	0.0	3
175	3425.0394937992096	0.08576204202661401	0.0	4
176	3445.829973220825	0.08576204202661401	0.0	5
177	3466.7870445251465	0.08581036315793605	4.832113132204052e-05	0
178	3487.6654467582703	0.08581036315793605	0.0	1
179	3508.5015122890472	0.08590512463758129	9.476147964523896e-05	0
180	3529.4210896492004	0.08594496180211503	3.983716453373476e-05	0
181	3549.810195684433	0.08595743902556033	1.2477223445300778e-05	0
182	3570.5343296527863	0.08604101802367976	8.357899811943514e-05	0
183	3591.193893432617	0.08613877785303332	9.775982935356087e-05	0
184	3611.5517642498016	0.08618316024314762	4.4382390114297565e-05	0
185	3632.3018794059753	0.08620525944338418	2.209920023656109e-05	0
186	3652.9323682785034	0.08629002415252464	8.476470914045575e-05	0
187	3673.5354142189026	0.08629002415252464	0.0	1
188	3694.1812138557434	0.0863417252416997	5.1701089175057446e-05	0
189	3714.7731726169586	0.0863417252416997	0.0	1
190	3735.558273077011	0.08639861892741509	5.689368571538955e-05	0
191	3756.353663444519	0.08639861892741509	0.0	1
192	3776.886517763138	0.08922322789900075	0.0028246089715856654	0
193	3797.8403198719025	0.08922322789900075	0.0	1
194	3818.720570087433	0.08922322789900075	0.0	2
195	3839.5854046344757	0.08922322789900075	0.0	3
196	3860.237895011902	0.08922322789900075	0.0	4
197	3881.15017080307	0.08927931748183981	5.6089582839063956e-05	0
198	3901.9144492149353	0.08928037371866888	1.0562368290695234e-06	0
199	3922.852163553238	0.08943273077043849	0.00015235705176960823	0
200	3943.6612973213196	0.08985831925380998	0.00042558848337148625	0
201	3964.3591952323914	0.09117941257858947	0.0013210933247794904	0
202	3984.8267047405243	0.09154373251144389	0.00036431993285442055	0
203	4005.277138233185	0.09154373251144389	0.0	1
204	4025.777234315872	0.09154373251144389	0.0	2
205	4046.387825012207	0.09154373251144389	0.0	3
206	4067.092540740967	0.09154373251144389	0.0	4
207	4087.959845304489	0.09155631195135652	1.2579439912632773e-05	0
208	4108.6335825920105	0.09155631195135652	0.0	1
209	4129.504622220993	0.09163978191857747	8.346996722094491e-05	0
210	4150.814800739288	0.09166768019972717	2.7898281149699167e-05	0
211	4171.758946418762	0.09172137791723071	5.3697717503548015e-05	0
212	4192.820840597153	0.09186610962053758	0.00014473170330686624	0
213	4213.900461435318	0.09191055334053227	4.4443719994693986e-05	0
214	4234.863419055939	0.09191055334053227	0.0	1
215	4255.7786276340485	0.09205957813546697	0.000149024794934699	0
216	4276.689170837402	0.09205957813546697	0.0	1
217	4297.599278450012	0.09218495685429286	0.00012537871882588314	0
218	4318.665955781937	0.09224487614744117	5.991929314831668e-05	0
219	4339.810465097427	0.09224487614744117	0.0	1
220	4360.804102182388	0.09229660449434086	5.1728346899690414e-05	0
221	4381.856755971909	0.09250692509751723	0.0002103206031763699	0
222	4402.973790168762	0.09283822229699319	0.0003312971994759578	0
223	4424.032228469849	0.09283822229699319	0.0	1
224	4445.249027490616	0.09283822229699319	0.0	2
225	4466.215345144272	0.09283822229699319	0.0	3
226	4486.927423477173	0.09283822229699319	0.0	4
227	4507.772970914841	0.09360901623382854	0.0007707939368353511	0
228	4528.453661441803	0.09360901623382854	0.0	1
229	4549.456654548645	0.09360901623382854	0.0	2
230	4570.096184253693	0.09360901623382854	0.0	3
231	4590.821061372757	0.09360901623382854	0.0	4
232	4611.2024075984955	0.09360901623382854	0.0	5
233	4631.647337675095	0.09360901623382854	0.0	6
234	4652.045929908752	0.09360901623382854	0.0	7
235	4672.166504621506	0.09360901623382854	0.0	8
236	4692.446119070053	0.09372957033539649	0.00012055410156794344	0
237	4712.961313962936	0.09468757713936068	0.0009580068039641981	0
238	4733.447109937668	0.09468757713936068	0.0	1
239	4753.849527835846	0.09468757713936068	0.0	2
240	4774.184524774551	0.09471994568734823	3.236854798754907e-05	0
241	4794.581073522568	0.09471994568734823	0.0	1
242	4815.046624660492	0.09503597856103638	0.0003160328736881435	0
243	4835.466780662537	0.09503597856103638	0.0	1
244	4856.293741941452	0.09537796760299495	0.0003419890419585764	0
245	4877.20047211647	0.09537796760299495	0.0	1
246	4898.0856602191925	0.09537796760299495	0.0	2
247	4919.139691829681	0.09537796760299495	0.0	3
248	4940.042246103287	0.09680222460103413	0.0014242569980391778	0
249	4961.113902807236	0.09680222460103413	0.0	1
250	4982.034935712814	0.09680222460103413	0.0	2
251	5003.044351100922	0.09691332027215857	0.0001110956711244393	0
252	5024.213984012604	0.09692786908267507	1.4548810516504251e-05	0
253	5045.23944735527	0.09692786908267507	0.0	1
254	5066.201515197754	0.09701235440013817	8.448531746309274e-05	0
255	5087.207939863205	0.09764747301267201	0.000635118612533847	0
256	5108.235967159271	0.09764747301267201	0.0	1
257	5129.253646373749	0.09764747301267201	0.0	2
258	5150.099934101105	0.09764747301267201	0.0	3
259	5171.079920053482	0.0977032832038337	5.581019116168706e-05	0
260	5191.953760385513	0.09776980568077148	6.652247693778035e-05	0
261	5212.645206451416	0.09776980568077148	0.0	1
262	5233.562385320663	0.0979130654669488	0.00014325978617732438	0
263	5254.478767156601	0.0979130654669488	0.0	1
264	5275.309271812439	0.0979130654669488	0.0	2
265	5296.538785934448	0.10357161918080289	0.005658553713854084	0
266	5317.601013660431	0.10357161918080289	0.0	1
267	5338.593231201172	0.10357161918080289	0.0	2
268	5359.380862951279	0.10357161918080289	0.0	3
269	5380.683850765228	0.10363450275150375	6.288357070086126e-05	0
270	5401.960380077362	0.10383715711963044	0.00020265436812669235	0
271	5423.749652862549	0.10383715711963044	0.0	1
272	5445.394715547562	0.10383715711963044	0.0	2
273	5467.267101764679	0.10383715711963044	0.0	3
274	5489.542668581009	0.10383715711963044	0.0	4
275	5511.877588272095	0.10383715711963044	0.0	5
276	5534.54853105545	0.10383715711963044	0.0	6
277	5557.470414876938	0.10383715711963044	0.0	7
278	5580.382853746414	0.10383715711963044	0.0	8
279	5603.396267652512	0.10383715711963044	0.0	9
280	5626.795483589172	0.10597909637808078	0.00214193925845034	0
281	5650.3828864097595	0.10597909637808078	0.0	1
282	5674.066730976105	0.10597909637808078	0.0	2
283	5697.894012451172	0.10635970961582746	0.00038061323774667144	0
284	5721.482579946518	0.10635974368798323	3.407215577733158e-08	1
285	5745.052896261215	0.10640689955157773	4.715586359449464e-05	0
286	5769.159974336624	0.10640689955157773	0.0	1
287	5793.058678627014	0.10646163306261688	5.473351103915669e-05	0
288	5816.848923206329	0.10708214153475382	0.0006205084721369325	0
289	5840.861831903458	0.10708214153475382	0.0	1
290	5864.619351148605	0.10708214153475382	0.0	2
291	5888.733527183533	0.10708214153475382	0.0	3
292	5912.778548717499	0.10713401298470776	5.1871449953944104e-05	0
293	5936.979331493378	0.10745085677570339	0.0003168437909956273	0
294	5961.333172082901	0.10745085677570339	0.0	1
295	5985.702574968338	0.10745085677570339	0.0	2
296	6010.1690266132355	0.10745891143332892	8.054657625530814e-06	0
297	6034.524342536926	0.10745891143332892	0.0	1
298	6058.960714101791	0.10796281817396795	0.0005039067406390346	0
299	6083.3324246406555	0.10796281817396795	0.0	1
300	6107.405048131943	0.10798640973462752	2.3591560659563804e-05	0
301	6131.692085027695	0.10807064291813785	8.423318351033493e-05	0
302	6155.791100263596	0.10843935815908742	0.0003687152409495714	0
303	6180.135560035706	0.10843935815908742	0.0	1
304	6204.482184648514	0.10853897832814637	9.962016905894211e-05	0
305	6228.81631565094	0.10884181164868674	0.0003028333205403744	0
306	6253.249329566956	0.10893066501652036	8.885336783362452e-05	0
307	6277.600567579269	0.10910529162930542	0.00017462661278505598	0
308	6301.854988574982	0.10933323435144933	0.00022794272214390898	0
309	6326.140501260757	0.10938605300733385	5.281865588452339e-05	0
310	6350.295170068741	0.109417569751427	3.1516744093143534e-05	0
311	6374.502211093903	0.10954197400659768	0.00012440425517068476	0
312	6398.779441356659	0.10954197400659768	0.0	1
313	6423.03560423851	0.10973173547097859	0.00018976146438090535	0
314	6447.072343587875	0.10973173547097859	0.0	1
315	6471.105507850647	0.10973173547097859	0.0	2
316	6495.290890932083	0.10988044680208013	0.00014871133110154477	0
317	6519.316919326782	0.11024185697283125	0.00036141017075111415	0
318	6543.303672790527	0.11024185697283125	0.0	1
319	6566.92350935936	0.11058746447773328	0.0003456075049020346	0
320	6591.085725545883	0.11058746447773328	0.0	1
321	6615.015732526779	0.11058746447773328	0.0	2
322	6638.707208633423	0.11058746447773328	0.0	3
323	6662.751388549805	0.11068637594595207	9.891146821879027e-05	0
324	6686.660602092743	0.11068637594595207	0.0	1
325	6710.294234514236	0.11078470818752267	9.833224157060338e-05	0
326	6734.133855104446	0.11109317704262847	0.0003084688551057979	0
327	6758.165550231934	0.11130306152221091	0.00020988447958243672	0
328	6782.102895021439	0.11130306152221091	0.0	1
329	6805.9785833358765	0.11138875980841963	8.569828620871855e-05	0
330	6829.712322235107	0.11138875980841963	0.0	1
331	6853.484666347504	0.11138875980841963	0.0	2
332	6877.148354768753	0.11147903057793354	9.027076951391433e-05	0
333	6901.04679107666	0.1116601172714538	0.00018108669352025208	0
334	6924.932227611542	0.1116601172714538	0.0	1
335	6948.866734266281	0.11173059211846163	7.047484700783979e-05	0
336	6972.748671770096	0.11173059211846163	0.0	1
337	6996.578696489334	0.11173059211846163	0.0	2
338	7020.352403879166	0.11181543860077595	8.484648231431302e-05	0
339	7044.129034280777	0.11181543860077595	0.0	1
340	7067.611782073975	0.11181543860077595	0.0	2
341	7091.226111650467	0.11185330639470581	3.786779392986328e-05	0
342	7115.078904867172	0.11185330639470581	0.0	1
343	7138.698500871658	0.11267447260664094	0.0008211662119351343	0
344	7162.436292171478	0.11267447260664094	0.0	1
345	7186.210696935654	0.11267447260664094	0.0	2
346	7209.958243846893	0.11267447260664094	0.0	3
347	7233.684675693512	0.11289137595031332	0.00021690334367237274	0
348	7257.676253318787	0.11289137595031332	0.0	1
349	7281.597576856613	0.11289137595031332	0.0	2
350	7305.570312738419	0.11339676142251305	0.0005053854721997347	0
351	7329.461452484131	0.11339676142251305	0.0	1
352	7353.444056749344	0.11339676142251305	0.0	2
353	7377.40283870697	0.11339676142251305	0.0	3
354	7401.4080193042755	0.11363806724415246	0.0002413058216394065	0
355	7425.295917272568	0.11370831721493217	7.024997077971495e-05	0
356	7449.140208482742	0.11379845851025414	9.014129532196324e-05	0
357	7473.056106805801	0.11379845851025414	0.0	1
358	7497.145143508911	0.11413437589405337	0.0003359173837992335	0
359	7521.073847055435	0.11449487293102967	0.0003604970369762983	0
360	7545.080725908279	0.11449487293102967	0.0	1
361	7569.128029584885	0.11462866747233232	0.00013379454130264812	0
362	7593.062376976013	0.11469625300053032	6.758552819800812e-05	0
363	7617.025682687759	0.11472623649761353	2.9983497083205246e-05	0
364	7640.696784496307	0.11472623649761353	0.0	1
365	7664.621686697006	0.11488056973441818	0.00015433323680465183	0
366	7688.452290534973	0.11491383778731823	3.326805290004842e-05	0
367	7712.287595272064	0.11491383778731823	0.0	1
368	7736.261434078217	0.11491383778731823	0.0	2
369	7760.156638622284	0.11514137164359282	0.00022753385627459488	0
370	7784.100229263306	0.11677474990492506	0.0016333782613322384	0
371	7808.086314201355	0.11677474990492506	0.0	1
372	7832.097180366516	0.11677474990492506	0.0	2
373	7855.9980890750885	0.11681882564563736	4.407574071230158e-05	0
374	7879.975277423859	0.11681882564563736	0.0	1
375	7903.795148134232	0.11683657042436571	1.774477872834579e-05	0
376	7927.964074134827	0.11683657042436571	0.0	1
377	7951.752261161804	0.11705708541655037	0.00022051499218465886	0
378	7975.633612155914	0.11714571390815587	8.862849160549968e-05	0
379	7999.540652751923	0.11714571390815587	0.0	1
380	8023.422708034515	0.11723939870767856	9.36847995226947e-05	0
381	8047.440427303314	0.11723939870767856	0.0	1
382	8071.454803943634	0.1172678694010453	2.8470693366741684e-05	0
383	8095.390583753586	0.1173486204102353	8.075100918999989e-05	0
384	8119.551974058151	0.11745270403170095	0.00010408362146564765	0
385	8143.5087904930115	0.1174892021249686	3.649809326765341e-05	0
386	8167.4748957157135	0.11755744183855751	6.82397135889079e-05	0
387	8191.404910326004	0.11833469585612806	0.0007772540175705472	0
388	8215.372760534286	0.11833469585612806	0.0	1
389	8239.273427724838	0.11833469585612806	0.0	2
390	8263.315357923508	0.11833469585612806	0.0	3
391	8287.256330251694	0.11852808941231474	0.00019339355618668008	0
392	8311.174434423447	0.11892004186350379	0.0003919524511890454	0
393	8335.045984745026	0.11892004186350379	0.0	1
394	8358.753158807755	0.11892004186350379	0.0	2
395	8382.571054697037	0.11938906553105898	0.00046902366755519065	0
396	8406.76476430893	0.1193890927887836	2.7257724619089707e-08	1
397	8430.815480709076	0.11938992414938454	8.313606009446861e-07	2
398	8454.741983652115	0.11957327323404834	0.00018334908466380306	0
399	8478.605617284775	0.1199476580817191	0.0003743848476707584	0
400	8502.528062820435	0.1199476580817191	0.0	1
401	8526.621093988419	0.1199476580817191	0.0	2
402	8550.559795379639	0.11994923902974712	1.5809480280182253e-06	0
403	8574.552696228027	0.12011567469628354	0.00016643566653641584	0
404	8598.494792461395	0.12011567469628354	0.0	1
405	8622.584701061249	0.12054881356937505	0.00043313887309151533	0
406	8646.527457237244	0.12054881356937505	0.0	1
407	8670.50096487999	0.12054881356937505	0.0	2
408	8694.347201347351	0.12059290293894967	4.4089369574618065e-05	0
409	8718.383409023285	0.12065575925192593	6.285631297625605e-05	0
410	8742.330283403397	0.12065575925192593	0.0	1
411	8766.449875116348	0.12065575925192593	0.0	2
412	8790.269629240036	0.1208459363966073	0.0001901771446813777	0
413	8814.295605421066	0.1208459363966073	0.0	1
414	8838.435747623444	0.12097580582556453	0.00012986942895722164	0
415	8862.58525300026	0.12097580582556453	0.0	1
416	8886.519601106644	0.12115013260337874	0.00017432677781421824	0
417	8910.60584616661	0.12115013260337874	0.0	1
418	8934.74013376236	0.12121384753468055	6.371493130180594e-05	0
419	8958.607890844345	0.12121384753468055	0.0	1
420	8982.482235431671	0.12124537109320485	3.1523558524301776e-05	0
421	9006.266446352005	0.12124537109320485	0.0	1
422	9030.01459312439	0.12161970142542636	0.00037433033222150636	0
423	9054.076427221298	0.12161970142542636	0.0	1
424	9077.999341249466	0.12168285757337344	6.315614794707991e-05	0
425	9102.05356836319	0.12210059583205404	0.00041773825868060555	0
426	9126.124567985535	0.12210059583205404	0.0	1
427	9150.111184597015	0.12210059583205404	0.0	2
428	9174.213730812073	0.12210059583205404	0.0	3
429	9197.994319677353	0.12214487600570101	4.428017364696557e-05	0
430	9221.885424137115	0.12214487600570101	0.0	1
431	9245.984014034271	0.12214937353026349	4.497524562482869e-06	0
432	9269.977112531662	0.12216692750491948	1.7553974655984406e-05	0
433	9294.012243270874	0.12236419165800234	0.00019726415308286838	0
434	9318.248758077621	0.12236419165800234	0.0	1
435	9342.124411344528	0.1236714721308301	0.001307280472827757	0
436	9366.2769241333	0.1236714721308301	0.0	1
437	9390.347052812576	0.1236714721308301	0.0	2
438	9414.444440126419	0.1236714721308301	0.0	3
439	9438.6347219944	0.1236714721308301	0.0	4
440	9462.822880268097	0.1236714721308301	0.0	5
441	9486.797000169754	0.12419841846320513	0.0005269463323750306	0
442	9510.743724107742	0.12422318210602339	2.476364281825405e-05	0
443	9534.870916604996	0.12444252501604935	0.00021934291002596862	0
444	9559.01320052147	0.12450779363765456	6.526862160520508e-05	0
445	9582.94510602951	0.12450779363765456	0.0	1
446	9607.18471121788	0.12484877414380216	0.00034098050614760067	0
447	9631.364397287369	0.12484877414380216	0.0	1
448	9655.464136600494	0.12484877414380216	0.0	2
449	9688.734439134598	0.12484877414380216	0.0	3
450	9712.815846920013	0.12512606697637257	0.0002772928325704138	0
451	9737.02235341072	0.12545996047411867	0.0003338934977460961	0
452	9760.940065860748	0.12545996047411867	0.0	1
453	9785.089960575104	0.12550929695568286	4.933648156418835e-05	0
454	9809.071782588959	0.12550929695568286	0.0	1
455	9833.09679532051	0.12551018283173304	8.858760501828655e-07	2
456	9857.382205247879	0.12551018283173304	0.0	3
457	9881.37057685852	0.12558916208882268	7.897925708963416e-05	0
458	9905.573806524277	0.12584129604156782	0.00025213395274514827	0
459	9929.553572416306	0.12599652878328496	0.0001552327417171373	0
460	9953.415264368057	0.12599652878328496	0.0	1
461	9977.691636800766	0.12623571531683506	0.00023918653355009534	0
462	10001.870422124863	0.12623571531683506	0.0	1
463	10026.03979086876	0.12643139852188992	0.00019568320505486403	0
464	10050.262609481812	0.12643139852188992	0.0	1
465	10074.399307727814	0.12643139852188992	0.0	2
466	10098.40665769577	0.12643139852188992	0.0	3
467	10122.539682626724	0.1265537311899894	0.0001223326680994674	0
468	10146.65463256836	0.1265537311899894	0.0	1
469	10170.81363606453	0.1266515455347922	9.781434480279905e-05	0
470	10194.712815761566	0.12667381509580763	2.2269561015447747e-05	0
471	10218.726864814758	0.12679245434222094	0.00011863924641331014	0
472	10242.912015676498	0.12714743168996148	0.00035497734774053713	0
473	10266.857306480408	0.12714743168996148	0.0	1
474	10291.004086494446	0.12714743168996148	0.0	2
475	10315.219861030579	0.12714743168996148	0.0	3
476	10339.475038051605	0.12715935694448322	1.1925254521732986e-05	0
477	10363.779110431671	0.12716174199538754	2.385050904329944e-06	0
478	10387.911180973053	0.12726383580295586	0.00010209380756831532	0
479	10411.983221292496	0.12726383580295586	0.0	1
480	10436.075224876404	0.12726383580295586	0.0	2
481	10460.218021154404	0.12737668278288722	0.00011284697993135806	0
482	10484.31803059578	0.12737668278288722	0.0	1
483	10508.477296829224	0.1274110411447721	3.435836188489527e-05	0
484	10532.676131486893	0.12772286951443743	0.00031182836966531235	0
485	10556.779756069183	0.127796097391632	7.322787719457602e-05	0
486	10580.914755105972	0.12827542447909399	0.0004793270874619837	0
487	10605.118551015854	0.12839165141687833	0.00011622693778434723	0
488	10629.237529993057	0.12839165141687833	0.0	1
489	10653.525240421295	0.12839165141687833	0.0	2
490	10677.362209796906	0.12839165141687833	0.0	3
491	10701.185598134995	0.12863964219548107	0.0002479907786027413	0
492	10725.280356884003	0.12863964219548107	0.0	1
493	10749.486476898193	0.12863998291703882	3.4072155774556023e-07	2
494	10773.63139462471	0.12880568262501046	0.0001656997079716449	0
495	10797.929421663284	0.12880568262501046	0.0	1
496	10822.135335683823	0.12880568262501046	0.0	2
497	10846.198028564453	0.12882838830961985	2.270568460938094e-05	0
498	10870.37085032463	0.12882838830961985	0.0	1
499	10894.402609109879	0.12882838830961985	0.0	2
500	10918.413295507431	0.1288545693541184	2.6181044498557737e-05	0
501	10942.373918771744	0.12887803825501717	2.346890089877096e-05	0
502	10966.546833992004	0.12898939968895665	0.00011136143393947195	0
503	10990.572652578354	0.12898939968895665	0.0	1
504	11014.837347984314	0.12912560653888827	0.0001362068499316249	0
505	11038.880390167236	0.12912560653888827	0.0	1
506	11063.138715744019	0.12912560653888827	0.0	2
507	11087.012418270111	0.12912560653888827	0.0	3
508	11110.913922786713	0.12912560653888827	0.0	4
509	11135.012391328812	0.12916393089970554	3.83243608172712e-05	0
510	11159.225275754929	0.12936866366933458	0.0002047327696290402	0
511	11183.403252840042	0.12978606120645741	0.00041739753712283223	0
512	11207.483971118927	0.12978606120645741	0.0	1
513	11231.549509763718	0.12991804310907276	0.0001319819026153468	0
514	11255.460227251053	0.1299608649944525	4.282188537974019e-05	0
515	11279.495927095413	0.1299608649944525	0.0	1
516	11303.761599779129	0.13014181539934966	0.00018095040489715664	0
517	11327.936823606491	0.13014181539934966	0.0	1
518	11352.188044786453	0.13014496366654338	3.148267193719967e-06	0
519	11376.404860019684	0.13054144090001954	0.00039647723347616126	0
520	11400.792287111282	0.13054144090001954	0.0	1
521	11425.075996398926	0.13054144090001954	0.0	2
522	11449.119447469711	0.13063524835930304	9.380745928350143e-05	0
523	11473.101268291473	0.13063524835930304	0.0	1
524	11496.542150497437	0.13063819219356212	2.943834259083733e-06	0
525	11520.295239686966	0.13112621449517822	0.00048802230161609783	0
526	11544.453128814697	0.13112621449517822	0.0	1
527	11568.55166554451	0.13112621449517822	0.0	2
528	11592.663598537445	0.13126496994236192	0.00013875544718369714	0
529	11616.945461511612	0.13126496994236192	0.0	1
530	11641.195623397827	0.13126496994236192	0.0	2
531	11665.437683820724	0.13137652218037374	0.00011155223801181946	0
532	11689.609294176102	0.1314006180089388	2.4095828565051658e-05	0
533	11714.046986103058	0.1314311194027898	3.0501393850995706e-05	0
534	11738.22137093544	0.1314311194027898	0.0	1
535	11762.419568300247	0.13208673582423872	0.0006556164214489291	0
536	11786.666543006897	0.13208673582423872	0.0	1
537	11810.962989330292	0.13208673582423872	0.0	2
538	11835.205696105957	0.13208673582423872	0.0	3
539	11859.303068637848	0.13208673582423872	0.0	4
540	11883.624005794525	0.13208673582423872	0.0	5
541	11907.783025026321	0.13219148725995758	0.00010475143571886392	0
542	11931.89921283722	0.13219148725995758	0.0	1
543	11956.130235671997	0.13254587856661876	0.00035439130666117813	0
544	11980.237597703934	0.13254587856661876	0.0	1
545	12004.195095300674	0.13254587856661876	0.0	2
546	12027.71264719963	0.13272019171557067	0.00017431314895191563	0
547	12051.93717288971	0.13272019171557067	0.0	1
548	12075.62344288826	0.13272019171557067	0.0	2
549	12099.714653730392	0.13288015367250955	0.0001599619569388755	0
550	12124.068634748459	0.13288015367250955	0.0	1
551	12148.504254817963	0.1329655930103344	8.543933782484414e-05	0
552	12172.933864831924	0.13308209252536496	0.00011649951503056588	0
553	12197.433152675629	0.13308209252536496	0.0	1
554	12221.819972276688	0.13309697524300806	1.4882717643105448e-05	0
555	12246.250877141953	0.13315446178423396	5.748654122589292e-05	0
556	12270.639575004578	0.13317175681050605	1.7295026272096115e-05	0
557	12295.051064491272	0.13322748522849387	5.5728417987815915e-05	0
558	12319.314447641373	0.13322748522849387	0.0	1
559	12343.643016338348	0.13322748522849387	0.0	2
560	12367.970712423325	0.13352113269583693	0.00029364746734306113	0
561	12392.35523557663	0.13352113269583693	0.0	1
562	12416.797074079514	0.13368384768296257	0.00016271498712563948	0
563	12441.11454129219	0.13368384768296257	0.0	1
564	12465.375089645386	0.13369665881353449	1.2811130571915852e-05	0
565	12489.452563047409	0.13369665881353449	0.0	1
566	12513.86507821083	0.13371895563227454	2.229681874005296e-05	0
567	12538.099020957947	0.13395428519779076	0.00023532956551622353	0
568	12562.485257863998	0.13395428519779076	0.0	1
569	12586.792101621628	0.13395428519779076	0.0	2
570	12611.212056875229	0.13395428519779076	0.0	3
571	12635.539619207382	0.1366034770825774	0.002649191884786628	0
572	12660.08470082283	0.1366034770825774	0.0	1
573	12684.284401416779	0.1366034770825774	0.0	2
574	12708.357856750488	0.1366034770825774	0.0	3
575	12732.664350509644	0.13664463624675524	4.1159164177850815e-05	0
576	12756.677629947662	0.1367174688869428	7.283264018756452e-05	0
577	12781.06883430481	0.1370261489894144	0.0003086801024715924	0
578	12805.438682317734	0.13715678163466102	0.00013063264524662554	0
579	12829.922682762146	0.13715678163466102	0.0	1
580	12854.294397354126	0.13715678163466102	0.0	2
581	12878.468094825745	0.13725391453634828	9.713290168725242e-05	0
582	12902.470598936081	0.13725391453634828	0.0	1
583	12926.92820572853	0.13729689996807576	4.298543172748248e-05	0
584	12950.982836484909	0.13765975479823178	0.00036285483015602304	0
585	12975.638780593872	0.13765975479823178	0.0	1
586	12999.856820583344	0.13765975479823178	0.0	2
587	13024.268911361694	0.13765975479823178	0.0	3
588	13048.753178834915	0.13765975479823178	0.0	4
589	13072.995483398438	0.13765975479823178	0.0	5
590	13097.225312948227	0.13780742352136657	0.00014766872313479174	0
591	13121.471066474915	0.1378533391584908	4.5915637124221975e-05	0
592	13145.789087295532	0.13791893487279147	6.559571430067579e-05	0
593	13170.032678604126	0.13795638698642085	3.745211362937706e-05	0
594	13194.355220794678	0.13795638698642085	0.0	1
595	13218.627969503403	0.13795638698642085	0.0	2
596	13243.054510354996	0.13801338288860357	5.699590218272155e-05	0
597	13267.24294424057	0.13809750022678427	8.411733818070033e-05	0
598	13291.646491765976	0.1406752632442013	0.002577763017417023	0
599	13316.160138607025	0.14080295205518883	0.0001276888109875418	0
600	13340.63789153099	0.14087703855070896	7.408649552012592e-05	0
601	13365.313985824585	0.1409195742299802	4.253567927123281e-05	0
602	13389.55600810051	0.1409561540964217	3.657986644151068e-05	0
603	13413.600872516632	0.14143313701956625	0.0004769829231445477	0
604	13437.837141513824	0.14143313701956625	0.0	1
605	13462.229267835617	0.14143313701956625	0.0	2
606	13486.696646213531	0.14143313701956625	0.0	3
607	13511.070650339127	0.1414387793685628	5.642348996554025e-06	0
608	13535.445674657822	0.14155507445065874	0.00011629508209592965	0
609	13559.947167158127	0.14164559735412538	9.052290346664438e-05	0
610	13584.314274311066	0.1417434253277905	9.782797366511553e-05	0
611	13608.62815451622	0.1417434253277905	0.0	1
612	13633.151361465454	0.14184147136325256	9.804603546206825e-05	0
613	13657.395191907883	0.1422253964145407	0.0003839250512881476	0
614	13681.75471997261	0.1422253964145407	0.0	1
615	13706.135501384735	0.1422253964145407	0.0	2
616	13739.682259082794	0.1422253964145407	0.0	3
617	13763.85484290123	0.1422253964145407	0.0	4
618	13788.160343170166	0.14225332195341503	2.7925538874318256e-05	0
619	13812.378401517868	0.14228453204810618	3.121009469114755e-05	0
620	13836.575226783752	0.1423459437016775	6.141165357131939e-05	0
621	13860.279058933258	0.1423459437016775	0.0	1
622	13883.863112688065	0.14424494848944233	0.0018990047877648353	0
623	13907.97192978859	0.14424494848944233	0.0	1
624	13932.10024023056	0.14424494848944233	0.0	2
625	13956.242181539536	0.14424494848944233	0.0	3
626	13980.643943786621	0.14547089191200072	0.0012259434225583843	0
627	14005.205468177795	0.14547089191200072	0.0	1
628	14029.758981704712	0.14547089191200072	0.0	2
629	14054.160967350006	0.14547089191200072	0.0	3
630	14078.886034727097	0.14547089191200072	0.0	4
631	14103.651854753494	0.14547089191200072	0.0	5
632	14128.572194814682	0.14547089191200072	0.0	6
633	14153.808170557022	0.14547089191200072	0.0	7
634	14178.776129722595	0.14547089191200072	0.0	8
635	14203.823728322983	0.14547089191200072	0.0	9
636	14228.972929000854	0.14547089191200072	0.0	10
637	14254.000024318695	0.14550770346910152	3.6811557100807635e-05	0
638	14279.10300707817	0.1456383088566235	0.00013060538752196482	0
639	14304.191422224045	0.1456383088566235	0.0	1
640	14329.326225280762	0.1456383088566235	0.0	2
641	14354.465346813202	0.1456383088566235	0.0	3
642	14379.847444295883	0.14566435361249896	2.6044755875476167e-05	0
643	14404.968597650528	0.1458064345020864	0.00014208088958744813	0
644	14430.275465250015	0.1458064345020864	0.0	1
645	14455.732990503311	0.1458064345020864	0.0	2
646	14480.918275594711	0.1458064345020864	0.0	3
647	14505.583044528961	0.1458064345020864	0.0	4
648	14530.605388641357	0.14591565620464314	0.0001092217025567277	0
649	14555.737497091293	0.14591565620464314	0.0	1
650	14581.01685667038	0.14591565620464314	0.0	2
651	14606.123214960098	0.14602803980325593	0.0001123835986127919	0
652	14631.42726302147	0.14602803980325593	0.0	1
653	14656.9983959198	0.14602803980325593	0.0	2
654	14682.311998128891	0.14602803980325593	0.0	3
655	14707.387600898743	0.14602803980325593	0.0	4
656	14732.91530919075	0.14602803980325593	0.0	5
657	14758.268841028214	0.14602803980325593	0.0	6
658	14783.179077625275	0.14602803980325593	0.0	7
659	14808.360793352127	0.1460350041518966	6.964348640670082e-06	0
660	14833.149498939514	0.14606947154468	3.4467392783399387e-05	0
661	14857.27008318901	0.14606947154468	0.0	1
662	14881.659563064575	0.14606947154468	0.0	2
663	14906.782374858856	0.14606947154468	0.0	3
664	14932.064748048782	0.1461881107910933	0.00011863924641331014	0
665	14957.700805902481	0.14624820044502052	6.0089653927203335e-05	0
666	14983.278648614883	0.14639642795151003	0.00014822750648951777	0
667	15008.76227903366	0.14639642795151003	0.0	1
668	15034.091084480286	0.14639642795151003	0.0	2
669	15059.633414506912	0.14656520778236387	0.00016877983085383796	0
670	15084.877054929733	0.14656520778236387	0.0	1
671	15110.294436454773	0.14656520778236387	0.0	2
672	15135.545357942581	0.1466278051469562	6.259736459232612e-05	0
673	15160.916413545609	0.1466278051469562	0.0	1
674	15186.312979459763	0.1466278051469562	0.0	2
675	15211.86392068863	0.14674230121922713	0.00011449607227093095	0
676	15237.451851844788	0.14674230121922713	0.0	1
677	15262.855616807938	0.14674230121922713	0.0	2
678	15288.642790079117	0.14697530024928826	0.00023299903006113176	0
679	15314.187252283096	0.14697530024928826	0.0	1
680	15339.637311697006	0.14697530024928826	0.0	2
681	15365.119844198227	0.14697530024928826	0.0	3
682	15390.696313381195	0.14697530024928826	0.0	4
683	15416.085260152817	0.14712908833160046	0.00015378808231220065	0
684	15441.489067077637	0.14712908833160046	0.0	1
685	15467.170564889908	0.14712908833160046	0.0	2
686	15492.626817941666	0.14712908833160046	0.0	3
687	15517.717392921448	0.14712908833160046	0.0	4
688	15542.949638843536	0.14712908833160046	0.0	5
689	15568.646289110184	0.14712908833160046	0.0	6
690	15594.101468086243	0.14712908833160046	0.0	7
691	15619.516848564148	0.14712908833160046	0.0	8
692	15644.843520402908	0.14725087584520752	0.00012178751360705786	0
693	15669.961320400238	0.14736011117662656	0.00010923533141904418	0
694	15695.387082338333	0.14736011117662656	0.0	1
695	15720.860181570053	0.14745082488416558	9.071370753901964e-05	0
696	15746.176793813705	0.14749668600584057	4.5861121674983796e-05	0
697	15771.540260791779	0.1475113097750998	1.4623769259231034e-05	0
698	15797.20721244812	0.14760192808060263	9.061830550283201e-05	0
699	15822.528458356857	0.14761123659356074	9.308512958106085e-06	0
700	15847.959048748016	0.14761123659356074	0.0	1
701	15873.509975671768	0.14810086710092946	0.0004896305073687213	0
702	15899.027125358582	0.14810086710092946	0.0	1
703	15924.352971315384	0.14810086710092946	0.0	2
704	15949.848400115967	0.14810086710092946	0.0	3
705	15975.349773168564	0.14810086710092946	0.0	4
706	16000.872601032257	0.14824818147364419	0.0001473143727147297	0
707	16026.147971868515	0.14824818147364419	0.0	1
708	16051.506232261658	0.14824818147364419	0.0	2
709	16076.593033313751	0.14831881986699974	7.063839335555433e-05	0
710	16101.871757745743	0.14857827251880565	0.00025945265180590815	0
711	16127.289077997208	0.14884573894165015	0.0002674664228445034	0
712	16152.357625484467	0.14884573894165015	0.0	1
713	16177.60215806961	0.14884573894165015	0.0	2
714	16202.954017400742	0.14884573894165015	0.0	3
715	16228.33919453621	0.14884573894165015	0.0	4
716	16253.707033634186	0.1489190758497432	7.333690809305238e-05	0
717	16279.164788246155	0.1489190758497432	0.0	1
718	16304.386848688126	0.1489190758497432	0.0	2
719	16329.754158258438	0.1489190758497432	0.0	3
720	16355.439859867096	0.14896109363224663	4.201778250342847e-05	0
721	16380.805866241455	0.14944966108835514	0.0004885674561085074	0
722	16405.967429876328	0.1494587515395163	9.090451161153368e-06	0
723	16431.57351398468	0.14952846317023474	6.971163071844977e-05	0
724	16457.00994157791	0.14952846317023474	0.0	1
725	16482.502530813217	0.1499022074613769	0.00037374429114214736	0
726	16507.993054389954	0.1499022074613769	0.0	1
727	16533.367655277252	0.1499022074613769	0.0	2
728	16558.87876558304	0.1499022074613769	0.0	3
729	16584.347481012344	0.15013032735873086	0.00022811989735396776	0
730	16609.698109149933	0.15013032735873086	0.0	1
731	16635.154818296432	0.15013032735873086	0.0	2
732	16660.61905312538	0.15019315641398248	6.282905525162308e-05	0
733	16685.922802448273	0.15019315641398248	0.0	1
734	16711.327729463577	0.15019315641398248	0.0	2
735	16736.844512701035	0.15019315641398248	0.0	3
736	16762.35604572296	0.15019315641398248	0.0	4
737	16787.840006113052	0.15019315641398248	0.0	5
738	16813.3199737072	0.15033529181901917	0.0001421354050366863	0
739	16838.665848255157	0.1505986559543082	0.0002633641352890459	0
740	16863.677890062332	0.1505986559543082	0.0	1
741	16888.997980833054	0.1508301694383775	0.0002315134840692734	0
742	16914.37064409256	0.1508301694383775	0.0	1
743	16939.88316488266	0.1508301694383775	0.0	2
744	16965.16870713234	0.1508301694383775	0.0	3
745	16990.813379764557	0.1508301694383775	0.0	4
746	17016.33670401573	0.15093027343204846	0.00010010399367096912	0
747	17041.997801542282	0.15099991691845535	6.96434864068951e-05	0
748	17067.465646505356	0.1511211865352946	0.00012126961683925352	0
749	17092.851849794388	0.1511211865352946	0.0	1
750	17118.44668984413	0.15133470992111397	0.0002135233858193697	0
751	17143.743703603745	0.15133470992111397	0.0	1
752	17169.394444704056	0.15133470992111397	0.0	2
753	17194.972463607788	0.15158693927589528	0.00025222935478130815	0
754	17220.544163942337	0.15158693927589528	0.0	1
755	17246.066471338272	0.15158693927589528	0.0	2
756	17271.695130586624	0.15158693927589528	0.0	3
757	17297.192263364792	0.15158693927589528	0.0	4
758	17322.694269180298	0.15158693927589528	0.0	5
759	17348.24490213394	0.15159468046968766	7.741193792376588e-06	0
760	17373.813851594925	0.15170752744961902	0.00011284697993135806	0
761	17399.16758775711	0.15170752744961902	0.0	1
762	17424.489275455475	0.1519521110126441	0.00024458356302509143	0
763	17449.768928289413	0.15228291075864572	0.0003307997460016143	0
764	17474.70668196678	0.15228291075864572	0.0	1
765	17500.210210323334	0.15228291075864572	0.0	2
766	17525.774980306625	0.15228291075864572	0.0	3
767	17551.262900590897	0.15228291075864572	0.0	4
768	17576.53360581398	0.15228291075864572	0.0	5
769	17602.090831041336	0.15235973665549027	7.682589684454566e-05	0
770	17627.275723695755	0.15243331888310493	7.358222761466582e-05	0
771	17652.770601272583	0.15243680787185643	3.4889887514932827e-06	0
772	17678.200375556946	0.15243680787185643	0.0	1
773	17703.62894153595	0.15243680787185643	0.0	2
774	17729.167629241943	0.15243680787185643	0.0	3
775	17754.385512828827	0.15333852066004688	0.0009017127881904563	0
776	17780.008873701096	0.15336640531233428	2.788465228739656e-05	0
777	17805.537813425064	0.15336640531233428	0.0	1
778	17831.09836411476	0.15336640531233428	0.0	2
779	17856.54576420784	0.15348237330173473	0.00011596798940044506	0
780	17881.84367609024	0.15348237330173473	0.0	1
781	17907.368785858154	0.15348237330173473	0.0	2
782	17933.104114055634	0.15448303163029978	0.0010006583285650517	0
783	17958.58163690567	0.15448303163029978	0.0	1
784	17984.32907152176	0.15448303163029978	0.0	2
785	18010.047228097916	0.15448860583498478	5.574204684999362e-06	0
