1	52.56494927406311	0.031331633478024604	10000000000.031332	0
2	85.60676050186157	0.031331633478024604	0.0	1
3	119.65977048873901	0.03138705183939487	5.5418361370268565e-05	0
4	153.3155529499054	0.04251230236514186	0.01112525052574699	0
5	187.1339898109436	0.04251230236514186	0.0	1
6	220.7888627052307	0.04251230236514186	0.0	2
7	254.03787112236023	0.04251230236514186	0.0	3
8	287.34183859825134	0.04251230236514186	0.0	4
9	322.4560055732727	0.045343548592672776	0.0028312462275309133	0
10	359.75981044769287	0.04541029253862311	6.6743945950333e-05	0
11	397.2126009464264	0.04541029253862311	0.0	1
12	435.2228009700775	0.045438166969263755	2.787443064064532e-05	0
13	474.1500196456909	0.045438166969263755	0.0	1
14	512.9730479717255	0.045700556640897574	0.00026238967163381977	0
15	551.1270010471344	0.045700556640897574	0.0	1
16	589.631335735321	0.04921708932312746	0.0035165326822298865	0
17	627.9485144615173	0.04921708932312746	0.0	1
18	665.8510541915894	0.04937512961048057	0.0001580402873531117	0
19	703.4405808448792	0.0504163644693597	0.0010412348588791295	0
20	740.1574823856354	0.0504163644693597	0.0	1
21	776.9416227340698	0.05056530749112052	0.00014894302176082092	0
22	814.1937465667725	0.05056530749112052	0.0	1
23	851.5166697502136	0.05954904466036439	0.008983737169243868	0
24	888.09783411026	0.05954904466036439	0.0	1
25	924.2635071277618	0.05954904466036439	0.0	2
26	960.7568731307983	0.05954904466036439	0.0	3
27	997.7222821712494	0.05954904466036439	0.0	4
28	1034.0553188323975	0.06277248865860593	0.0032234439982415444	0
29	1071.2003803253174	0.06277248865860593	0.0	1
30	1108.8000919818878	0.06277248865860593	0.0	2
31	1146.165711402893	0.06322003323915971	0.00044754458055377977	0
32	1183.8934490680695	0.06322003323915971	0.0	1
33	1221.33127784729	0.06410765378372107	0.00088762054456136	0
34	1257.8574647903442	0.06410765378372107	0.0	1
35	1294.4546043872833	0.06410765378372107	0.0	2
36	1331.3292722702026	0.06410765378372107	0.0	3
37	1367.4814269542694	0.06410765378372107	0.0	4
38	1403.7011716365814	0.06410765378372107	0.0	5
39	1440.2252912521362	0.06419947824353839	9.182445981731346e-05	0
40	1476.7937672138214	0.06419947824353839	0.0	1
41	1512.2689011096954	0.06419947824353839	0.0	2
42	1546.8076326847076	0.06419947824353839	0.0	3
43	1581.7843611240387	0.06420454818031791	5.069936779525386e-06	0
44	1617.7030611038208	0.06544638967076158	0.0012418414904436653	0
45	1653.6801719665527	0.06544638967076158	0.0	1
46	1689.280062198639	0.06632774093866009	0.0008813512678985114	0
47	1724.2533910274506	0.06643897971283878	0.00011123877417869299	0
48	1760.7247319221497	0.06643897971283878	0.0	1
49	1798.5219311714172	0.06643897971283878	0.0	2
50	1835.5505576133728	0.06643897971283878	0.0	3
51	1873.1312429904938	0.06646281659301993	2.383688018114949e-05	0
52	1909.658563375473	0.06664758307936403	0.00018476648634409287	0
53	1946.5758125782013	0.06671348544306668	6.59023637026579e-05	0
54	1983.6222879886627	0.06762774359901401	0.0009142581559473256	0
55	2021.475084066391	0.06936958034661359	0.001741836747599576	0
56	2059.027235031128	0.06966289390683005	0.00029331356021645993	0
57	2097.4153373241425	0.06966289390683005	0.0	1
58	2135.3720734119415	0.06966289390683005	0.0	2
59	2173.829770565033	0.07016380911219193	0.0005009152053618848	0
60	2212.261061191559	0.07016380911219193	0.0	1
61	2251.0207812786102	0.07016380911219193	0.0	2
62	2290.020119667053	0.07143538196576604	0.0012715728535741128	0
63	2329.066824197769	0.07143538196576604	0.0	1
64	2368.1911640167236	0.07144440427261563	9.022306849584827e-06	0
65	2407.333847284317	0.0721862913924903	0.0007418871198746763	0
66	2446.42217874527	0.07225117840595081	6.488701346051007e-05	0
67	2485.4346992969513	0.0723463896380523	9.521123210148863e-05	0
68	2524.6034359931946	0.0723463896380523	0.0	1
69	2563.640657901764	0.0727411223771527	0.00039473273910040074	0
70	2602.660685300827	0.0727411223771527	0.0	1
71	2641.737372159958	0.07298529707430848	0.00024417469715577733	0
72	2680.56223988533	0.07301636406594537	3.106699163689386e-05	0
73	2719.753958940506	0.07407765720293005	0.0010612931369846784	0
74	2758.795250892639	0.07407765720293005	0.0	1
75	2797.414966583252	0.07407765720293005	0.0	2
76	2836.6591341495514	0.07447453648784437	0.0003968792849143171	0
77	2875.8342714309692	0.07447453648784437	0.0	1
78	2914.980256319046	0.07493568267298406	0.00046114618513969086	0
79	2954.222720146179	0.07493568267298406	0.0	1
80	2993.329935312271	0.07493568267298406	0.0	2
81	3032.5050213336945	0.07547829538258506	0.0005426127096010008	0
82	3071.5825595855713	0.07547829538258506	0.0	1
83	3110.7295072078705	0.07554258954053507	6.42941579500067e-05	0
84	3149.8886408805847	0.07584111614058531	0.000298526600050239	0
85	3188.9377858638763	0.07584111614058531	0.0	1
86	3227.9639682769775	0.07584111614058531	0.0	2
87	3266.676813364029	0.07602973278053214	0.0001886166399468342	0
88	3305.4301614761353	0.07602973278053214	0.0	1
89	3344.209587574005	0.07666517167133029	0.0006354388907981456	0
90	3383.243501186371	0.07666517167133029	0.0	1
91	3422.349091053009	0.07666517167133029	0.0	2
92	3461.4702982902527	0.07717634259558084	0.0005111709242505563	0
93	3500.6502821445465	0.07725389763655902	7.755504097817223e-05	0
94	3539.9676311016083	0.07725389763655902	0.0	1
95	3579.0802273750305	0.07736925914158665	0.00011536150502763909	0
96	3618.2628054618835	0.0774321018257006	6.284268411393956e-05	0
97	3657.172708749771	0.07770788185455453	0.0002757800288539364	0
98	3696.409870862961	0.0778812409831447	0.00017335912859016422	0
99	3735.519286632538	0.0778812409831447	0.0	1
100	3774.7585113048553	0.0778812409831447	0.0	2
101	3813.861260652542	0.0778812409831447	0.0	3
102	3852.8859877586365	0.07818504195290912	0.0003038009697644284	0
103	3892.124664068222	0.07818504195290912	0.0	1
104	3931.341137647629	0.07821127069842577	2.6228745516651553e-05	0
105	3970.6161518096924	0.07821127069842577	0.0	1
106	4009.688265800476	0.07825931925250161	4.804855407583575e-05	0
107	4048.8981127738953	0.07880425568312656	0.0005449364306249482	0
108	4087.9016726017	0.07880425568312656	0.0	1
109	4127.177358627319	0.07880425568312656	0.0	2
110	4166.488259553909	0.0788744102518701	7.01545687435412e-05	0
111	4205.771201848984	0.07891424741640383	3.983716453373476e-05	0
112	4244.9241626262665	0.07893743011119407	2.3182694790235825e-05	0
113	4284.161322593689	0.07926994027941567	0.0003325101682215975	0
114	4323.195246219635	0.08140355230299424	0.0021336120235785766	0
115	4362.2454307079315	0.08140355230299424	0.0	1
116	4401.275449752808	0.08140355230299424	0.0	2
117	4440.452441930771	0.08140355230299424	0.0	3
118	4479.664128065109	0.08148669517751975	8.314287452550195e-05	0
119	4518.806310892105	0.08148669517751975	0.0	1
120	4558.116639614105	0.08148669517751975	0.0	2
121	4597.4285724163055	0.08160523220746574	0.00011853702994599202	0
122	4636.804369688034	0.08323730891244732	0.0016320767049815832	0
123	4675.924685239792	0.08323730891244732	0.0	1
124	4715.36532664299	0.08332109915793257	8.37902454852435e-05	0
125	4755.097765445709	0.08531483816761799	0.0019937390096854274	0
126	4794.874742746353	0.08531483816761799	0.0	1
127	4834.5626974105835	0.08531483816761799	0.0	2
128	4873.855277299881	0.08531483816761799	0.0	3
129	4913.186683893204	0.08887278896240963	0.0035579507947916394	0
130	4952.966551780701	0.08977290717370977	0.0009001182113001355	0
131	4992.824445962906	0.08977290717370977	0.0	1
132	5032.441230297089	0.08977290717370977	0.0	2
133	5071.74439907074	0.08977290717370977	0.0	3
134	5112.168942451477	0.08977290717370977	0.0	4
135	5152.986112833023	0.08983568171351215	6.27745398023849e-05	0
136	5193.753524780273	0.09064506577397982	0.0008093840604676689	0
137	5234.568857908249	0.09078046852103512	0.0001354027470552993	0
138	5275.7648849487305	0.09078046852103512	0.0	1
139	5316.975792884827	0.09078046852103512	0.0	2
140	5357.705881118774	0.09127408547062969	0.0004936169495945719	0
141	5398.508563041687	0.0914791589618165	0.0002050734911868135	0
142	5439.968368291855	0.0915568025903997	7.764362858318774e-05	0
143	5481.565977334976	0.0915568025903997	0.0	1
144	5523.176958322525	0.0915568025903997	0.0	2
145	5565.101320266724	0.09173793698493804	0.0001811343945383459	0
146	5606.970658779144	0.09173793698493804	0.0	1
147	5649.005305290222	0.0921754711661247	0.0004375341811866662	0
148	5691.074418067932	0.09347952841301602	0.0013040572468913103	0
149	5733.07644367218	0.09347952841301602	0.0	1
150	5775.21159696579	0.09347952841301602	0.0	2
151	5817.2947318553925	0.09347952841301602	0.0	3
152	5859.406761646271	0.09384159276915804	0.0003620643561420278	0
153	5901.598230838776	0.09384159276915804	0.0	1
154	5943.52926659584	0.09384159276915804	0.0	2
155	5985.689431667328	0.09384159276915804	0.0	3
156	6027.861634969711	0.09399461763518087	0.0001530248660228245	0
157	6070.27513217926	0.09399461763518087	0.0	1
158	6112.299993991852	0.09473336330229297	0.0007387456671121007	0
159	6154.183748245239	0.09473336330229297	0.0	1
160	6196.276343584061	0.09473336330229297	0.0	2
161	6238.451302528381	0.09473336330229297	0.0	3
162	6280.442321538925	0.09473336330229297	0.0	4
163	6322.480926990509	0.09473336330229297	0.0	5
164	6364.499099254608	0.09484575371533689	0.00011239041304392239	0
165	6406.033543348312	0.09503119483036537	0.00018544111502848126	0
166	6448.129811763763	0.09532200749434784	0.00029081266398246763	0
167	6490.243817090988	0.09534460414805873	2.2596653710890702e-05	0
168	6532.343644142151	0.09555001154637215	0.0002054073983134147	0
169	6574.431179046631	0.0955628022336506	1.2790687278455004e-05	0
170	6616.584017038345	0.0955628022336506	0.0	1
171	6658.800959587097	0.09565986699102633	9.706475737572551e-05	0
172	6700.776657104492	0.09565986699102633	0.0	1
173	6742.912688493729	0.09595758948820024	0.0002977224971739134	0
174	6784.75194311142	0.09595758948820024	0.0	1
175	6826.896437883377	0.09595758948820024	0.0	2
176	6869.0611028671265	0.09595758948820024	0.0	3
177	6911.362548589706	0.09640024812161568	0.00044265863341544365	0
178	6953.088716983795	0.09640024812161568	0.0	1
179	6995.391818284988	0.09640024812161568	0.0	2
180	7037.4427790641785	0.09640024812161568	0.0	3
181	7079.531879425049	0.09640024812161568	0.0	4
182	7121.8196477890015	0.09640238103856728	2.1329169515998947e-06	0
183	7163.685447692871	0.0974601034136266	0.001057722375059314	0
184	7205.551825284958	0.0974952522495255	3.5148835898904385e-05	0
185	7247.774091243744	0.0974952522495255	0.0	1
186	7289.854790687561	0.09764816808464985	0.00015291583512434814	0
187	7332.163856506348	0.09764816808464985	0.0	1
188	7374.232899427414	0.09764816808464985	0.0	2
189	7416.535832166672	0.09854433392587993	0.000896165841230076	0
190	7458.946700811386	0.09854433392587993	0.0	1
191	7501.223445892334	0.09854433392587993	0.0	2
192	7543.470370769501	0.09854433392587993	0.0	3
193	7585.625220298767	0.09854433392587993	0.0	4
194	7627.851910114288	0.09854433392587993	0.0	5
195	7670.190644741058	0.09877076384430737	0.00022642991842744542	0
196	7712.255998373032	0.09906111994140243	0.0002903560970950597	0
197	7754.5337924957275	0.09930815669964342	0.0002470367582409899	0
198	7796.849503278732	0.09930815669964342	0.0	1
199	7839.168850898743	0.09954830406798644	0.00024014736834301886	0
200	7881.420363903046	0.09954830406798644	0.0	1
201	7923.570114374161	0.09954830406798644	0.0	2
202	7965.501559019089	0.10068639584409105	0.001138091776104605	0
203	8007.683342218399	0.10068639584409105	0.0	1
204	8049.80793261528	0.100885901945024	0.0001995061009329585	0
205	8091.914932012558	0.1010240304645414	0.00013812851951740257	0
206	8134.054651260376	0.10112870012708641	0.00010466966254500665	0
207	8175.840260505676	0.10112870012708641	0.0	1
208	8218.166051149368	0.10222846072794262	0.0010997606008562033	0
209	8260.609734773636	0.10222846072794262	0.0	1
210	8303.040187597275	0.10229167139133893	6.321066339631809e-05	0
211	8345.086371898651	0.10245317340971893	0.00016150201837999978	0
212	8387.579300403595	0.10245317340971893	0.0	1
213	8429.916629552841	0.10245317340971893	0.0	2
214	8472.219923496246	0.10245317340971893	0.0	3
215	8514.49020910263	0.10245317340971893	0.0	4
216	8556.76256942749	0.10245317340971893	0.0	5
217	8598.711843967438	0.10255975792741857	0.00010658451769963995	0
218	8640.957855939865	0.10257691666506755	1.715873764897291e-05	0
219	8683.335765838623	0.10371435425578125	0.0011374375907137052	0
220	8725.379318237305	0.10386313373119435	0.00014877947541309944	0
221	8768.204333782196	0.10386313373119435	0.0	1
222	8810.765576601028	0.10390756382232674	4.443009113239138e-05	0
223	8853.048704385757	0.10397994671005806	7.238288773131485e-05	0
224	8895.60897231102	0.10410654521206074	0.00012659850200268108	0
225	8938.207083463669	0.10503735562128423	0.0009308104092234926	0
226	8980.619475364685	0.10504292982596924	5.57420468501324e-06	0
227	9023.117832183838	0.1050567086057652	1.3778779795955987e-05	0
228	9065.590468883514	0.10548710807753231	0.00043039947176710946	0
229	9108.48722577095	0.10548710807753231	0.0	1
230	9151.406482934952	0.10548710807753231	0.0	2
231	9194.089726686478	0.10548710807753231	0.0	3
232	9236.468774080276	0.10572904764126916	0.00024193956373684544	0
233	9278.945359945297	0.10572904764126916	0.0	1
234	9321.694049835205	0.10590322450159796	0.0001741768603288063	0
235	9364.207018136978	0.10590322450159796	0.0	1
236	9406.918949127197	0.1059366288431211	3.3404341523143866e-05	0
237	9449.231875658035	0.10697854173790018	0.0010419128947790762	0
238	9491.939586877823	0.10697854173790018	0.0	1
239	9534.624704360962	0.10697854173790018	0.0	2
240	9577.402722120285	0.10697854173790018	0.0	3
241	9619.767310857773	0.10697854173790018	0.0	4
242	9662.040521860123	0.10697854173790018	0.0	5
243	9703.892421007156	0.10697854173790018	0.0	6
244	9746.257811069489	0.10727815864693527	0.00029961690903508587	0
245	9788.658761501312	0.10727815864693527	0.0	1
246	9830.971145153046	0.1074401581187896	0.0001619994718543294	0
247	9873.41106247902	0.1074401581187896	0.0	1
248	9915.816560029984	0.1077037266870133	0.000263568568223696	0
249	9958.11532998085	0.10782932346763614	0.00012559678062284974	0
250	10000.467965602875	0.10782932346763614	0.0	1
251	10042.805819034576	0.10782932346763614	0.0	2
252	10085.056871175766	0.10805533770576312	0.00022601423812697308	0
253	10127.118373632431	0.10842411427659307	0.00036877657082995396	0
254	10169.298867940903	0.10842411427659307	0.0	1
255	10211.421959638596	0.10842411427659307	0.0	2
256	10253.62095117569	0.10842411427659307	0.0	3
257	10295.9107940197	0.10845567872170431	3.156444511123735e-05	0
258	10338.23310804367	0.10849380546401806	3.812674231375157e-05	0
259	10380.580401182175	0.10849380546401806	0.0	1
260	10422.892586946487	0.10849380546401806	0.0	2
261	10465.409233570099	0.10879920782510398	0.00030540236108592134	0
262	10507.771227121353	0.1088026627416997	3.454916595715951e-06	0
263	10550.21451306343	0.1088026627416997	0.0	1
264	10592.185850381851	0.10897647162274611	0.0001738088810464139	0
265	10634.568615674973	0.10897647162274611	0.0	1
266	10677.012206315994	0.10901658817895721	4.0116556211097776e-05	0
267	10719.313321828842	0.10950140769793033	0.0004848195189731258	0
268	10761.765199422836	0.10950140769793033	0.0	1
269	10804.164948940277	0.10950140769793033	0.0	2
270	10846.21590590477	0.10950140769793033	0.0	3
271	10888.708408594131	0.10989378264385101	0.000392374945920676	0
272	10931.124858379364	0.10989378264385101	0.0	1
273	10973.606623411179	0.1099466830729094	5.290042905839454e-05	0
274	11015.94658946991	0.11020965197119142	0.0002629688982820205	0
275	11058.361017227173	0.11020965197119142	0.0	1
276	11100.765023469925	0.11027648109753119	6.682912633976246e-05	0
277	11142.761916399002	0.11027648109753119	0.0	1
278	11185.376963376999	0.11122787790327476	0.0009513968057435762	0
279	11227.441189050674	0.11122787790327476	0.0	1
280	11269.89317202568	0.11122787790327476	0.0	2
281	11312.44866156578	0.11122787790327476	0.0	3
282	11354.659352779388	0.1112423926416355	1.4514738360740798e-05	0
283	11396.709032058716	0.1112423926416355	0.0	1
284	11439.019361257553	0.111454035244456	0.00021164260282049985	0
285	11481.061998605728	0.111454035244456	0.0	1
286	11523.475124120712	0.1114592619131521	5.22666869609556e-06	0
287	11565.70718050003	0.11242239316934505	0.0009631312561929478	0
288	11607.645835638046	0.11242239316934505	0.0	1
289	11650.051837682724	0.11242239316934505	0.0	2
290	11692.177449464798	0.1124753004128346	5.290724348955278e-05	0
291	11734.562321662903	0.11271135912248444	0.00023605870964983622	0
292	11776.794673919678	0.11271135912248444	0.0	1
293	11819.039034128189	0.11271135912248444	0.0	2
294	11861.182264328003	0.11274131536184302	2.9956239358586156e-05	0
295	11903.25991511345	0.11275565292499372	1.4337563150695898e-05	0
296	11945.350782632828	0.1131541063435049	0.0003984534185111771	0
297	11987.145607471466	0.1131541063435049	0.0	1
298	12029.291191101074	0.1132659379731941	0.00011183162968921023	0
299	12071.543417930603	0.1135561373383726	0.00029019936517848954	0
300	12113.986640691757	0.1135561373383726	0.0	1
301	12156.317155361176	0.11793151322239512	0.004375375884022523	0
302	12198.735278844833	0.11793151322239512	0.0	1
303	12241.111971855164	0.11829962879340303	0.0003681155710079098	0
304	12283.412020921707	0.11916887763156976	0.0008692488381667335	0
305	12325.830771684647	0.11926009560701427	9.121797544450749e-05	0
306	12368.250938177109	0.11926009560701427	0.0	1
307	12410.285926818848	0.11949254948258296	0.00023245387556869446	0
308	12452.64268398285	0.11949254948258296	0.0	1
309	12494.958134412766	0.11949254948258296	0.0	2
310	12537.324011087418	0.11966808922914282	0.00017553974655985793	0
311	12579.735716581345	0.11984733602625115	0.0001792467971083317	0
312	12622.364875555038	0.11984733602625115	0.0	1
313	12664.849754571915	0.11984733602625115	0.0	2
314	12707.295628786087	0.11984733602625115	0.0	3
315	12749.606281280518	0.11984733602625115	0.0	4
316	12791.951081514359	0.11984733602625115	0.0	5
317	12834.321637153625	0.11985011631416251	2.780287911355317e-06	0
318	12876.536572217941	0.11988729585054568	3.7179536383172285e-05	0
319	12918.34843301773	0.11994294249535965	5.564664481397252e-05	0
320	12960.600560188293	0.11999901163490524	5.606913954558923e-05	0
321	13002.791571855545	0.11999901163490524	0.0	1
322	13044.860586166382	0.12016300773508806	0.00016399610018281996	0
323	13087.264259815216	0.1202147292675566	5.172153246853217e-05	0
324	13129.638159275055	0.1202147292675566	0.0	1
325	13171.892090320587	0.12046405567466575	0.00024932640710916	0
326	13214.244912862778	0.12046405567466575	0.0	1
327	13256.873433113098	0.12053816942791051	7.411375324475888e-05	0
328	13299.289120435715	0.12053816942791051	0.0	1
329	13341.770198583603	0.12078023165140815	0.00024206222349763828	0
330	13384.148612499237	0.12088742265348061	0.0001071910020724598	0
331	13426.522943258286	0.12088742265348061	0.0	1
332	13468.935642004013	0.12088742265348061	0.0	2
333	13511.188785552979	0.12088742265348061	0.0	3
334	13553.719237804413	0.12088742265348061	0.0	4
335	13596.076121091843	0.12088742265348061	0.0	5
336	13637.704644680023	0.12088742265348061	0.0	6
337	13680.047929525375	0.12088742265348061	0.0	7
338	13722.577380418777	0.12088742265348061	0.0	8
339	13764.772508621216	0.12095417682107767	6.675416759706343e-05	0
340	13807.190607309341	0.12104637607460854	9.219925353086411e-05	0
341	13849.76245546341	0.12123572185868899	0.0001893457840804469	0
342	13892.318132638931	0.12146923878551791	0.00023351692682892222	0
343	13934.885940790176	0.12146923878551791	0.0	1
344	13977.310659646988	0.12146923878551791	0.0	2
345	14019.807438373566	0.12146923878551791	0.0	3
346	14062.283399105072	0.12173132180774975	0.00026208302223183766	0
347	14104.652788639069	0.12186488465839311	0.00013356285064336504	0
348	14147.023247003555	0.12186488465839311	0.0	1
349	14189.445684671402	0.12238238618918693	0.0005175015307938152	0
350	14231.836002349854	0.12258019549676222	0.0001978093075752918	0
351	14274.643561601639	0.1226638903402113	8.369484344908362e-05	0
352	14317.036732673645	0.1226638903402113	0.0	1
353	14359.524811029434	0.12269227926040417	2.8388920192870537e-05	0
354	14401.907752037048	0.12269227926040417	0.0	1
355	14444.317543029785	0.12269227926040417	0.0	2
356	14486.054651021957	0.12269227926040417	0.0	3
357	14528.404890537262	0.12285018325913417	0.00015790399873000238	0
358	14570.623622894287	0.12285018325913417	0.0	1
359	14612.985676050186	0.12301079940146398	0.00016061614232980304	0
360	14655.403567552567	0.12308774795806933	7.694855660535238e-05	0
361	14697.364394426346	0.12308774795806933	0.0	1
362	14739.504306077957	0.1242356116284506	0.0011478636703812772	0
363	14782.004767656326	0.1242356116284506	0.0	1
364	14824.680960178375	0.1242356116284506	0.0	2
365	14867.146125793457	0.1242356116284506	0.0	3
366	14909.553092718124	0.1242356116284506	0.0	4
367	14952.253487110138	0.1242356116284506	0.0	5
368	14994.74569773674	0.1242356116284506	0.0	6
369	15037.326168298721	0.12480550250596617	0.0005698908775155637	0
370	15079.869927167892	0.12480550250596617	0.0	1
371	15122.243241786957	0.12480627935111788	7.768451517065067e-07	2
372	15164.427388191223	0.12488221937191224	7.59400207943628e-05	0
373	15206.683182954788	0.12613599293130878	0.0012537735593965427	0
374	15249.293106555939	0.12613599293130878	0.0	1
375	15291.767888784409	0.12613599293130878	0.0	2
376	15334.296687364578	0.12613599293130878	0.0	3
377	15376.489127397537	0.12679080524988137	0.0006548123185725896	0
378	15418.97620344162	0.12679080524988137	0.0	1
379	15461.320460796356	0.12679080524988137	0.0	2
380	15503.863837003708	0.12679877813433305	7.972884451673545e-06	0
381	15546.432158231735	0.1268051973284813	6.419194148260532e-06	0
382	15588.874233961105	0.1268051973284813	0.0	1
383	15631.21398115158	0.12793602492097442	0.001130827592493111	0
384	15673.586665153503	0.1279765844152106	4.055949423617533e-05	0
385	15715.996222019196	0.1279765844152106	0.0	1
386	15758.569377422333	0.1279765844152106	0.0	2
387	15800.967072725296	0.12807146855461662	9.48841394060318e-05	0
388	15843.4704682827	0.12807146855461662	0.0	1
389	15885.895454883575	0.128160574056403	8.910550178636845e-05	0
390	15927.928554058075	0.1283651023930974	0.00020452833669440396	0
391	15970.189430475235	0.1283766187817498	1.1516388652405007e-05	0
392	16012.493153095245	0.1283766187817498	0.0	1
393	16054.927055835724	0.1283766187817498	0.0	2
394	16097.34900546074	0.12843293324081698	5.6314459067174916e-05	0
395	16139.794292211533	0.12854542587032824	0.00011249262951126826	0
396	16182.33769083023	0.12854542587032824	0.0	1
397	16224.28238749504	0.12879393454569876	0.0002485086753705179	0
398	16266.741534471512	0.12879393454569876	0.0	1
399	16309.362354278564	0.1288413766154018	4.744206970302978e-05	0
400	16351.558913230896	0.1288413766154018	0.0	1
401	16393.890986680984	0.1288413766154018	0.0	2
402	16436.105973482132	0.12891842057404332	7.704395864152613e-05	0
403	16478.54740214348	0.12891842057404332	0.0	1
404	16521.101357460022	0.12900270145857176	8.428088452844262e-05	0
405	16563.222829818726	0.1291571709839995	0.00015446952542774728	0
406	16605.80749130249	0.1291571709839995	0.0	1
407	16647.852652311325	0.12934963777754907	0.00019246679354956164	0
408	16690.2330327034	0.12934963777754907	0.0	1
409	16732.709885120392	0.12939857902210625	4.8941244557176855e-05	0
410	16774.951617240906	0.12939857902210625	0.0	1
411	16817.32934498787	0.12939857902210625	0.0	2
412	16859.344783306122	0.12940723334967344	8.654327567192421e-06	0
413	16901.499435424805	0.12940723334967344	0.0	1
414	16943.88715863228	0.12957197903728335	0.00016474568760990738	0
415	16985.795804977417	0.12957197903728335	0.0	1
416	17027.964789390564	0.12957197903728335	0.0	2
417	17069.96119070053	0.12966139800290283	8.941896561948104e-05	0
418	17112.634009361267	0.12966139800290283	0.0	1
419	17155.636392593384	0.12966139800290283	0.0	2
420	17198.49592924118	0.12973376726177185	7.236925886902612e-05	0
421	17241.147123098373	0.1298640864431853	0.00013031918141345744	0
422	17284.044885635376	0.1298640864431853	0.0	1
423	17326.77317237854	0.12988452973665113	2.044329346581608e-05	0
424	17370.22763109207	0.12988452973665113	0.0	1
425	17414.114705085754	0.13001058308416139	0.00012605334751025765	0
426	17457.34859776497	0.13003638252051525	2.5799436353862726e-05	0
427	17500.387108564377	0.13003638252051525	0.0	1
428	17543.05114507675	0.13047117048594636	0.000434787965431116	0
429	17585.780615091324	0.13047117048594636	0.0	1
430	17628.40074634552	0.13059806882291985	0.00012689833697349107	0
431	17670.945114850998	0.1308330304091537	0.000234961586233845	0
432	17713.445919513702	0.1308330304091537	0.0	1
433	17756.111318826675	0.13094572747159963	0.00011269706244593225	0
434	17798.232270002365	0.13094572747159963	0.0	1
435	17840.86630630493	0.13094572747159963	0.0	2
436	17882.686004161835	0.13094572747159963	0.0	3
437	17925.130660772324	0.13169787712479414	0.000752149653194506	0
438	17967.514711618423	0.13169787712479414	0.0	1
439	18009.766011238098	0.13169787712479414	0.0	2
