1	74.60225629806519	0.032731167719832456	10000000000.032732	0
2	119.05660581588745	0.032731167719832456	0.0	1
3	165.2770528793335	0.03925284750546027	0.006521679785627815	0
4	212.6409854888916	0.05289308650882191	0.013640239003361636	0
5	261.0949113368988	0.05289308650882191	0.0	1
6	312.752578496933	0.05289308650882191	0.0	2
7	363.9544746875763	0.05289308650882191	0.0	3
8	415.9666931629181	0.05289308650882191	0.0	4
9	472.2111303806305	0.05289308650882191	0.0	5
10	530.4839935302734	0.060680069871360987	0.007786983362539079	0
11	590.0820682048798	0.060680069871360987	0.0	1
12	648.1856622695923	0.06074040484480978	6.033497344879596e-05	0
13	709.1302349567413	0.06074040484480978	0.0	1
14	767.8334226608276	0.061157768309776844	0.00041736346496706184	0
15	828.0045099258423	0.06463787785748179	0.003480109547704946	0
16	891.2669231891632	0.06463787785748179	0.0	1
17	954.064816236496	0.06463787785748179	0.0	2
18	1018.3075709342957	0.06463787785748179	0.0	3
19	1081.612963438034	0.06463787785748179	0.0	4
20	1143.337432384491	0.06843089926940575	0.003793021411923961	0
21	1204.2884619235992	0.06843089926940575	0.0	1
22	1266.9598624706268	0.07074629305848243	0.002315393789076678	0
23	1328.5583155155182	0.07153722363938161	0.0007909305808991851	0
24	1390.0585482120514	0.07590937629746769	0.004372152658086076	0
25	1452.7791714668274	0.07590937629746769	0.0	1
26	1516.457058429718	0.07608830281631172	0.0001789265188440331	0
27	1580.6913585662842	0.08234693533769923	0.006258632521387503	0
28	1645.5851337909698	0.08234693533769923	0.0	1
29	1710.718313217163	0.08234693533769923	0.0	2
30	1776.3407096862793	0.08234693533769923	0.0	3
31	1841.0063216686249	0.08234693533769923	0.0	4
32	1907.2873361110687	0.08259888530080317	0.00025194996310394513	0
33	1973.2105481624603	0.08259888530080317	0.0	1
34	2038.9123413562775	0.08259888530080317	0.0	2
35	2105.0504262447357	0.08478170433175398	0.002182819030950814	0
36	2171.147210597992	0.08577064865316311	0.000988944321409127	0
37	2237.572580099106	0.08577064865316311	0.0	1
38	2304.5649061203003	0.08577064865316311	0.0	2
39	2371.381464958191	0.08627457583709562	0.0005039271839325093	0
40	2437.93519616127	0.08627457583709562	0.0	1
41	2502.9987223148346	0.08627457583709562	0.0	2
42	2568.9034292697906	0.0872225586128304	0.000947982775734782	0
43	2634.696519613266	0.08859322010983336	0.0013706614970029618	0
44	2701.1089174747467	0.0909447440128953	0.002351523903061939	0
45	2766.79886674881	0.09113110507612973	0.00018636106323442758	0
46	2831.920250892639	0.09113110507612973	0.0	1
47	2896.9729483127594	0.09113110507612973	0.0	2
48	2962.1720044612885	0.09113110507612973	0.0	3
49	3027.1974267959595	0.09113110507612973	0.0	4
50	3090.9159405231476	0.09116731696328886	3.621188715913215e-05	0
51	3155.501671075821	0.09546622811531806	0.004298911152029197	0
52	3220.75590968132	0.09546622811531806	0.0	1
53	3286.3666315078735	0.09546622811531806	0.0	2
54	3352.640835046768	0.09546622811531806	0.0	3
55	3418.8889820575714	0.09546622811531806	0.0	4
56	3485.5571739673615	0.09546622811531806	0.0	5
57	3552.4465487003326	0.09570449470066221	0.00023826658534414902	0
58	3618.7988193035126	0.09570449470066221	0.0	1
59	3685.3897626399994	0.09570449470066221	0.0	2
60	3751.92906665802	0.09655120821499846	0.0008467135143362531	0
61	3819.198541879654	0.09655120821499846	0.0	1
62	3886.0556256771088	0.09834944119483909	0.0017982329798406221	0
63	3952.5895369052887	0.09834944119483909	0.0	1
64	4018.9456317424774	0.09834944119483909	0.0	2
65	4086.533604621887	0.09834944119483909	0.0	3
66	4153.618642091751	0.09835360481227497	4.1636174358816724e-06	0
67	4220.693264961243	0.09924846909715439	0.0008948642848794208	0
68	4288.102410793304	0.09928902177695942	4.055267980503097e-05	0
69	4354.674645662308	0.09928902177695942	0.0	1
70	4421.989372491837	0.09928902177695942	0.0	2
71	4488.010506153107	0.09928902177695942	0.0	3
72	4555.145461320877	0.09928902177695942	0.0	4
73	4622.8575184345245	0.09928902177695942	0.0	5
74	4690.529355764389	0.09928902177695942	0.0	6
75	4757.224615573883	0.09928902177695942	0.0	7
76	4824.618271350861	0.09955756487992645	0.00026854310296703376	0
77	4891.495895385742	0.09973970099584462	0.00018213611591816337	0
78	4958.390814781189	0.1007453066014284	0.0010056056055837842	0
79	5025.924324512482	0.1007453066014284	0.0	1
80	5093.137648105621	0.1013851067281659	0.0006398001267375053	0
81	5160.32533955574	0.1013851067281659	0.0	1
82	5228.1503937244415	0.10144277044460184	5.766371643593782e-05	0
83	5295.034618616104	0.10144277044460184	0.0	1
84	5362.132734775543	0.10144277044460184	0.0	2
85	5428.9067368507385	0.10144277044460184	0.0	3
86	5496.082512140274	0.10144277044460184	0.0	4
87	5563.349243879318	0.10153332742022428	9.055697562243559e-05	0
88	5630.392389059067	0.10167292785687121	0.00013960043664693056	0
89	5697.697616815567	0.10167292785687121	0.0	1
90	5765.1435034275055	0.10167292785687121	0.0	2
91	5832.027746915817	0.10167292785687121	0.0	3
92	5898.9415328502655	0.10191537168851356	0.00024244383164234717	0
93	5966.046712875366	0.10191537168851356	0.0	1
94	6033.690264225006	0.10191537168851356	0.0	2
95	6100.825367689133	0.10217246654713973	0.00025709485862616954	0
96	6168.200055599213	0.10217246654713973	0.0	1
97	6235.786186695099	0.10220951660933095	3.70500621912212e-05	0
98	6303.3491151332855	0.1024494595447393	0.00023994293540835487	0
99	6370.582589149475	0.10260679113125228	0.00015733158651297374	0
100	6437.300935745239	0.1029417340513963	0.00033494292014402127	0
101	6505.112917900085	0.1029417340513963	0.0	1
102	6572.257651090622	0.1029417340513963	0.0	2
103	6639.1769461631775	0.1029417340513963	0.0	3
104	6705.744498729706	0.1029417340513963	0.0	4
105	6772.619629621506	0.10300379307592737	6.205902453107481e-05	0
106	6838.93959903717	0.10347754595870433	0.0004737528827769566	0
107	6906.02037358284	0.10347754595870433	0.0	1
108	6973.170309782028	0.10364898341770871	0.00017143745900438656	0
109	7040.478772640228	0.10364898341770871	0.0	1
110	7108.015052556992	0.10386718831773174	0.00021820490002302795	0
111	7174.5995535850525	0.10434305367416682	0.00047586535643508177	0
112	7242.083725452423	0.10434305367416682	0.0	1
113	7308.864708662033	0.10434305367416682	0.0	2
114	7374.858464241028	0.10434305367416682	0.0	3
115	7440.983393907547	0.10434305367416682	0.0	4
116	7508.754848957062	0.10434305367416682	0.0	5
117	7575.752370357513	0.10436690418321029	2.3850509043465973e-05	0
118	7642.549057006836	0.1044927053967678	0.00012580121355751372	0
119	7709.876895427704	0.1044927053967678	0.0	1
120	7776.652439117432	0.1044927053967678	0.0	2
121	7843.9290726184845	0.10451049787651422	1.779247974641185e-05	0
122	7911.0696721076965	0.10481464638226756	0.00030414850575334607	0
123	7977.450112104416	0.10481464638226756	0.0	1
124	8044.6416301727295	0.10492229395122743	0.00010764756895986771	0
125	8111.5180332660675	0.10492229395122743	0.0	1
126	8178.8913650512695	0.10532067922542705	0.00039838527419962244	0
127	8245.718865394592	0.10532067922542705	0.0	1
128	8313.271001577377	0.10532067922542705	0.0	2
129	8380.479676008224	0.10532067922542705	0.0	3
130	8447.575836896896	0.10532067922542705	0.0	4
131	8514.752164363861	0.10554401539211	0.00022333616668294975	0
132	8581.937470197678	0.10633194080886971	0.000787925416759705	0
133	8648.505714416504	0.10633194080886971	0.0	1
134	8715.452647924423	0.10633194080886971	0.0	2
135	8781.946423530579	0.10638909344296898	5.7152634099277844e-05	0
136	8849.016546964645	0.10638909344296898	0.0	1
137	8916.422187328339	0.10657136584751026	0.0001822724045412727	0
138	8983.542498350143	0.10668439000265163	0.0001130241551413752	0
139	9049.918502807617	0.10673091212414869	4.65221214970557e-05	0
140	9116.184245109558	0.10673091212414869	0.0	1
141	9183.252457380295	0.10673091212414869	0.0	2
142	9249.744304895401	0.10688264224825202	0.00015173012410332753	0
143	9317.19126033783	0.10733977473344126	0.00045713248518924887	0
144	9384.020946502686	0.10733977473344126	0.0	1
145	9451.033582687378	0.10736046334642867	2.0688612987401767e-05	0
146	9518.377027750015	0.10768633625870502	0.0003258729122763565	0
147	9584.841165542603	0.10768633625870502	0.0	1
148	9652.240731239319	0.10768633625870502	0.0	2
149	9719.21406531334	0.10770955984008221	2.3223581377185276e-05	0
150	9785.701968431473	0.10798986465122325	0.00028030481114103833	0
151	9853.101830482483	0.10798986465122325	0.0	1
152	9920.1381046772	0.10818699933011416	0.0001971346788909173	0
153	9986.917960166931	0.10827520532698803	8.82059968738691e-05	0
154	10054.214007854462	0.10827520532698803	0.0	1
155	10121.55369234085	0.10827520532698803	0.0	2
156	10187.92562532425	0.10827520532698803	0.0	3
157	10254.967337369919	0.10827520532698803	0.0	4
158	10323.05457663536	0.10894892087758534	0.0006737155505973091	0
159	10390.328916788101	0.10894892087758534	0.0	1
160	10457.33211350441	0.10912532605690192	0.00017640517931657995	0
161	10524.027688503265	0.10912532605690192	0.0	1
162	10591.444320678711	0.10912532605690192	0.0	2
163	10657.98829460144	0.10912532605690192	0.0	3
164	10725.379148721695	0.10917560974439669	5.028368749476764e-05	0
165	10792.109829187393	0.10917560974439669	0.0	1
166	10858.611590862274	0.10933961265901067	0.0001640029146139782	0
167	10926.130857467651	0.10933961265901067	0.0	1
168	10993.155605077744	0.10935069292406914	1.1080265058471817e-05	0
169	11059.879249334335	0.1093622161271527	1.152320308356325e-05	0
170	11127.207912921906	0.1093622161271527	0.0	1
171	11195.00578737259	0.10949817765756273	0.00013596153041002534	0
172	11261.896460294724	0.10949817765756273	0.0	1
173	11328.486764431	0.10984814639840414	0.00034996874084140817	0
174	11396.118809700012	0.10984814639840414	0.0	1
175	11462.444909095764	0.10984814639840414	0.0	2
176	11529.84118771553	0.10984814639840414	0.0	3
177	11596.381941080093	0.1101935971713896	0.00034545077298546445	0
178	11663.27580499649	0.1101935971713896	0.0	1
179	11730.441782712936	0.11073758639608396	0.0005439892246943551	0
180	11796.944024324417	0.11073758639608396	0.0	1
181	11863.896223545074	0.11073758639608396	0.0	2
182	11930.691593885422	0.11073758639608396	0.0	3
183	11998.077840328217	0.11073758639608396	0.0	4
184	12064.311868667603	0.11103923400560332	0.00030164760951936764	0
185	12130.194962501526	0.11120559471339703	0.00016636070779370293	0
186	12196.986689329147	0.11120559471339703	0.0	1
187	12263.545122861862	0.11120559471339703	0.0	2
188	12330.459605455399	0.11138445308792949	0.00017885837453246456	0
189	12396.965160369873	0.11169983177622674	0.0003153786882972437	0
190	12463.77725815773	0.11204563689963226	0.0003458051234055265	0
191	12530.268437862396	0.11235268835305776	0.0003070514534254942	0
192	12597.389084339142	0.11235268835305776	0.0	1
193	12664.295803785324	0.11235268835305776	0.0	2
194	12731.535956382751	0.11244951460534304	9.682625228528419e-05	0
195	12798.357676267624	0.11244951460534304	0.0	1
196	12865.320427894592	0.11244951460534304	0.0	2
197	12932.55995297432	0.11244951460534304	0.0	3
198	12999.032152414322	0.11253805450934351	8.853990400047029e-05	0
199	13065.835066080093	0.11257909782819173	4.1043318848216215e-05	0
200	13131.721206665039	0.11257909782819173	0.0	1
201	13198.805874347687	0.11279769115079061	0.0002185933225988812	0
202	13266.553717136383	0.11279769115079061	0.0	1
203	13333.2529733181	0.11304519810478131	0.00024750695399070044	0
204	13400.395118713379	0.11315892414633168	0.0001137260415503688	0
205	13467.438562870026	0.11315892414633168	0.0	1
206	13533.8921585083	0.11315892414633168	0.0	2
207	13600.291549682617	0.11337313578969771	0.00021421164336603293	0
208	13666.504729270935	0.11337313578969771	0.0	1
209	13732.867294311523	0.11337313578969771	0.0	2
210	13799.513427972794	0.11337313578969771	0.0	3
211	13866.723377227783	0.11346688873353197	9.375294383426325e-05	0
212	13933.268666505814	0.1137925980994606	0.0003257093659286281	0
213	14000.20975804329	0.11438576025937143	0.0005931621599108289	0
214	14067.291415452957	0.11438576025937143	0.0	1
215	14134.050176620483	0.11438576025937143	0.0	2
216	14201.299237251282	0.11438576025937143	0.0	3
217	14268.489252328873	0.11438576025937143	0.0	4
218	14335.599309921265	0.11438576025937143	0.0	5
219	14402.683014392853	0.11443085816475702	4.509790538559377e-05	0
220	14469.134383916855	0.11443085816475702	0.0	1
221	14535.914501190186	0.11446415347538169	3.329531062466751e-05	0
222	14603.089082241058	0.11446415347538169	0.0	1
223	14669.195807218552	0.1145506013490175	8.644787363580597e-05	0
224	14736.791722297668	0.11468684908553604	0.0001362477365185466	0
225	14803.76146888733	0.11472991629043738	4.306720490133975e-05	0
226	14871.310737848282	0.1149846124692969	0.0002546961788595231	0
227	14937.329676628113	0.1149846124692969	0.0	1
228	15004.019459962845	0.1149846124692969	0.0	2
229	15070.77914738655	0.11502198280975243	3.737034045551979e-05	0
230	15137.861145496368	0.11509503351173696	7.305070198453112e-05	0
231	15204.692034959793	0.11521893349900215	0.0001238999872651969	0
232	15272.175819396973	0.1153045363831747	8.56028841725448e-05	0
233	15339.160299062729	0.1153045363831747	0.0	1
234	15405.598271608353	0.1153045363831747	0.0	2
235	15472.818200588226	0.1153045363831747	0.0	3
236	15539.92462682724	0.11540668470619225	0.0001021483230175535	0
237	15606.268751859665	0.11554129697923354	0.0001346122730412902	0
238	15672.451550006866	0.11556064996371451	1.9352984480969226e-05	0
239	15738.996552705765	0.11581466469945852	0.00025401473574400424	0
240	15805.67751955986	0.11581466469945852	0.0	1
241	15872.976691961288	0.11581466469945852	0.0	2
242	15939.597100257874	0.11581466469945852	0.0	3
243	16006.152646541595	0.11581466469945852	0.0	4
244	16073.35331273079	0.11617235419079884	0.0003576894913403239	0
245	16140.417640924454	0.11617235419079884	0.0	1
246	16207.437692403793	0.11617235419079884	0.0	2
247	16273.868869304657	0.11617235419079884	0.0	3
248	16340.428038835526	0.1162834294186298	0.00011107522783096457	0
249	16407.050139665604	0.1162834294186298	0.0	1
250	16474.5144803524	0.11646383466903452	0.00018040525040471933	0
251	16541.54515314102	0.11705010743904737	0.000586272770012844	0
252	16607.749483585358	0.11705010743904737	0.0	1
253	16674.933371543884	0.11738297877212019	0.0003328713330728178	0
254	16742.678620815277	0.11738297877212019	0.0	1
255	16809.597252607346	0.11738297877212019	0.0	2
256	16875.79640007019	0.11738297877212019	0.0	3
257	16943.01138496399	0.11742697273965864	4.399396753845819e-05	0
258	17009.5728828907	0.11751855869438552	9.158595472687214e-05	0
259	17076.77576136589	0.11751855869438552	0.0	1
260	17144.157402038574	0.11751855869438552	0.0	2
261	17211.30470085144	0.1175624572598878	4.389856550228444e-05	0
262	17278.148436546326	0.1175624572598878	0.0	1
263	17344.81462240219	0.1175624572598878	0.0	2
264	17411.60965871811	0.1175624572598878	0.0	3
265	17478.458570241928	0.1175624572598878	0.0	4
266	17544.670814037323	0.11797692459161387	0.000414467331726065	0
267	17611.52182006836	0.11797692459161387	0.0	1
268	17678.443329572678	0.11797692459161387	0.0	2
269	17745.768944978714	0.11797692459161387	0.0	3
270	17812.5751183033	0.11806789724753677	9.097265592290793e-05	0
271	17879.45602631569	0.11806789724753677	0.0	1
272	17946.808387994766	0.11806789724753677	0.0	2
273	18013.716289281845	0.11806789724753677	0.0	3
