1	5.467401027679443	0.0349569184708475	10000000000.034956	0
2	8.936419010162354	0.0349569184708475	0.0	1
3	12.543469905853271	0.04311291694013559	0.008155998469288085	0
4	16.157203197479248	0.04311291694013559	0.0	1
5	19.76470136642456	0.043417004959498046	0.00030408801936245705	0
6	23.456934452056885	0.04356571372388408	0.00014870876438603103	0
7	27.14234185218811	0.04479242464146298	0.0012267109175789007	0
8	30.894898891448975	0.06285054716631937	0.01805812252485639	0
9	34.553378105163574	0.06285054716631937	0.0	1
10	38.394277811050415	0.06285054716631937	0.0	2
11	42.402403354644775	0.06285054716631937	0.0	3
12	46.429710149765015	0.06285054716631937	0.0	4
13	50.674105405807495	0.06285054716631937	0.0	5
14	54.8494713306427	0.06285054716631937	0.0	6
15	59.168269634246826	0.06285054716631937	0.0	7
16	63.54587006568909	0.0653551172389093	0.0025045700725899317	0
17	68.0868616104126	0.0653551172389093	0.0	1
18	72.70797657966614	0.07149316679361908	0.006138049554709785	0
19	77.340336561203	0.07149316679361908	0.0	1
20	82.00794291496277	0.07782104251206405	0.006327875718444967	0
21	86.82342195510864	0.07782104251206405	0.0	1
22	91.6523654460907	0.08733420634536426	0.009513163833300212	0
23	96.62965869903564	0.08958426021802685	0.002250053872662583	0
24	101.56601643562317	0.09116832936482096	0.001584069146794112	0
25	106.64479112625122	0.10161188104273484	0.010443551677913887	0
26	111.86958980560303	0.10161188104273484	0.0	1
27	117.14665699005127	0.10161188104273484	0.0	2
28	122.48437333106995	0.10161188104273484	0.0	3
29	127.92850399017334	0.10161188104273484	0.0	4
30	133.38798880577087	0.10376878233430784	0.0021569012915729907	0
31	138.9519898891449	0.10376878233430784	0.0	1
32	144.5223982334137	0.10381954901833941	5.076668403157514e-05	0
33	150.2299325466156	0.10634200524332023	0.002522456224980818	0
34	156.06220650672913	0.10684121766355013	0.0004992124202299053	0
35	161.94471549987793	0.10684121766355013	0.0	1
36	167.7856137752533	0.10812162385485784	0.0012804061913077036	0
37	173.69424271583557	0.11471394954948318	0.0065923256946253395	0
38	179.69233632087708	0.11471394954948318	0.0	1
39	185.66400146484375	0.11482443938158039	0.00011048983209721586	0
40	191.72712755203247	0.11482443938158039	0.0	1
41	197.86108422279358	0.11747663715058813	0.0026521977690077414	0
42	203.9496955871582	0.11802761364882651	0.0005509764982383758	0
43	210.07792043685913	0.12011226077538935	0.0020846471265628386	0
44	216.258483171463	0.12011226077538935	0.0	1
45	222.44120001792908	0.12011226077538935	0.0	2
46	228.56381916999817	0.12120840344990678	0.0010961426745174363	0
47	234.70957803726196	0.12488558753118832	0.003677184081281537	0
48	240.8994743824005	0.12488558753118832	0.0	1
49	247.11015033721924	0.12488558753118832	0.0	2
50	253.3246932029724	0.12488558753118832	0.0	3
51	259.4719567298889	0.12708741840915636	0.0022018308779680335	0
52	265.65362906455994	0.12708741840915636	0.0	1
53	271.8577859401703	0.12708741840915636	0.0	2
54	278.0998547077179	0.12757302209143317	0.0004856036822768195	0
55	284.37914872169495	0.1292570649230917	0.0016840428316585165	0
56	290.6066379547119	0.1292570649230917	0.0	1
57	296.84990549087524	0.12939339328371766	0.00013632836062596465	0
58	303.0558352470398	0.13128193535023444	0.0018885420665167851	0
59	309.24296855926514	0.13371102478870778	0.0024290894384733364	0
60	315.4237036705017	0.1341497174844744	0.0004386926957666293	0
61	321.71899676322937	0.13456029571914757	0.00041057823467316457	0
62	328.0366487503052	0.13592292332131498	0.0013626276021674044	0
63	334.3193643093109	0.13592292332131498	0.0	1
64	340.52467799186707	0.13592292332131498	0.0	2
65	346.83561635017395	0.13603136481410397	0.00010844149278899096	0
66	353.1416656970978	0.13903946488487745	0.003008100070773484	0
67	359.4627757072449	0.13903946488487745	0.0	1
68	365.8988652229309	0.13903946488487745	0.0	2
69	372.2504360675812	0.13903946488487745	0.0	3
70	378.5883541107178	0.13951318016646333	0.00047371528158587917	0
71	384.8857877254486	0.14163679929123713	0.0021236191247737957	0
72	391.24666452407837	0.14243255903072907	0.0007957597394919469	0
73	397.5775673389435	0.14243255903072907	0.0	1
74	403.8669104576111	0.14331618315505731	0.0008836241243282417	0
75	410.2326850891113	0.14331618315505731	0.0	1
76	416.5768656730652	0.1447268864856945	0.0014107033306371974	0
77	423.38544511795044	0.1447268864856945	0.0	1
78	429.74675393104553	0.1447268864856945	0.0	2
79	436.08634305000305	0.1449807600693683	0.00025387358367379154	0
80	442.4461681842804	0.14539605082323426	0.0004152907538659545	0
81	448.8406014442444	0.14788399320026321	0.0024879423770289566	0
82	455.21426796913147	0.14826669795493805	0.0003827047546748341	0
83	461.63728523254395	0.14869696970021523	0.00043027174527718315	0
84	468.02739691734314	0.14869696970021523	0.0	1
85	474.49429512023926	0.14869696970021523	0.0	2
86	481.01313853263855	0.1487209740948536	2.4004394638371673e-05	0
87	487.4868366718292	0.15021983634277666	0.0014988622479230607	0
88	493.8358221054077	0.15021983634277666	0.0	1
89	500.32896995544434	0.15040555244005677	0.00018571609728010308	0
90	506.82435035705566	0.15143573323371354	0.0010301807936567708	0
91	513.3539941310883	0.15143573323371354	0.0	1
92	519.8856089115143	0.1519130632317257	0.00047732999801217146	0
93	526.4476370811462	0.1519130632317257	0.0	1
94	532.9795613288879	0.1519130632317257	0.0	2
95	539.5508418083191	0.15388876012763217	0.001975696895906459	0
96	546.0839154720306	0.1573124588725598	0.0034236987449276224	0
97	552.7105915546417	0.1573124588725598	0.0	1
98	559.3066182136536	0.1578502751254387	0.0005378162528789088	0
99	566.0454978942871	0.1578502751254387	0.0	1
100	572.6869988441467	0.15808686500945932	0.00023658988402061598	0
101	579.4174342155457	0.15808686500945932	0.0	1
102	586.1325781345367	0.15901057232260365	0.0009237073131443396	0
103	592.962482213974	0.1608673985994393	0.0018568262768356436	0
104	599.7742803096771	0.1614102352917992	0.0005428366923599104	0
105	606.6260890960693	0.1614102352917992	0.0	1
106	613.4724831581116	0.1614102352917992	0.0	2
107	620.2937281131744	0.1621196970235729	0.0007094617317736918	0
108	627.245284318924	0.1621196970235729	0.0	1
109	634.2697381973267	0.1627221497612895	0.0006024527377165856	0
110	641.230922460556	0.1634579453716207	0.0007357956103312135	0
111	648.2638881206512	0.1634579453716207	0.0	1
112	655.3236701488495	0.1655010232592811	0.002043077887660394	0
113	662.3640825748444	0.1655010232592811	0.0	1
114	669.3740522861481	0.16595503164242434	0.0004540083831432451	0
115	676.462705373764	0.16595503164242434	0.0	1
116	683.6105256080627	0.16619180895618557	0.0002367773137612328	0
117	690.6451742649078	0.1673876374770372	0.0011958285208516217	0
118	697.6945948600769	0.1673876374770372	0.0	1
119	704.7754352092743	0.1683682297164606	0.0009805922394234001	0
120	711.9066026210785	0.16851190800048668	0.00014367828402608862	0
121	718.993980884552	0.16851190800048668	0.0	1
122	726.046546459198	0.1697815436756279	0.001269635675141212	0
123	733.1768221855164	0.1697815436756279	0.0	1
124	740.2140653133392	0.1704745517537426	0.0006930080781147041	0
125	747.3532004356384	0.1704745517537426	0.0	1
126	754.4236860275269	0.17207225641416704	0.0015977046604244427	0
127	761.6357231140137	0.1723183115000891	0.00024605508592207004	0
128	768.724024772644	0.17254159387252552	0.00022328237243640636	0
129	775.7281999588013	0.17317366050926053	0.0006320666367350125	0
130	782.8890023231506	0.17320295310015218	2.9292590891655257e-05	0
131	789.9719452857971	0.17326469781184883	6.174471169664852e-05	0
132	797.138979434967	0.17398806950794446	0.000723371696095626	0
133	804.2960157394409	0.17422797957594183	0.00023991006799736758	0
134	811.516667842865	0.17426605458896552	3.807501302369176e-05	0
135	818.7112867832184	0.17459415034992598	0.0003280957609604618	0
136	825.8738348484039	0.17567193829770097	0.001077787947774994	0
137	833.0189256668091	0.17851410949666868	0.002842171198967708	0
138	840.2207357883453	0.17851410949666868	0.0	1
139	847.3481311798096	0.17851410949666868	0.0	2
140	854.5310921669006	0.1800605922865486	0.0015464827898799272	0
141	861.6306200027466	0.1800605922865486	0.0	1
142	868.7237551212311	0.1800605922865486	0.0	2
143	875.9704546928406	0.18044585411839906	0.0003852618318504475	0
144	883.1438009738922	0.18044585411839906	0.0	1
145	890.3442087173462	0.18044585411839906	0.0	2
146	897.4949305057526	0.18065347271965482	0.00020761860125576015	0
147	904.6130247116089	0.1814109432407052	0.0007574705210503796	0
148	911.7632296085358	0.1814109432407052	0.0	1
149	919.061690568924	0.18147687834588863	6.593510518343448e-05	0
150	926.3451011180878	0.1821498314417567	0.0006729530958680674	0
151	933.5557689666748	0.1821498314417567	0.0	1
152	940.8088293075562	0.182311489593044	0.00016165815128729721	0
153	948.0302307605743	0.18243705413142275	0.00012556453837875292	0
154	955.201779127121	0.18329603124485908	0.0008589771134363267	0
155	962.3710734844208	0.18329603124485908	0.0	1
156	969.5326218605042	0.1834704078428315	0.00017437659797242544	0
157	976.8444442749023	0.18371054550408533	0.00024013766125383085	0
158	984.0153379440308	0.18614219201973434	0.0024316465156490052	0
159	991.2741253376007	0.18677565099168542	0.0006334589719510786	0
160	998.4985871315002	0.1870857668853847	0.00031011589369928094	0
161	1005.7641055583954	0.1870857668853847	0.0	1
162	1013.0245654582977	0.18725564516958215	0.00016987828419745554	0
163	1020.308961391449	0.1878618331142726	0.000606187944690445	0
164	1027.5932397842407	0.1878618331142726	0.0	1
165	1034.8804202079773	0.18876698488309526	0.0009051517688226651	0
166	1042.196123123169	0.18876698488309526	0.0	1
167	1049.555291891098	0.18876698488309526	0.0	2
168	1056.9478588104248	0.1892056775788619	0.0004386926957666293	0
169	1064.2807993888855	0.1892056775788619	0.0	1
170	1071.6779577732086	0.1892056775788619	0.0	2
171	1079.038556098938	0.18978638846666623	0.0005807108878043421	0
172	1086.4398460388184	0.18978638846666623	0.0	1
173	1093.859280347824	0.19048266317740323	0.0006962747107369938	0
174	1101.2793095111847	0.19048266317740323	0.0	1
175	1108.6949219703674	0.19048266317740323	0.0	2
176	1116.208485841751	0.19110782168941243	0.0006251585120091996	0
177	1123.7218585014343	0.1915837058008541	0.0004758841114416712	0
178	1131.2559185028076	0.1915837058008541	0.0	1
179	1138.7210853099823	0.1915837058008541	0.0	2
180	1146.196923494339	0.1917356309934676	0.00015192519261350568	0
181	1153.709956407547	0.1922333372818532	0.0004977062883856076	0
182	1161.1815435886383	0.1922333372818532	0.0	1
183	1168.6783738136292	0.19244394137112034	0.0002106040892671246	0
184	1176.1511578559875	0.19244394137112034	0.0	1
185	1183.6594805717468	0.19312119196318409	0.0006772505920637495	0
186	1191.166085243225	0.19340239012547297	0.00028119816228888705	0
187	1198.6932637691498	0.19349988036627414	9.749024080116242e-05	0
188	1206.295835018158	0.19393236110492296	0.00043248073864882164	0
189	1213.936488866806	0.19393236110492296	0.0	1
190	1221.480714082718	0.19516618431176658	0.0012338232068436206	0
191	1229.0410289764404	0.19516618431176658	0.0	1
192	1236.6460845470428	0.19516618431176658	0.0	2
193	1244.1943752765656	0.1951807636680193	1.457935625273632e-05	0
194	1251.8823430538177	0.1951807636680193	0.0	1
195	1259.4495017528534	0.19525991256991665	7.91489018973357e-05	0
196	1266.9717206954956	0.19606835059257788	0.0008084380226612287	0
197	1274.5001723766327	0.19606835059257788	0.0	1
198	1282.131828069687	0.19606835059257788	0.0	2
199	1289.7624876499176	0.19606835059257788	0.0	3
200	1297.3679049015045	0.19621587118628675	0.00014752059370887194	0
201	1305.0071876049042	0.19645169796350626	0.0002358267772195055	0
202	1312.5874605178833	0.19684789765950594	0.0003961996959996883	0
203	1320.1754069328308	0.19684789765950594	0.0	1
204	1327.7607860565186	0.1971157079831789	0.00026781032367295676	0
205	1335.3179976940155	0.1980923508102106	0.000976642827031693	0
206	1342.9477553367615	0.1983477639953252	0.0002554131851146002	0
207	1350.5631787776947	0.1983477639953252	0.0	1
208	1358.114661693573	0.19859458218804837	0.0002468181927231805	0
209	1365.705649614334	0.19880064780002468	0.00020606561197630824	0
210	1373.3159606456757	0.19880064780002468	0.0	1
211	1380.9984817504883	0.19898055357534547	0.00017990577532078778	0
212	1388.6321213245392	0.19936291024621627	0.0003823566708708037	0
213	1396.2765579223633	0.20023349461573262	0.0008705843695163418	0
214	1403.9392397403717	0.20023349461573262	0.0	1
215	1411.5875265598297	0.20105194674167856	0.0008184521259459454	0
216	1419.2072863578796	0.20105194674167856	0.0	1
217	1426.9081377983093	0.20105194674167856	0.0	2
218	1434.6067612171173	0.20105194674167856	0.0	3
219	1442.2706186771393	0.20105194674167856	0.0	4
220	1449.9670293331146	0.20105194674167856	0.0	5
221	1457.736082315445	0.2012889114851804	0.0002369647435018496	0
222	1465.4211909770966	0.20166034367974064	0.0003714321945602339	0
223	1473.2165718078613	0.20166034367974064	0.0	1
224	1480.9303359985352	0.20268317454999726	0.0010228308702566191	0
225	1488.7793564796448	0.20268317454999726	0.0	1
226	1496.6063420772552	0.20268317454999726	0.0	2
227	1504.374483346939	0.2026868963691325	3.7218191352439423e-06	0
228	1512.1748311519623	0.2026868963691325	0.0	1
229	1519.9917876720428	0.2030566283081885	0.0003697319390559839	0
230	1527.8859221935272	0.2030566283081885	0.0	1
231	1535.7326843738556	0.20363175646728998	0.0005751281591014901	0
232	1543.5887451171875	0.20363175646728998	0.0	1
233	1551.3552730083466	0.20363175646728998	0.0	2
234	1559.227558374405	0.20476273429788605	0.0011309778305960694	0
235	1567.0457830429077	0.2049129993985112	0.00015026510062515763	0
236	1574.8177967071533	0.2049129993985112	0.0	1
237	1582.6937532424927	0.2049129993985112	0.0	2
238	1590.5629239082336	0.20506982454005815	0.00015682514154694016	0
239	1598.4413266181946	0.20506982454005815	0.0	1
240	1606.28568816185	0.20581981125932222	0.000749986719264073	0
241	1614.2942888736725	0.20581981125932222	0.0	1
242	1622.1824235916138	0.20591079501055606	9.098375123384184e-05	0
243	1630.0400919914246	0.2062572990496134	0.0003465040390573382	0
244	1638.0614798069	0.2062572990496134	0.0	1
245	1645.9903540611267	0.2066382098339137	0.00038091078430030345	0
246	1653.8603641986847	0.2066382098339137	0.0	1
247	1661.77556681633	0.2066382098339137	0.0	2
248	1669.70631814003	0.20701826379654256	0.0003800539626288568	0
249	1677.672878742218	0.20763339481742846	0.0006151310208858951	0
250	1685.680922985077	0.20763339481742846	0.0	1
251	1693.6601421833038	0.20763339481742846	0.0	2
252	1701.6166636943817	0.2077802192435293	0.0001468244261008389	0
253	1709.593046426773	0.2077802192435293	0.0	1
254	1717.5923194885254	0.2081224659499068	0.00034224670637750254	0
255	1725.5338990688324	0.20819368925134352	7.122330143671807e-05	0
256	1733.571058511734	0.20889483713533671	0.0007011478839931973	0
257	1741.5590162277222	0.20889483713533671	0.0	1
258	1749.4613018035889	0.20889483713533671	0.0	2
259	1757.409639596939	0.20889483713533671	0.0	3
260	1765.3761811256409	0.20940199523778516	0.0005071581024484462	0
261	1773.3377203941345	0.2099013348424819	0.0004993396046967524	0
262	1781.3730342388153	0.2099013348424819	0.0	1
263	1789.3695087432861	0.20998835579348543	8.702095100351914e-05	0
264	1797.4759356975555	0.20998835579348543	0.0	1
265	1805.4524822235107	0.20998835579348543	0.0	2
266	1813.4615890979767	0.2106657804274512	0.0006774246339657786	0
267	1821.5078449249268	0.2106657804274512	0.0	1
268	1829.5653340816498	0.2106657804274512	0.0	2
269	1837.7395329475403	0.2106657804274512	0.0	3
270	1845.7763378620148	0.21070372156208875	3.79411346375369e-05	0
271	1853.8490619659424	0.210943390648991	0.00023966908690226107	0
272	1861.8913328647614	0.21096352595826937	2.0135309278357383e-05	0
273	1869.9837033748627	0.21178695836018044	0.0008234324019110728	0
274	1878.1082499027252	0.21178695836018044	0.0	1
275	1886.2210099697113	0.21193328743625248	0.00014632907607203816	0
276	1894.265496969223	0.21193328743625248	0.0	1
277	1902.4602859020233	0.21302289684552533	0.001089609409272857	0
278	1910.5374953746796	0.21302289684552533	0.0	1
279	1918.6649267673492	0.21302289684552533	0.0	2
280	1926.830493927002	0.21302289684552533	0.0	3
281	1935.5165853500366	0.2133808340987607	0.0003579372532353797	0
282	1943.6459639072418	0.21368040037563063	0.000299566276869917	0
283	1951.861722946167	0.2137247810606424	4.438068501178005e-05	0
284	1960.0327570438385	0.2137247810606424	0.0	1
285	1968.2532413005829	0.21422292914770236	0.0004981480870599464	0
286	1976.384861946106	0.21441922163748905	0.000196292489786698	0
287	1984.6541624069214	0.2144275220974309	8.300459941851246e-06	0
288	1992.884244441986	0.2146432403410493	0.00021571824361840686	0
289	2001.0530688762665	0.21513162869375824	0.0004883883527089239	0
290	2009.3626222610474	0.21513162869375824	0.0	1
291	2017.585815668106	0.21549131975385227	0.0003596910600940362	0
292	2025.849835395813	0.21549131975385227	0.0	1
293	2034.141226530075	0.21573181888674875	0.00024049913289647673	0
294	2042.427749633789	0.21573181888674875	0.0	1
295	2050.729938030243	0.21573181888674875	0.0	2
296	2059.0429558753967	0.21628618250815695	0.0005543636214082048	0
297	2067.314872980118	0.21628618250815695	0.0	1
298	2075.656501531601	0.21628618250815695	0.0	2
299	2083.90052819252	0.21659751669517027	0.00031133418701331794	0
300	2092.249324798584	0.21659751669517027	0.0	1
301	2100.5759043693542	0.21668763023689408	9.011354172380748e-05	0
302	2108.8119258880615	0.21668763023689408	0.0	1
303	2117.1249170303345	0.21710064505819535	0.0004130148213012663	0
304	2125.401412963867	0.21717912456816188	7.847950996653363e-05	0
305	2133.6606860160828	0.21717912456816188	0.0	1
306	2141.9902114868164	0.21717912456816188	0.0	2
307	2150.332533597946	0.21717912456816188	0.0	3
308	2158.6280767917633	0.21717912456816188	0.0	4
309	2166.929712533951	0.2172255535924819	4.642902432003271e-05	0
310	2175.286794900894	0.21782753775584696	0.0006019841633650436	0
311	2183.612573623657	0.21826991210723296	0.000442374351385999	0
312	2192.0264179706573	0.21826991210723296	0.0	1
313	2200.414274930954	0.21826991210723296	0.0	2
314	2208.7655799388885	0.21846939090261022	0.00019947879537726698	0
315	2217.0962800979614	0.21846939090261022	0.0	1
316	2225.351962327957	0.21846939090261022	0.0	2
317	2233.714655160904	0.21850636811286742	3.697721025719414e-05	0
318	2242.0432603359222	0.21877767266241913	0.0002713045495517097	0
319	2250.3196716308594	0.2188686965771688	9.102391474966054e-05	0
320	2258.691613674164	0.2190373565680522	0.00016865999088341854	0
321	2267.0435321331024	0.2190373565680522	0.0	1
322	2275.3816108703613	0.21929432274244628	0.00025696617439407987	0
323	2283.6821978092194	0.21933976106670872	4.543832426243122e-05	0
324	2292.048222064972	0.21948697374012943	0.00014721267342071576	0
325	2300.373804092407	0.21948697374012943	0.0	1
326	2308.734068632126	0.2199959124251138	0.0005089386849843613	0
327	2317.027422428131	0.2199959124251138	0.0	1
328	2325.41987490654	0.2199959124251138	0.0	2
329	2333.813711166382	0.2199959124251138	0.0	3
330	2342.098756313324	0.2199959124251138	0.0	4
331	2350.372638463974	0.2199959124251138	0.0	5
332	2358.720762729645	0.2208476333300203	0.0008517209049065111	0
333	2367.062714099884	0.22106697967790362	0.00021934634788331464	0
334	2375.3677887916565	0.22106697967790362	0.0	1
335	2383.67720413208	0.22106697967790362	0.0	2
336	2392.0252401828766	0.22117388156925177	0.00010690189134815453	0
337	2400.3567876815796	0.22117388156925177	0.0	1
338	2408.8079199790955	0.22117388156925177	0.0	2
339	2417.1960804462433	0.22117388156925177	0.0	3
340	2425.465961456299	0.22122405918838425	5.017761913247987e-05	0
341	2433.8741524219513	0.22125145070619243	2.739151780817295e-05	0
342	2442.192329645157	0.2213322864757554	8.083576956297023e-05	0
343	2450.5072903633118	0.2217913286862182	0.0004590422104628067	0
344	2458.8996500968933	0.2217913286862182	0.0	1
345	2467.226665496826	0.2217913286862182	0.0	2
346	2475.65865278244	0.2217913286862182	0.0	3
347	2484.1603643894196	0.22233587902192095	0.0005445503357027481	0
348	2492.4788410663605	0.22233587902192095	0.0	1
349	2500.889830350876	0.22233587902192095	0.0	2
350	2509.2555029392242	0.22290048433987034	0.0005646053179493848	0
351	2517.5429832935333	0.22290048433987034	0.0	1
352	2525.8819184303284	0.22290048433987034	0.0	2
353	2534.2130377292633	0.22290048433987034	0.0	3
354	2542.5284094810486	0.22327051081137586	0.0003700264715055246	0
355	2550.874671936035	0.22338955547234868	0.00011904466097281685	0
356	2559.1015322208405	0.22338955547234868	0.0	1
357	2567.4112453460693	0.22420396447103258	0.000814408998683902	0
358	2575.754468679428	0.22442329743107728	0.00021933296004469915	0
359	2584.060046195984	0.22442329743107728	0.0	1
360	2592.4610681533813	0.22442329743107728	0.0	2
361	2600.810935497284	0.22442329743107728	0.0	3
362	2609.1932241916656	0.22442329743107728	0.0	4
363	2617.5109622478485	0.22447956651678	5.626908570272038e-05	0
364	2625.866054534912	0.22465666084599145	0.0001770943292114524	0
365	2634.2343497276306	0.22482577602338782	0.00016911517739637283	0
366	2642.5976819992065	0.22507926135974174	0.0002534853363539147	0
367	2651.0369884967804	0.22558173371867463	0.0005024723589328872	0
368	2659.412085056305	0.22558173371867463	0.0	1
369	2667.776021718979	0.22558173371867463	0.0	2
370	2676.248284339905	0.22558173371867463	0.0	3
371	2684.791785955429	0.22558173371867463	0.0	4
372	2693.376216173172	0.22559048936512943	8.755646454805532e-06	0
373	2701.805235385895	0.22592917490643508	0.00033868554130564443	0
374	2710.2667152881622	0.22592917490643508	0.0	1
375	2718.6628725528717	0.2263365936111949	0.00040741870475982656	0
376	2727.1551167964935	0.2264790937654228	0.00014250015422789808	0
377	2735.637799978256	0.22649502529337576	1.5931527952955937e-05	0
378	2744.1677203178406	0.22649502529337576	0.0	1
379	2752.7016472816467	0.22649502529337576	0.0	2
380	2761.248889684677	0.2269349228946178	0.0004398976012420508	0
381	2769.8249940872192	0.2269415632625713	6.640367953503201e-06	0
382	2778.3401260375977	0.22703988354936666	9.832028679535032e-05	0
383	2786.912883758545	0.22760661753365596	0.0005667339842893027	0
384	2795.4924023151398	0.22760661753365596	0.0	1
385	2804.124104499817	0.22776834262413634	0.00016172509048037464	0
386	2812.6730070114136	0.22776834262413634	0.0	1
387	2821.27516746521	0.2284941776825373	0.0007258350584009587	0
388	2829.88356924057	0.2284941776825373	0.0	1
389	2838.5486040115356	0.2284941776825373	0.0	2
390	2847.2246453762054	0.22862537850097336	0.0001312008184360669	0
391	2855.761504650116	0.2286492891807414	2.3910679768035514e-05	0
392	2864.4449939727783	0.2286492891807414	0.0	1
393	2873.1098775863647	0.22893287037830393	0.00028358119756252687	0
394	2881.8239302635193	0.22903807201414786	0.00010520163584393227	0
395	2890.5121426582336	0.22948554713204652	0.0004474751178986658	0
396	2899.189329624176	0.22948554713204652	0.0	1
397	2907.9361572265625	0.22948554713204652	0.0	2
398	2916.5721423625946	0.22954303451106328	5.748737901675738e-05	0
399	2925.334164619446	0.2297555798369297	0.0002125453258664256	0
400	2934.0760819911957	0.2297555798369297	0.0	1
401	2942.8106684684753	0.2297555798369297	0.0	2
402	2951.549225330353	0.2297555798369297	0.0	3
403	2960.298573255539	0.23001115367610772	0.0002555738391780138	0
404	2969.086276292801	0.23001115367610772	0.0	1
405	2977.8725628852844	0.23001115367610772	0.0	2
406	2986.6118688583374	0.23001115367610772	0.0	3
407	2995.410735845566	0.23001115367610772	0.0	4
408	3004.2060379981995	0.23001136788152557	2.1420541784777924e-07	5
409	3013.0931181907654	0.2304388147928548	0.0004274469113292323	0
410	3021.812023639679	0.2304388147928548	0.0	1
411	3030.582624197006	0.23048810881463863	4.929402178383002e-05	0
412	3039.3020570278168	0.23048810881463863	0.0	1
413	3048.0886693000793	0.23048810881463863	0.0	2
414	3057.0335953235626	0.23081752997162208	0.0003294211569834504	0
415	3065.8285529613495	0.23081752997162208	0.0	1
416	3074.6006574630737	0.23092680151040526	0.00010927153878317886	0
417	3083.4175310134888	0.23092680151040526	0.0	1
418	3092.2876143455505	0.23095992302314106	3.312151273579533e-05	0
419	3101.094926595688	0.2315578774470827	0.0005979544239416434	0
420	3109.9485309123993	0.23162717289975873	6.929545267603254e-05	0
421	3118.7328419685364	0.23162717289975873	0.0	1
422	3127.6324796676636	0.23162717289975873	0.0	2
423	3136.4854164123535	0.23162717289975873	0.0	3
424	3145.3727889060974	0.2318659851649896	0.00023881226523086996	0
425	3154.202082157135	0.23188223800106933	1.6252836079727606e-05	0
426	3163.0841732025146	0.23261658772483002	0.0007343497237606855	0
427	3171.949137210846	0.23261658772483002	0.0	1
428	3180.8514201641083	0.23261658772483002	0.0	2
429	3189.7395186424255	0.23261658772483002	0.0	3
430	3198.5980699062347	0.23261658772483002	0.0	4
431	3207.4174859523773	0.23261658772483002	0.0	5
432	3216.3940806388855	0.23261658772483002	0.0	6
433	3225.2513959407806	0.23290185579005815	0.00028526806522813364	0
434	3234.169937133789	0.23290185579005815	0.0	1
435	3243.1639931201935	0.23290185579005815	0.0	2
436	3252.149127960205	0.23290185579005815	0.0	3
437	3261.1045722961426	0.23290185579005815	0.0	4
438	3269.9930317401886	0.2330993799609975	0.00019752417093935049	0
439	3278.822273492813	0.23345943249273415	0.0003600525317366543	0
440	3287.790083885193	0.23345943249273415	0.0	1
441	3296.8139436244965	0.233491054567545	3.162207481083312e-05	0
442	3305.7873446941376	0.23395079294561583	0.0004597383780708397	0
443	3314.7535054683685	0.23395079294561583	0.0	1
444	3323.7524774074554	0.233959013078526	8.220132910186084e-06	0
445	3332.744390964508	0.233959013078526	0.0	1
446	3341.6618633270264	0.233959013078526	0.0	2
447	3350.665065765381	0.23442378528391644	0.00046477220539042907	0
448	3359.718237876892	0.23442378528391644	0.0	1
449	3368.7611541748047	0.23442378528391644	0.0	2
450	3377.7438428401947	0.23453704639860717	0.00011326111469073252	0
451	3386.8477251529694	0.23453704639860717	0.0	1
452	3395.954804420471	0.23458585845820082	4.881205959364476e-05	0
453	3405.0260882377625	0.2347092407788852	0.00012338232068437316	0
454	3414.077180147171	0.2347092407788852	0.0	1
455	3423.1976749897003	0.23489610823028625	0.00018686745140106265	0
456	3432.224853992462	0.23546324384973405	0.000567135619447795	0
457	3441.367931127548	0.23546324384973405	0.0	1
458	3450.422645330429	0.23546324384973405	0.0	2
459	3459.6829402446747	0.23546324384973405	0.0	3
460	3468.8235318660736	0.2357462627580747	0.0002830189083406487	0
461	3478.0110478401184	0.2357462627580747	0.0	1
462	3487.185328245163	0.23586402218654037	0.00011775942846567466	0
463	3496.3332726955414	0.23605070220820082	0.00018668002166044584	0
464	3505.506019115448	0.23605070220820082	0.0	1
465	3514.6585330963135	0.23605070220820082	0.0	2
466	3523.856545686722	0.236524685246559	0.0004739830383581889	0
467	3533.0646600723267	0.236524685246559	0.0	1
468	3542.2659044265747	0.236524685246559	0.0	2
469	3551.462909221649	0.23663350159882926	0.00010881635227025233	0
470	3560.6255674362183	0.23675040420562352	0.00011690260679425579	0
471	3569.9720978736877	0.23675040420562352	0.0	1
472	3579.182478904724	0.23699371478462933	0.0002433105790058121	0
473	3588.399250984192	0.23699371478462933	0.0	1
474	3597.6116042137146	0.2372513771266314	0.00025766234200208515	0
475	3606.784632205963	0.2372513771266314	0.0	1
