1	12.882102251052856	0.07920820332849515	10000000000.079208	0
2	21.394545555114746	0.08136007079274855	0.0021518674642534014	0
3	30.068904399871826	0.08459268491711108	0.003232614124362529	0
4	38.54113006591797	0.08459268491711108	0.0	1
5	47.44523501396179	0.08459268491711108	0.0	2
6	56.75977659225464	0.08459268491711108	0.0	3
7	66.280592918396	0.0847225938091207	0.00012990889200961697	0
8	75.96548771858215	0.09392075518762681	0.009198161378506112	0
9	86.22179889678955	0.09392075518762681	0.0	1
10	96.66834759712219	0.10111520561792266	0.007194450430295846	0
11	107.69357943534851	0.10111520561792266	0.0	1
12	119.18520903587341	0.10111520561792266	0.0	2
13	130.52583837509155	0.10365981202189352	0.0025446064039708616	0
14	142.4327552318573	0.1114678404837958	0.007808028461902275	0
15	154.3563253879547	0.11476893340267877	0.003301092918882975	0
16	166.2655565738678	0.11476893340267877	0.0	1
17	178.1685631275177	0.11476893340267877	0.0	2
18	190.40071511268616	0.12509149248910123	0.010322559086422461	0
19	203.0221598148346	0.12509149248910123	0.0	1
20	215.75526785850525	0.12509149248910123	0.0	2
21	228.67669939994812	0.13118748414879908	0.006095991659697847	0
22	241.7842915058136	0.1314068304966824	0.00021934634788331464	0
23	255.12809824943542	0.13240336765189736	0.0009965371552149715	0
24	268.5824077129364	0.1331377575391739	0.000734389887276532	0
25	282.18706703186035	0.1364304696710833	0.0032927121319094033	0
26	295.88033390045166	0.1364304696710833	0.0	1
27	309.63339471817017	0.1364304696710833	0.0	2
28	323.3677167892456	0.1364304696710833	0.0	3
29	337.2620861530304	0.13773433804956542	0.0013038683784821203	0
30	351.0598840713501	0.13870982952247615	0.0009754914729107333	0
31	364.8408486843109	0.1434049445250809	0.0046951150026047495	0
32	378.69688868522644	0.1434049445250809	0.0	1
33	392.5122582912445	0.14727662712577458	0.0038716826006936766	0
34	406.24582505226135	0.14727662712577458	0.0	1
35	420.03036236763	0.14727662712577458	0.0	2
36	433.8170847892761	0.14727662712577458	0.0	3
37	447.7297582626343	0.14727662712577458	0.0	4
38	461.578177690506	0.1496062449233316	0.0023296177975570265	0
39	475.4003429412842	0.1496062449233316	0.0	1
40	489.18482637405396	0.1496062449233316	0.0	2
41	503.09170603752136	0.1496062449233316	0.0	3
42	516.8807392120361	0.15092722295956487	0.0013209780362332668	0
43	530.7545771598816	0.15092722295956487	0.0	1
44	544.652013540268	0.1519689708457858	0.0010417478862209395	0
45	558.4473819732666	0.1519689708457858	0.0	1
46	572.3399114608765	0.15213227570122287	0.00016330485543705753	0
47	586.1796996593475	0.15349470248581104	0.0013624267845881721	0
48	600.1752879619598	0.15466967275409904	0.0011749702682880003	0
49	613.9305882453918	0.15488901910198236	0.00021934634788331464	0
50	627.7982113361359	0.1549723851730437	8.336607106135263e-05	0
51	641.6473081111908	0.1549723851730437	0.0	1
52	655.588137626648	0.15623643811948207	0.0012640529464383599	0
53	669.4745502471924	0.15623643811948207	0.0	1
54	683.3429749011993	0.15784769127258583	0.0016112531531037588	0
55	697.1227250099182	0.1590551806008719	0.001207489328286071	0
56	710.9920341968536	0.15995025132721677	0.000895070726344871	0
57	724.7827897071838	0.15995025132721677	0.0	1
58	738.4684462547302	0.160370937380045	0.00042068605282821747	0
59	752.2148532867432	0.16069651622734565	0.0003255788473006671	0
60	766.0265028476715	0.1629086289653707	0.002212112738025046	0
61	779.7384185791016	0.1629086289653707	0.0	1
62	793.4764685630798	0.1629391398495764	3.0510884205692257e-05	0
63	807.1174790859222	0.16326947137958572	0.00033033153000933124	0
64	820.9237961769104	0.16326947137958572	0.0	1
65	834.7211949825287	0.16432649478966743	0.0010570234100817089	0
66	848.4479653835297	0.16432649478966743	0.0	1
67	862.3427786827087	0.16432649478966743	0.0	2
68	876.1008658409119	0.16515520199999315	0.0008287072103257132	0
69	889.9134919643402	0.16590486741113047	0.0007496654111373291	0
70	903.6896135807037	0.16598503378876261	8.01663776321404e-05	0
71	917.317488193512	0.16598503378876261	0.0	1
72	931.1048216819763	0.16598503378876261	0.0	2
73	944.9055943489075	0.1663401328202114	0.00035509903144878563	0
74	958.6788649559021	0.1663401328202114	0.0	1
75	972.3923077583313	0.16935301234937075	0.0030128795291593513	0
76	986.0588595867157	0.16935301234937075	0.0	1
77	999.8749220371246	0.16935301234937075	0.0	2
78	1013.5743525028229	0.16935301234937075	0.0	3
79	1027.311488866806	0.16935301234937075	0.0	4
80	1041.1071293354034	0.1697182459746518	0.00036523362528104175	0
81	1054.786128282547	0.17035620326037784	0.0006379572857260485	0
82	1068.4892246723175	0.17035620326037784	0.0	1
83	1082.3362276554108	0.17055023320543844	0.00019402994506059756	0
84	1096.0006861686707	0.17139145804487005	0.0008412248394316091	0
85	1109.7616283893585	0.1727289834496326	0.0013375254047625629	0
86	1123.4759998321533	0.17292415136097555	0.00019516791134294165	0
87	1137.2801899909973	0.17292415136097555	0.0	1
88	1151.144130706787	0.174108238747361	0.0011840873863854517	0
89	1164.8930428028107	0.17593642843739718	0.001828189690036175	0
90	1178.6568624973297	0.17593642843739718	0.0	1
91	1192.3892755508423	0.17593642843739718	0.0	2
92	1206.100442647934	0.17620742506666073	0.0002709966292635535	0
93	1219.7860844135284	0.17620742506666073	0.0	1
94	1233.426355600357	0.17707847801052864	0.0008710529438679115	0
95	1247.1776344776154	0.17707847801052864	0.0	1
96	1260.796349287033	0.17730700841570246	0.00022853040517381573	0
97	1274.4532370567322	0.17871503417861648	0.001408025762914017	0
98	1288.178948879242	0.17871503417861648	0.0	1
99	1301.8665566444397	0.17871503417861648	0.0	2
100	1315.6021811962128	0.1799936664813076	0.001278632302691124	0
101	1329.345834493637	0.1799936664813076	0.0	1
102	1343.0919029712677	0.1799936664813076	0.0	2
103	1356.801129579544	0.1799936664813076	0.0	3
104	1370.5344212055206	0.1805969760406956	0.0006033095593880045	0
105	1384.2864542007446	0.1808657369009103	0.00026876086021468404	0
106	1398.0137088298798	0.1813424108948303	0.00047667399392001264	0
107	1411.7531335353851	0.18200225729669336	0.0006598464018630623	0
108	1425.4705722332	0.18200225729669336	0.0	1
109	1439.2683656215668	0.18200225729669336	0.0	2
110	1452.976686000824	0.18226941161627414	0.0002671543195807702	0
111	1466.756399154663	0.18394337340545489	0.0016739617891807501	0
112	1480.5025992393494	0.18394337340545489	0.0	1
113	1494.3031911849976	0.18394337340545489	0.0	2
114	1508.0927147865295	0.18399764770320384	5.427429774895742e-05	0
115	1521.8869762420654	0.18399764770320384	0.0	1
116	1535.5750796794891	0.18399764770320384	0.0	2
117	1549.3575999736786	0.1843098520997272	0.0003122043965233523	0
118	1563.1223168373108	0.18437823717937735	6.838507965015173e-05	0
119	1576.9802973270416	0.1850098084660836	0.0006315712867062395	0
120	1590.8236336708069	0.18515023350532603	0.0001404250392424422	0
121	1604.6743171215057	0.1852567337615157	0.00010650025618966219	0
122	1618.4396617412567	0.1865604950372889	0.0013037612757731964	0
123	1632.2549076080322	0.1865604950372889	0.0	1
124	1646.0422444343567	0.1865604950372889	0.0	2
125	1659.8337919712067	0.18735080592646414	0.0007903108891752497	0
126	1673.533700466156	0.18735080592646414	0.0	1
127	1687.2626068592072	0.18735080592646414	0.0	2
128	1701.0694017410278	0.18827139387321096	0.0009205879467468203	0
129	1714.9116852283478	0.1887100865689776	0.0004386926957666293	0
130	1728.7746181488037	0.1887100865689776	0.0	1
131	1742.6685276031494	0.1887100865689776	0.0	2
132	1756.521019935608	0.1887100865689776	0.0	3
133	1770.406566619873	0.19004166777339468	0.0013315812044170927	0
134	1784.196904182434	0.19004166777339468	0.0	1
135	1798.1249878406525	0.19004166777339468	0.0	2
136	1812.0143673419952	0.19012626552560868	8.459775221400512e-05	0
137	1825.8981304168701	0.19012626552560868	0.0	1
138	1839.7999057769775	0.19048036046916128	0.0003540949435525964	0
139	1853.7846364974976	0.19048036046916128	0.0	1
140	1867.7316043376923	0.19127553114375412	0.0007951706745928377	0
141	1881.5710668563843	0.19127553114375412	0.0	1
142	1895.5180218219757	0.19127553114375412	0.0	2
143	1909.4128558635712	0.1918818931303466	0.0006063619865924741	0
144	1923.3599302768707	0.1918818931303466	0.0	1
145	1937.164793252945	0.19242345797803795	0.0005415648476913559	0
146	1951.201071023941	0.19242345797803795	0.0	1
147	1965.0168614387512	0.1932347074468085	0.000811249468770564	0
148	1978.7763500213623	0.1932347074468085	0.0	1
149	1992.7708990573883	0.1932347074468085	0.0	2
150	2006.7058646678925	0.1932347074468085	0.0	3
151	2020.6640491485596	0.1944436962130196	0.0012089887662110888	0
152	2034.630529642105	0.1944436962130196	0.0	1
153	2048.4498732089996	0.1944436962130196	0.0	2
154	2062.379269838333	0.1944436962130196	0.0	3
155	2076.380654811859	0.1946630425609029	0.00021934634788328689	0
156	2090.3542149066925	0.1950840766975351	0.0004210341366322201	0
157	2104.083818435669	0.1950840766975351	0.0	1
158	2117.971503973007	0.1964052555513476	0.0013211788538124991	0
159	2131.806562900543	0.1964052555513476	0.0	1
160	2145.716477870941	0.1964052555513476	0.0	2
161	2159.5232079029083	0.19717991605718085	0.0007746605058332467	0
162	2173.3572385311127	0.19717991605718085	0.0	1
163	2187.1863095760345	0.1978255981257883	0.0006456820686074338	0
164	2201.1782546043396	0.1978255981257883	0.0	1
165	2215.1913204193115	0.1978255981257883	0.0	2
166	2228.863209962845	0.19814911524594211	0.0003235171201538267	0
167	2242.739546775818	0.19814911524594211	0.0	1
168	2256.646027326584	0.19907746813908617	0.0009283528931440521	0
169	2270.472993850708	0.19966800570043458	0.0005905375613484143	0
170	2284.2854244709015	0.19966800570043458	0.0	1
171	2298.05992436409	0.19966800570043458	0.0	2
172	2311.832734107971	0.19966800570043458	0.0	3
173	2325.6186447143555	0.1997092937947261	4.128809429151947e-05	0
174	2339.3346316814423	0.19975892251247535	4.962871774924493e-05	0
175	2353.0899970531464	0.19987105904872232	0.00011213653624697617	0
176	2366.9682080745697	0.2004447413212533	0.0005736822725309898	0
177	2380.87154006958	0.20048198628828282	3.724496702950386e-05	0
178	2394.687670469284	0.20048198628828282	0.0	1
179	2408.6169924736023	0.20059888889507707	0.00011690260679425579	0
180	2422.466033935547	0.2014762742866103	0.0008773853915332308	0
181	2436.3980963230133	0.2014762742866103	0.0	1
182	2450.269242286682	0.2014762742866103	0.0	2
183	2464.125940799713	0.2014762742866103	0.0	3
184	2478.0564579963684	0.2014762742866103	0.0	4
185	2491.932591199875	0.2019149535945383	0.00043867930792798604	0
186	2505.835465192795	0.20260261992504525	0.0006876663305069586	0
187	2519.6368601322174	0.2031428326010364	0.0005402126759911641	0
188	2533.5145444869995	0.2031428326010364	0.0	1
189	2547.3631789684296	0.20354536474470142	0.00040253214366500756	0
190	2561.046657562256	0.2039931745585655	0.0004478098138640807	0
191	2574.8750586509705	0.2039931745585655	0.0	1
192	2588.7465794086456	0.20404528002645866	5.210546789316539e-05	0
193	2602.594953775406	0.2048599567819149	0.0008146767554562395	0
194	2616.611976623535	0.2048599567819149	0.0	1
195	2630.5694329738617	0.2048599567819149	0.0	2
196	2644.4335236549377	0.2048599567819149	0.0	3
197	2658.403349876404	0.20511725765227437	0.000257300870359467	0
198	2672.358691215515	0.20532155606955338	0.00020429841727900855	0
199	2686.427904367447	0.20532155606955338	0.0	1
200	2700.408499479294	0.2055886702256183	0.0002671141560649237	0
201	2714.225267648697	0.2055886702256183	0.0	1
202	2728.1017730236053	0.20656535321616584	0.0009766829905475394	0
203	2742.1230647563934	0.20656535321616584	0.0	1
204	2756.0746042728424	0.20656535321616584	0.0	2
205	2769.9271655082703	0.2069577641538372	0.0003924109376713669	0
206	2783.8771274089813	0.20763245766872535	0.0006746935148881361	0
207	2797.735111951828	0.20776940186992762	0.00013694420120227702	0
208	2811.670562028885	0.20881635762537015	0.0010469557554425302	0
209	2825.5769441127777	0.20881635762537015	0.0	1
210	2839.4773757457733	0.20881635762537015	0.0	2
211	2853.3541157245636	0.20881635762537015	0.0	3
212	2867.1911475658417	0.2095760505276308	0.0007596929022606336	0
213	2881.1040332317352	0.2095760505276308	0.0	1
214	2895.060765028	0.21017886473699005	0.0006028142093592592	0
215	2908.9267761707306	0.2102702233477051	9.13586107150477e-05	0
216	2922.8307206630707	0.2102702233477051	0.0	1
217	2936.686779499054	0.2102702233477051	0.0	2
218	2950.699520587921	0.2102702233477051	0.0	3
219	2964.6060383319855	0.21105347884592976	0.0007832554982246664	0
220	2978.5551702976227	0.21105347884592976	0.0	1
221	2992.400609254837	0.21105347884592976	0.0	2
222	3006.1505513191223	0.2115188535040579	0.0004653746581281537	0
223	3020.0164651870728	0.2115188535040579	0.0	1
224	3033.973512649536	0.2115188535040579	0.0	2
225	3047.7849764823914	0.2115188535040579	0.0	3
226	3061.6645736694336	0.21212366250137094	0.0006048089973130222	0
227	3075.6143748760223	0.21212366250137094	0.0	1
228	3089.5919301509857	0.21212366250137094	0.0	2
229	3103.555937051773	0.2132874940879305	0.001163831586559555	0
230	3117.4759662151337	0.2132874940879305	0.0	1
231	3131.5023868083954	0.2132874940879305	0.0	2
232	3145.537059545517	0.2132874940879305	0.0	3
233	3159.627830028534	0.2132874940879305	0.0	4
234	3173.773473739624	0.2132874940879305	0.0	5
235	3187.8165807724	0.2132874940879305	0.0	6
236	3201.770686149597	0.2132874940879305	0.0	7
237	3215.803737640381	0.21353099209667692	0.0002434980087464289	0
238	3229.8004121780396	0.21410940027623931	0.0005784081795623952	0
239	3243.8598170280457	0.21441219302221567	0.0003027927459763602	0
240	3257.877068758011	0.21441219302221567	0.0	1
241	3271.9017775058746	0.21464625260473788	0.00023405958252220582	0
242	3285.723704099655	0.21498865996517877	0.0003424073604408884	0
243	3299.651555299759	0.21548884300370832	0.0005001830385295558	0
244	3313.713002681732	0.21548884300370832	0.0	1
245	3327.804101705551	0.21548884300370832	0.0	2
246	3341.7762262821198	0.21548884300370832	0.0	3
247	3355.8005261421204	0.21634909196181318	0.0008602489581048534	0
248	3369.8131642341614	0.21634909196181318	0.0	1
249	3383.77800488472	0.21634909196181318	0.0	2
250	3397.8261580467224	0.21664157607205528	0.00029248411024210275	0
251	3411.9016528129578	0.21664157607205528	0.0	1
252	3425.8819942474365	0.21664157607205528	0.0	2
253	3439.8730680942535	0.21664632875476394	4.7526827086641354e-06	0
254	3453.7814259529114	0.21664632875476394	0.0	1
255	3467.78501868248	0.2168609224199386	0.0002145936651746505	0
256	3481.880993127823	0.21705378762303962	0.0001928652031010225	0
257	3495.975435256958	0.21705378762303962	0.0	1
258	3509.950211286545	0.21708502145053055	3.123382749092851e-05	0
259	3524.0917410850525	0.21708502145053055	0.0	1
260	3538.082575082779	0.21724692058291292	0.00016189913238237597	0
261	3552.230675458908	0.21724692058291292	0.0	1
262	3566.3897094726562	0.21752908266958215	0.0002821620866692298	0
263	3580.4769492149353	0.21752908266958215	0.0	1
264	3594.5216307640076	0.21784788727054316	0.00031880460096100904	0
265	3608.583063840866	0.21804736606592046	0.00019947879537729474	0
