1	7.651117324829102	0.05954724525406477	10000000000.059547	0
2	12.50568675994873	0.05954724525406477	0.0	1
3	17.26864790916443	0.05954724525406477	0.0	2
4	22.274070501327515	0.05954724525406477	0.0	3
5	27.234899282455444	0.05954724525406477	0.0	4
6	32.30862307548523	0.05954724525406477	0.0	5
7	37.64845871925354	0.06110772502921762	0.0015604797751528551	0
8	43.16478872299194	0.0683739945197686	0.007266269490550974	0
9	48.64909338951111	0.07091611078575688	0.002542116265988284	0
10	54.23339915275574	0.07175198718366144	0.0008358763979045558	0
11	59.88653898239136	0.08442713090478655	0.012675143721125118	0
12	65.67982530593872	0.08898216225803357	0.004555031353247016	0
13	71.53417420387268	0.08898216225803357	0.0	1
14	77.51003885269165	0.08898216225803357	0.0	2
15	83.60682654380798	0.08898216225803357	0.0	3
16	89.93737435340881	0.08898216225803357	0.0	4
17	96.31181788444519	0.08898216225803357	0.0	5
18	102.72862839698792	0.09149066166125727	0.002508499403223702	0
19	109.20457243919373	0.09588621038699208	0.004395548725734805	0
20	116.04276847839355	0.09805417672718113	0.002167966340189051	0
21	123.18053841590881	0.10800350964866885	0.009949332921487725	0
22	130.66626930236816	0.10800350964866885	0.0	1
23	138.20946526527405	0.11636749488477463	0.008363985236105778	0
24	145.8538773059845	0.11861598238031916	0.0022484874955445294	0
25	153.8547079563141	0.12454874951161166	0.005932767131292496	0
26	161.86517310142517	0.12454874951161166	0.0	1
27	169.91616535186768	0.12454874951161166	0.0	2
28	178.1344976425171	0.12454874951161166	0.0	3
29	186.3199760913849	0.12645201820060595	0.0019032686889942918	0
30	194.678729057312	0.12811891121099747	0.0016668930103915236	0
31	203.0710802078247	0.1319624525749205	0.0038435413639230365	0
32	211.49459624290466	0.13443712760388107	0.0024746750289605657	0
33	220.03184008598328	0.13922056217783507	0.0047834345739539985	0
34	228.56608152389526	0.13996044107894412	0.0007398789011090479	0
35	237.17166543006897	0.1447437819380278	0.00478334085908369	0
36	245.66390872001648	0.14491218755997753	0.0001684056219497243	0
37	254.25239992141724	0.14491218755997753	0.0	1
38	262.8225727081299	0.14557181975642275	0.0006596321964452145	0
39	271.49371886253357	0.14557181975642275	0.0	1
40	280.1605079174042	0.1471095201241706	0.001537700367747863	0
41	288.8876750469208	0.1471095201241706	0.0	1
42	297.6895513534546	0.14839232943250988	0.0012828093083392667	0
43	306.5192127227783	0.14918383183932196	0.0007915024068120835	0
44	315.4780707359314	0.14918383183932196	0.0	1
45	324.4129891395569	0.1492425508994914	5.871906016943762e-05	0
46	333.3359534740448	0.15113303420260749	0.0018904833031160861	0
47	342.24796414375305	0.15130613895591138	0.00017310475330389874	0
48	351.20754408836365	0.15355160079992872	0.0022454618440173324	0
49	360.18816471099854	0.15516677658974695	0.001615175789818235	0
50	369.77960324287415	0.15516677658974695	0.0	1
51	378.7546532154083	0.15516677658974695	0.0	2
52	387.7676374912262	0.15630780868714358	0.0011410320973966326	0
53	396.8101005554199	0.1573149088470265	0.0010071001598829232	0
54	405.8681261539459	0.1573149088470265	0.0	1
55	415.0134243965149	0.15854237283052755	0.0012274639835010426	0
56	424.0699956417084	0.16074278459760227	0.0022004117670747225	0
57	433.09710574150085	0.16074278459760227	0.0	1
58	442.11460876464844	0.16092576957580473	0.00018298497820246062	0
59	451.18076395988464	0.16421243040465974	0.003286660828855009	0
60	460.23487186431885	0.16457299167426384	0.0003605612696040983	0
61	469.3218569755554	0.16457299167426384	0.0	1
62	478.4541416168213	0.16457299167426384	0.0	2
63	487.5667805671692	0.16659692495270345	0.0020239332784396102	0
64	496.5678668022156	0.16659692495270345	0.0	1
65	505.5724391937256	0.16697647017746492	0.00037954522476146835	0
66	514.648336648941	0.16697647017746492	0.0	1
67	523.7646434307098	0.16743105423766863	0.000454584060203711	0
68	532.8420243263245	0.16777299302375795	0.0003419387860893186	0
69	541.9452321529388	0.168216411626556	0.00044341860279806244	0
70	551.0732824802399	0.16836156257282986	0.00014515094627384761	0
71	560.2003979682922	0.16881547724110277	0.00045391466827290894	0
72	569.3777186870575	0.16881547724110277	0.0	1
73	578.5163767337799	0.1694845478637722	0.0006690706226694376	0
74	587.7735006809235	0.1694845478637722	0.0	1
75	596.8937470912933	0.171705349309059	0.002220801445286802	0
76	606.0724775791168	0.171705349309059	0.0	1
77	615.2393326759338	0.171705349309059	0.0	2
78	624.4708676338196	0.171705349309059	0.0	3
79	633.6661083698273	0.17202139601526514	0.0003160467062061356	0
80	642.8414349555969	0.17248232591097282	0.0004609298957076735	0
81	652.0393340587616	0.17248232591097282	0.0	1
82	661.2450776100159	0.17351972274964358	0.0010373968386707677	0
83	670.4757211208344	0.17351972274964358	0.0	1
84	679.744847536087	0.17444434043581378	0.0009246176861701927	0
85	688.9448909759521	0.17444434043581378	0.0	1
86	698.1728234291077	0.17548128208797162	0.0010369416521578412	0
87	707.3803851604462	0.17548128208797162	0.0	1
88	716.6104650497437	0.17592490150834889	0.000443619420377267	0
89	725.9493007659912	0.17592490150834889	0.0	1
90	735.3185632228851	0.17694652747313008	0.0010216259647811976	0
91	744.5528583526611	0.17800799564563227	0.001061468172502189	0
92	753.8215537071228	0.17800799564563227	0.0	1
93	763.0691909790039	0.17906072155951827	0.001052725913885999	0
94	772.3363585472107	0.17906072155951827	0.0	1
95	781.6564066410065	0.17906072155951827	0.0	2
96	791.0328648090363	0.17973923060841193	0.0006785090488936607	0
97	800.3980135917664	0.17973923060841193	0.0	1
98	809.750257730484	0.18121858677547162	0.0014793561670596866	0
99	819.0948596000671	0.18121858677547162	0.0	1
100	828.5156950950623	0.18121858677547162	0.0	2
101	837.8251194953918	0.18219923256624945	0.0009806457907778343	0
102	847.190495967865	0.18282535500263902	0.0006261224363895701	0
103	856.7106595039368	0.1834735004335518	0.0006481454309127666	0
104	866.2209506034851	0.18486019936955062	0.0013866989359988258	0
105	875.6987376213074	0.18577362482263793	0.0009134254530873132	0
106	885.2402186393738	0.18678591946390383	0.0010122946412658984	0
107	894.8017745018005	0.18678591946390383	0.0	1
108	904.5347950458527	0.1880055917253304	0.0012196722614265798	0
109	914.2691645622253	0.1880055917253304	0.0	1
110	924.1227288246155	0.1880055917253304	0.0	2
111	934.1797988414764	0.1901055813149471	0.0020999895896166854	0
112	944.2230679988861	0.1901055813149471	0.0	1
113	954.2694001197815	0.1901055813149471	0.0	2
114	964.3617157936096	0.1901055813149471	0.0	3
115	974.5499935150146	0.19075714064470692	0.0006515593297598266	0
116	984.6826272010803	0.19075714064470692	0.0	1
117	994.8269526958466	0.19162530181543377	0.0008681611707268555	0
118	1005.0877232551575	0.19162530181543377	0.0	1
119	1015.456335067749	0.19187288311495806	0.000247581299524291	0
120	1025.8662943840027	0.19277210407127388	0.0008992209563158104	0
121	1036.266680240631	0.1933080861902624	0.0005359821189885317	0
122	1046.7902920246124	0.19369432533433184	0.0003862391440694335	0
123	1057.2632794380188	0.19593433832803248	0.0022400129937006352	0
124	1067.836309671402	0.19593433832803248	0.0	1
125	1078.4135704040527	0.19593433832803248	0.0	2
126	1089.0484309196472	0.19593433832803248	0.0	3
127	1099.7420473098755	0.19629571625579212	0.00036137792775964295	0
128	1110.4504687786102	0.19629571625579212	0.0	1
129	1121.064610004425	0.19642983562304644	0.00013411936725432616	0
130	1131.7241990566254	0.19642983562304644	0.0	1
131	1142.3896660804749	0.19642983562304644	0.0	2
132	1153.0265889167786	0.19642983562304644	0.0	3
133	1163.6293337345123	0.19654734068257843	0.00011750505953198043	0
134	1174.3290374279022	0.19688913220244297	0.00034179151986454825	0
135	1185.0571162700653	0.19736200405019605	0.0004728718477530758	0
136	1195.7644259929657	0.19761878279484948	0.0002567787446534353	0
137	1206.4480953216553	0.19761878279484948	0.0	1
138	1217.031810283661	0.1983291147361332	0.0007103319412837261	0
139	1227.7579820156097	0.1983291147361332	0.0	1
140	1238.4806373119354	0.1983291147361332	0.0	2
141	1249.197847366333	0.1983291147361332	0.0	3
142	1259.946291923523	0.198777875086539	0.0004487603504057802	0
143	1270.5870878696442	0.199340124144892	0.0005622490583530038	0
144	1281.243756532669	0.199340124144892	0.0	1
145	1291.9040172100067	0.2010391881314776	0.0016990639865855917	0
146	1302.6254172325134	0.2010391881314776	0.0	1
147	1313.4120461940765	0.2020066067377029	0.0009674186062253176	0
148	1324.1166534423828	0.2020066067377029	0.0	1
149	1334.7058866024017	0.2020066067377029	0.0	2
150	1345.4584262371063	0.2020511480767781	4.454133907519364e-05	0
151	1356.1312308311462	0.2020511480767781	0.0	1
152	1366.8681390285492	0.20207867347297243	2.752539619432781e-05	0
153	1377.60866689682	0.20207867347297243	0.0	1
154	1388.195109128952	0.20253340479940093	0.0004547313264285091	0
155	1398.8956787586212	0.20275275114728422	0.00021934634788328689	0
156	1409.5882873535156	0.20275275114728422	0.0	1
157	1420.3183698654175	0.2037760372040538	0.0010232860567695734	0
158	1430.998304605484	0.2037760372040538	0.0	1
159	1441.6288504600525	0.2039425819164359	0.0001665447123821162	0
160	1452.3327796459198	0.20395484517660808	1.226326017217394e-05	0
161	1462.991627216339	0.20395484517660808	0.0	1
162	1473.7186291217804	0.2046140489622176	0.000659203785609519	0
163	1484.2865393161774	0.2046140489622176	0.0	1
164	1494.9796578884125	0.2046140489622176	0.0	2
165	1505.721637248993	0.2046140489622176	0.0	3
166	1516.4127259254456	0.205413209212718	0.0007991602505003914	0
167	1527.020958662033	0.2057603424801903	0.0003471332674722938	0
168	1537.7828063964844	0.2057603424801903	0.0	1
169	1548.3592503070831	0.2057603424801903	0.0	2
170	1558.9283423423767	0.2074339427977284	0.0016736003175381042	0
171	1569.6263535022736	0.2074339427977284	0.0	1
172	1580.2835552692413	0.2074339427977284	0.0	2
173	1590.986653327942	0.2090275775552136	0.0015936347574851961	0
174	1601.7819650173187	0.2090275775552136	0.0	1
175	1612.4637613296509	0.2090275775552136	0.0	2
176	1623.1976528167725	0.2090275775552136	0.0	3
177	1633.9911124706268	0.20981709856191053	0.000789521006696936	0
178	1644.768411397934	0.20981709856191053	0.0	1
179	1655.4215228557587	0.20981709856191053	0.0	2
180	1666.2151184082031	0.20981709856191053	0.0	3
181	1676.9678254127502	0.20981709856191053	0.0	4
182	1687.7119872570038	0.2100171530343483	0.00020005447243776064	0
183	1698.4273126125336	0.2103457173696603	0.0003285643353120038	0
184	1709.2657997608185	0.2103457173696603	0.0	1
185	1720.1344938278198	0.2103457173696603	0.0	2
186	1730.9568138122559	0.21063779984474393	0.00029208247508363816	0
187	1741.8330488204956	0.2111740497205048	0.0005362498757608691	0
188	1752.6087095737457	0.21149693761224364	0.00032288789173884336	0
189	1763.3893072605133	0.21149693761224364	0.0	1
190	1774.11066031456	0.21149693761224364	0.0	2
191	1784.912311553955	0.21153752953892713	4.0591926683486435e-05	0
192	1795.7070100307465	0.21168541160427864	0.00014788206535151782	0
193	1806.3684647083282	0.2122288105858604	0.0005433989815817608	0
194	1817.0999593734741	0.2122288105858604	0.0	1
195	1827.941023349762	0.2125142928565064	0.0002854822706459814	0
196	1838.6248052120209	0.2125142928565064	0.0	1
197	1849.459013223648	0.21292891421844157	0.0004146213619351802	0
198	1860.3149061203003	0.2129431722665675	1.4258048125936895e-05	0
199	1871.057401418686	0.21376950982945822	0.0008263375628907166	0
200	1881.8686800003052	0.21376950982945822	0.0	1
201	1892.6152319908142	0.21376950982945822	0.0	2
202	1903.488766670227	0.21377712750963068	7.6176801724614496e-06	0
203	1914.3164329528809	0.21413499782367296	0.00035787031404227454	0
204	1925.1521034240723	0.21413499782367296	0.0	1
205	1935.9668741226196	0.21428209000654613	0.00014709218287317638	0
206	1946.7967412471771	0.21449225229713892	0.0002101622905927858	0
207	1957.6010823249817	0.21449225229713892	0.0	1
208	1968.3172121047974	0.21521490104994928	0.000722648752810362	0
209	1979.0944447517395	0.21521490104994928	0.0	1
210	1989.7726726531982	0.21521490104994928	0.0	2
211	2000.4061422348022	0.21521490104994928	0.0	3
212	2011.047322511673	0.215257019190235	4.211814028570737e-05	0
213	2021.674528837204	0.21565572241205583	0.0003987032218208397	0
214	2032.419898033142	0.2161829087210737	0.0005271863090178797	0
215	2043.1375498771667	0.2161829087210737	0.0	1
216	2053.8821597099304	0.2161829087210737	0.0	2
217	2064.5597319602966	0.2161829087210737	0.0	3
218	2075.2855141162872	0.21628458935536166	0.00010168063428794838	0
219	2085.991243839264	0.2167206848104368	0.0004360954550751417	0
220	2096.613253593445	0.2167549041259391	3.421931550229296e-05	0
221	2107.3689501285553	0.21727032252481357	0.0005154183988744787	0
222	2118.0993914604187	0.21777706560426494	0.0005067430794513661	0
223	2128.833831310272	0.21777706560426494	0.0	1
224	2139.552892923355	0.21777706560426494	0.0	2
225	2150.191914796829	0.21841768706987552	0.0006406214656105857	0
226	2160.971169233322	0.21845949728987307	4.181021999755119e-05	0
227	2171.7389879226685	0.21873268952466962	0.00027319223479654875	0
228	2182.4668366909027	0.21873268952466962	0.0	1
229	2193.158493757248	0.21873268952466962	0.0	2
230	2203.8353593349457	0.21929860685080338	0.000565917326133758	0
231	2214.5491032600403	0.21929860685080338	0.0	1
232	2225.26012635231	0.21929860685080338	0.0	2
233	2236.0623083114624	0.21929860685080338	0.0	3
234	2246.8564524650574	0.21929860685080338	0.0	4
235	2257.7025587558746	0.21961007491620285	0.0003114680653994728	0
236	2268.4194004535675	0.21961007491620285	0.0	1
237	2279.2618250846863	0.21961007491620285	0.0	2
238	2290.1327204704285	0.21961007491620285	0.0	3
239	2301.010345697403	0.2197146205479546	0.0001045456317517457	0
240	2311.8761644363403	0.2197146205479546	0.0	1
241	2322.6607739925385	0.22043192755315724	0.0007173070052026442	0
242	2333.3936066627502	0.22087181176656065	0.00043988421340340755	0
243	2344.2184262275696	0.22087181176656065	0.0	1
244	2355.072429895401	0.22087181176656065	0.0	2
245	2365.881438732147	0.22087181176656065	0.0	3
246	2376.752461910248	0.22087181176656065	0.0	4
247	2387.6021857261658	0.22087181176656065	0.0	5
248	2398.570790529251	0.22087181176656065	0.0	6
249	2409.3890795707703	0.22116267594833025	0.00029086418176960116	0
250	2420.2728457450867	0.22116267594833025	0.0	1
251	2431.158011198044	0.22136777763592622	0.00020510168759596548	0
252	2442.090828895569	0.22138202229621354	1.4244660287321409e-05	0
253	2452.991225719452	0.22138202229621354	0.0	1
254	2463.8750360012054	0.22157715004404066	0.00019512774782712294	0
255	2474.8522295951843	0.22157715004404066	0.0	1
256	2485.7867391109467	0.22159302802063913	1.5877976598466237e-05	0
257	2496.7332751750946	0.22179183742408562	0.00019880940344649267	0
258	2507.727290868759	0.22179183742408562	0.0	1
259	2518.7844018936157	0.22179183742408562	0.0	2
260	2529.733071565628	0.2219162506083434	0.00012441318425779335	0
261	2540.684641599655	0.2219162506083434	0.0	1
262	2551.7454793453217	0.22206481545346432	0.00014856484512090762	0
263	2562.725040912628	0.2222770930225584	0.00021227756909408813	0
264	2573.719024181366	0.2223228258792704	4.573285671199967e-05	0
265	2584.753310918808	0.2223228258792704	0.0	1
266	2595.742316007614	0.22235831703944123	3.549116017081966e-05	0
267	2606.7782669067383	0.22277244305134764	0.0004141260119064072	0
268	2617.724199295044	0.22299612705894248	0.0002236840075948432	0
269	2628.717550754547	0.22304973196476066	5.360490581818311e-05	0
270	2639.6018953323364	0.22341005225326965	0.0003603202885089918	0
271	2650.514875650406	0.22341005225326965	0.0	1
272	2661.518819332123	0.22374319522938832	0.0003331429761186666	0
273	2672.5287120342255	0.22374319522938832	0.0	1
274	2683.543442249298	0.22374319522938832	0.0	2
275	2694.541821241379	0.22374319522938832	0.0	3
276	2705.5860526561737	0.2241962530759898	0.00045305784660149007	0
277	2716.6588802337646	0.2241962530759898	0.0	1
278	2727.62819981575	0.2241962530759898	0.0	2
279	2738.6208126544952	0.22423166390912894	3.541083313912674e-05	0
280	2749.612374305725	0.22423166390912894	0.0	1
281	2760.696448802948	0.22423166390912894	0.0	2
282	2771.7563853263855	0.22423166390912894	0.0	3
283	2782.8212468624115	0.22453254219418323	0.00030087828505429015	0
284	2793.73237657547	0.22464680739677015	0.00011426520258692174	0
285	2804.8099553585052	0.22464680739677015	0.0	1
286	2815.8143920898438	0.22464680739677015	0.0	2
287	2826.81027674675	0.22508550009253675	0.0004386926957666015	0
288	2837.8537063598633	0.22508550009253675	0.0	1
289	2849.0982813835144	0.2251996180288989	0.0001141179363621514	0
290	2860.235750436783	0.2251996180288989	0.0	1
291	2871.3216400146484	0.2251996180288989	0.0	2
292	2882.433939933777	0.2251996180288989	0.0	3
293	2893.4936447143555	0.22520703489149213	7.4168625932291565e-06	0
294	2904.52246260643	0.22556376723925203	0.0003567323477599027	0
295	2915.598993062973	0.22556376723925203	0.0	1
296	2926.7860264778137	0.2256097946284136	4.602738916156812e-05	0
297	2937.9925310611725	0.2256097946284136	0.0	1
298	2949.1934030056	0.225778106535493	0.00016831190707938815	0
299	2960.2782912254333	0.22621985165846403	0.0004417451229710434	0
300	2971.423630475998	0.22621985165846403	0.0	1
301	2982.635755300522	0.22621985165846403	0.0	2
302	2993.8806920051575	0.22621985165846403	0.0	3
303	3005.046445608139	0.22621985165846403	0.0	4
304	3016.1834728717804	0.22621985165846403	0.0	5
305	3027.481109857559	0.2264298265193162	0.000209974860852169	0
306	3038.7213428020477	0.22653655436876236	0.00010672784944615321	0
307	3049.925956249237	0.22653655436876236	0.0	1
308	3061.155151605606	0.22653655436876236	0.0	2
309	3072.321214199066	0.22676371921439736	0.00022716484563500838	0
310	3083.6310801506042	0.22676371921439736	0.0	1
311	3094.7979388237	0.22676371921439736	0.0	2
312	3105.833152294159	0.22676371921439736	0.0	3
313	3117.0300805568695	0.2272529643887777	0.0004892451743803428	0
314	3128.2013716697693	0.2272529643887777	0.0	1
315	3139.510837316513	0.2272529643887777	0.0	2
316	3150.8522760868073	0.2272529643887777	0.0	3
317	3161.971828699112	0.2276140343962492	0.00036107000747148676	0
318	3173.2291655540466	0.2276140343962492	0.0	1
319	3184.501741886139	0.2276140343962492	0.0	2
320	3195.9300770759583	0.2276140343962492	0.0	3
321	3207.2060239315033	0.2277598279587766	0.0001457935625274187	0
322	3218.5633840560913	0.2277598279587766	0.0	1
323	3229.8587951660156	0.2277598279587766	0.0	2
324	3241.1377255916595	0.22849168754455473	0.0007318595857781218	0
325	3252.546441078186	0.22849168754455473	0.0	1
326	3263.9254252910614	0.22849168754455473	0.0	2
327	3275.289684534073	0.22849168754455473	0.0	3
328	3286.386416912079	0.22849168754455473	0.0	4
329	3297.664889574051	0.22863343797982014	0.0001417504352654031	0
330	3308.9441635608673	0.22885278432770345	0.00021934634788331464	0
331	3320.2289566993713	0.22885278432770345	0.0	1
332	3331.4019496440887	0.22907213067558677	0.00021934634788331464	0
333	3342.621527671814	0.22907213067558677	0.0	1
334	3353.917791366577	0.22907213067558677	0.0	2
335	3365.2295730113983	0.22907213067558677	0.0	3
336	3376.4340143203735	0.22907213067558677	0.0	4
337	3387.78480386734	0.22907213067558677	0.0	5
338	3399.0986936092377	0.22924630645597993	0.0001741757803931654	0
339	3410.373260498047	0.22939783001343497	0.0001515235574550411	0
340	3421.6634476184845	0.22939783001343497	0.0	1
341	3433.0071737766266	0.22968499915174656	0.0002871691383115882	0
342	3444.252121925354	0.22968499915174656	0.0	1
343	3455.5241770744324	0.22968499915174656	0.0	2
344	3466.7465007305145	0.22968499915174656	0.0	3
345	3478.106470823288	0.22974117452257897	5.6175370832411975e-05	0
346	3489.43194937706	0.22976007815070468	1.8903628125704897e-05	0
347	3500.7783913612366	0.22982597309237224	6.589494166756027e-05	0
348	3512.118696451187	0.22982597309237224	0.0	1
349	3523.3528048992157	0.22982597309237224	0.0	2
350	3534.7134170532227	0.22989459915311747	6.862606074523048e-05	0
351	3546.037543773651	0.22995388050250878	5.9281349391315796e-05	0
352	3557.389489889145	0.22997851412556208	2.4633623053299525e-05	0
353	3568.7969908714294	0.23012369184751316	0.0001451777219510786	0
354	3580.132126569748	0.2301718880665305	4.81962190173324e-05	0
355	3591.5128333568573	0.23043407549798478	0.000262187431454286	0
356	3602.9599173069	0.23043407549798478	0.0	1
