1	18.081949472427368	0.06857275037186061	10000000000.068573	0
2	29.88682246208191	0.07496478061295309	0.006392030241092472	0
3	41.94033122062683	0.07496478061295309	0.0	1
4	54.75132751464844	0.07496478061295309	0.0	2
5	67.65736699104309	0.09315872610752769	0.018193945494574607	0
6	80.57502007484436	0.09927002676068286	0.006111300653155169	0
7	94.06630063056946	0.09927002676068286	0.0	1
8	107.73424172401428	0.10107958057936568	0.0018095538186828214	0
9	121.30769085884094	0.10107958057936568	0.0	1
10	134.95895743370056	0.10107958057936568	0.0	2
11	149.0098078250885	0.10513515183736839	0.00405557125800271	0
12	163.10876727104187	0.10840143637584998	0.003266284538481587	0
13	176.9863042831421	0.11240655556402858	0.004005119188178599	0
14	190.93456721305847	0.11240655556402858	0.0	1
15	205.03779578208923	0.11976947855546721	0.0073629229914386335	0
16	219.0005476474762	0.11976947855546721	0.0	1
17	233.19230270385742	0.11976947855546721	0.0	2
18	247.52928566932678	0.12019972352506718	0.00043024496959996605	0
19	261.8625030517578	0.12019972352506718	0.0	1
20	275.9806282520294	0.12249893754112745	0.002299214016060272	0
21	290.00172567367554	0.12249893754112745	0.0	1
22	303.9020621776581	0.12249893754112745	0.0	2
23	317.71087527275085	0.12773979439707173	0.005240856855944276	0
24	331.623064994812	0.12773979439707173	0.0	1
25	345.49856662750244	0.12773979439707173	0.0	2
26	359.41047382354736	0.12773979439707173	0.0	3
27	373.1201469898224	0.12773979439707173	0.0	4
28	386.9704897403717	0.1316967976932647	0.0039570032961929735	0
29	400.97023820877075	0.13213549038903133	0.0004386926957666293	0
30	414.94954013824463	0.13357230000496959	0.001436809615938256	0
31	428.9674062728882	0.13357230000496959	0.0	1
32	443.0937147140503	0.13357230000496959	0.0	2
33	456.9897964000702	0.13581584738806482	0.0022435473830952346	0
34	471.0729420185089	0.13581584738806482	0.0	1
35	485.1373014450073	0.13581584738806482	0.0	2
36	499.215966463089	0.13581584738806482	0.0	3
37	513.3792099952698	0.13844248777315477	0.0026266403850899456	0
38	527.454464673996	0.13844248777315477	0.0	1
39	541.5296385288239	0.14021155676786304	0.0017690689947082727	0
40	555.6990983486176	0.14021155676786304	0.0	1
41	569.6791644096375	0.14081378191232316	0.0006022251444601223	0
42	583.7991752624512	0.14121232448008061	0.0003985425677574539	0
43	597.9668483734131	0.14166791262818054	0.000455588148099928	0
44	612.028703212738	0.14503341443864473	0.0033655018104641887	0
45	626.1739778518677	0.14503341443864473	0.0	1
46	640.3657264709473	0.14503341443864473	0.0	2
47	654.5116906166077	0.14503341443864473	0.0	3
48	668.5988206863403	0.14721405236808374	0.002180637929439011	0
49	682.6376852989197	0.14826697909954897	0.0010529267314652313	0
50	696.7181899547577	0.14826697909954897	0.0	1
51	710.7875714302063	0.14826697909954897	0.0	2
52	724.9573709964752	0.1496748442083996	0.001407865108850631	0
53	739.1428015232086	0.1496748442083996	0.0	1
54	753.2066411972046	0.15066707047958022	0.0009922262711806185	0
55	767.2322926521301	0.1524236753965371	0.0017566049169568665	0
56	781.1675479412079	0.15326172731821672	0.0008380519216796278	0
57	795.2356379032135	0.15326172731821672	0.0	1
58	809.3627727031708	0.15326172731821672	0.0	2
59	823.3788216114044	0.15326172731821672	0.0	3
60	837.4820327758789	0.1537750438264285	0.0005133165082117919	0
61	851.5350205898285	0.15393281950451718	0.00015777567808866744	0
62	865.6203989982605	0.15393281950451718	0.0	1
63	879.7565424442291	0.15508312937407465	0.0011503098695574698	0
64	893.8239154815674	0.15508312937407465	0.0	1
65	907.9060020446777	0.15740550435094045	0.0023223749768657986	0
66	921.9287660121918	0.15740550435094045	0.0	1
67	936.0619027614594	0.15782426255500795	0.0004187582040675042	0
68	950.115320444107	0.16020807432328224	0.002383811768274291	0
69	964.2782599925995	0.1605176547034369	0.0003095803801546615	0
70	978.4181668758392	0.1606006191393398	8.296443590288805e-05	0
71	992.4906485080719	0.1606006191393398	0.0	1
72	1006.4969818592072	0.1608839593558072	0.00028334021646742036	0
73	1020.7376048564911	0.16094631990808017	6.236055227296089e-05	0
74	1034.7637104988098	0.16107976988340372	0.00013344997532355185	0
75	1048.8892245292664	0.16107976988340372	0.0	1
76	1063.0679323673248	0.16243939860972118	0.0013596287263174522	0
77	1077.1729681491852	0.16243939860972118	0.0	1
78	1091.3400249481201	0.16243939860972118	0.0	2
79	1105.6073548793793	0.16403245769014588	0.0015930590804247025	0
80	1119.8509776592255	0.16403245769014588	0.0	1
81	1134.032695055008	0.16403245769014588	0.0	2
82	1148.228637456894	0.16403245769014588	0.0	3
83	1162.2667281627655	0.16434744675710133	0.0003149890669554567	0
84	1176.4070403575897	0.16434744675710133	0.0	1
85	1190.605679512024	0.164649288966536	0.00030184220943466067	0
86	1204.8488266468048	0.1648140798720594	0.00016479090552340425	0
87	1219.043515920639	0.16571967343955638	0.0009055935674969762	0
88	1233.2072031497955	0.16574975591292637	3.00824733699967e-05	0
89	1247.4467318058014	0.16603586741198728	0.00028611149906090927	0
90	1261.797235250473	0.16603586741198728	0.0	1
91	1275.987307548523	0.16603586741198728	0.0	2
92	1290.190919160843	0.16603586741198728	0.0	3
93	1304.3346483707428	0.1662956450324907	0.00025977762050341524	0
94	1318.6794691085815	0.16769057748923832	0.0013949324567476273	0
95	1332.983601808548	0.16769057748923832	0.0	1
96	1347.3308010101318	0.16769057748923832	0.0	2
97	1361.3477289676666	0.16769057748923832	0.0	3
98	1375.4231481552124	0.16769057748923832	0.0	4
99	1389.635885477066	0.16769057748923832	0.0	5
100	1403.8685731887817	0.16769057748923832	0.0	6
101	1418.1708574295044	0.16876712036802205	0.0010765428787837261	0
102	1432.3130786418915	0.16876712036802205	0.0	1
103	1446.600243806839	0.16876712036802205	0.0	2
104	1460.9763095378876	0.16893946201452484	0.00017234164650278827	0
105	1475.2572815418243	0.1690716803086957	0.0001322182941708716	0
106	1489.5724303722382	0.1691948082604464	0.00012312795175067892	0
107	1503.8242745399475	0.1691948082604464	0.0	1
108	1518.1903564929962	0.16929635501634815	0.00010154675590176576	0
109	1532.4752261638641	0.1707415721949372	0.0014452171785890588	0
110	1546.8232440948486	0.1707415721949372	0.0	1
111	1561.206393957138	0.17096091854282053	0.00021934634788331464	0
112	1575.636391878128	0.17096091854282053	0.0	1
113	1590.019021987915	0.17096091854282053	0.0	2
114	1604.5148701667786	0.17096091854282053	0.0	3
115	1618.8623604774475	0.17156054644658916	0.0005996279037686347	0
116	1633.1674709320068	0.17156054644658916	0.0	1
117	1647.5181822776794	0.17236668176100844	0.0008061353144192818	0
118	1661.5893669128418	0.17278744814086835	0.0004207663798599104	0
119	1676.02192902565	0.17278744814086835	0.0	1
120	1690.193773508072	0.17278744814086835	0.0	2
121	1704.4955048561096	0.17278744814086835	0.0	3
122	1718.7461893558502	0.1731075513621751	0.00032010322130673896	0
123	1733.2095012664795	0.1731075513621751	0.0	1
124	1747.5512781143188	0.1731075513621751	0.0	2
125	1762.0205783843994	0.17365496669534164	0.0005474153331665454	0
126	1776.415693283081	0.17365496669534164	0.0	1
127	1790.834225654602	0.17403262423485827	0.0003776575395166293	0
128	1805.2607753276825	0.17403262423485827	0.0	1
129	1819.6415264606476	0.17421674717934307	0.0001841229444848047	0
130	1833.9720356464386	0.17429734196781094	8.059478846786372e-05	0
131	1848.2826161384583	0.17429734196781094	0.0	1
132	1862.6037471294403	0.17461957385545762	0.00032223188764668453	0
133	1876.9436016082764	0.17461957385545762	0.0	1
134	1891.2175061702728	0.17520568004222417	0.0005861061867665496	0
135	1905.5454626083374	0.17520568004222417	0.0	1
136	1919.9727895259857	0.17520568004222417	0.0	2
137	1934.210149526596	0.17538553226619052	0.00017985222396635359	0
138	1948.5759932994843	0.17604386584228998	0.0006583335760994569	0
139	1962.9351544380188	0.17643338500682032	0.00038951916453033864	0
140	1977.3326592445374	0.1766944880233467	0.00026110301652637613	0
141	1991.7401707172394	0.1766944880233467	0.0	1
142	2006.0603392124176	0.1768945826593003	0.0002000946359536071	0
143	2020.4338319301605	0.17700613013064817	0.00011154747134786702	0
144	2034.8990724086761	0.17722547647853149	0.00021934634788331464	0
145	2049.3686599731445	0.17777283826034357	0.0005473617818120835	0
146	2063.6845054626465	0.17777283826034357	0.0	1
147	2078.118923664093	0.17777283826034357	0.0	2
148	2092.5611577033997	0.17777283826034357	0.0	3
149	2106.966706752777	0.17807996866603149	0.0003071304056879165	0
150	2121.4031126499176	0.17834265144751454	0.000262682781483059	0
151	2135.745394229889	0.17834265144751454	0.0	1
152	2150.2363216876984	0.17882101230910014	0.00047836086158559166	0
153	2164.583080768585	0.17882101230910014	0.0	1
154	2178.9232211112976	0.17908240985807608	0.0002613975489759446	0
155	2193.3155505657196	0.17908240985807608	0.0	1
156	2207.5511145591736	0.17933975089195137	0.00025734103387528573	0
157	2222.02996969223	0.17946976019275063	0.00013000930079926087	0
158	2236.345157623291	0.17946976019275063	0.0	1
159	2250.7893521785736	0.17969027128259352	0.0002205110898428897	0
160	2265.1681232452393	0.17969027128259352	0.0	1
161	2279.5086579322815	0.18029585677454624	0.0006055854919527204	0
162	2293.8610801696777	0.18064523919890602	0.00034938242435977873	0
163	2308.1773381233215	0.18064523919890602	0.0	1
164	2322.5306601524353	0.18064523919890602	0.0	2
165	2337.0154752731323	0.18098329551179673	0.0003380563128907166	0
166	2351.4527003765106	0.18098329551179673	0.0	1
167	2365.888013601303	0.18101838503680906	3.5089525012327316e-05	0
168	2380.4336681365967	0.18159904237325894	0.0005806573364498802	0
169	2394.865458011627	0.18159904237325894	0.0	1
170	2409.3774433135986	0.18159904237325894	0.0	2
171	2424.0363142490387	0.18159904237325894	0.0	3
172	2438.3338141441345	0.18184108110759625	0.00024203873433731316	0
173	2452.8728008270264	0.18241939557228834	0.0005783144646920868	0
174	2467.451719760895	0.18241939557228834	0.0	1
175	2482.017610311508	0.18241939557228834	0.0	2
176	2496.588441133499	0.18289333844713068	0.00047394287484234243	0
177	2511.0938148498535	0.18314745301189955	0.0002541145647688703	0
178	2525.6011757850647	0.18324961560837766	0.00010216259647810588	0
179	2540.104325056076	0.18347842715816243	0.0002288115497847687	0
180	2554.641039609909	0.18356705464979986	8.8627491637433e-05	0
181	2569.213770866394	0.1841386082559909	0.0005715536061910442	0
182	2583.7806746959686	0.1841386082559909	0.0	1
183	2598.371835708618	0.1841386082559909	0.0	2
184	2612.97092461586	0.18422509369344978	8.648543745887194e-05	0
185	2627.3251292705536	0.18460564300610743	0.00038054931265765757	0
186	2641.8558280467987	0.18460564300610743	0.0	1
187	2656.370524406433	0.18479656697260913	0.00019092396650169374	0
188	2670.8086235523224	0.18479656697260913	0.0	1
189	2685.275743484497	0.18516775818607425	0.0003711912134651274	0
190	2699.687005996704	0.18576051812863292	0.0005927599425586683	0
191	2714.1961925029755	0.18592355522729767	0.0001630370986647478	0
192	2728.871670484543	0.18601143299997258	8.787777267491026e-05	0
193	2743.363747358322	0.18601143299997258	0.0	1
194	2757.944812297821	0.18636224792306427	0.00035081492309169127	0
195	2772.461951494217	0.18679503658200128	0.0004327886589370056	0
196	2787.0921375751495	0.18679503658200128	0.0	1
197	2801.663499355316	0.18679503658200128	0.0	2
198	2816.25625371933	0.18687717097190998	8.213438990870014e-05	0
199	2830.837365627289	0.18687717097190998	0.0	1
200	2845.4428794384003	0.18687717097190998	0.0	2
201	2860.079644680023	0.18737031200732754	0.0004931410354175603	0
202	2874.650677919388	0.18737031200732754	0.0	1
203	2889.3073341846466	0.1873936336221965	2.332161486895412e-05	0
204	2903.8940846920013	0.1873936336221965	0.0	1
205	2918.4500806331635	0.1873936336221965	0.0	2
206	2933.055812358856	0.18796781124475626	0.0005741776225597628	0
207	2947.6928634643555	0.18802446857777885	5.6657333022597234e-05	0
208	2962.2087655067444	0.18803679877714413	1.2330199365279126e-05	0
209	2976.815374135971	0.18819654246750933	0.00015974369036519942	0
210	2991.344619512558	0.18819654246750933	0.0	1
211	3005.903612136841	0.1888724542757115	0.0006759118082021731	0
212	3020.4357583522797	0.1888724542757115	0.0	1
213	3035.033800840378	0.1888724542757115	0.0	2
214	3049.5946214199066	0.1888724542757115	0.0	3
215	3064.122737646103	0.18935064109539512	0.0004781868196836181	0
216	3078.6841101646423	0.18935064109539512	0.0	1
217	3093.263056755066	0.18935064109539512	0.0	2
218	3107.9321568012238	0.1895699874432784	0.00021934634788328689	0
219	3122.495336532593	0.18992554166124015	0.0003555542179617399	0
220	3136.9782762527466	0.1902491926597801	0.0003236509985399538	0
221	3151.537781238556	0.1902491926597801	0.0	1
222	3166.15594625473	0.1902491926597801	0.0	2
223	3180.7157270908356	0.1902617906159177	1.259795613758885e-05	0
224	3195.117415904999	0.1902617906159177	0.0	1
225	3209.6326835155487	0.19046027871123739	0.00019848809531969325	0
226	3224.195111513138	0.19074596179946263	0.00028568308822524147	0
227	3238.7187101840973	0.1909594041105163	0.00021344231105366318	0
228	3253.2475168704987	0.1915572246560718	0.0005978205455555163	0
229	3267.796769142151	0.19161744315416623	6.0218498094427586e-05	0
230	3282.2728917598724	0.1920265219509144	0.0004090787967481746	0
231	3296.909047603607	0.1920265219509144	0.0	1
232	3311.4066545963287	0.1920265219509144	0.0	2
233	3325.9330790042877	0.1920265219509144	0.0	3
234	3340.503847837448	0.19221526369972172	0.00018874174880731398	0
235	3355.008289575577	0.19221526369972172	0.0	1
236	3369.49743103981	0.19221526369972172	0.0	2
237	3384.0485610961914	0.19221526369972172	0.0	3
238	3398.635860681534	0.19224586829879772	3.060459907600066e-05	0
239	3413.1888399124146	0.19224586829879772	0.0	1
240	3427.6657330989838	0.19338471817849995	0.001138849879702225	0
241	3442.2331647872925	0.19338471817849995	0.0	1
242	3456.6255967617035	0.19338471817849995	0.0	2
243	3471.1330676078796	0.19338471817849995	0.0	3
244	3485.6378054618835	0.19338471817849995	0.0	4
245	3500.0215311050415	0.19369863621836617	0.0003139180398662178	0
246	3514.5456302165985	0.19369863621836617	0.0	1
247	3528.9062020778656	0.19369863621836617	0.0	2
248	3543.291530609131	0.19369863621836617	0.0	3
249	3557.678764820099	0.19382341087426658	0.00012477465590041148	0
250	3572.007311820984	0.19411798348733275	0.0002945726130661741	0
251	3586.4536101818085	0.19411798348733275	0.0	1
252	3600.8648941516876	0.19427956131158836	0.0001615778242556043	0
