1	2.9364047050476074	0.07475119103567464	10000000000.07475	0
2	5.191056966781616	0.10938645329593592	0.034635262260261285	0
3	7.601755857467651	0.11340895659255731	0.004022503296621391	0
4	10.01057243347168	0.11513096733453061	0.0017220107419732983	0
5	12.452967643737793	0.11779615130699578	0.0026651839724651655	0
6	14.87661600112915	0.1238966546683072	0.0061005033613114185	0
7	17.285717010498047	0.12990545133509954	0.00600879666679234	0
8	19.686679124832153	0.1351499898466632	0.005244538511563673	0
9	22.06165909767151	0.1351499898466632	0.0	1
10	24.370216131210327	0.13589705801710902	0.0007470681704458138	0
11	26.69875431060791	0.14232921830445275	0.0064321602873437245	0
12	29.020062923431396	0.14367047891618914	0.0013412606117363945	0
13	31.347463130950928	0.144468541363923	0.000798062447733866	0
14	33.67333269119263	0.14535718592773225	0.0008886445638092433	0
15	36.00923538208008	0.14617265256566683	0.000815466637934581	0
16	38.32528495788574	0.15084674866164455	0.0046740960959777145	0
17	40.66114926338196	0.15172077370568518	0.0008740250440406327	0
18	42.98453140258789	0.15697683914629718	0.0052560654406119955	0
19	45.33443307876587	0.15697683914629718	0.0	1
20	48.41862154006958	0.15697683914629718	0.0	2
21	51.72187829017639	0.15697683914629718	0.0	3
22	54.99345564842224	0.15697683914629718	0.0	4
23	57.29368543624878	0.15697683914629718	0.0	5
24	59.59578847885132	0.1590011874477339	0.002024348301436718	0
25	61.89693331718445	0.1590011874477339	0.0	1
26	64.20042109489441	0.1616937227744914	0.002692535326757506	0
27	66.50916600227356	0.1616937227744914	0.0	1
28	68.82477807998657	0.16212167842368805	0.0004279556491966485	0
29	71.13232040405273	0.16212167842368805	0.0	1
30	73.45318460464478	0.16306716775026048	0.0009454893265724296	0
31	75.76623725891113	0.16306716775026048	0.0	1
32	78.06461429595947	0.16480942090422104	0.0017422531539605657	0
33	80.3851101398468	0.16481128181378868	1.860909567635849e-06	0
34	82.70340728759766	0.16591377032381005	0.001102488510021371	0
35	84.99875044822693	0.16671674610831597	0.000802975784505916	0
36	87.32154250144958	0.16705983624852627	0.00034309014021030593	0
37	89.63351130485535	0.1671634313437363	0.00010359509521001842	0
38	91.93555521965027	0.16769654846526102	0.0005331171215247343	0
39	94.23626804351807	0.16769654846526102	0.0	1
40	96.57586121559143	0.16769654846526102	0.0	2
41	98.87478733062744	0.16769654846526102	0.0	3
42	101.16687250137329	0.1692209547092633	0.0015244062440022688	0
43	103.4381492137909	0.1692209547092633	0.0	1
44	105.74520230293274	0.16979103565320658	0.0005700809439432852	0
45	108.08242964744568	0.17004887203711067	0.0002578363839040865	0
46	110.43392562866211	0.17067158057465318	0.0006227085375425101	0
47	112.75034737586975	0.17306134993111155	0.0023897693564583766	0
48	115.06419682502747	0.17306134993111155	0.0	1
49	117.40634441375732	0.17306134993111155	0.0	2
50	119.71177577972412	0.17311192918540252	5.057925429097221e-05	0
51	122.07605528831482	0.173635781922605	0.0005238527372024848	0
52	124.364501953125	0.173635781922605	0.0	1
53	126.65868306159973	0.173635781922605	0.0	2
54	128.94959616661072	0.173635781922605	0.0	3
55	131.28902459144592	0.17416777446568601	0.0005319925430810057	0
56	133.58947157859802	0.17416777446568601	0.0	1
57	135.89992666244507	0.17416777446568601	0.0	2
58	138.23724818229675	0.17416777446568601	0.0	3
59	140.57324290275574	0.1741880168776733	2.0242411987281272e-05	0
60	142.8968472480774	0.17538924069748713	0.0012012238198138292	0
61	145.21350049972534	0.17538924069748713	0.0	1
62	148.50490713119507	0.17538924069748713	0.0	2
63	151.7869484424591	0.17538924069748713	0.0	3
64	155.10993242263794	0.17538924069748713	0.0	4
65	157.40143251419067	0.17641984990197962	0.0010306092044924942	0
66	159.72051239013672	0.17650049824180195	8.064833982232567e-05	0
67	162.05166053771973	0.17650049824180195	0.0	1
68	164.38245224952698	0.1766532133168938	0.00015271507509184712	0
69	166.69782328605652	0.1766532133168938	0.0	1
70	169.03046202659607	0.17684029497371273	0.00018708165681893818	0
71	171.3466362953186	0.17747394137540443	0.0006336464016916954	0
72	173.6935567855835	0.17747394137540443	0.0	1
73	176.02696704864502	0.17786277776016535	0.0003888363847609211	0
74	178.36451697349548	0.17786277776016535	0.0	1
75	180.76712203025818	0.17786277776016535	0.0	2
76	183.12897276878357	0.1786966259005196	0.0008338481403542541	0
77	185.4390652179718	0.17884564593215344	0.00014902003163383415	0
78	187.7822790145874	0.17884564593215344	0.0	1
79	190.13936138153076	0.17931804920555497	0.00047240327340153376	0
80	192.45235967636108	0.17978456182996547	0.0004665126244104978	0
81	194.807626247406	0.17978456182996547	0.0	1
82	197.12620568275452	0.1799650834458626	0.0001805216158971279	0
83	199.47149562835693	0.17998596847410342	2.088502824082461e-05	0
84	201.882093667984	0.18026586801604658	0.00027989954194315714	0
85	204.21509313583374	0.18026625626336643	3.882473198490999e-07	1
86	206.54892373085022	0.18069529632749096	0.00042904006412453066	0
87	208.88157725334167	0.1811296379757074	0.0004343416482164575	0
88	211.204687833786	0.18128263419541019	0.00015299621970277233	0
89	213.54002690315247	0.18128263419541019	0.0	1
90	215.8926019668579	0.18128263419541019	0.0	2
91	218.23551559448242	0.18128263419541019	0.0	3
92	220.5707883834839	0.18245826046779037	0.001175626272380187	0
93	222.90911841392517	0.18247803430542608	1.97738376357115e-05	0
94	225.26358819007874	0.18247803430542608	0.0	1
95	227.62322068214417	0.18247803430542608	0.0	2
96	229.97597670555115	0.18291180027658205	0.0004337659711559638	0
97	232.3647780418396	0.18321072393719842	0.00029892366061637365	0
98	234.69708466529846	0.1832915998702772	8.087593307878893e-05	0
99	237.0596890449524	0.1832915998702772	0.0	1
100	239.389475107193	0.18449508623481714	0.0012034863645399296	0
101	241.7458918094635	0.18449508623481714	0.0	1
102	244.0951805114746	0.18449508623481714	0.0	2
103	246.44663548469543	0.18449508623481714	0.0	3
104	249.70332670211792	0.18449508623481714	0.0	4
105	253.0016167163849	0.184838993033183	0.0003439067983658506	0
106	256.32611560821533	0.185544505352565	0.0007055123193820123	0
107	258.7043881416321	0.185544505352565	0.0	1
108	261.06429052352905	0.18573583095422516	0.00019132560166015833	0
109	263.4104354381561	0.18588234746003784	0.00014651650581268272	0
110	265.7618200778961	0.18588234746003784	0.0	1
111	268.14628171920776	0.18610218915794993	0.00021984169791208763	0
112	270.49598360061646	0.18621234429408176	0.0001101551361318287	0
113	272.8353533744812	0.18756288267797902	0.0013505383838972596	0
114	275.15925002098083	0.18756288267797902	0.0	1
115	277.5087299346924	0.18782489606753128	0.00026201338955225695	0
116	279.90542244911194	0.18812016484820548	0.00029526878067420714	0
117	282.25574016571045	0.18812016484820548	0.0	1
118	284.64000821113586	0.18888078151133061	0.0007606166631251299	0
119	286.9893572330475	0.18901656097057332	0.00013577945924270196	0
120	289.34517335891724	0.18901656097057332	0.0	1
121	291.7288451194763	0.1891506267864732	0.00013406581589989197	0
122	294.0802733898163	0.1894987775296803	0.0003481507432070985	0
123	296.4455420970917	0.18957234370287482	7.356617319451142e-05	0
124	298.8045234680176	0.18979169005075813	0.00021934634788331464	0
125	301.1739237308502	0.18988047819645895	8.878814570081883e-05	0
126	303.5042953491211	0.18991270272400748	3.222452754853e-05	0
127	305.8547873497009	0.19054980318806208	0.0006371004640546019	0
128	308.20358180999756	0.19087036159588178	0.00032055840781969325	0
129	310.55299735069275	0.19159264887704952	0.0007222872811677439	0
130	312.8826537132263	0.19159264887704952	0.0	1
131	315.2108430862427	0.192014405956967	0.0004217570799174841	0
132	317.54121494293213	0.192014405956967	0.0	1
133	319.90241599082947	0.192754217918883	0.0007398119619159982	0
134	322.23901295661926	0.192754217918883	0.0	1
135	324.5665936470032	0.192754217918883	0.0	2
136	326.9307379722595	0.192754217918883	0.0	3
137	329.2583649158478	0.192754217918883	0.0	4
138	331.6038041114807	0.19284396998896414	8.975207008113384e-05	0
139	333.9204378128052	0.19301371439477547	0.00016974440581132844	0
140	336.2426724433899	0.1931697764295213	0.0001560620347458297	0
141	338.5562438964844	0.19329199400824607	0.00012221757872477035	0
142	340.89798521995544	0.1935033076529598	0.00021131364471374536	0
143	343.2153902053833	0.19360196263572058	9.865498276076523e-05	0
144	345.5455090999603	0.19360196263572058	0.0	1
145	347.89554142951965	0.19370823529865377	0.00010627266293319892	0
146	351.1867723464966	0.1939275816465371	0.00021934634788331464	0
147	354.48819971084595	0.1939275816465371	0.0	1
148	357.80123114585876	0.19425004112744024	0.0003224594809031478	0
149	360.10781621932983	0.19425004112744024	0.0	1
150	362.4301953315735	0.1943662743423037	0.00011623321486345373	0
151	364.77873182296753	0.19438118839452184	1.491405221815123e-05	0
152	367.1407063007355	0.19448072697463123	9.953858010938732e-05	0
153	369.457955121994	0.19448072697463123	0.0	1
154	371.7939260005951	0.19487357971097694	0.0003928527363457057	0
155	374.11445713043213	0.1955364383765286	0.0006628586655516577	0
156	376.4494380950928	0.19698576562157272	0.0014493272450441241	0
157	378.75193905830383	0.19698576562157272	0.0	1
158	381.0866346359253	0.19727281426933677	0.0002870486477640488	0
159	383.4461977481842	0.1975011840204472	0.0002283697511104299	0
160	385.78481340408325	0.197682937317497	0.00018175329704980814	0
161	388.1515438556671	0.19834216787878373	0.0006592305612867222	0
162	390.4878282546997	0.19834216787878373	0.0	1
163	392.8201997280121	0.19834216787878373	0.0	2
164	395.15716338157654	0.19834216787878373	0.0	3
165	397.4945659637451	0.19868503042573757	0.00034286254695384266	0
166	399.8658471107483	0.19868503042573757	0.0	1
167	402.1964657306671	0.19868503042573757	0.0	2
168	404.5026943683624	0.198852016936794	0.00016698651105642726	0
169	406.830872297287	0.1989031450924682	5.112815567420714e-05	0
170	409.1521997451782	0.19910651974888272	0.00020337465641451224	0
171	411.4730920791626	0.19941517636817285	0.00030865661929013744	0
172	413.8109393119812	0.19941517636817285	0.0	1
173	416.1379461288452	0.19972134284948043	0.00030616648130757373	0
174	418.4742224216461	0.20008221203937268	0.00036086918989225447	0
175	420.8260188102722	0.20012092966864994	3.8717629277262855e-05	0
176	423.1628608703613	0.20033707632310405	0.00021614665445410242	0
177	425.49181842803955	0.20052498802591714	0.00018791170281309832	0
178	427.8189854621887	0.20082131444584203	0.00029632641992488606	0
179	430.1555366516113	0.20082131444584203	0.0	1
180	432.50431275367737	0.20111717229141535	0.0002958578455733163	0
181	434.8676517009735	0.20111717229141535	0.0	1
182	437.2250747680664	0.20111717229141535	0.0	2
183	439.56171464920044	0.20111717229141535	0.0	3
184	441.9030032157898	0.20128508256333627	0.00016791027192092356	0
185	444.2478108406067	0.20130524464829186	2.0162084955588355e-05	0
186	446.5884380340576	0.20130524464829186	0.0	1
187	448.9252407550812	0.20150105517588837	0.00019581052759651274	0
188	452.18678188323975	0.20150105517588837	0.0	1
189	455.45547890663147	0.2017097448042334	0.0002086896283450268	0
190	458.7756383419037	0.2017097448042334	0.0	1
191	461.10712718963623	0.20176814255627606	5.839775204266595e-05	0
192	463.4284737110138	0.2020493942699194	0.000281251713643349	0
193	465.73994612693787	0.20212187602818601	7.248175826660153e-05	0
194	468.11193108558655	0.20234755482373465	0.0002256787955486339	0
195	470.43343019485474	0.20236505272880567	1.7497905071023334e-05	0
196	472.7326898574829	0.20256548206072467	0.00020042933191899426	0
197	475.05358815193176	0.20278371721800287	0.00021823515727820153	0
198	477.37472558021545	0.20278371721800287	0.0	1
199	479.72733545303345	0.2031510527339466	0.0003673355159437286	0
200	482.0582866668701	0.2031510527339466	0.0	1
201	484.3833203315735	0.2031510527339466	0.0	2
202	486.68405866622925	0.20326612120685048	0.00011506847290387867	0
203	489.0366084575653	0.20326612120685048	0.0	1
204	491.42591881752014	0.20329613674102737	3.0015534176891512e-05	0
205	493.7473073005676	0.20373188411229848	0.0004357473712711113	0
206	496.07771611213684	0.20373188411229848	0.0	1
207	498.4251329898834	0.20380400439892246	7.21202866239834e-05	0
208	500.7408673763275	0.20424192060004936	0.0004379162011269033	0
209	503.06019854545593	0.20424192060004936	0.0	1
210	505.4037959575653	0.20424192060004936	0.0	2
211	507.73166012763977	0.2045821992941503	0.0003402786941009428	0
212	510.0646893978119	0.2045821992941503	0.0	1
213	512.4205870628357	0.204850960154365	0.00026876086021468404	0
214	514.8059346675873	0.20514489015117762	0.00029392999681263077	0
215	517.1299827098846	0.20514489015117762	0.0	1
216	519.4550666809082	0.2052739355275965	0.00012904537641889036	0
217	521.778698682785	0.20545958468568354	0.00018564915808702565	0
218	524.1099464893341	0.20545958468568354	0.0	1
219	526.4270396232605	0.20603220931896388	0.0005726246332803386	0
220	528.7555449008942	0.20603220931896388	0.0	1
221	531.0797936916351	0.2063880848450524	0.0003558755260885116	0
222	533.4443774223328	0.2071079087639148	0.0007198239188624111	0
223	535.7869486808777	0.2071079087639148	0.0	1
224	538.106541633606	0.2071079087639148	0.0	2
225	540.417729139328	0.2072942942531257	0.00018638548921090514	0
226	542.7522194385529	0.2072942942531257	0.0	1
227	545.0896239280701	0.2072942942531257	0.0	2
228	547.410900592804	0.2072942942531257	0.0	3
229	549.7844469547272	0.20731611643006964	2.18221769439364e-05	0
230	553.0675916671753	0.2077329869488923	0.0004168705188226651	0
231	556.306303024292	0.2077329869488923	0.0	1
232	559.6130523681641	0.20801269906109482	0.0002797121122025126	0
233	561.9026556015015	0.20803454801371601	2.1848952621195128e-05	0
234	564.2513937950134	0.20892787832104082	0.0008933303073248022	0
235	566.5629589557648	0.2093202089316805	0.000392330610639674	0
236	568.8674976825714	0.2094391866534602	0.00011897772177971166	0
237	571.1787333488464	0.20957534097218417	0.00013615431872396333	0
238	573.4827566146851	0.20979040321171036	0.00021506223952619252	0
239	575.7919862270355	0.20988134679942835	9.094358771799538e-05	0
240	578.1406548023224	0.2101325160397017	0.0002511692402733523	0
241	580.4711339473724	0.2104251741918458	0.00029265815214410407	0
242	582.7707402706146	0.2104251741918458	0.0	1
243	585.1183156967163	0.2104251741918458	0.0	2
244	587.4201302528381	0.2104251741918458	0.0	3
245	589.7570307254791	0.2104251741918458	0.0	4
246	592.0749616622925	0.2104251741918458	0.0	5
247	594.3863925933838	0.210769174705082	0.00034400051323618674	0
248	596.6841156482697	0.210769174705082	0.0	1
249	599.0178356170654	0.2108151619307277	4.598722564569391e-05	0
250	601.3032722473145	0.2108151619307277	0.0	1
251	603.5976793766022	0.2108351633616199	2.000143089220252e-05	0
252	605.898316860199	0.21152190593126236	0.0006867425696424623	0
253	608.186012506485	0.21152190593126236	0.0	1
254	610.508975982666	0.21152190593126236	0.0	2
255	612.8232946395874	0.21160985064313037	8.794471186801545e-05	0
256	615.1287364959717	0.21195934017019907	0.0003494895270687026	0
257	617.3994674682617	0.21195934017019907	0.0	1
258	619.7034757137299	0.21195934017019907	0.0	2
259	621.9845275878906	0.21195934017019907	0.0	3
260	624.2729804515839	0.21202827415123246	6.893398103338666e-05	0
261	626.5700812339783	0.21202827415123246	0.0	1
262	628.8478693962097	0.21202827415123246	0.0	2
263	631.1178839206696	0.21213326158165854	0.0001049874304260845	0
264	633.4003388881683	0.21213326158165854	0.0	1
265	635.6791243553162	0.21213326158165854	0.0	2
266	637.9976358413696	0.21226801017732783	0.00013474859566928177	0
267	640.2685430049896	0.21261430001096732	0.0003462898336394904	0
268	642.5727956295013	0.21270703756905984	9.273755809252604e-05	0
269	644.861852645874	0.21288761273631143	0.00018057516725158984	0
270	647.1665511131287	0.21302355284961752	0.0001359401133060878	0
271	649.4768433570862	0.2134878430928178	0.00046429024320027157	0
272	652.7276103496552	0.2134878430928178	0.0	1
273	655.9936416149139	0.2134878430928178	0.0	2
274	659.2413184642792	0.2134878430928178	0.0	3
275	661.5165152549744	0.2134878430928178	0.0	4
276	663.8071601390839	0.21350215469229822	1.4311599480426596e-05	0
277	666.1153664588928	0.21350215469229822	0.0	1
278	668.4118411540985	0.213553751422324	5.1596730025776916e-05	0
279	670.7081787586212	0.2136617109529228	0.0001079595305988057	0
280	672.9775488376617	0.21371875653326525	5.7045580342446334e-05	0
281	675.2627832889557	0.2137403109534369	2.155442017165443e-05	0
282	677.5484764575958	0.2138811376278378	0.0001408266744009068	0
283	679.8157732486725	0.2138811376278378	0.0	1
284	682.0845918655396	0.2139009784046666	1.984077682878893e-05	0
285	684.3701908588409	0.21399970032662044	9.872192195384266e-05	0
286	686.6772539615631	0.2143075268999164	0.00030782657329594953	0
287	688.9964897632599	0.2143075268999164	0.0	1
288	691.3268086910248	0.2143075268999164	0.0	2
289	693.620236158371	0.2143075268999164	0.0	3
290	695.9038140773773	0.2143075268999164	0.0	4
291	698.2126846313477	0.21448384473448812	0.00017631783457172645	0
292	700.4752762317657	0.2147900112157957	0.00030616648130757373	0
293	702.7712168693542	0.2157309352894001	0.00094092407360441	0
294	705.0630247592926	0.2159209488828759	0.00019001359347581293	0
295	707.3469126224518	0.2159209488828759	0.0	1
296	709.6347033977509	0.2159209488828759	0.0	2
297	711.9136593341827	0.21660832068093333	0.0006873717980574179	0
298	714.2043085098267	0.2169260810304823	0.00031776034954897336	0
299	716.484087228775	0.2169260810304823	0.0	1
300	718.7860996723175	0.2175683090367268	0.0006422280062444996	0
301	721.0538957118988	0.2175683090367268	0.0	1
302	723.3358590602875	0.2175683090367268	0.0	2
303	725.5841584205627	0.2177221486902624	0.00015383965353560347	0
304	727.909380197525	0.21780955788858578	8.740919832336824e-05	0
305	730.1865723133087	0.21782447194080393	1.491405221815123e-05	0
306	732.4544517993927	0.2178564019359029	3.192999509896155e-05	0
307	734.7291073799133	0.218122672658135	0.00026627072223212034	0
308	737.0420987606049	0.21837338671189543	0.00025071405376042577	0
309	739.3278684616089	0.21837338671189543	0.0	1
310	741.6295509338379	0.21856196780663936	0.00018858109474392815	0
311	743.9068508148193	0.21856816637591853	6.198569279164401e-06	0
312	746.1943995952606	0.21856816637591853	0.0	1
313	748.4811220169067	0.21857792611026952	9.759734350994753e-06	0
314	751.709666967392	0.2190589511517397	0.00048102504147018443	0
315	754.9356822967529	0.21932674808757405	0.0002677969358343413	0
316	758.1855354309082	0.21932674808757405	0.0	1
317	760.4436497688293	0.21932674808757405	0.0	2
318	762.7465302944183	0.21942066377546476	9.391568789071658e-05	0
319	765.0281846523285	0.21976544078334065	0.00034477700787588494	0
320	767.2993175983429	0.21987870189803138	0.00011326111469073252	0
321	769.5940537452698	0.21987870189803138	0.0	1
322	771.8829264640808	0.21987870189803138	0.0	2
323	774.1476395130157	0.21988295923071124	4.25733267986339e-06	0
324	776.4211494922638	0.22011886633496244	0.00023590710425119843	0
325	778.7047228813171	0.22011886633496244	0.0	1
326	780.9875600337982	0.22011886633496244	0.0	2
327	783.2851910591125	0.22054383649614775	0.00042497016118531183	0
328	785.5643453598022	0.22054383649614775	0.0	1
329	787.8409230709076	0.22062842086052314	8.458436437538963e-05	0
330	790.1138846874237	0.22062842086052314	0.0	1
331	792.3787956237793	0.22072157344161275	9.315258108960611e-05	0
332	794.6507318019867	0.22104214523727106	0.00032057179565830873	0
333	796.9273853302002	0.22104214523727106	0.0	1
334	799.2021656036377	0.22106711355628977	2.4968319018714435e-05	0
335	801.4805722236633	0.221700184280921	0.0006330707246312295	0
336	803.7410624027252	0.221700184280921	0.0	1
337	806.0296597480774	0.221700184280921	0.0	2
338	808.2941200733185	0.221700184280921	0.0	3
339	810.5965392589569	0.2218186532648333	0.00011846898391229543	0
340	812.9059402942657	0.2218186532648333	0.0	1
341	815.1640155315399	0.2220455637415346	0.00022691047670131415	0
342	817.4541881084442	0.2220455637415346	0.0	1
343	819.7240815162659	0.2221388769766876	9.331323515299195e-05	0
344	822.0012202262878	0.22255270845614444	0.00041383147945683874	0
345	824.2983031272888	0.22255270845614444	0.0	1
346	826.5791087150574	0.22255270845614444	0.0	2
347	828.8580501079559	0.22255270845614444	0.0	3
348	831.1349141597748	0.22255270845614444	0.0	4
349	833.4111688137054	0.22330790304463013	0.0007551945884856914	0
350	835.6868679523468	0.22336701035211945	5.9107307489314476e-05	0
351	838.0167846679688	0.22336701035211945	0.0	1
352	840.2996692657471	0.22350295046542554	0.0001359401133060878	0
353	842.5756371021271	0.2238130395834476	0.00031008911802204997	0
354	844.8759922981262	0.2238130395834476	0.0	1
355	847.1763966083527	0.2238130395834476	0.0	2
356	850.3722486495972	0.2238130395834476	0.0	3
357	853.5899589061737	0.22392257887900308	0.00010953929555548858	0
358	856.8679592609406	0.22436556907096541	0.00044299019196233913	0
359	859.120007276535	0.2244205261484838	5.4957077518374975e-05	0
360	861.3955993652344	0.2244205261484838	0.0	1
361	863.6681923866272	0.22458491541884873	0.00016438927036493967	0
362	865.9381687641144	0.22502249692401022	0.0004375815051614884	0
363	868.2504987716675	0.22502249692401022	0.0	1
364	870.5223145484924	0.22551246504167582	0.0004899681176656068	0
365	872.7978925704956	0.22551246504167582	0.0	1
366	875.0669364929199	0.2255127060227709	2.4098109507875165e-07	2
367	877.3524761199951	0.22563081353504058	0.0001181075122696773	0
368	879.6223051548004	0.22563081353504058	0.0	1
369	881.905131816864	0.2258365310632129	0.0002057175281723056	0
370	884.1627130508423	0.2258365310632129	0.0	1
371	886.4361498355865	0.2258365310632129	0.0	2
372	888.7166972160339	0.2258501598829239	1.3628819711009044e-05	0
373	890.9713690280914	0.2258501598829239	0.0	1
374	893.2847068309784	0.2258501598829239	0.0	2
375	895.5908751487732	0.22617053086100297	0.00032037097807907644	0
376	897.8653085231781	0.22617053086100297	0.0	1
377	900.1624841690063	0.22657636980080612	0.00040583893980314367	0
378	902.4684801101685	0.22823316838088123	0.001656798580075114	0
379	904.7481396198273	0.22823316838088123	0.0	1
380	907.0191171169281	0.22823316838088123	0.0	2
381	909.2833642959595	0.22823316838088123	0.0	3
382	911.525874376297	0.22823316838088123	0.0	4
383	913.7920708656311	0.22823316838088123	0.0	5
384	916.0618951320648	0.22823316838088123	0.0	6
385	918.344419002533	0.22824931411425203	1.6145733370803717e-05	0
386	920.5797865390778	0.22843318268980314	0.00018386857555111047	0
387	922.8406047821045	0.22862569980910014	0.0001925171192969921	0
388	925.0898666381836	0.22862569980910014	0.0	1
389	927.3496878147125	0.2292305355820904	0.0006048357729902532	0
390	929.6177716255188	0.2292305355820904	0.0	1
391	931.906886100769	0.2292305355820904	0.0	2
392	934.1453545093536	0.2292305355820904	0.0	3
393	936.4088323116302	0.229669228277857	0.0004386926957666015	0
394	938.6899313926697	0.2297416029334147	7.237465555770539e-05	0
395	940.9923322200775	0.2297416029334147	0.0	1
396	943.2598078250885	0.23008757145892741	0.00034596852551271873	0
397	945.5099949836731	0.23008757145892741	0.0	1
398	948.7913172245026	0.23008757145892741	0.0	2
399	952.0256402492523	0.23011030400889726	2.2732549969844973e-05	0
400	955.2885367870331	0.23011030400889726	0.0	1
401	957.5150797367096	0.23030351729580228	0.00019321328690502515	0
402	959.7935376167297	0.23074561050257733	0.00044209320677504604	0
403	962.0630505084991	0.23117474428157217	0.00042913377899483907	0
404	964.3494071960449	0.23117474428157217	0.0	1
405	966.6117691993713	0.23162299589411056	0.00044825161253839174	0
406	968.8767473697662	0.23166369492350297	4.0699029392410324e-05	0
407	971.1354570388794	0.23191557371922297	0.0002518787957200008	0
408	973.3972299098969	0.23191557371922297	0.0	1
409	975.64825963974	0.23191557371922297	0.0	2
410	977.8999495506287	0.23198122767979548	6.565396057250927e-05	0
411	980.145247220993	0.2320616885898772	8.046091008170886e-05	0
412	982.4027733802795	0.2320820381045734	2.0349514696205162e-05	0
413	984.6896035671234	0.23220954387955145	0.00012750577497805393	0
414	986.9553506374359	0.23228103493776048	7.149105820902779e-05	0
415	989.2176420688629	0.23244948072322605	0.00016844578546557076	0
416	991.4946756362915	0.23264823657531808	0.00019875585209203073	0
417	993.7317125797272	0.23264823657531808	0.0	1
418	995.9632353782654	0.23272136094983825	7.312437452017262e-05	0
419	998.2210762500763	0.23288817341899268	0.00016681246915442594	0
420	1000.467099905014	0.23288817341899268	0.0	1
421	1002.6940839290619	0.23288817341899268	0.0	2
422	1004.9299490451813	0.23288817341899268	0.0	3
423	1007.1856906414032	0.23312784250589494	0.00023966908690226107	0
424	1009.442624092102	0.23312784250589494	0.0	1
425	1011.6810221672058	0.23341712692270786	0.0002892844168129183	0
426	1013.9247007369995	0.23354998783313227	0.00013286091042441495	0
427	1016.1756024360657	0.23354998783313227	0.0	1
428	1018.4353377819061	0.233623406740102	7.341890696974107e-05	0
429	1020.6807126998901	0.2337693341810156	0.00014592744091357357	0
430	1022.907604932785	0.23385581961847446	8.648543745887194e-05	0
431	1025.1650989055634	0.23407516596635777	0.00021934634788331464	0
432	1027.4058485031128	0.2342440937140135	0.00016892774765572827	0
433	1029.6413674354553	0.23484068257841634	0.0005965888644028361	0
434	1031.8805394172668	0.23494990056584505	0.00010921798742871691	0
435	1034.169400691986	0.23516924691372834	0.00021934634788328689	0
436	1036.4158687591553	0.23582728595737829	0.0006580390436499439	0
437	1038.671474456787	0.23582728595737829	0.0	1
438	1040.891364812851	0.23582728595737829	0.0	2
439	1043.1388864517212	0.23582728595737829	0.0	3
440	1046.3340651988983	0.23582728595737829	0.0	4
441	1049.5130264759064	0.23582728595737829	0.0	5
442	1052.75887465477	0.2359631725193299	0.00013588656195162585	0
443	1054.9784922599792	0.2359631725193299	0.0	1
444	1057.2185516357422	0.2359631725193299	0.0	2
445	1059.4524412155151	0.2359631725193299	0.0	3
446	1061.675763130188	0.23616340103366967	0.00020022851433976196	0
447	1063.9120671749115	0.2362659786531449	0.00010257761947521371	0
448	1066.1413743495941	0.2364945626096732	0.00022858395652830543	0
449	1068.386714220047	0.23653202178212054	3.745917244735164e-05	0
450	1070.6241040229797	0.23653202178212054	0.0	1
451	1072.8522293567657	0.23689258305172461	0.00036056126960407053	0
452	1075.079218864441	0.23689258305172461	0.0	1
453	1077.3171367645264	0.23733269485838454	0.00044011180665992633	0
454	1079.5431063175201	0.23733269485838454	0.0	1
455	1081.8144524097443	0.23733269485838454	0.0	2
456	1084.0740492343903	0.23747369557468745	0.0001410007163029081	0
457	1086.3127663135529	0.23756620553952348	9.250996483603502e-05	0
458	1088.5454807281494	0.23756620553952348	0.0	1
459	1090.7761838436127	0.23765686798263053	9.066244310704241e-05	0
460	1093.002242565155	0.23799073390203446	0.0003338659194039306	0
461	1095.2731733322144	0.23799073390203446	0.0	1
462	1097.4950895309448	0.2388556150523004	0.0008648811502659504	0
463	1099.7202394008636	0.2388556150523004	0.0	1
464	1101.973132133484	0.2388556150523004	0.0	2
465	1104.1990780830383	0.2388556150523004	0.0	3
466	1106.4044818878174	0.2388556150523004	0.0	4
467	1108.6378664970398	0.2388556150523004	0.0	5
468	1110.8579671382904	0.2389056320173695	5.001696506909403e-05	0
469	1113.0667588710785	0.2390610915993776	0.00015545958200810506	0
470	1115.2800967693329	0.23944794658402338	0.0003868549846457736	0
471	1117.5183081626892	0.23986666462457504	0.00041871804055165773	0
472	1119.720781803131	0.23986666462457504	0.0	1
473	1121.9734449386597	0.23986666462457504	0.0	2
474	1124.2247743606567	0.23986666462457504	0.0	3
475	1126.4427478313446	0.23986666462457504	0.0	4
476	1128.6820931434631	0.24005222006779176	0.00018555544321671724	0
477	1130.9213135242462	0.24050628200228943	0.0004540619344976793	0
478	1133.1577515602112	0.24052470366822495	1.8421665935519638e-05	0
479	1135.3755841255188	0.2405386270203855	1.392335216054974e-05	0
480	1137.5986440181732	0.2405386270203855	0.0	1
481	1139.8534443378448	0.2405386270203855	0.0	2
482	1143.0430283546448	0.24068080586648663	0.0001421788461011264	0
483	1146.25146317482	0.24069906687835876	1.8261011872133803e-05	0
484	1149.4510326385498	0.24096069202059114	0.0002616251422323801	0
485	1151.6864585876465	0.2412938349967098	0.0003331429761186666	0
486	1153.8878099918365	0.24156143111496492	0.000267596118255109	0
487	1156.14431142807	0.24174026586319644	0.00017883474823152112	0
488	1158.3822343349457	0.24177510101927507	3.483515607863308e-05	0
489	1160.6332049369812	0.24177510101927507	0.0	1
490	1162.819927930832	0.24179598604751593	2.0885028240852366e-05	0
491	1165.0490982532501	0.24212679953971541	0.00033081349219948875	0
492	1167.255541086197	0.24220281568737664	7.601614766122866e-05	0
493	1169.465925693512	0.24223880219757624	3.598651019959265e-05	0
494	1171.6731243133545	0.24225023541175425	1.1433214178013795e-05	0
495	1173.8974876403809	0.24228806944368284	3.7834031928585254e-05	0
496	1176.107393026352	0.24246848395687104	0.000180414513188204	0
497	1178.3387515544891	0.24307666668951525	0.000608182732644208	0
498	1180.569839477539	0.24307666668951525	0.0	1
499	1182.845175743103	0.24341671779035975	0.0003400511008445073	0
500	1185.0635390281677	0.24341671779035975	0.0	1
501	1187.271201133728	0.24341671779035975	0.0	2
502	1189.4971959590912	0.24381358687829022	0.0003968690879304626	0
503	1191.7090163230896	0.24381358687829022	0.0	1
504	1193.9077010154724	0.24381358687829022	0.0	2
505	1196.1192672252655	0.243989449526349	0.00017586264805877216	0
506	1198.3749561309814	0.243989449526349	0.0	1
507	1200.5770826339722	0.2440777289341824	8.82794078334026e-05	0
508	1202.7778747081757	0.2440777289341824	0.0	1
509	1205.0085701942444	0.2442489058387256	0.00017117690454321322	0
510	1207.2199177742004	0.2442489058387256	0.0	1
511	1209.432538986206	0.24447162592194013	0.00022272008321452819	0
512	1211.6141867637634	0.2446474885699989	0.00017586264805877216	0
513	1213.8171966075897	0.24469097226982345	4.348369982454248e-05	0
514	1216.06849360466	0.24473576797783234	4.479570800888788e-05	0
515	1218.2620549201965	0.2451397861715837	0.0004040181937513543	0
516	1220.474749803543	0.2451397861715837	0.0	1
517	1222.6828479766846	0.24520024565077322	6.045947918953409e-05	0
518	1224.8886086940765	0.24559055469778188	0.0003903090470086523	0
519	1227.1381187438965	0.24559055469778188	0.0	1
520	1229.3145904541016	0.24559055469778188	0.0	2
521	1231.5452139377594	0.24559055469778188	0.0	3
522	1233.7387537956238	0.24606997319861812	0.0004794185008362428	0
523	1235.9253420829773	0.24606997319861812	0.0	1
524	1239.1093018054962	0.24645013426395593	0.00038016106533780847	0
525	1242.2418167591095	0.24645013426395593	0.0	1
526	1245.426783323288	0.24645013426395593	0.0	2
527	1247.611047744751	0.24683131280502854	0.0003811785410726132	0
528	1249.7943873405457	0.24683131280502854	0.0	1
529	1251.9922363758087	0.24724446150471596	0.0004131486996874212	0
530	1254.1800923347473	0.24724446150471596	0.0	1
531	1256.3848259449005	0.24724446150471596	0.0	2
532	1258.5884635448456	0.24724446150471596	0.0	3
533	1260.7695925235748	0.24763854592221432	0.0003940844174983582	0
534	1262.9819481372833	0.24763854592221432	0.0	1
535	1265.1817247867584	0.24763854592221432	0.0	2
536	1267.4000329971313	0.24767394336751483	3.5397445300511254e-05	0
537	1269.6046035289764	0.24792804454444506	0.00025410117693022705	0
538	1271.797651052475	0.24792804454444506	0.0	1
539	1273.965075492859	0.24818632272702348	0.0002582781825784253	0
540	1276.149242401123	0.24818632272702348	0.0	1
541	1278.3798851966858	0.24818632272702348	0.0	2
542	1280.5850176811218	0.248288471935663	0.00010214920863951815	0
543	1282.7921180725098	0.248288471935663	0.0	1
544	1285.008605003357	0.2484056690749068	0.00011719713924379649	0
545	1287.2088174819946	0.2484056690749068	0.0	1
546	1289.4005358219147	0.2484056690749068	0.0	2
547	1291.5996313095093	0.2486250154227901	0.00021934634788331464	0
548	1293.799064874649	0.2486250154227901	0.0	1
549	1295.9537312984467	0.2486250154227901	0.0	2
550	1298.1529450416565	0.2486250154227901	0.0	3
551	1300.3285615444183	0.2486250154227901	0.0	4
552	1302.517829656601	0.2486250154227901	0.0	5
553	1304.7192039489746	0.2486250154227901	0.0	6
554	1306.9142899513245	0.2487271646314296	0.0001021492086394904	0
555	1309.088621854782	0.2488443617706734	0.00011719713924379649	0
556	1311.2931096553802	0.2488443617706734	0.0	1
557	1313.495414018631	0.24906370811855671	0.00021934634788331464	0
558	1315.7068574428558	0.24906370811855671	0.0	1
559	1317.9358484745026	0.24906370811855671	0.0	2
560	1320.1439781188965	0.24928305446644003	0.00021934634788331464	0
561	1322.3132512569427	0.24928305446644003	0.0	1
562	1324.5054218769073	0.24928305446644003	0.0	2
563	1326.7027349472046	0.24928305446644003	0.0	3
564	1328.9018914699554	0.24928305446644003	0.0	4
565	1331.0840544700623	0.24938520367507952	0.0001021492086394904	0
566	1334.219711303711	0.24938520367507952	0.0	1
567	1337.3645873069763	0.24938520367507952	0.0	2
568	1340.5327315330505	0.24938520367507952	0.0	3
569	1342.766190290451	0.24938520367507952	0.0	4
570	1344.9684438705444	0.24938520367507952	0.0	5
571	1347.1658828258514	0.24950240081432334	0.00011719713924382424	0
572	1349.3776693344116	0.24950240081432334	0.0	1
573	1351.5473544597626	0.24959177802492324	8.937721059990023e-05	0
574	1353.7341666221619	0.24976244619159904	0.00017066816667579698	0
575	1355.9236850738525	0.24976244619159904	0.0	1
576	1358.0979542732239	0.24976244619159904	0.0	2
577	1360.2801554203033	0.24976244619159904	0.0	3
578	1362.4914739131927	0.24981112437280656	4.867818120751766e-05	0
579	1364.6694662570953	0.24998179253948236	0.00017066816667579698	0
580	1366.8562619686127	0.24998179253948236	0.0	1
581	1369.03328871727	0.24998179253948236	0.0	2
582	1371.2309160232544	0.2501575480848322	0.00017575554534984827	0
583	1373.4177916049957	0.2502817336758335	0.00012418559100130233	0
584	1375.6034092903137	0.2502817336758335	0.0	1
585	1377.783488035202	0.2504691634164565	0.00018742974062296858	0
586	1379.969648361206	0.2504691634164565	0.0	1
587	1382.148910999298	0.2505161815056756	4.7018089219141856e-05	0
588	1384.3409423828125	0.25060668329471925	9.050178904362882e-05	0
589	1386.5437381267548	0.25068850976433976	8.18264696205162e-05	0
590	1388.7359783649445	0.25110985182126017	0.00042134205692040405	0
591	1390.9061627388	0.25110985182126017	0.0	1
592	1393.0702412128448	0.25115911906736677	4.926724610659905e-05	0
593	1395.2709214687347	0.25115911906736677	0.0	1
594	1397.4650733470917	0.25115911906736677	0.0	2
595	1399.6198117733002	0.25126472233836916	0.00010560327100239686	0
596	1401.7990624904633	0.25126472233836916	0.0	1
597	1403.9914100170135	0.25146934206377497	0.00020461972540580797	0
598	1406.1873269081116	0.25146934206377497	0.0	1
599	1408.3304250240326	0.25146934206377497	0.0	2
600	1410.5477442741394	0.2520644850416073	0.0005951429778323081	0
601	1412.6881248950958	0.2520644850416073	0.0	1
602	1414.8612730503082	0.2520644850416073	0.0	2
603	1417.031788110733	0.2520644850416073	0.0	3
604	1419.186867237091	0.25228383138949056	0.00021934634788328689	0
605	1421.3487870693207	0.25228383138949056	0.0	1
606	1423.5188927650452	0.25228383138949056	0.0	2
607	1425.6769561767578	0.2523763145786494	9.24831891588318e-05	0
608	1428.8205153942108	0.2525956609265327	0.00021934634788328689	0
609	1431.8941397666931	0.2525956609265327	0.0	1
610	1435.0620579719543	0.2525956609265327	0.0	2
611	1437.2057411670685	0.2525956609265327	0.0	3
612	1439.3629772663116	0.2527241306258911	0.00012846969935842445	0
613	1441.538872718811	0.25282528913447305	0.00010115850858194442	0
614	1443.6986179351807	0.25282834156167744	3.0524272043863654e-06	0
615	1445.8800749778748	0.2530476879095608	0.0002193463478833424	0
616	1448.0559298992157	0.2530476879095608	0.0	1
617	1450.2294337749481	0.2531184024731301	7.071456356932959e-05	0
618	1452.3956470489502	0.2531714718654036	5.3069392273508154e-05	0
619	1454.5941996574402	0.253280770179864	0.00010929831446038207	0
620	1456.7479190826416	0.253280770179864	0.0	1
621	1458.8976776599884	0.2536934369173613	0.00041266673749729144	0
622	1461.1186382770538	0.2536934369173613	0.0	1
623	1463.2883112430573	0.2536934369173613	0.0	2
624	1465.4478070735931	0.2538615881703773	0.0001681512530160023	0
625	1467.6197996139526	0.2538615881703773	0.0	1
626	1469.7788670063019	0.2538615881703773	0.0	2
627	1471.9497337341309	0.2538615881703773	0.0	3
628	1474.1214725971222	0.2538615881703773	0.0	4
629	1476.2886004447937	0.2540179849010885	0.00015639673071121685	0
630	1478.4571185112	0.2540179849010885	0.0	1
631	1480.6326789855957	0.2540179849010885	0.0	2
632	1482.7719707489014	0.2541321296131279	0.00011414471203941012	0
633	1484.9307415485382	0.2541321296131279	0.0	1
634	1487.080463886261	0.25423733124897185	0.00010520163584393227	0
635	1489.2238519191742	0.2543514759610112	0.00011414471203935461	0
636	1491.388822555542	0.2543514759610112	0.0	1
637	1493.5668864250183	0.25451055025944563	0.0001590742984344251	0
638	1495.7255628108978	0.25462919328525996	0.00011864302581432451	0
639	1497.8727176189423	0.25475680616294694	0.00012761287768697782	0
640	1500.0489728450775	0.25475680616294694	0.0	1
641	1502.209759235382	0.25475680616294694	0.0	2
642	1504.3784801959991	0.25479016865677784	3.336249383090184e-05	0
643	1506.534568786621	0.2552872323289099	0.0004970636721320365	0
644	1508.6889264583588	0.2552872323289099	0.0	1
645	1510.848185300827	0.2552872323289099	0.0	2
646	1513.0046331882477	0.2552872323289099	0.0	3
647	1515.1368188858032	0.25538793565097884	0.00010070332206896238	0
648	1517.282038450241	0.25550657867679316	0.00011864302581432451	0
649	1519.4298160076141	0.2556072819988622	0.00010070332206901789	0
650	1522.5135707855225	0.25592267270097613	0.00031539070211394904	0
651	1525.6285903453827	0.25592267270097613	0.0	1
652	1528.8046057224274	0.25592267270097613	0.0	2
653	1530.9850430488586	0.25592267270097613	0.0	3
654	1533.1881585121155	0.25592267270097613	0.0	4
655	1535.3279201984406	0.2561420190488594	0.00021934634788328689	0
656	1537.5113809108734	0.2562467387225132	0.00010471967365377477	0
657	1539.6517024040222	0.2562467387225132	0.0	1
658	1541.8193035125732	0.2562467387225132	0.0	2
659	1543.9766449928284	0.2562467387225132	0.0	3
660	1546.1170272827148	0.2562653210425121	1.8582319998905472e-05	0
661	1548.2382106781006	0.2563445502714411	7.922922892900086e-05	0
662	1550.3748404979706	0.2563613653967427	1.6815125301605782e-05	0
663	1552.5128276348114	0.2563613653967427	0.0	1
664	1554.6484413146973	0.2570651908484591	0.0007038254517163778	0
665	1556.7794160842896	0.2572845371963424	0.0002193463478833424	0
666	1558.9115986824036	0.2572845371963424	0.0	1
667	1561.072274684906	0.2576212948888874	0.00033675769254498666	0
668	1563.2170579433441	0.2576212948888874	0.0	1
669	1565.365576505661	0.2576212948888874	0.0	2
670	1567.4856374263763	0.2576212948888874	0.0	3
671	1569.624327659607	0.2576212948888874	0.0	4
672	1571.7734072208405	0.2576212948888874	0.0	5
673	1573.9059145450592	0.25780529734282465	0.00018400245393723758	0
674	1576.0328223705292	0.258059987584654	0.0002546902418293362	0
675	1578.191458940506	0.2582793339325373	0.0002193463478833424	0
676	1580.3370244503021	0.2582793339325373	0.0	1
677	1582.4628643989563	0.2582793339325373	0.0	2
678	1584.5839552879333	0.2582793339325373	0.0	3
679	1586.716278553009	0.2582793339325373	0.0	4
680	1588.8453488349915	0.2584986802804206	0.00021934634788328689	0
681	1591.0102677345276	0.25871376929562406	0.00021508901520345125	0
682	1593.1362113952637	0.2587409733836916	2.7204088067556143e-05	0
683	1595.2450296878815	0.2587409733836916	0.0	1
684	1597.3839020729065	0.25913524523093057	0.00039427184723894726	0
685	1599.525604724884	0.25913524523093057	0.0	1
686	1601.653568983078	0.25913524523093057	0.0	2
687	1603.8113007545471	0.25913524523093057	0.0	3
688	1605.9373691082	0.2593545915788139	0.0002193463478833424	0
689	1608.0755524635315	0.2595739379266972	0.00021934634788328689	0
690	1610.2128539085388	0.2596462322552232	7.229432852601247e-05	0
691	1612.3473913669586	0.25979328427458054	0.00014705201935732992	0
692	1615.4293563365936	0.2600126306224638	0.00021934634788328689	0
693	1618.457363128662	0.2600126306224638	0.0	1
694	1621.5831859111786	0.2600126306224638	0.0	2
695	1623.6867549419403	0.2600126306224638	0.0	3
696	1625.8082094192505	0.2602319769703471	0.00021934634788328689	0
697	1627.9529249668121	0.2602319769703471	0.0	1
698	1630.091102361679	0.2602319769703471	0.0	2
699	1632.2275474071503	0.2602319769703471	0.0	3
700	1634.3634498119354	0.2602477210685595	1.5744098212366886e-05	0
701	1636.4806609153748	0.26049403052341524	0.0002463094548557643	0
702	1638.611228466034	0.26049403052341524	0.0	1
703	1640.753693819046	0.26049403052341524	0.0	2
704	1642.899831533432	0.26049403052341524	0.0	3
705	1645.029765844345	0.26049403052341524	0.0	4
706	1647.1438357830048	0.26067066966611374	0.00017663914269849812	0
707	1649.26695394516	0.261548055057647	0.0008773853915332586	0
708	1651.4036574363708	0.261548055057647	0.0	1
709	1653.528873205185	0.261548055057647	0.0	2
710	1655.7139534950256	0.261548055057647	0.0	3
711	1657.8684067726135	0.261548055057647	0.0	4
712	1660.0195620059967	0.261548055057647	0.0	5
713	1662.1108183860779	0.261548055057647	0.0	6
714	1664.2729661464691	0.2617674014055303	0.00021934634788328689	0
715	1666.4417884349823	0.2617674014055303	0.0	1
716	1668.5590507984161	0.2617674014055303	0.0	2
717	1670.678911447525	0.2617930792799956	2.5677874465335204e-05	0
718	1672.7845437526703	0.2619867477534136	0.00019366847341795168	0
719	1674.9381923675537	0.2619867477534136	0.0	1
720	1677.0781044960022	0.2619867477534136	0.0	2
721	1679.164258480072	0.2624254404491802	0.0004386926957666293	0
722	1681.279589176178	0.2624254404491802	0.0	1
723	1683.3894350528717	0.2624254404491802	0.0	2
724	1685.5228307247162	0.2624254404491802	0.0	3
725	1687.6005833148956	0.2624254404491802	0.0	4
726	1689.702642440796	0.2624254404491802	0.0	5
727	1691.8107180595398	0.2624254404491802	0.0	6
728	1693.9310956001282	0.2624254404491802	0.0	7
729	1696.0537507534027	0.2624254404491802	0.0	8
730	1698.1257002353668	0.2625446725398936	0.0001192320907134059	0
731	1700.2304220199585	0.26276401888777695	0.0002193463478833424	0
732	1702.3294327259064	0.26276401888777695	0.0	1
733	1704.4111523628235	0.26279604259774625	3.202370996929771e-05	0
734	1707.4418172836304	0.26279604259774625	0.0	1
735	1710.475986480713	0.26279604259774625	0.0	2
736	1713.5244436264038	0.26298336523566024	0.00018732263791398918	0
737	1715.6329045295715	0.26298336523566024	0.0	1
738	1717.7659840583801	0.26298336523566024	0.0	2
739	1719.8160781860352	0.26298336523566024	0.0	3
740	1721.924468278885	0.26298336523566024	0.0	4
741	1723.9910423755646	0.2632027115835436	0.0002193463478833424	0
742	1726.0811176300049	0.2632027115835436	0.0	1
743	1728.1759948730469	0.2632027115835436	0.0	2
744	1730.2638838291168	0.2632027115835436	0.0	3
745	1732.3632984161377	0.2632027115835436	0.0	4
746	1734.4540774822235	0.26342205793142687	0.00021934634788328689	0
747	1736.5280730724335	0.26342205793142687	0.0	1
748	1738.6026372909546	0.26342205793142687	0.0	2
749	1740.6925690174103	0.26342205793142687	0.0	3
750	1742.7885842323303	0.26342205793142687	0.0	4
751	1744.8613185882568	0.26342205793142687	0.0	5
752	1746.949700832367	0.26342205793142687	0.0	6
753	1749.0389413833618	0.26342205793142687	0.0	7
754	1751.1229259967804	0.26342205793142687	0.0	8
755	1753.2235696315765	0.26342205793142687	0.0	9
756	1755.3012623786926	0.26342205793142687	0.0	10
757	1757.3725628852844	0.26364140427931015	0.00021934634788328689	0
758	1759.4624090194702	0.26364140427931015	0.0	1
759	1761.580053806305	0.26364140427931015	0.0	2
760	1763.668485879898	0.26364140427931015	0.0	3
761	1765.7557940483093	0.26377817443861046	0.00013677015930030345	0
762	1767.84357380867	0.26377817443861046	0.0	1
763	1769.9221782684326	0.26377817443861046	0.0	2
764	1772.0210769176483	0.26377817443861046	0.0	3
765	1774.1247165203094	0.26393165262050344	0.00015347818189298534	0
766	1776.2317895889282	0.26393165262050344	0.0	1
767	1778.305905342102	0.2639408099021167	9.157281613270118e-06	0
768	1780.3778710365295	0.26402601010706844	8.520020495172975e-05	0
769	1782.4746441841125	0.26413723627028957	0.00011122616322112311	0
770	1784.550721168518	0.26413723627028957	0.0	1
771	1786.6800282001495	0.26413723627028957	0.0	2
772	1788.7624909877777	0.26442148685978284	0.0002842505894932734	0
773	1790.8369448184967	0.2645759289660562	0.00015444210627335586	0
774	1792.9383459091187	0.2645759289660562	0.0	1
775	1795.0116522312164	0.2645759289660562	0.0	2
776	1797.9949262142181	0.2647952753139395	0.00021934634788328689	0
777	1801.0056037902832	0.2647952753139395	0.0	1
778	1804.0534727573395	0.2647952753139395	0.0	2
779	1806.1408994197845	0.2647952753139395	0.0	3
780	1808.214019536972	0.2650185041350214	0.00022322882108194442	0
781	1810.2952725887299	0.2650185041350214	0.0	1
782	1812.3717954158783	0.26512306315461176	0.00010455901959033342	0
783	1814.4547684192657	0.26512306315461176	0.0	1
784	1816.5397171974182	0.2652378504829047	0.00011478732829295346	0
785	1818.6097509860992	0.2652378504829047	0.0	1
786	1820.6895294189453	0.2652378504829047	0.0	2
787	1822.769404411316	0.2653424095024951	0.00010455901959038894	0
788	1824.867043018341	0.2653424095024951	0.0	1
789	1826.9714186191559	0.26567654317867134	0.00033413367617624035	0
790	1829.0742225646973	0.26567654317867134	0.0	1
791	1831.1502714157104	0.26567654317867134	0.0	2
792	1833.2267417907715	0.26567654317867134	0.0	3
793	1835.3052611351013	0.26567654317867134	0.0	4
794	1837.3930530548096	0.26567654317867134	0.0	5
795	1839.4816453456879	0.26579224087999015	0.00011569770131880652	0
796	1841.5770876407623	0.26579224087999015	0.0	1
797	1843.6362586021423	0.26605697200078143	0.0002647311207912839	0
798	1845.717246055603	0.26605697200078143	0.0	1
799	1847.7848632335663	0.26605697200078143	0.0	2
800	1849.847408771515	0.26605697200078143	0.0	3
801	1851.9229094982147	0.26605697200078143	0.0	4
802	1854.01993060112	0.26605697200078143	0.0	5
803	1856.0974433422089	0.26605697200078143	0.0	6
804	1858.1651809215546	0.26621559111270293	0.00015861911192149858	0
805	1860.2457234859467	0.26621559111270293	0.0	1
806	1862.3311259746552	0.2663719342920597	0.0001563431793567549	0
807	1864.4204216003418	0.2663719342920597	0.0	1
808	1866.5072598457336	0.266591280639943	0.00021934634788328689	0
809	1868.5871441364288	0.266591280639943	0.0	1
810	1870.660881280899	0.266591280639943	0.0	2
811	1872.7231714725494	0.266591280639943	0.0	3
812	1874.792195558548	0.266591280639943	0.0	4
813	1876.8683564662933	0.266591280639943	0.0	5
814	1878.9525985717773	0.2668106269878263	0.0002193463478833424	0
815	1881.0579364299774	0.2668106269878263	0.0	1
816	1883.1439344882965	0.2668106269878263	0.0	2
817	1885.2122945785522	0.2668106269878263	0.0	3
818	1888.260436296463	0.2668106269878263	0.0	4
819	1891.3124434947968	0.2668106269878263	0.0	5
820	1894.4007301330566	0.2668106269878263	0.0	6
821	1896.4781675338745	0.2668106269878263	0.0	7
822	1898.5532577037811	0.2668106269878263	0.0	8
823	1900.610981464386	0.26691191937479436	0.00010129238696804377	0
824	1902.703037261963	0.26691191937479436	0.0	1
825	1904.7799758911133	0.26692661922159466	1.4699846800303451e-05	0
826	1906.8708264827728	0.26692661922159466	0.0	1
827	1908.959044456482	0.2670299733357096	0.00010335411411493967	0
828	1911.0200216770172	0.2670299733357096	0.0	1
829	1913.094375371933	0.2670299733357096	0.0	2
830	1915.1771228313446	0.2670299733357096	0.0	3
831	1917.2663459777832	0.2670299733357096	0.0	4
832	1919.321219444275	0.2670299733357096	0.0	5
833	1921.4090015888214	0.26704186173640054	1.1888400690940326e-05	0
834	1923.4998116493225	0.2671945098722993	0.0001526481358987697	0
835	1925.5999908447266	0.2672493196835929	5.480981129357687e-05	0
836	1927.672575712204	0.26732873634226256	7.941665866967318e-05	0
837	1929.7446942329407	0.26732873634226256	0.0	1
838	1931.8679852485657	0.26732873634226256	0.0	2
839	1933.934172153473	0.26750157333879415	0.00017283699653158902	0
840	1936.0324492454529	0.26750157333879415	0.0	1
841	1938.1141910552979	0.26773990364183486	0.00023833030304071245	0
842	1940.1895895004272	0.26773990364183486	0.0	1
843	1942.26051735878	0.2679402660345608	0.00020036239272591683	0
844	1944.3325486183167	0.2679402660345608	0.0	1
845	1946.3905956745148	0.2679402660345608	0.0	2
846	1948.4690942764282	0.2679402660345608	0.0	3
847	1950.5792741775513	0.2682161090614033	0.00027584302684252604	0
848	1952.6735882759094	0.2682161090614033	0.0	1
849	1954.7386021614075	0.2682161090614033	0.0	2
850	1956.822108745575	0.2686548017571699	0.00043869269576657377	0
851	1958.9039692878723	0.2686548017571699	0.0	1
852	1960.9663352966309	0.2686548017571699	0.0	2
853	1963.0318479537964	0.2686548017571699	0.0	3
854	1965.1248705387115	0.2686548017571699	0.0	4
855	1967.1723446846008	0.2686548017571699	0.0	5
856	1969.2375345230103	0.26874059102702075	8.578926985086666e-05	0
857	1971.2988421916962	0.26874059102702075	0.0	1
858	1973.3964004516602	0.26874059102702075	0.0	2
859	1975.4793529510498	0.2690738143301711	0.0003332233031503318	0
860	1978.521485567093	0.2690738143301711	0.0	1
861	1981.5158140659332	0.2690738143301711	0.0	2
862	1984.5463399887085	0.2690738143301711	0.0	3
863	1986.6163880825043	0.2690738143301711	0.0	4
864	1988.6942284107208	0.2690738143301711	0.0	5
865	1990.7501773834229	0.2690738143301711	0.0	6
866	1992.8272206783295	0.2690738143301711	0.0	7
867	1994.887666940689	0.2691792837227874	0.00010546939261629751	0
868	1996.964271068573	0.2691792837227874	0.0	1
869	1999.054204940796	0.2691792837227874	0.0	2
870	2001.1086223125458	0.2692098347705089	3.0551047721538716e-05	0
871	2003.1882519721985	0.2692098347705089	0.0	1
872	2005.2856080532074	0.2693909990026596	0.000181164232150699	0
873	2007.3371307849884	0.2695125070259377	0.00012150802327809407	0
874	2009.4377796649933	0.2695125070259377	0.0	1
875	2011.5127704143524	0.2695125070259377	0.0	2
876	2013.5764963626862	0.2695125070259377	0.0	3
877	2015.6341319084167	0.2695125070259377	0.0	4
878	2017.6847813129425	0.2695125070259377	0.0	5
879	2019.7549314498901	0.2695125070259377	0.0	6
880	2021.8058331012726	0.26967755230039486	0.000165045274457154	0
881	2023.8756656646729	0.26967755230039486	0.0	1
882	2025.9893219470978	0.26967755230039486	0.0	2
883	2028.0416350364685	0.26973185337382105	5.4301073426188395e-05	0
884	2030.0937595367432	0.26973185337382105	0.0	1
885	2032.1752622127533	0.2697677863326662	3.59329588451307e-05	0
886	2034.2441487312317	0.26977793431433705	1.0147981670871609e-05	0
887	2036.3069376945496	0.27001147177115326	0.00023353745681620186	0
888	2038.3617055416107	0.27001147177115326	0.0	1
889	2040.457198381424	0.27001147177115326	0.0	2
890	2042.549536705017	0.27001147177115326	0.0	3
891	2044.5955455303192	0.2702307913433593	0.0002193195722060559	0
892	2046.6779289245605	0.2703066736126344	7.58822692750738e-05	0
893	2048.771973133087	0.2703297542464082	2.308063377381986e-05	0
894	2050.824670314789	0.2703359394278488	6.18518144057667e-06	0
895	2052.9333307743073	0.2704034676858275	6.752825797873285e-05	0
896	2054.9843657016754	0.2704034676858275	0.0	1
897	2057.048994064331	0.27052601996051767	0.0001225522746901575	0
898	2059.109878540039	0.27052601996051767	0.0	1
899	2061.168756723404	0.2709647126562843	0.0004386926957666293	0
900	2063.223769903183	0.2709647126562843	0.0	1
901	2065.2745966911316	0.2709647126562843	0.0	2
902	2068.270423412323	0.2709647126562843	0.0	3
903	2071.265152692795	0.2711840590041676	0.00021934634788328689	0
904	2074.317621946335	0.2711840590041676	0.0	1
905	2076.376200914383	0.2711840590041676	0.0	2
906	2078.4432373046875	0.2711840590041676	0.0	3
907	2080.5186338424683	0.2711840590041676	0.0	4
908	2082.5757796764374	0.27135014853003675	0.00016608952586916192	0
909	2084.6283597946167	0.27140340535205093	5.325682201418047e-05	0
910	2086.690991163254	0.2715045638606328	0.0001011585085818889	0
911	2088.7152729034424	0.2715045638606328	0.0	1
912	2090.772526025772	0.2715045638606328	0.0	2
913	2092.836802005768	0.2715045638606328	0.0	3
914	2094.9153311252594	0.2715045638606328	0.0	4
915	2096.9592702388763	0.2715045638606328	0.0	5
916	2099.031741142273	0.2715045638606328	0.0	6
917	2101.074646472931	0.2716276248731904	0.0001230610125576015	0
918	2103.152611017227	0.27172391020851616	9.62853353257409e-05	0
919	2105.2121410369873	0.27172391020851616	0.0	1
920	2107.259113073349	0.2717924827179069	6.857250939074078e-05	0
921	2109.3072900772095	0.27194325655639945	0.0001507738384925461	0
922	2111.3867993354797	0.27194325655639945	0.0	1
923	2113.4495544433594	0.27216260290428274	0.00021934634788328689	0
924	2115.4929497241974	0.27216260290428274	0.0	1
925	2117.5670716762543	0.27216260290428274	0.0	2
926	2119.636466026306	0.27216260290428274	0.0	3
927	2121.731873512268	0.27216260290428274	0.0	4
928	2123.7833776474	0.27216260290428274	0.0	5
929	2125.85706448555	0.27216260290428274	0.0	6
930	2127.9020278453827	0.27227155313493917	0.00010895023065643494	0
931	2129.946481704712	0.27227155313493917	0.0	1
932	2131.9996509552	0.27227155313493917	0.0	2
933	2134.059186697006	0.27227155313493917	0.0	3
934	2136.126400709152	0.27227155313493917	0.0	4
935	2138.1751675605774	0.2723819492521661	0.00011039611722690745	0
936	2140.2205340862274	0.2723819492521661	0.0	1
937	2142.2754559516907	0.2723819492521661	0.0	2
938	2144.472370862961	0.2723819492521661	0.0	3
939	2146.533579826355	0.2723819492521661	0.0	4
940	2148.5552644729614	0.2723819492521661	0.0	5
941	2150.5816762447357	0.27240714516444126	2.51959122751777e-05	0
942	2152.6509490013123	0.27260129560004936	0.00019415043560810918	0
943	2154.6934921741486	0.27260129560004936	0.0	1
944	2157.6963851451874	0.27260129560004936	0.0	2
945	2160.6951248645782	0.27285392411473186	0.0002526285146824958	0
946	2163.7256920337677	0.27285392411473186	0.0	1
947	2165.7464916706085	0.27285392411473186	0.0	2
948	2167.7619881629944	0.27285392411473186	0.0	3
949	2169.8062908649445	0.27285392411473186	0.0	4
950	2171.8516614437103	0.27285392411473186	0.0	5
951	2173.890070915222	0.27307327046261515	0.00021934634788328689	0
952	2175.9225294589996	0.27307327046261515	0.0	1
953	2177.9643411636353	0.2731616301974803	8.835973486515103e-05	0
954	2180.0152513980865	0.2731616301974803	0.0	1
955	2182.056470632553	0.27318741517465456	2.5784977174259094e-05	0
956	2184.053298473358	0.27318741517465456	0.0	1
957	2186.132314682007	0.2733183750119955	0.0001309598373409604	0
958	2188.196460008621	0.2733183750119955	0.0	1
959	2190.279662132263	0.27343083285636927	0.00011245784437374784	0
960	2192.322895050049	0.27343083285636927	0.0	1
961	2194.3907492160797	0.2735377213598788	0.00010688850350953905	0
962	2196.4518733024597	0.2735377213598788	0.0	1
963	2198.49587726593	0.2735377213598788	0.0	2
964	2200.548081636429	0.2735377213598788	0.0	3
965	2202.593829393387	0.27368745094695934	0.00014972958708053818	0
966	2204.6474401950836	0.27368745094695934	0.0	1
967	2206.677980184555	0.2736875044983138	5.355135446194481e-08	2
968	2208.7311193943024	0.27412619719408043	0.0004386926957666293	0
969	2210.7559015750885	0.27412619719408043	0.0	1
970	2212.80401468277	0.27412619719408043	0.0	2
971	2214.860419511795	0.27412619719408043	0.0	3
972	2216.919383764267	0.27412619719408043	0.0	4
973	2218.9801692962646	0.27412619719408043	0.0	5
974	2221.0063586235046	0.27412619719408043	0.0	6
975	2223.062801837921	0.27412619719408043	0.0	7
976	2225.095371246338	0.27412619719408043	0.0	8
977	2227.1416339874268	0.27416186239615326	3.566520207282098e-05	0
978	2229.217267513275	0.27416186239615326	0.0	1
979	2231.252649784088	0.27416186239615326	0.0	2
980	2233.3388130664825	0.27416186239615326	0.0	3
981	2235.379456758499	0.27438120874403654	0.00021934634788328689	0
982	2237.4539527893066	0.27438120874403654	0.0	1
983	2239.5324099063873	0.27438120874403654	0.0	2
984	2241.6062009334564	0.27438120874403654	0.0	3
985	2243.633314371109	0.27438120874403654	0.0	4
986	2246.6365621089935	0.27438120874403654	0.0	5
987	2249.5969710350037	0.27438120874403654	0.0	6
988	2252.609676361084	0.27438120874403654	0.0	7
989	2254.68962597847	0.2744883917799956	0.00010718303595907974	0
990	2256.7319135665894	0.2744883917799956	0.0	1
991	2258.775053501129	0.2744883917799956	0.0	2
992	2260.8259315490723	0.2744883917799956	0.0	3
993	2262.8884167671204	0.2744883917799956	0.0	4
994	2264.9748842716217	0.2744883917799956	0.0	5
995	2267.0159595012665	0.2744883917799956	0.0	6
996	2269.1013474464417	0.2744883917799956	0.0	7
997	2271.1684622764587	0.27470773812787896	0.0002193463478833424	0
998	2273.2128033638	0.27470773812787896	0.0	1
999	2275.277348279953	0.27470773812787896	0.0	2
1000	2277.3111488819122	0.27470773812787896	0.0	3
1001	2279.3673305511475	0.27470773812787896	0.0	4
1002	2281.3788940906525	0.27470773812787896	0.0	5
1003	2283.4172048568726	0.27470773812787896	0.0	6
1004	2285.4398934841156	0.27470773812787896	0.0	7
1005	2287.473260164261	0.27472607946678274	1.834133890377121e-05	0
1006	2289.5083322525024	0.27472607946678274	0.0	1
1007	2291.5521607398987	0.27472607946678274	0.0	2
1008	2293.600294113159	0.2749454258146661	0.0002193463478833424	0
1009	2295.6375036239624	0.2749454258146661	0.0	1
1010	2297.6614162921906	0.2749454258146661	0.0	2
1011	2299.669904232025	0.27516477216254936	0.00021934634788328689	0
1012	2301.735300540924	0.27516477216254936	0.0	1
1013	2303.7741799354553	0.27516477216254936	0.0	2
1014	2305.7876975536346	0.27516477216254936	0.0	3
1015	2307.833060979843	0.27516477216254936	0.0	4
1016	2309.8925445079803	0.27516477216254936	0.0	5
1017	2311.929849386215	0.27516477216254936	0.0	6
1018	2313.974429130554	0.27516477216254936	0.0	7
1019	2316.0060148239136	0.27516477216254936	0.0	8
1020	2318.033912420273	0.27516477216254936	0.0	9
1021	2320.084239959717	0.27517998074721706	1.5208584667691927e-05	0
1022	2322.132027387619	0.27517998074721706	0.0	1
1023	2324.155995130539	0.27517998074721706	0.0	2
1024	2326.2071964740753	0.27550195826593005	0.0003219775187129903	0
1025	2328.25070476532	0.27553636501117296	3.4406745242909764e-05	0
1026	2330.355391740799	0.27553636501117296	0.0	1
1027	2332.367352962494	0.27553636501117296	0.0	2
1028	2335.3363497257233	0.27563093670315586	9.457169198290316e-05	0
1029	2338.2917153835297	0.2757557113590563	0.00012477465590043924	0
1030	2341.3056976795197	0.27585028305103915	9.457169198284765e-05	0
1031	2343.3255643844604	0.27585028305103915	0.0	1
1032	2345.362270593643	0.27585028305103915	0.0	2
1033	2347.356642961502	0.27602847518301715	0.00017819213197800554	0
1034	2349.401433944702	0.27602847518301715	0.0	1
1035	2351.4166054725647	0.27602847518301715	0.0	2
1036	2353.448489189148	0.27602847518301715	0.0	3
1037	2355.4815390110016	0.27602847518301715	0.0	4
1038	2357.5092465877533	0.27624782153090044	0.00021934634788328689	0
1039	2359.5928218364716	0.2763463292474364	9.850771653596713e-05	0
1040	2361.6281049251556	0.2763463292474364	0.0	1
1041	2363.6640188694	0.2763463292474364	0.0	2
1042	2365.7174713611603	0.2763463292474364	0.0	3
1043	2367.7716324329376	0.2763617788131992	1.544956576277068e-05	0
1044	2369.82138466835	0.2763617788131992	0.0	1
1045	2371.847788333893	0.2763617788131992	0.0	2
1046	2373.9351813793182	0.2764671678787837	0.00010538906558454908	0
1047	2375.994764328003	0.27658112516108246	0.0001139572822987378	0
1048	2378.0282652378082	0.27658112516108246	0.0	1
1049	2380.0812664031982	0.27658112516108246	0.0	2
1050	2382.13233089447	0.27658112516108246	0.0	3
1051	2384.1490063667297	0.27658112516108246	0.0	4
1052	2386.18585062027	0.27658112516108246	0.0	5
1053	2388.2073471546173	0.27658112516108246	0.0	6
1054	2390.2310259342194	0.27658112516108246	0.0	7
1055	2392.288108110428	0.2768004447332886	0.00021931957220611142	0
1056	2394.3083803653717	0.2768004447332886	0.0	1
1057	2396.3678138256073	0.27690746711518427	0.00010702238189569391	0
1058	2398.4008598327637	0.27690746711518427	0.0	1
1059	2400.452455997467	0.27690746711518427	0.0	2
1060	2402.514124393463	0.27690746711518427	0.0	3
1061	2404.533950328827	0.27690746711518427	0.0	4
1062	2406.5789000988007	0.27690746711518427	0.0	5
1063	2408.604880094528	0.27690746711518427	0.0	6
1064	2410.6531894207	0.27690746711518427	0.0	7
1065	2412.6669800281525	0.2769074938908615	2.6775677230972406e-08	8
1066	2414.7458188533783	0.2769074938908615	0.0	9
1067	2416.838792324066	0.2771268402387448	0.00021934634788328689	0
1068	2418.895579099655	0.2771268402387448	0.0	1
1069	2420.936789751053	0.2771268402387448	0.0	2
1070	2423.9381833076477	0.2771268402387448	0.0	3
1071	2426.9371366500854	0.2771268402387448	0.0	4
1072	2429.9362514019012	0.2771268402387448	0.0	5
1073	2432.0040419101715	0.2771268402387448	0.0	6
1074	2434.065819978714	0.2771268402387448	0.0	7
1075	2436.0917303562164	0.2771268402387448	0.0	8
1076	2438.1399829387665	0.2772269812715919	0.00010014103284711195	0
1077	2440.179785013199	0.27734618658662813	0.00011920531503623044	0
1078	2442.2595460414886	0.27734618658662813	0.0	1
1079	2444.2930586338043	0.27734618658662813	0.0	2
1080	2446.3206038475037	0.27734618658662813	0.0	3
1081	2448.36395072937	0.27734618658662813	0.0	4
1082	2450.3928241729736	0.27744632761947524	0.00010014103284711195	0
1083	2452.451232433319	0.27744632761947524	0.0	1
1084	2454.5104217529297	0.2774634372772264	1.710965775114648e-05	0
1085	2456.555685520172	0.27756759466165826	0.00010415738443186884	0
1086	2458.595012664795	0.27756759466165826	0.0	1
1087	2460.652776479721	0.2777869410095416	0.0002193463478833424	0
1088	2462.7062180042267	0.2777869410095416	0.0	1
1089	2464.727093935013	0.27779272455582366	5.783546282056573e-06	0
1090	2466.787456512451	0.27779272455582366	0.0	1
1091	2468.8174047470093	0.27779272455582366	0.0	2
1092	2470.8523960113525	0.27779272455582366	0.0	3
1093	2472.8886046409607	0.27779272455582366	0.0	4
1094	2474.925574541092	0.27779272455582366	0.0	5
1095	2476.9703092575073	0.27779272455582366	0.0	6
1096	2479.0081148147583	0.27789915787282027	0.00010643331699661251	0
1097	2481.0324289798737	0.27789915787282027	0.0	1
1098	2483.070390701294	0.27789915787282027	0.0	2
1099	2485.129301071167	0.27789915787282027	0.0	3
1100	2487.150989294052	0.27789915787282027	0.0	4
1101	2489.19682431221	0.2781555349823152	0.00025637710949494297	0
1102	2491.2606041431427	0.2781555349823152	0.0	1
1103	2493.314221382141	0.2781555349823152	0.0	2
1104	2495.3609318733215	0.2781555349823152	0.0	3
1105	2497.418182849884	0.27827048296467155	0.0001149479823563393	0
1106	2499.462179660797	0.27827048296467155	0.0	1
1107	2501.5352053642273	0.27827048296467155	0.0	2
1108	2503.5636887550354	0.27827048296467155	0.0	3
1109	2505.5617485046387	0.27827048296467155	0.0	4
1110	2507.624435901642	0.27827048296467155	0.0	5
1111	2509.639368534088	0.27832274908662813	5.226612195657898e-05	0
1112	2512.668074607849	0.27832274908662813	0.0	1
1113	2515.645105600357	0.27832274908662813	0.0	2
1114	2518.63640666008	0.27832274908662813	0.0	3
1115	2520.6573803424835	0.27838575225515466	6.300316852653198e-05	0
1116	2522.7322056293488	0.27838575225515466	0.0	1
1117	2524.7626824378967	0.27838575225515466	0.0	2
1118	2526.8061861991882	0.2784373222095032	5.156995434851819e-05	0
1119	2528.8832972049713	0.2784373222095032	0.0	1
1120	2530.925899028778	0.2784373222095032	0.0	2
1121	2532.968239068985	0.27855186855670105	0.00011454634719787471	0
1122	2535.0007643699646	0.27855186855670105	0.0	1
1123	2537.0434844493866	0.27855186855670105	0.0	2
1124	2539.0706191062927	0.27855186855670105	0.0	3
1125	2541.089385032654	0.27855186855670105	0.0	4
1126	2543.128809452057	0.27855186855670105	0.0	5
1127	2545.1502451896667	0.27877121490458434	0.00021934634788328689	0
1128	2547.172287940979	0.27877121490458434	0.0	1
1129	2549.1996874809265	0.27877121490458434	0.0	2
1130	2551.232233762741	0.27877121490458434	0.0	3
1131	2553.260405778885	0.27877121490458434	0.0	4
1132	2555.2659912109375	0.27877121490458434	0.0	5
1133	2557.3132059574127	0.27877121490458434	0.0	6
1134	2559.3374791145325	0.27877121490458434	0.0	7
1135	2561.376568555832	0.27895760039379525	0.00018638548921090514	0
1136	2563.405645132065	0.27895760039379525	0.0	1
1137	2565.467945098877	0.27895760039379525	0.0	2
1138	2567.5073754787445	0.27895760039379525	0.0	3
1139	2569.5710015296936	0.27895760039379525	0.0	4
1140	2571.631061077118	0.27906807683805385	0.00011047644425860037	0
1141	2573.654588699341	0.2791769467416786	0.00010886990362474203	0
1142	2575.676329612732	0.2791769467416786	0.0	1
1143	2577.702763080597	0.2791769467416786	0.0	2
1144	2579.743232488632	0.2791769467416786	0.0	3
1145	2581.772078037262	0.2791769467416786	0.0	4
1146	2583.7975652217865	0.2791769467416786	0.0	5
1147	2585.8215067386627	0.2791769467416786	0.0	6
1148	2587.867268562317	0.2791769467416786	0.0	7
1149	2589.903424978256	0.2792874231859372	0.00011047644425860037	0
1150	2591.95304107666	0.2792874231859372	0.0	1
1151	2593.9976291656494	0.2792874231859372	0.0	2
1152	2596.05197429657	0.2792874231859372	0.0	3
1153	2598.082118988037	0.2792874231859372	0.0	4
1154	2601.0215716362	0.2793962930895619	0.00010886990362468651	0
1155	2603.986553668976	0.2793962930895619	0.0	1
1156	2606.955338001251	0.2793962930895619	0.0	2
1157	2609.003255844116	0.2793962930895619	0.0	3
1158	2611.0598990917206	0.2793962930895619	0.0	4
1159	2613.091250896454	0.2795067695338205	0.00011047644425860037	0
1160	2615.133555173874	0.2795067695338205	0.0	1
1161	2617.160078763962	0.2795067695338205	0.0	2
1162	2619.1670529842377	0.27961563943744516	0.00010886990362468651	0
1163	2621.2079684734344	0.27961563943744516	0.0	1
1164	2623.2200319767	0.27961563943744516	0.0	2
1165	2625.228838443756	0.27972611588170376	0.00011047644425860037	0
1166	2627.2427871227264	0.27972611588170376	0.0	1
1167	2629.2644679546356	0.27972611588170376	0.0	2
1168	2631.278387784958	0.27972611588170376	0.0	3
1169	2633.3050816059113	0.27972611588170376	0.0	4
1170	2635.3416810035706	0.27972611588170376	0.0	5
1171	2637.366260290146	0.27972611588170376	0.0	6
1172	2639.3869228363037	0.27972611588170376	0.0	7
1173	2641.4087269306183	0.27972611588170376	0.0	8
1174	2643.4261372089386	0.27972611588170376	0.0	9
1175	2645.423434972763	0.27978753928527367	6.142340356990461e-05	0
1176	2647.4987320899963	0.27978753928527367	0.0	1
1177	2649.5152871608734	0.27982446294417634	3.692365890267668e-05	0
1178	2651.5381972789764	0.27982446294417634	0.0	1
1179	2653.5601794719696	0.27982446294417634	0.0	2
1180	2655.589967727661	0.27982446294417634	0.0	3
1181	2657.6069555282593	0.2798946955455555	7.023260137917209e-05	0
1182	2659.6607613563538	0.2798946955455555	0.0	1
1183	2661.6954894065857	0.2798946955455555	0.0	2
1184	2663.728251218796	0.2798946955455555	0.0	3
1185	2665.7692058086395	0.2798946955455555	0.0	4
1186	2667.7894020080566	0.2798946955455555	0.0	5
1187	2669.832635164261	0.2798946955455555	0.0	6
1188	2671.884436607361	0.2798946955455555	0.0	7
1189	2673.8942682743073	0.2799987726029557	0.00010407705740017592	0
1190	2675.905842065811	0.28007331608836916	7.454348541346967e-05	0
1191	2677.904545545578	0.28007331608836916	0.0	1
1192	2679.914052248001	0.28007331608836916	0.0	2
1193	2681.9600973129272	0.2801353017811609	6.198569279175503e-05	0
1194	2684.00883436203	0.2801353017811609	0.0	1
1195	2686.032565832138	0.2801353017811609	0.0	2
1196	2688.992174386978	0.28021811895083903	8.28171696781177e-05	0
1197	2691.9452924728394	0.28021811895083903	0.0	1
1198	2694.9402430057526	0.28021811895083903	0.0	2
1199	2696.966057062149	0.28021811895083903	0.0	3
1200	2698.9848630428314	0.28021811895083903	0.0	4
1201	2701.006226539612	0.28021811895083903	0.0	5
1202	2702.9971635341644	0.28043749207439955	0.00021937312356051786	0
1203	2705.004192829132	0.28043749207439955	0.0	1
1204	2707.0504298210144	0.28043749207439955	0.0	2
1205	2709.078889131546	0.28043749207439955	0.0	3
1206	2711.0905315876007	0.28043749207439955	0.0	4
1207	2713.142350912094	0.28043749207439955	0.0	5
1208	2715.1632063388824	0.28043749207439955	0.0	6
1209	2717.194018125534	0.28043749207439955	0.0	7
1210	2719.202000141144	0.28043749207439955	0.0	8
1211	2721.2195253372192	0.28043749207439955	0.0	9
1212	2723.230500936508	0.28043749207439955	0.0	10
1213	2725.262982606888	0.28043749207439955	0.0	11
1214	2727.2879869937897	0.28043749207439955	0.0	12
1215	2729.2859699726105	0.28043749207439955	0.0	13
1216	2731.301241159439	0.28043749207439955	0.0	14
1217	2733.301565885544	0.28043749207439955	0.0	15
1218	2735.3619072437286	0.28043749207439955	0.0	16
1219	2737.3893806934357	0.28043749207439955	0.0	17
1220	2739.431400537491	0.28043749207439955	0.0	18
1221	2741.437442302704	0.28043749207439955	0.0	19
1222	2743.459731578827	0.28043749207439955	0.0	20
1223	2745.474752187729	0.28053476810978284	9.727603538328689e-05	0
1224	2747.498119831085	0.28053476810978284	0.0	1
1225	2749.4956197738647	0.28053476810978284	0.0	2
1226	2751.5424983501434	0.28053476810978284	0.0	3
1227	2753.5596117973328	0.28053476810978284	0.0	4
1228	2755.5891587734222	0.28053476810978284	0.0	5
1229	2757.613805770874	0.28053476810978284	0.0	6
1230	2759.6391491889954	0.28053476810978284	0.0	7
1231	2761.654471874237	0.28053476810978284	0.0	8
1232	2763.690363883972	0.28053476810978284	0.0	9
1233	2765.7135231494904	0.28053476810978284	0.0	10
1234	2767.709374666214	0.28053476810978284	0.0	11
1235	2769.721111059189	0.28053476810978284	0.0	12
1236	2771.739145755768	0.28053476810978284	0.0	13
1237	2773.7724738121033	0.28053476810978284	0.0	14
1238	2776.7338559627533	0.28053476810978284	0.0	15
1239	2779.7132732868195	0.28053476810978284	0.0	16
1240	2782.707845211029	0.28053476810978284	0.0	17
1241	2784.684659719467	0.28053476810978284	0.0	18
1242	2786.6995329856873	0.28053476810978284	0.0	19
1243	2788.709141731262	0.28053476810978284	0.0	20
1244	2790.7563574314117	0.28053476810978284	0.0	21
1245	2792.7743096351624	0.28053476810978284	0.0	22
1246	2794.8309428691864	0.28053476810978284	0.0	23
1247	2796.8584332466125	0.28053476810978284	0.0	24
1248	2798.854655265808	0.28053476810978284	0.0	25
1249	2800.8933079242706	0.28053476810978284	0.0	26
1250	2803.005858898163	0.28053476810978284	0.0	27
1251	2805.0378019809723	0.28053476810978284	0.0	28
1252	2807.086051940918	0.28053476810978284	0.0	29
1253	2809.1434750556946	0.28053476810978284	0.0	30
1254	2811.20512509346	0.28053476810978284	0.0	31
1255	2813.2889709472656	0.28053476810978284	0.0	32
1256	2815.3116133213043	0.28064050525917145	0.00010573714938860723	0
1257	2817.354813814163	0.28064050525917145	0.0	1
1258	2819.403613805771	0.2807541144576662	0.00011360919849473516	0
1259	2821.4220283031464	0.2807541144576662	0.0	1
1260	2823.4603168964386	0.2807541144576662	0.0	2
1261	2825.4696633815765	0.2807541144576662	0.0	3
1262	2827.483147382736	0.2807541144576662	0.0	4
1263	2829.494117975235	0.2807541144576662	0.0	5
1264	2831.51851606369	0.28085985160705473	0.00010573714938855172	0
1265	2833.5583469867706	0.28085985160705473	0.0	1
1266	2835.5826122760773	0.28085985160705473	0.0	2
1267	2837.587453842163	0.28085985160705473	0.0	3
1268	2839.608073234558	0.28085985160705473	0.0	4
1269	2841.624372959137	0.28085985160705473	0.0	5
1270	2843.644626379013	0.28085985160705473	0.0	6
1271	2845.65003323555	0.28085985160705473	0.0	7
1272	2847.681977748871	0.28085985160705473	0.0	8
1273	2849.7006092071533	0.28085985160705473	0.0	9
1274	2851.726903438568	0.28085985160705473	0.0	10
1275	2853.774894952774	0.28085985160705473	0.0	11
1276	2855.7919816970825	0.28085985160705473	0.0	12
1277	2857.821079492569	0.28085985160705473	0.0	13
1278	2859.8455724716187	0.28095418231794256	9.433071088782441e-05	0
1279	2861.866233110428	0.28095418231794256	0.0	1
1280	2864.838648080826	0.28095418231794256	0.0	2
1281	2867.7951238155365	0.28095418231794256	0.0	3
1282	2870.7847299575806	0.28095418231794256	0.0	4
1283	2872.789673805237	0.28095418231794256	0.0	5
1284	2874.844818353653	0.28095418231794256	0.0	6
1285	2876.840891122818	0.28095418231794256	0.0	7
1286	2878.851933002472	0.28117352866582584	0.00021934634788328689	0
1287	2880.9204444885254	0.28117352866582584	0.0	1
1288	2882.9616429805756	0.28117352866582584	0.0	2
1289	2885.0021755695343	0.28117352866582584	0.0	3
1290	2887.0535368919373	0.28117352866582584	0.0	4
1291	2889.120405435562	0.28117352866582584	0.0	5
1292	2891.1609716415405	0.28117352866582584	0.0	6
1293	2893.207752466202	0.2813745604504826	0.00020103178465674665	0
1294	2895.230576992035	0.2813745604504826	0.0	1
1295	2897.2672111988068	0.2813745604504826	0.0	2
1296	2899.2798807621	0.2815939067983659	0.00021934634788328689	0
1297	2901.30699467659	0.2815939067983659	0.0	1
1298	2903.304633140564	0.2815939067983659	0.0	2
1299	2905.3300173282623	0.2817303288738622	0.0001364220754963008	0
1300	2907.358269929886	0.2817303288738622	0.0	1
1301	2909.384219646454	0.2817303288738622	0.0	2
1302	2911.458277463913	0.2817303288738622	0.0	3
1303	2913.491779565811	0.2817303288738622	0.0	4
1304	2915.4980866909027	0.2817303288738622	0.0	5
1305	2917.5203578472137	0.2817303288738622	0.0	6
1306	2919.555226802826	0.28183818130175203	0.00010785242788985405	0
1307	2921.621956348419	0.28183818130175203	0.0	1
1308	2923.671070575714	0.28183818130175203	0.0	2
1309	2925.6924464702606	0.28183818130175203	0.0	3
1310	2927.715354204178	0.28194967522174547	0.00011149391999343283	0
1311	2929.7132318019867	0.28220238406345965	0.0002527088417141887	0
1312	2931.7214131355286	0.2823555944885803	0.0001532104251206201	0
1313	2933.73800945282	0.2823555944885803	0.0	1
1314	2935.748731613159	0.2823555944885803	0.0	2
1315	2937.7685656547546	0.2827942871843469	0.0004386926957666293	0
1316	2939.8155920505524	0.2827942871843469	0.0	1
1317	2941.8304736614227	0.2827942871843469	0.0	2
1318	2943.8663001060486	0.2827942871843469	0.0	3
1319	2945.892908334732	0.28301363353223025	0.0002193463478833424	0
1320	2947.9233944416046	0.28301363353223025	0.0	1
1321	2949.944569826126	0.28301363353223025	0.0	2
1322	2952.900498151779	0.28301363353223025	0.0	3
1323	2955.8714220523834	0.28301363353223025	0.0	4
1324	2958.887078523636	0.28301363353223025	0.0	5
1325	2960.9119081497192	0.28301363353223025	0.0	6
1326	2962.938668489456	0.28301363353223025	0.0	7
1327	2964.9664516448975	0.28301363353223025	0.0	8
1328	2966.9762148857117	0.28301363353223025	0.0	9
1329	2968.9765911102295	0.28301363353223025	0.0	10
1330	2970.971402168274	0.28301363353223025	0.0	11
1331	2972.987781763077	0.28301363353223025	0.0	12
1332	2975.023830652237	0.28323297988011353	0.00021934634788328689	0
1333	2977.0498192310333	0.28323297988011353	0.0	1
1334	2979.0730426311493	0.28323297988011353	0.0	2
1335	2981.0906975269318	0.28323297988011353	0.0	3
1336	2983.1087741851807	0.28323297988011353	0.0	4
1337	2985.1376583576202	0.28323297988011353	0.0	5
1338	2987.172213792801	0.28323297988011353	0.0	6
1339	2989.18301486969	0.2832944032836834	6.14234035698491e-05	0
1340	2991.198664665222	0.2835241385943327	0.00022973531064929276	0
1341	2993.2052080631256	0.2835241385943327	0.0	1
1342	2995.201017141342	0.2835241385943327	0.0	2
1343	2997.2288851737976	0.2835241385943327	0.0	3
1344	2999.241861820221	0.2835450236225735	2.088502824082461e-05	0
1345	3001.2465353012085	0.2835450236225735	0.0	1
1346	3003.259644508362	0.2835450236225735	0.0	2
1347	3005.287360191345	0.2835450236225735	0.0	3
1348	3007.3032879829407	0.28374072704746106	0.0001957034248875611	0
1349	3009.3235664367676	0.2837434313908615	2.7043434004392353e-06	0
1350	3011.32971739769	0.2837434313908615	0.0	1
1351	3013.3448507785797	0.2838499182592126	0.00010648686835107446	0
1352	3015.376049757004	0.2838499182592126	0.0	1
1353	3017.3802835941315	0.2838499182592126	0.0	2
1354	3019.415125846863	0.2838499182592126	0.0	3
1355	3021.434340953827	0.2838499182592126	0.0	4
1356	3023.4726481437683	0.2838499182592126	0.0	5
1357	3025.4876532554626	0.2838499182592126	0.0	6
1358	3027.505255460739	0.2840571084496326	0.00020719019042003683	0
1359	3029.5014655590057	0.2840571084496326	0.0	1
1360	3031.5385313034058	0.2840571084496326	0.0	2
1361	3033.531869649887	0.2840670957772401	9.987327607485774e-06	0
1362	3035.5688333511353	0.2840670957772401	0.0	1
1363	3037.5685484409332	0.2840670957772401	0.0	2
1364	3040.526515722275	0.2840670957772401	0.0	3
1365	3043.4779753684998	0.2840670957772401	0.0	4
1366	3046.4461283683777	0.2840670957772401	0.0	5
1367	3048.479062795639	0.2840670957772401	0.0	6
1368	3050.498485803604	0.2840670957772401	0.0	7
1369	3052.563254594803	0.2840670957772401	0.0	8
1370	3054.5899221897125	0.2840670957772401	0.0	9
1371	3056.605194568634	0.28438326297399374	0.00031616719675364724	0
1372	3058.6339168548584	0.28438326297399374	0.0	1
1373	3060.6334433555603	0.28438326297399374	0.0	2
1374	3062.6425070762634	0.28438326297399374	0.0	3
1375	3064.6745142936707	0.2844534687996957	7.020582570194112e-05	0
1376	3066.6681187152863	0.2844534687996957	0.0	1
1377	3068.7069175243378	0.2844534687996957	0.0	2
1378	3070.7477538585663	0.2844534687996957	0.0	3
1379	3072.7914617061615	0.2844534687996957	0.0	4
1380	3074.8041372299194	0.2844534687996957	0.0	5
1381	3076.831496477127	0.2844534687996957	0.0	6
1382	3078.8327536582947	0.2844534687996957	0.0	7
1383	3080.855765581131	0.2844534687996957	0.0	8
1384	3082.866763114929	0.2844534687996957	0.0	9
1385	3084.8721599578857	0.2844534687996957	0.0	10
1386	3086.9065017700195	0.2844534687996957	0.0	11
1387	3088.9333667755127	0.2844534687996957	0.0	12
1388	3090.931489467621	0.28465538418170105	0.00020191538200536874	0
1389	3092.936956167221	0.2847220020666539	6.661788495282428e-05	0
1390	3094.9367852211	0.2847220020666539	0.0	1
1391	3096.9280002117157	0.2847220020666539	0.0	2
1392	3098.9805068969727	0.2847220020666539	0.0	3
1393	3101.015030145645	0.2847220020666539	0.0	4
1394	3103.0252401828766	0.28473753195944834	1.5529892794463596e-05	0
1395	3105.019362926483	0.28473753195944834	0.0	1
1396	3107.0356018543243	0.28473753195944834	0.0	2
1397	3109.0493533611298	0.28473753195944834	0.0	3
1398	3111.1060378551483	0.28473753195944834	0.0	4
1399	3113.1094789505005	0.28473753195944834	0.0	5
1400	3115.1275730133057	0.2847482154546639	1.0683495215546568e-05	0
1401	3117.1465129852295	0.28506732797591305	0.0003191125212491652	0
1402	3119.1391746997833	0.2851606947624205	9.336678650745389e-05	0
1403	3121.139081954956	0.2851606947624205	0.0	1
1404	3123.143623828888	0.2855060206716797	0.0003453259092591754	0
1405	3125.150291442871	0.2855060206716797	0.0	1
1406	3128.1213920116425	0.2855060206716797	0.0	2
1407	3131.0481684207916	0.2855060206716797	0.0	3
1408	3134.0332205295563	0.2855060206716797	0.0	4
1409	3136.031742811203	0.2855060206716797	0.0	5
1410	3138.0316717624664	0.2855060206716797	0.0	6
1411	3140.0499193668365	0.2855060206716797	0.0	7
1412	3142.084939479828	0.2855060206716797	0.0	8
1413	3144.0657160282135	0.2855060206716797	0.0	9
1414	3146.1321375370026	0.2855060206716797	0.0	10
1415	3148.1524884700775	0.2855060206716797	0.0	11
1416	3150.175222158432	0.2855060206716797	0.0	12
1417	3152.206390142441	0.2855060206716797	0.0	13
1418	3154.2662036418915	0.2855060206716797	0.0	14
1419	3156.293923854828	0.2855060206716797	0.0	15
1420	3158.3366980552673	0.28557973411109894	7.371343941925401e-05	0
1421	3160.3131029605865	0.28557973411109894	0.0	1
1422	3162.3257489204407	0.28557973411109894	0.0	2
1423	3164.3234012126923	0.28557973411109894	0.0	3
1424	3166.3148050308228	0.28557973411109894	0.0	4
1425	3168.318928003311	0.28557973411109894	0.0	5
1426	3170.319779396057	0.28557973411109894	0.0	6
1427	3172.3070814609528	0.28557973411109894	0.0	7
1428	3174.3191163539886	0.28557973411109894	0.0	8
1429	3176.327515602112	0.28557973411109894	0.0	9
1430	3178.341340780258	0.28557973411109894	0.0	10
1431	3180.3643701076508	0.28557973411109894	0.0	11
1432	3182.379809856415	0.28557973411109894	0.0	12
1433	3184.3847892284393	0.28557973411109894	0.0	13
1434	3186.4104628562927	0.28557973411109894	0.0	14
1435	3188.423868894577	0.28557973411109894	0.0	15
1436	3190.440361261368	0.28557973411109894	0.0	16
1437	3192.4514558315277	0.28557973411109894	0.0	17
1438	3194.494458913803	0.28557973411109894	0.0	18
1439	3196.4939620494843	0.28557973411109894	0.0	19
1440	3198.4940192699432	0.28557973411109894	0.0	20
1441	3200.5722801685333	0.28557973411109894	0.0	21
1442	3202.6068572998047	0.28557973411109894	0.0	22
1443	3204.636730670929	0.28557973411109894	0.0	23
1444	3206.6567533016205	0.28557973411109894	0.0	24
1445	3208.6636424064636	0.28557973411109894	0.0	25
1446	3210.684280872345	0.28557973411109894	0.0	26
1447	3212.6836416721344	0.28557973411109894	0.0	27
1448	3215.631904363632	0.28564985960976913	7.012549867019269e-05	0
1449	3218.598145008087	0.28564985960976913	0.0	1
1450	3221.55397772789	0.28564985960976913	0.0	2
1451	3223.578731060028	0.28564985960976913	0.0	3
1452	3225.578586578369	0.28564985960976913	0.0	4
1453	3227.6283786296844	0.28564985960976913	0.0	5
1454	3229.6271347999573	0.28564985960976913	0.0	6
1455	3231.6476995944977	0.28564985960976913	0.0	7
1456	3233.6712551116943	0.28564985960976913	0.0	8
1457	3235.6890428066254	0.2857990804589822	0.0001492208492130942	0
1458	3237.703359603882	0.2857990804589822	0.0	1
1459	3239.715671300888	0.2857990804589822	0.0	2
1460	3241.72034573555	0.2857990804589822	0.0	3
1461	3243.749002456665	0.2857990804589822	0.0	4
1462	3245.789671421051	0.2857990804589822	0.0	5
1463	3247.8071756362915	0.2857990804589822	0.0	6
1464	3249.81445145607	0.2857990804589822	0.0	7
1465	3251.858806848526	0.2860905337056509	0.00029145324666868255	0
1466	3253.8572130203247	0.2860905337056509	0.0	1
1467	3255.8852853775024	0.2860905337056509	0.0	2
1468	3257.9038116931915	0.2860905337056509	0.0	3
1469	3259.9273257255554	0.2860905337056509	0.0	4
1470	3261.9809064865112	0.2860905337056509	0.0	5
1471	3263.991174697876	0.2861639793882979	7.34456826469998e-05	0
1472	3265.987837791443	0.2861639793882979	0.0	1
1473	3267.989500284195	0.2861639793882979	0.0	2
1474	3269.9863612651825	0.2861639793882979	0.0	3
1475	3272.009497642517	0.2861639793882979	0.0	4
1476	3274.020982980728	0.2861639793882979	0.0	5
1477	3276.0466582775116	0.2861639793882979	0.0	6
1478	3278.0490276813507	0.2861639793882979	0.0	7
1479	3280.083236217499	0.2861639793882979	0.0	8
1480	3282.112607717514	0.2861639793882979	0.0	9
1481	3284.106987953186	0.2861639793882979	0.0	10
1482	3286.145298719406	0.28621062261803576	4.664322973785273e-05	0
1483	3288.1399500370026	0.28621062261803576	0.0	1
1484	3290.1802217960358	0.28621062261803576	0.0	2
1485	3292.2021920681	0.28621062261803576	0.0	3
1486	3294.215592622757	0.28628645133595637	7.582871792061185e-05	0
1487	3296.2169938087463	0.28628645133595637	0.0	1
1488	3298.233994245529	0.28628645133595637	0.0	2
1489	3300.2148349285126	0.28628645133595637	0.0	3
1490	3303.172767162323	0.28628645133595637	0.0	4
1491	3306.083823442459	0.28628645133595637	0.0	5
1492	3309.0678293704987	0.28628645133595637	0.0	6
1493	3311.07915186882	0.28628645133595637	0.0	7
1494	3313.1083641052246	0.28628645133595637	0.0	8
1495	3315.128096342087	0.28628645133595637	0.0	9
1496	3317.1336262226105	0.28628645133595637	0.0	10
1497	3319.1885845661163	0.28628645133595637	0.0	11
1498	3321.186398744583	0.28628645133595637	0.0	12
1499	3323.255432844162	0.28628645133595637	0.0	13
1500	3325.2501814365387	0.28628645133595637	0.0	14
1501	3327.2696499824524	0.28633895843900803	5.250710305165773e-05	0
1502	3329.2552444934845	0.2865583047868913	0.00021934634788328689	0
1503	3331.275148153305	0.2865583047868913	0.0	1
1504	3333.275549173355	0.2866695041744352	0.00011119938754389214	0
1505	3335.277624607086	0.28673124888613183	6.174471169662077e-05	0
1506	3337.2995026111603	0.28673124888613183	0.0	1
1507	3339.3241217136383	0.28695059523401517	0.0002193463478833424	0
1508	3341.337213039398	0.28695059523401517	0.0	1
1509	3343.3151862621307	0.28695059523401517	0.0	2
1510	3345.349584341049	0.28695059523401517	0.0	3
1511	3347.3458626270294	0.28695059523401517	0.0	4
1512	3349.3687829971313	0.28695059523401517	0.0	5
1513	3351.3617870807648	0.28695059523401517	0.0	6
1514	3353.3797512054443	0.28695059523401517	0.0	7
1515	3355.366827249527	0.28695059523401517	0.0	8
1516	3357.385398864746	0.28695059523401517	0.0	9
1517	3359.3704566955566	0.28695059523401517	0.0	10
1518	3361.403366088867	0.28695059523401517	0.0	11
1519	3363.4446415901184	0.28695059523401517	0.0	12
1520	3365.4366323947906	0.2870563323834037	0.00010573714938855172	0
1521	3367.439485311508	0.2870729600789647	1.6627695560988975e-05	0
1522	3369.437392950058	0.2870729600789647	0.0	1
1523	3371.460876941681	0.2870729600789647	0.0	2
1524	3373.4771723747253	0.2870729600789647	0.0	3
1525	3375.462898492813	0.2870729600789647	0.0	4
1526	3377.4886667728424	0.2870729600789647	0.0	5
1527	3379.514467716217	0.2870729600789647	0.0	6
1528	3381.5409433841705	0.2870729600789647	0.0	7
1529	3383.544115304947	0.2870729600789647	0.0	8
1530	3385.5811462402344	0.2870729600789647	0.0	9
1531	3387.5749745368958	0.2870729600789647	0.0	10
1532	3390.5564138889313	0.2870729600789647	0.0	11
1533	3393.4730644226074	0.2870729600789647	0.0	12
1534	3396.436845779419	0.2870729600789647	0.0	13
1535	3398.4164760112762	0.2870729600789647	0.0	14
1536	3400.4279549121857	0.2870729600789647	0.0	15
1537	3402.4207849502563	0.2870729600789647	0.0	16
1538	3404.4264028072357	0.2870729600789647	0.0	17
1539	3406.405778169632	0.2870729600789647	0.0	18
1540	3408.4113137722015	0.2870729600789647	0.0	19
1541	3410.420301437378	0.2870729600789647	0.0	20
1542	3412.4212062358856	0.2870729600789647	0.0	21
1543	3414.420406103134	0.2870729600789647	0.0	22
1544	3416.4131298065186	0.28736128057139726	0.00028832049243254776	0
1545	3418.4121713638306	0.28736128057139726	0.0	1
1546	3420.4145669937134	0.28736128057139726	0.0	2
1547	3422.406720638275	0.28736128057139726	0.0	3
1548	3424.433025121689	0.28736128057139726	0.0	4
1549	3426.4270186424255	0.28736128057139726	0.0	5
1550	3428.4553883075714	0.28736128057139726	0.0	6
1551	3430.4673342704773	0.28760357367466827	0.0002422931032710074	0
1552	3432.4974460601807	0.28760357367466827	0.0	1
1553	3434.5258252620697	0.28760357367466827	0.0	2
1554	3436.5581755638123	0.28767468987339606	7.111619872779418e-05	0
1555	3438.582030773163	0.28767468987339606	0.0	1
1556	3440.6018109321594	0.28767468987339606	0.0	2
1557	3442.5807456970215	0.28767468987339606	0.0	3
1558	3444.659892320633	0.28767468987339606	0.0	4
1559	3446.671162843704	0.28767468987339606	0.0	5
1560	3448.734130382538	0.28767468987339606	0.0	6
1561	3450.7105326652527	0.28767468987339606	0.0	7
1562	3452.7296974658966	0.28767468987339606	0.0	8
1563	3454.7252423763275	0.28767468987339606	0.0	9
1564	3456.6961023807526	0.28767468987339606	0.0	10
1565	3458.713191509247	0.28767468987339606	0.0	11
1566	3460.7304315567017	0.28767468987339606	0.0	12
1567	3462.7951469421387	0.28767468987339606	0.0	13
1568	3464.803291082382	0.28767468987339606	0.0	14
1569	3466.8094239234924	0.28767468987339606	0.0	15
1570	3468.800793647766	0.28767468987339606	0.0	16
1571	3470.8388199806213	0.28767468987339606	0.0	17
1572	3472.834730386734	0.28767468987339606	0.0	18
1573	3474.8641612529755	0.28767468987339606	0.0	19
1574	3477.856073141098	0.28767468987339606	0.0	20
1575	3480.8407669067383	0.28789403622127935	0.00021934634788328689	0
1576	3483.79523229599	0.28789403622127935	0.0	1
1577	3485.7781965732574	0.28789403622127935	0.0	2
1578	3487.762380361557	0.28789403622127935	0.0	3
1579	3489.7924830913544	0.28789403622127935	0.0	4
1580	3491.807044029236	0.28789403622127935	0.0	5
1581	3493.8191924095154	0.28789403622127935	0.0	6
1582	3495.8117632865906	0.28789403622127935	0.0	7
1583	3497.853764295578	0.28789403622127935	0.0	8
1584	3499.8484168052673	0.28789403622127935	0.0	9
1585	3501.8624913692474	0.28789403622127935	0.0	10
1586	3503.8684906959534	0.28789403622127935	0.0	11
1587	3505.8668932914734	0.287963519103696	6.948288241664935e-05	0
1588	3507.891167163849	0.287963519103696	0.0	1
1589	3509.870484352112	0.287963519103696	0.0	2
1590	3511.8849442005157	0.287963519103696	0.0	3
1591	3513.870800256729	0.287963519103696	0.0	4
1592	3515.8853118419647	0.287963519103696	0.0	5
1593	3517.8861949443817	0.287963519103696	0.0	6
1594	3519.8993711471558	0.287963519103696	0.0	7
1595	3521.900535106659	0.287963519103696	0.0	8
1596	3523.9065783023834	0.287963519103696	0.0	9
1597	3525.8927557468414	0.287963519103696	0.0	10
1598	3527.85559797287	0.287963519103696	0.0	11
1599	3529.836838722229	0.287963519103696	0.0	12
1600	3531.8253791332245	0.287963519103696	0.0	13
1601	3533.8385541439056	0.287963519103696	0.0	14
1602	3535.8291232585907	0.287963519103696	0.0	15
1603	3537.820605278015	0.287963519103696	0.0	16
1604	3539.8442981243134	0.287963519103696	0.0	17
1605	3541.8316566944122	0.287963519103696	0.0	18
1606	3543.809371948242	0.287963519103696	0.0	19
1607	3545.7997982501984	0.287963519103696	0.0	20
1608	3547.764577627182	0.287963519103696	0.0	21
1609	3549.7697789669037	0.287963519103696	0.0	22
1610	3551.7589361667633	0.287963519103696	0.0	23
1611	3553.76478099823	0.287963519103696	0.0	24
1612	3555.756569623947	0.287963519103696	0.0	25
1613	3557.7646639347076	0.287963519103696	0.0	26
1614	3559.7593047618866	0.28808513422968307	0.00012161512598707347	0
1615	3561.752865552902	0.28808513422968307	0.0	1
1616	3564.7161605358124	0.28808513422968307	0.0	2
1617	3567.662317752838	0.28808513422968307	0.0	3
1618	3570.634466648102	0.28808513422968307	0.0	4
1619	3572.6127111911774	0.28808513422968307	0.0	5
1620	3574.6281418800354	0.28808513422968307	0.0	6
1621	3576.6609625816345	0.28808513422968307	0.0	7
1622	3578.678163766861	0.28808513422968307	0.0	8
1623	3580.7004721164703	0.28808513422968307	0.0	9
1624	3582.6944036483765	0.28808513422968307	0.0	10
1625	3584.700570821762	0.28808513422968307	0.0	11
1626	3586.7011404037476	0.28808513422968307	0.0	12
1627	3588.6890494823456	0.28808513422968307	0.0	13
1628	3590.684802055359	0.28820484828258663	0.0001197140529035634	0
1629	3592.689085960388	0.2884022117994626	0.0001973635168759924	0
1630	3594.6840920448303	0.2884022117994626	0.0	1
1631	3596.681592464447	0.2884022117994626	0.0	2
1632	3598.6868736743927	0.2884022117994626	0.0	3
1633	3600.6809754371643	0.2884022117994626	0.0	4
