1	15.872730255126953	0.08974842858905462	10000000000.089748	0
2	27.90399408340454	0.09034153661541731	0.0005931080263626987	0
3	40.29925060272217	0.09034153661541731	0.0	1
4	52.802448749542236	0.09396213699678864	0.003620600381371325	0
5	65.93899965286255	0.10033128742168651	0.006369150424897871	0
6	80.28140807151794	0.10045041910361031	0.00011913168192380363	0
7	95.32008337974548	0.11208101688024376	0.011630597776633445	0
8	111.37067294120789	0.12572532632053357	0.013644309440289812	0
9	127.50881791114807	0.12572532632053357	0.0	1
10	144.13120889663696	0.133609652074708	0.007884325754174443	0
11	161.2647364139557	0.133609652074708	0.0	1
12	179.4486632347107	0.133609652074708	0.0	2
13	197.79122257232666	0.1351656268421666	0.0015559747674585844	0
14	215.8724513053894	0.14172032601636186	0.0065546991741952665	0
15	234.63738179206848	0.15252154049681949	0.010801214480457622	0
16	253.6845190525055	0.15252154049681949	0.0	1
17	273.43067622184753	0.15331217269412153	0.0007906321973020491	0
18	293.04608702659607	0.15331217269412153	0.0	1
19	311.75178623199463	0.15400844740485853	0.0006962747107369938	0
20	331.2605438232422	0.15470381174256964	0.0006953643377111129	0
21	350.17416858673096	0.16374060280831873	0.009036791065749089	0
22	368.6739602088928	0.16374060280831873	0.0	1
23	387.90597581863403	0.16455795713149815	0.00081735432317942	0
24	406.5296800136566	0.16455795713149815	0.0	1
25	424.35750436782837	0.16711451218143372	0.0025565550499355716	0
26	442.26359510421753	0.16787138024974638	0.000756868068312655	0
27	460.1415283679962	0.1727784113498026	0.0049070311000562195	0
28	478.0881714820862	0.1765051036582858	0.003726692308483215	0
29	495.65552830696106	0.1765051036582858	0.0	1
30	513.18572306633	0.17900311368995395	0.0024980100316681353	0
31	530.7768197059631	0.17900311368995395	0.0	1
32	548.5761165618896	0.17900311368995395	0.0	2
33	566.5204088687897	0.17900311368995395	0.0	3
34	584.4023876190186	0.18190286598280875	0.0028997522928548014	0
35	602.0702142715454	0.18443322103257295	0.0025303550497642047	0
36	619.8130326271057	0.18811324333564106	0.0036800223030681034	0
37	637.860949754715	0.18811324333564106	0.0	1
38	655.5330789089203	0.1882472957637023	0.00013405242806124873	0
39	672.9970989227295	0.1885501286731945	0.00030283290949220665	0
40	690.5603380203247	0.19156594013901077	0.003015811465816254	0
41	708.1547975540161	0.19156594013901077	0.0	1
42	726.1059257984161	0.19156594013901077	0.0	2
43	744.2288656234741	0.19160309139116996	3.715125215919546e-05	0
44	762.2823352813721	0.19160309139116996	0.0	1
45	780.2870228290558	0.19200463283477737	0.00040154144360740607	0
46	798.1179571151733	0.19222680401660863	0.0002221711818312655	0
47	815.9492099285126	0.19379626033755348	0.0015694563209448509	0
48	833.9371359348297	0.19379626033755348	0.0	1
49	852.1144511699677	0.19379626033755348	0.0	2
50	870.1693167686462	0.19379626033755348	0.0	3
51	888.46036028862	0.1939193481257883	0.0001230877882348047	0
52	906.7365591526031	0.19598705963650198	0.0020677115107136934	0
53	924.9484255313873	0.19620637920870806	0.00021931957220608367	0
54	943.1031770706177	0.19620637920870806	0.0	1
55	961.0356643199921	0.19620637920870806	0.0	2
56	978.993156671524	0.19642668948097172	0.0002203102722636574	0
57	996.8463401794434	0.1965790163087437	0.00015232682777197026	0
58	1014.8292391300201	0.1965790163087437	0.0	1
59	1032.7697031497955	0.19753044983566162	0.0009514335269179275	0
60	1050.5921885967255	0.19855285229508254	0.0010224024594209236	0
61	1068.6242854595184	0.19855285229508254	0.0	1
62	1086.7457866668701	0.19855285229508254	0.0	2
63	1104.7515814304352	0.1992139303780983	0.0006610780830157426	0
64	1122.196698665619	0.20007645526876783	0.0008625248906695415	0
65	1140.5270676612854	0.20090858976577924	0.0008321344970114164	0
66	1158.5942165851593	0.20158478271859237	0.0006761929528131261	0
67	1176.726814031601	0.20158478271859237	0.0	1
68	1194.8552737236023	0.20159427469617106	9.491977578685029e-06	0
69	1212.9102261066437	0.20159427469617106	0.0	1
70	1231.065526008606	0.20213940070893427	0.000545126012763214	0
71	1249.1080224514008	0.20248067010309279	0.00034126939415851654	0
72	1267.1370797157288	0.20248067010309279	0.0	1
73	1285.2282328605652	0.20277849596094266	0.00029782585784987603	0
74	1303.3267376422882	0.20458561319299737	0.0018071172320547058	0
75	1321.342735528946	0.20458561319299737	0.0	1
76	1339.4548246860504	0.20458561319299737	0.0	2
77	1357.6892564296722	0.20458561319299737	0.0	3
78	1375.9126613140106	0.20545503282055413	0.0008694196275567667	0
79	1394.0108006000519	0.20545503282055413	0.0	1
80	1412.0771799087524	0.20553549373063584	8.046091008170886e-05	0
81	1430.0825362205505	0.20553549373063584	0.0	1
82	1448.0756828784943	0.2058969787611044	0.00036148503046856684	0
83	1466.239881515503	0.20615014278933155	0.000253164028227143	0
84	1484.4053332805634	0.20622002730690667	6.988451757511394e-05	0
85	1502.6698815822601	0.2081165886887544	0.001896561381847739	0
86	1520.6084599494934	0.2081165886887544	0.0	1
87	1538.8937227725983	0.2081165886887544	0.0	2
88	1557.1522698402405	0.2081165886887544	0.0	3
89	1575.32554936409	0.2081165886887544	0.0	4
90	1593.4260320663452	0.20835028679963397	0.00023369811087955994	0
91	1611.726612329483	0.20835028679963397	0.0	1
92	1629.9533157348633	0.2098660846634062	0.0015157978637722336	0
93	1647.9584956169128	0.20988556396859237	1.9479305186170803e-05	0
94	1666.2001495361328	0.21006127935042637	0.00017571538183400182	0
95	1684.448299407959	0.21006127935042637	0.0	1
96	1702.7158286571503	0.21145978636008447	0.001398507009658101	0
97	1721.0987510681152	0.21145978636008447	0.0	1
98	1739.2690601348877	0.21145978636008447	0.0	2
99	1757.615632534027	0.21145978636008447	0.0	3
100	1775.97305893898	0.21145978636008447	0.0	4
101	1794.2446932792664	0.21145978636008447	0.0	5
102	1812.3952658176422	0.2124296549407765	0.0009698685806920349	0
103	1830.573269367218	0.2124296549407765	0.0	1
104	1848.814466714859	0.2124296549407765	0.0	2
105	1867.0931940078735	0.21267028795205914	0.0002406330112826316	0
106	1885.4722888469696	0.21267028795205914	0.0	1
107	1903.656760931015	0.21289527057999974	0.00022498262794060087	0
108	1921.8789336681366	0.21289527057999974	0.0	1
109	1940.0441734790802	0.2131121267899005	0.00021685620990075094	0
110	1958.1282076835632	0.2132278378790579	0.00011571108915742201	0
111	1976.3591182231903	0.21368570195972253	0.00045786408066461615	0
112	1994.4961931705475	0.2142250578140423	0.000539355854319773	0
113	2012.7569909095764	0.2142250578140423	0.0	1
114	2031.0267643928528	0.2142250578140423	0.0	2
115	2049.24014544487	0.2145735298653762	0.0003484720513338979	0
116	2067.475724697113	0.2145735298653762	0.0	1
117	2085.6983258724213	0.21465993497580338	8.640511042717902e-05	0
118	2103.938151359558	0.21522262583283067	0.000562690857027287	0
119	2122.1494266986847	0.21539913109714304	0.000176505264312371	0
120	2140.3421490192413	0.21544722021345142	4.808911630838075e-05	0
121	2158.609564781189	0.21544722021345142	0.0	1
122	2176.85715508461	0.2156402192949386	0.00019299908148717737	0
123	2195.234281539917	0.21608432067750605	0.00044410138256745224	0
124	2213.481630086899	0.21608432067750605	0.0	1
125	2231.721987247467	0.21608432067750605	0.0	2
126	2250.1724002361298	0.21685118946126483	0.000766868783758784	0
127	2268.4565455913544	0.21685118946126483	0.0	1
128	2286.771703004837	0.21685118946126483	0.0	2
129	2304.988039970398	0.21685118946126483	0.0	3
130	2323.2989740371704	0.2169993125077114	0.00014812304644656882	0
131	2341.6597373485565	0.2169993125077114	0.0	1
132	2359.9603254795074	0.21772604455129965	0.0007267320435882518	0
133	2378.2247743606567	0.21772604455129965	0.0	1
134	2396.499165534973	0.21772604455129965	0.0	2
135	2414.784616470337	0.21780156534893208	7.552079763242792e-05	0
136	2433.0497386455536	0.2183933613671104	0.0005917960181783255	0
137	2451.210521221161	0.21884236269861126	0.00044900133150085897	0
138	2469.464033603668	0.21884236269861126	0.0	1
139	2487.7894525527954	0.2193528409850365	0.0005104782864252255	0
140	2506.0084040164948	0.2193528409850365	0.0	1
141	2524.1821842193604	0.2193528409850365	0.0	2
142	2542.575479745865	0.2193528409850365	0.0	3
143	2560.86922454834	0.2196176925963753	0.0002648516113388233	0
144	2579.1762812137604	0.22006685458193959	0.00044916198556427256	0
145	2597.498126268387	0.2202862009298229	0.00021934634788331464	0
146	2615.759489297867	0.22067281493337357	0.0003866140035506671	0
147	2634.004734277725	0.22067281493337357	0.0	1
148	2652.3899433612823	0.22067281493337357	0.0	2
149	2670.712202310562	0.22085657640621573	0.00018376147284215882	0
150	2688.87357544899	0.22085657640621573	0.0	1
151	2707.1550753116608	0.22129526910198236	0.0004386926957666293	0
152	2725.3441808223724	0.22129526910198236	0.0	1
153	2743.635192632675	0.22129526910198236	0.0	2
154	2761.8244829177856	0.22129526910198236	0.0	3
155	2780.0942902565002	0.22129526910198236	0.0	4
156	2798.215436220169	0.22157852899141808	0.00028325988943572744	0
157	2816.5120437145233	0.2220169807060896	0.0004384517146715228	0
158	2834.711187839508	0.2220169807060896	0.0	1
159	2852.966240167618	0.22250057621257405	0.00048359550648444105	0
160	2871.066264152527	0.22258122455239637	8.064833982232567e-05	0
161	2889.169954061508	0.22311150345213454	0.000530278899738168	0
162	2907.44806933403	0.22311150345213454	0.0	1
163	2925.5374932289124	0.22311150345213454	0.0	2
164	2943.5317363739014	0.2232295038616953	0.00011800040956075342	0
165	2961.670788526535	0.22327083211950263	4.1328257807338176e-05	0
166	2979.8253281116486	0.22327083211950263	0.0	1
167	2997.892287015915	0.22327083211950263	0.0	2
168	3015.939421415329	0.22333134515004663	6.051303054399604e-05	0
169	3034.0887145996094	0.22371849466714194	0.0003871495170953143	0
170	3052.3317363262177	0.22387973779543213	0.00016124312829018939	0
171	3070.5083932876587	0.22394306227208544	6.332447665330365e-05	0
172	3088.6869702339172	0.22394306227208544	0.0	1
173	3106.7938351631165	0.22394306227208544	0.0	2
174	3124.9544739723206	0.22425327188065503	0.00031020960856958935	0
175	3143.0767228603363	0.22425327188065503	0.0	1
176	3160.985340118408	0.22439234474819725	0.0001390728675422226	0
177	3179.1018307209015	0.22507141608631281	0.0006790713381155666	0
178	3197.2899267673492	0.22518655149840974	0.00011513541209692835	0
179	3215.35994553566	0.22518655149840974	0.0	1
180	3233.445249080658	0.22518655149840974	0.0	2
181	3251.7327048778534	0.2255104300902062	0.00032387859179644485	0
182	3269.8728954792023	0.22566955793999507	0.00015912784978888705	0
183	3288.0570573806763	0.22566955793999507	0.0	1
184	3306.278197288513	0.22591538543266068	0.00024582749266560677	0
185	3324.473486661911	0.22591538543266068	0.0	1
186	3342.537121772766	0.22615976703875576	0.00024438160609507875	0
187	3360.7538781166077	0.22615976703875576	0.0	1
188	3378.893144130707	0.22615976703875576	0.0	2
189	3396.948649406433	0.226695655442874	0.000535888404118251	0
190	3414.9836735725403	0.226695655442874	0.0	1
191	3433.0866231918335	0.226695655442874	0.0	2
192	3451.2396495342255	0.226695655442874	0.0	3
193	3469.4911053180695	0.22681129959283836	0.00011564414996434458	0
194	3487.6907823085785	0.22714894088273196	0.00033764128989360875	0
195	3505.8214790821075	0.2274023458920542	0.00025340500932222176	0
196	3523.9911432266235	0.22867100425497644	0.0012686583629222536	0
197	3541.9448261260986	0.22867100425497644	0.0	1
198	3560.066052675247	0.22867100425497644	0.0	2
199	3578.1798915863037	0.22867100425497644	0.0	3
200	3596.3161792755127	0.22867100425497644	0.0	4
201	3614.3640460968018	0.22899718555501483	0.00032618130003839174	0
