1	28.998596668243408	0.04113186897386224	10000000000.041132	0
2	50.827019453048706	0.04113186897386224	0.0	1
3	73.18150806427002	0.04113186897386224	0.0	2
4	97.84532284736633	0.04113186897386224	0.0	3
5	123.56502985954285	0.05206395763408184	0.010932088660219594	0
6	152.5007665157318	0.052122442489471975	5.84848553901382e-05	0
7	188.0119731426239	0.055829646362642	0.0037072038731700285	0
8	227.03220105171204	0.055829646362642	0.0	1
9	272.58318638801575	0.06349543165986896	0.007665785297226953	0
10	315.81556582450867	0.06349543165986896	0.0	1
11	360.61169958114624	0.06349543165986896	0.0	2
12	405.5097761154175	0.06861895712599785	0.005123525466128889	0
13	452.410528421402	0.07629729460541282	0.007678337479414973	0
14	498.93058466911316	0.08514947236677296	0.008852177761360144	0
15	547.5811913013458	0.08514947236677296	0.0	1
16	590.5595183372498	0.09054417130629483	0.005394698939521866	0
17	635.8844182491302	0.09054417130629483	0.0	1
18	678.0505402088165	0.09607632413664974	0.005532152830354908	0
19	724.7159020900726	0.10711923248353197	0.011042908346882235	0
20	769.7870004177094	0.10721629042647654	9.705794294456727e-05	0
21	814.0304384231567	0.10817484238493315	0.0009585519584566077	0
22	861.2318122386932	0.12038849726201607	0.012213654877082925	0
23	910.0944907665253	0.12133777477967037	0.0009492775176542928	0
24	959.6795542240143	0.12525490061179417	0.003917125832123808	0
25	1008.5941150188446	0.12899884449053786	0.0037439438787436885	0
26	1056.9009501934052	0.1290025242833617	3.6797928238407884e-06	0
27	1103.8167600631714	0.1306669490930374	0.0016644248096756853	0
28	1151.0349192619324	0.13563303394175483	0.004966084848717439	0
29	1198.9811232089996	0.13563303394175483	0.0	1
30	1247.4672513008118	0.13816373649761354	0.002530702555858716	0
31	1295.5358743667603	0.13816373649761354	0.0	1
32	1344.2056238651276	0.13816373649761354	0.0	2
33	1392.388515472412	0.13872118422383956	0.0005574477262260125	0
34	1440.739514350891	0.13872118422383956	0.0	1
35	1488.7096147537231	0.1397064419379937	0.0009852577141541419	0
36	1538.4113039970398	0.1397064419379937	0.0	1
37	1587.8837761878967	0.14061897604285875	0.0009125341048650537	0
38	1637.0253672599792	0.14183869107534122	0.0012197150324824713	0
39	1686.661084651947	0.14183869107534122	0.0	1
40	1735.0393178462982	0.14258433976121362	0.0007456486858724021	0
41	1782.597668647766	0.1444441615698356	0.0018598218086219864	0
42	1830.4225509166718	0.14586927718620035	0.0014251156163647416	0
43	1878.4796993732452	0.14672001802934936	0.0008507408431490115	0
44	1926.2954595088959	0.14677049933534764	5.0481305998273385e-05	0
45	1973.8730325698853	0.14677049933534764	0.0	1
46	2021.5074982643127	0.14677049933534764	0.0	2
47	2068.777626514435	0.1475177971135596	0.000747297778211975	0
48	2115.5181488990784	0.14853370613905015	0.0010159090254905356	0
49	2163.1402814388275	0.14920901626653782	0.0006753101274876716	0
50	2210.7335386276245	0.14921290049229632	3.884225758504778e-06	0
51	2259.4915840625763	0.14967252024485722	0.00045961975256089693	0
52	2307.8078174591064	0.14967252024485722	0.0	1
53	2356.2790479660034	0.15036419863597986	0.0006916783911226354	0
54	2404.7572383880615	0.15209408287133308	0.001729884235353224	0
55	2452.8393523693085	0.15213359294317136	3.951007183827793e-05	0
56	2501.801526069641	0.15303297519590672	0.0008993822527353645	0
57	2550.7421295642853	0.1548412390184079	0.0018082638225011827	0
58	2599.885453224182	0.15587068150417283	0.0010294424857649198	0
59	2649.513951778412	0.15587314832825105	2.4668240782288464e-06	0
60	2699.005226135254	0.1561449623581726	0.0002718140299215466	0
61	2747.857880115509	0.15618246898725124	3.7506629078642995e-05	0
62	2797.13672375679	0.15618246898725124	0.0	1
63	2846.186249256134	0.15618246898725124	0.0	2
64	2895.7022528648376	0.1575172525042217	0.0013347835169704447	0
65	2944.4846527576447	0.1575172525042217	0.0	1
66	2993.722523212433	0.1575172525042217	0.0	2
67	3042.4669506549835	0.1575960818438259	7.882933960420835e-05	0
68	3092.005329847336	0.15832280003994892	0.0007267181961230218	0
69	3141.8462147712708	0.15833067752236443	7.87748241551367e-06	0
70	3191.098207473755	0.15834981244504842	1.9134922683988753e-05	0
71	3240.5570414066315	0.15834981244504842	0.0	1
72	3290.2761087417603	0.15886723220266838	0.000517419757619958	0
73	3340.8993005752563	0.15898449493398834	0.0001172627313199559	0
74	3390.6051824092865	0.15949899811507384	0.0005145031810855072	0
75	3440.595692873001	0.1595612275003838	6.22293853099476e-05	0
76	3490.73374915123	0.1602771652664192	0.0007159377660354016	0
77	3540.6821887493134	0.1602771652664192	0.0	1
78	3590.4731006622314	0.1602771652664192	0.0	2
79	3640.3966505527496	0.16031153725716638	3.4371990747184e-05	0
80	3690.3950917720795	0.16044796216889498	0.00013642491172860538	0
81	3740.3799600601196	0.16072045764193207	0.0002724954730370932	0
82	3790.838483572006	0.16072045764193207	0.0	1
83	3841.3377027511597	0.16080698728874174	8.652964680966324e-05	0
84	3892.119122982025	0.16080698728874174	0.0	1
85	3943.0403089523315	0.16199085841334748	0.0011838711246057454	0
86	3993.5978050231934	0.16199085841334748	0.0	1
87	4043.7547738552094	0.16199085841334748	0.0	2
88	4093.460270881653	0.1625676727529168	0.0005768143395693259	0
89	4143.249230623245	0.1625676727529168	0.0	1
90	4192.791465759277	0.1625676727529168	0.0	2
91	4242.149853944778	0.16258946530375137	2.1792550834565105e-05	0
92	4291.32034277916	0.16273286819298294	0.0001434028892315642	0
93	4340.336667060852	0.16287189621741285	0.0001390280244299158	0
94	4389.643350839615	0.16288737860499763	1.5482387584780932e-05	0
95	4439.045847892761	0.16333917539059228	0.0004517967855946492	0
96	4488.202876329422	0.16399537785312054	0.0006562024625282603	0
97	4537.096481084824	0.16399537785312054	0.0	1
98	4586.296244621277	0.16399537785312054	0.0	2
99	4635.037016868591	0.16410451778250343	0.0001091399293828843	0
100	4684.492812871933	0.16468510731693276	0.0005805895344293266	0
101	4733.763091087341	0.16468510731693276	0.0	1
102	4783.191844463348	0.16551327876409552	0.0008281714471627677	0
103	4832.461075544357	0.16551327876409552	0.0	1
104	4881.705603122711	0.16551327876409552	0.0	2
105	4931.312153577805	0.165705786444232	0.00019250768013648334	0
106	4981.016575574875	0.16580935216892986	0.00010356572469785719	0
107	5030.670970439911	0.16580935216892986	0.0	1
108	5080.402672767639	0.16582817362778074	1.882145885087616e-05	0
109	5130.407669067383	0.16582923667904095	1.0630512602138875e-06	0
110	5180.09010386467	0.1666616875889692	0.0008324509099282562	0
111	5229.371542215347	0.1666616875889692	0.0	1
112	5279.090606451035	0.1666616875889692	0.0	2
113	5328.774167776108	0.1666616875889692	0.0	3
114	5378.673940896988	0.1666616875889692	0.0	4
115	5428.533279180527	0.16706715987157034	0.000405472282601127	0
116	5478.028000593185	0.16710048243991962	3.3322568349286597e-05	0
117	5527.906488895416	0.16710048243991962	0.0	1
118	5577.413196563721	0.16732306901917549	0.00022258657925586234	0
119	5627.122709989548	0.16732306901917549	0.0	1
120	5677.054723501205	0.16732582204936222	2.7530301867362272e-06	0
121	5726.991394042969	0.16738351302352275	5.769097416052915e-05	0
122	5776.801494598389	0.16738351302352275	0.0	1
123	5826.764568090439	0.16738351302352275	0.0	2
124	5877.004269599915	0.16738351302352275	0.0	3
125	5926.496697664261	0.16800124120774834	0.0006177281842255911	0
126	5975.853974580765	0.16800124120774834	0.0	1
127	6025.824009656906	0.1681121801469562	0.00011093893920785525	0
128	6074.911230564117	0.16880475804299133	0.0006925778960351348	0
129	6124.614739656448	0.16912048426727747	0.0003157262242861336	0
130	6174.014385223389	0.16977679576070423	0.0006563114934267644	0
131	6223.1836631298065	0.16977679576070423	0.0	1
132	6272.094223499298	0.17026733940184777	0.0004905436411435371	0
133	6320.674019813538	0.17026733940184777	0.0	1
134	6369.516768455505	0.17032313596414717	5.5796562299398333e-05	0
135	6417.383369207382	0.17032313596414717	0.0	1
136	6465.337455272675	0.17120790807648562	0.00088477211233845	0
137	6513.501729488373	0.17120790807648562	0.0	1
138	6560.998920917511	0.17120790807648562	0.0	2
139	6608.64772939682	0.171261115154946	5.3207078460376644e-05	0
140	6656.604183912277	0.171261115154946	0.0	1
141	6704.203947067261	0.17189440749993024	0.0006332923449842431	0
142	6751.690889120102	0.17189440749993024	0.0	1
143	6799.473441839218	0.17274835112572223	0.0008539436257919975	0
144	6847.581293106079	0.17274835112572223	0.0	1
145	6895.098286628723	0.17274835112572223	0.0	2
146	6942.91804933548	0.17274835112572223	0.0	3
147	6990.589383602142	0.17310849381227844	0.0003601426865562085	0
148	7038.270389080048	0.17313783675283306	2.9342940554621944e-05	0
149	7086.053273200989	0.17331433051975464	0.00017649376692158159	0
150	7133.709001302719	0.17331433051975464	0.0	1
151	7181.526077747345	0.17385467402378094	0.0005403435040262916	0
152	7229.010580539703	0.1743520729826667	0.0004973989588857586	0
153	7276.65877532959	0.17448889313140228	0.00013682014873558912	0
154	7324.400932788849	0.17509318325738968	0.0006042901259873945	0
155	7372.12993645668	0.17509318325738968	0.0	1
156	7420.100392580032	0.17535481652716528	0.00026163326977560186	0
157	7467.903493881226	0.17535481652716528	0.0	1
158	7515.6959619522095	0.1754553702732925	0.00010055374612721879	0
159	7562.774847984314	0.17564203117149776	0.00018666089820526532	0
160	7610.223922491074	0.17567576260571635	3.373143421858682e-05	0
161	7657.953209400177	0.17574030889761913	6.454629190277839e-05	0
162	7705.571377277374	0.1757660129319368	2.5704034317675095e-05	0
163	7753.386256456375	0.1757660129319368	0.0	1
164	7801.671000003815	0.17589788580365368	0.00013187287171687045	0
165	7849.357004880905	0.17596027873531137	6.239293165768989e-05	0
166	7896.548978328705	0.17596027873531137	0.0	1
167	7944.277487754822	0.17611865974422225	0.00015838100891088502	0
168	7991.955676078796	0.17618147517061156	6.28154263893066e-05	0
169	8039.510468006134	0.17638141058070728	0.00019993541009571958	0
170	8087.362986087799	0.17652268736741844	0.00014127678671116417	0
171	8134.9007296562195	0.17660829025159097	8.560288417253092e-05	0
172	8183.016068458557	0.17689461901987327	0.00028632876828230125	0
173	8230.78682088852	0.17689461901987327	0.0	1
174	8278.67635512352	0.17740215785231808	0.0005075388324448094	0
175	8326.442443847656	0.17755443313091385	0.00015227527859576484	0
176	8374.134498596191	0.17783904466254502	0.0002846115316311737	0
177	8422.165773153305	0.17783904466254502	0.0	1
178	8469.229108810425	0.17783904466254502	0.0	2
179	8516.469502449036	0.17785807055433053	1.9025891785512394e-05	0
180	8564.108653306961	0.17785807055433053	0.0	1
181	8611.817077159882	0.17789542726592375	3.7356711593217184e-05	0
182	8659.577928304672	0.17789759425503113	2.1669891073772263e-06	0
183	8707.107304811478	0.17815915938049515	0.00026156512546401944	0
184	8754.900454998016	0.17815915938049515	0.0	1
185	8801.50291633606	0.17827474576175092	0.0001155863812557778	0
186	8849.039029359818	0.1784614339176808	0.00018668815592987054	0
187	8896.296429395676	0.1784614339176808	0.0	1
188	8944.052566051483	0.1784614339176808	0.0	2
189	8991.562933683395	0.1784614339176808	0.0	3
190	9039.15488243103	0.17868269849729254	0.00022126457961174628	0
191	9086.980121850967	0.1789617221953764	0.00027902369808385785	0
192	9134.58402132988	0.1789617221953764	0.0	1
193	9182.287028551102	0.17918286411522735	0.00022114191985095344	0
194	9229.855064868927	0.17918286411522735	0.0	1
195	9277.481950998306	0.17940085776788456	0.00021799365265720572	0
196	9325.023850440979	0.179658402378967	0.0002575446110824331	0
197	9372.185548067093	0.17985967341756914	0.00020127103860215212	0
198	9419.338411331177	0.18003048394890725	0.00017081053133810586	0
199	9466.637530326843	0.1800548659835808	2.438203467355904e-05	0
200	9514.402086019516	0.18056991431915873	0.0005150483355779167	0
201	9561.9429936409	0.18056991431915873	0.0	1
202	9609.683052778244	0.18056991431915873	0.0	2
203	9657.274060726166	0.18099867832744856	0.0004287640082898392	0
204	9704.801350355148	0.18099867832744856	0.0	1
205	9752.34889292717	0.1816448635761786	0.0006461852487300301	0
206	9799.648767709732	0.1818694399693318	0.00022457639315320854	0
207	9846.884277582169	0.1818694399693318	0.0	1
208	9894.53941988945	0.1818694399693318	0.0	2
209	9942.019045591354	0.18196585054131661	9.641057198481184e-05	0
210	9989.742233753204	0.18196585054131661	0.0	1
211	10037.244411230087	0.1821542559338976	0.0001884053925809981	0
212	10084.804956436157	0.1821741131862841	1.9857252386484836e-05	0
213	10132.362201929092	0.1824711814980671	0.00029706831178299975	0
214	10179.888553142548	0.1825740112642002	0.00010282976613310013	0
215	10227.319090127945	0.1825740112642002	0.0	1
216	10275.241480588913	0.18288191452152008	0.0003079032573198859	0
217	10322.968802452087	0.18288191452152008	0.0	1
218	10370.740529060364	0.18288191452152008	0.0	2
219	10418.055594205856	0.18331378591041672	0.00043187138889663745	0
220	10465.490677118301	0.18331378591041672	0.0	1
221	10512.902845621109	0.18343733154726186	0.00012354563684513487	0
222	10560.69905948639	0.18357931703481314	0.00014198548755128826	0
223	10608.539210319519	0.1836595228895107	8.020585469756258e-05	0
224	10656.16199851036	0.1836595228895107	0.0	1
225	10703.604613304138	0.1837481650099785	8.864212046780229e-05	0
226	10750.952051639557	0.18390402467936193	0.000155859669383418	0
227	10798.586982488632	0.18390402467936193	0.0	1
228	10846.325396060944	0.18390402467936193	0.0	2
229	10893.875173807144	0.18390402467936193	0.0	3
230	10941.745560646057	0.18423455184811735	0.00033052716875542343	0
231	10989.281760692596	0.18441438468630503	0.0001798328381876768	0
232	11036.978734970093	0.18441438468630503	0.0	1
233	11084.80051112175	0.18441438468630503	0.0	2
234	11132.659623861313	0.18441438468630503	0.0	3
235	11180.532947540283	0.18441438468630503	0.0	4
236	11228.05874991417	0.18441438468630503	0.0	5
237	11275.554444789886	0.18456014536871634	0.00014576068241131668	0
238	11323.320122480392	0.1845912600613713	3.111469265495992e-05	0
239	11371.176640510559	0.18506576253157536	0.0004745024702040579	0
240	11418.973139762878	0.18535184598033605	0.0002860834487606878	0
241	11466.842919111252	0.18535184598033605	0.0	1
242	11514.695035219193	0.18554657516502918	0.0001947291846931265	0
243	11562.67234992981	0.18561811306329723	7.153789826805368e-05	0
244	11610.42693066597	0.18561811306329723	0.0	1
245	11658.393421888351	0.18574491599823456	0.0001268029349373312	0
246	11706.24248623848	0.18649646598148742	0.0007515499832528583	0
247	11754.163877725601	0.186500309320659	3.843339171583082e-06	0
248	11802.097965478897	0.18680648171246547	0.0003061723918064696	0
249	11849.560635566711	0.1869259386906174	0.00011945697815193834	0
250	11897.796668767929	0.1869259386906174	0.0	1
251	11945.677242517471	0.1871184327418916	0.0001924940512741946	0
252	11993.783409357071	0.18719055668123902	7.212393934741268e-05	0
253	12041.629239797592	0.1873852722370698	0.00019471555583078226	0
254	12089.894728899002	0.18761944334928965	0.00023417111221984976	0
255	12137.885007858276	0.18761944334928965	0.0	1
256	12185.832185029984	0.18761944334928965	0.0	2
257	12233.627790927887	0.18761944334928965	0.0	3
258	12281.70882344246	0.1889440461061141	0.0013246027568244445	0
259	12329.992511510849	0.1889440461061141	0.0	1
260	12378.193806648254	0.1889440461061141	0.0	2
261	12426.06246137619	0.1889440461061141	0.0	3
262	12473.892178297043	0.1889644348841307	2.0388778016605658e-05	0
263	12521.724873304367	0.18945123058813884	0.00048679570400814165	0
264	12567.296089887619	0.18959144432358976	0.00014021373545092253	0
265	12615.096136331558	0.18983587796912943	0.0002444336455396656	0
266	12662.59701037407	0.18983587796912943	0.0	1
267	12709.653338193893	0.18983587796912943	0.0	2
268	12757.128529548645	0.18993123911871634	9.536114958691444e-05	0
269	12804.717271327972	0.19160558574015407	0.0016743466214377278	0
270	12852.467456102371	0.1918734474000056	0.0002678616598515149	0
271	12900.080042362213	0.1918734474000056	0.0	1
272	12947.664194583893	0.1918734474000056	0.0	2
273	12995.09183049202	0.1918920916836464	1.8644283640817383e-05	0
274	13042.65178656578	0.1918920916836464	0.0	1
275	13090.002400636673	0.1918920916836464	0.0	2
276	13137.734030485153	0.1920386155823471	0.0001465238987007067	0
277	13185.742867946625	0.19232174156798643	0.00028312598563931535	0
278	13233.575082063675	0.19300402967297708	0.0006822881049906582	0
279	13281.583633899689	0.19372890797268819	0.0007248782997111014	0
280	13329.433298587799	0.19372890797268819	0.0	1
281	13377.13711476326	0.19391361994358305	0.00018471197089486857	0
282	13425.7164144516	0.19391361994358305	0.0	1
283	13474.178104162216	0.19440851119180366	0.000494891248220608	0
284	13522.364292144775	0.19440851119180366	0.0	1
285	13570.315091609955	0.19447105404094678	6.25428491431157e-05	0
286	13618.422887086868	0.19447105404094678	0.0	1
287	13666.533965110779	0.19447105404094678	0.0	2
288	13714.363258838654	0.1946420281186326	0.0001709740776858204	0
289	13762.213587760925	0.1946420281186326	0.0	1
290	13809.76319527626	0.19467657728458984	3.454916595724278e-05	0
291	13857.344647407532	0.19505412402831662	0.000377546743726781	0
292	13905.126480340958	0.19505412402831662	0.0	1
293	13966.035916566849	0.19505412402831662	0.0	2
294	14013.742338180542	0.19508188602084323	2.7761992526603718e-05	0
295	14061.415053129196	0.19509972620160773	1.7840180764505664e-05	0
296	14109.538325071335	0.19519679095898346	9.706475737572551e-05	0
297	14157.750999450684	0.1956566969176529	0.00045990595866943207	0
298	14205.76047205925	0.1956566969176529	0.0	1
299	14253.569001436234	0.1956566969176529	0.0	2
300	14301.471014261246	0.1958616341202166	0.00020493720256370418	0
301	14349.540468931198	0.1958616341202166	0.0	1
302	14398.040271520615	0.19701265968665393	0.0011510255664373414	0
303	14446.402347803116	0.19701265968665393	0.0	1
304	14494.209821939468	0.19701265968665393	0.0	2
305	14542.769775867462	0.19701265968665393	0.0	3
306	14591.119541168213	0.19701265968665393	0.0	4
307	14639.193881988525	0.19710196962137494	8.930993472100468e-05	0
308	14687.305634260178	0.19710196962137494	0.0	1
309	14735.496161699295	0.1971605737293103	5.860410793537274e-05	0
310	14784.0565700531	0.1971605737293103	0.0	1
311	14832.131525278091	0.19717298962287522	1.2415893564904357e-05	0
312	14880.287570476532	0.19717298962287522	0.0	1
313	14928.42347240448	0.19717924527067576	6.255647800545994e-06	0
314	14976.667019844055	0.19734700293685628	0.00016775766618051802	0
315	15024.57329583168	0.19734700293685628	0.0	1
316	15072.705697774887	0.19734700293685628	0.0	2
317	15121.16760635376	0.19756828114533034	0.00022127820847406277	0
318	15169.297363519669	0.19756828114533034	0.0	1
319	15217.48193860054	0.19756828114533034	0.0	2
320	15265.468908786774	0.19768097820777625	0.0001126970624459045	0
321	15313.655091047287	0.19780485093731684	0.0001238727295405917	0
322	15361.765048265457	0.19780485093731684	0.0	1
323	15410.131963729858	0.19790134328247552	9.649234515868299e-05	0
324	15458.322568416595	0.19793624679885283	3.490351637730482e-05	0
325	15506.366698265076	0.19795719436022413	2.0947561371303935e-05	0
326	15554.748575210571	0.19812649208784577	0.0001692977276216423	0
327	15602.712167024612	0.19812649208784577	0.0	1
328	15650.433287858963	0.19830267239093421	0.00017618030308844124	0
329	15698.667043924332	0.19830267239093421	0.0	1
330	15746.858031988144	0.19864141776366287	0.0003387453727286549	0
331	15795.256729125977	0.19864141776366287	0.0	1
332	15843.341180324554	0.19878225842678007	0.00014084066311720322	0
333	15891.62322640419	0.19895583561716723	0.00017357719038715858	0
334	15939.65808224678	0.19898576459880118	2.992898163395319e-05	0
335	15988.064346551895	0.19898576459880118	0.0	1
336	16036.736898899078	0.19898576459880118	0.0	2
337	16085.08025431633	0.1991192729339953	0.00013350833519412686	0
338	16133.683211565018	0.1991192729339953	0.0	1
339	16181.890453577042	0.1991192729339953	0.0	2
340	16230.275064229965	0.19928261484878723	0.00016334191479192017	0
341	16278.711495161057	0.19928261484878723	0.0	1
342	16327.125973701477	0.199488301638778	0.00020568678999077772	0
343	16375.805540561676	0.199488301638778	0.0	1
344	16424.325932979584	0.1994903187104	2.0170716219791718e-06	0
345	16472.632142305374	0.1996347982797541	0.00014447956935412232	0
346	16521.06973004341	0.19971096999120774	7.6171711453632e-05	0
347	16569.3857421875	0.19971096999120774	0.0	1
348	16617.630541801453	0.19977995929222375	6.89893010160092e-05	0
349	16666.19627380371	0.19985911572452342	7.915643229966518e-05	0
350	16714.30229306221	0.20011630598518576	0.0002571902606623433	0
351	16762.32161092758	0.20033349553496665	0.000217189549780894	0
352	16810.475143909454	0.20033349553496665	0.0	1
353	16859.139345645905	0.20042275095423842	8.92554192717665e-05	0
354	16907.498464107513	0.20042758920035866	4.838246120242307e-06	0
355	16955.8069794178	0.20044861853490384	2.1029334545175082e-05	0
356	17004.206869363785	0.20098239292729644	0.0005337743923926053	0
357	17052.49364233017	0.20111057237732716	0.00012817945003071318	0
358	17100.993149518967	0.20111057237732716	0.0	1
359	17149.09456562996	0.20133007883370085	0.00021950645637369703	0
360	17197.60022211075	0.20133007883370085	0.0	1
361	17246.074014425278	0.20147141013586123	0.0001413313021603746	0
362	17294.561058282852	0.20147141013586123	0.0	1
363	17342.88898205757	0.2014719961769406	5.86041079359001e-07	2
364	17391.00434446335	0.201512610186626	4.061400968541351e-05	0
365	17438.77310705185	0.20156450889430458	5.189870767857707e-05	0
366	17487.2960562706	0.20168467457329667	0.00012016567899209019	0
367	17535.93043780327	0.20168467457329667	0.0	1
368	17584.577049970627	0.20189806167049293	0.00021338709719626037	0
369	17632.870099067688	0.20189806167049293	0.0	1
370	17681.63294506073	0.20189806167049293	0.0	2
371	17730.51367878914	0.20194153774126358	4.347607077065385e-05	0
372	17779.116858959198	0.20194153774126358	0.0	1
373	17827.707785129547	0.20194153774126358	0.0	2
374	17876.652433395386	0.20194153774126358	0.0	3
375	17925.02399778366	0.20200121852932146	5.9680788057875356e-05	0
376	17973.604155302048	0.20215574257019844	0.00015452404087698546	0
377	18022.417394399643	0.20218638025267258	3.063768247413279e-05	0
