1	2.8558971881866455	0.03712223151733472	10000000000.037123	0
2	4.889570474624634	0.04268698603327485	0.005564754515940129	0
3	7.0107033252716064	0.04675373810016556	0.004066752066890708	0
4	9.11189079284668	0.04675373810016556	0.0	1
5	11.29037356376648	0.04675373810016556	0.0	2
6	13.428754568099976	0.05263787533130221	0.005884137231136649	0
7	15.660258531570435	0.07326619643751646	0.02062832110621425	0
8	18.034903287887573	0.07326619643751646	0.0	1
9	20.431543350219727	0.08140413306119713	0.008137936623680675	0
10	23.093273162841797	0.08140413306119713	0.0	1
11	26.015894412994385	0.09752482782280064	0.016120694761603507	0
12	29.064422607421875	0.09752482782280064	0.0	1
13	32.33022737503052	0.10436511054087805	0.006840282718077406	0
14	35.75700378417969	0.12161445043519059	0.017249339894312543	0
15	39.686973094940186	0.12161445043519059	0.0	1
16	43.992841958999634	0.12187530131744807	0.0002608508822574823	0
17	48.58382439613342	0.1328949121593496	0.01101961084190152	0
18	53.64102649688721	0.13448774233272032	0.001592830173370724	0
19	59.0611846446991	0.13525047049617137	0.0007627281634510485	0
20	64.67522430419922	0.14423082364316017	0.008980353146988806	0
21	70.52744960784912	0.14557291727910052	0.0013420936359403446	0
22	76.30108165740967	0.14557291727910052	0.0	1
23	81.95186114311218	0.14790335051773687	0.0023304332386363535	0
24	87.58936023712158	0.15546010733368454	0.007556756815947668	0
25	93.00843167304993	0.15720322877078943	0.0017431214371048942	0
26	98.59664750099182	0.15720322877078943	0.0	1
27	104.23049235343933	0.157383945747573	0.00018071697678356813	0
28	109.39870429039001	0.15885920699714967	0.0014752612495766704	0
29	114.87882947921753	0.15885920699714967	0.0	1
30	120.47157979011536	0.16455212248010423	0.005692915482954558	0
31	126.18666076660156	0.17146127644538306	0.00690915396527883	0
32	131.87472701072693	0.17279627809748457	0.001335001652101514	0
33	137.6272828578949	0.17630273128833346	0.003506453190848885	0
34	143.0925805568695	0.17630273128833346	0.0	1
35	148.5397434234619	0.17630273128833346	0.0	2
36	154.0173201560974	0.18340200921414057	0.007099277925807113	0
37	159.4447317123413	0.18348417333778597	8.216412364539516e-05	0
38	165.05496191978455	0.18348417333778597	0.0	1
39	170.54067850112915	0.18615560973716888	0.002671436399382915	0
40	175.97024655342102	0.18670461380216172	0.0005490040649928363	0
41	181.36570978164673	0.18670461380216172	0.0	1
42	186.7375783920288	0.18670461380216172	0.0	2
43	192.22266674041748	0.19221887008602687	0.005514256283865149	0
44	197.47989320755005	0.19677137252008392	0.004552502434057054	0
45	202.99723386764526	0.19830608884660972	0.001534716326525798	0
46	208.33916926383972	0.19830608884660972	0.0	1
47	213.75642657279968	0.19830608884660972	0.0	2
48	219.03320360183716	0.20118995404688442	0.002883865200274699	0
49	224.42198133468628	0.20118995404688442	0.0	1
50	229.78183317184448	0.20118995404688442	0.0	2
51	235.21406722068787	0.20118995404688442	0.0	3
52	240.59975862503052	0.20118995404688442	0.0	4
53	246.03363728523254	0.2026001380768833	0.0014101840299988733	0
54	251.42110991477966	0.2026001380768833	0.0	1
55	256.8644530773163	0.2026001380768833	0.0	2
56	262.2778763771057	0.2026001380768833	0.0	3
57	267.66099214553833	0.2054311441126392	0.002831006035755923	0
58	273.1357297897339	0.20594823425035746	0.0005170901377182513	0
59	278.70852875709534	0.20602988392957933	8.164967922186239e-05	0
60	284.3356306552887	0.2062844236811409	0.00025453975156156106	0
61	289.78925704956055	0.206658351284994	0.00037392760385310253	0
62	295.23853754997253	0.20780620540501768	0.0011478541200236891	0
63	300.8253574371338	0.21114991042787665	0.003343705022858967	0
64	306.4510841369629	0.21161621755178545	0.000466307123908799	0
65	311.91119503974915	0.21161621755178545	0.0	1
66	317.53045868873596	0.21168026588251618	6.404833073073157e-05	0
67	323.08340644836426	0.21191380527778822	0.00023353939527204215	0
68	328.6201767921448	0.21272800544311596	0.0008142001653277386	0
69	334.10733222961426	0.21272800544311596	0.0	1
70	339.58507919311523	0.21386375174617137	0.0011357463030554071	0
71	345.19525814056396	0.21484544031739164	0.0009816885712202739	0
72	350.9189803600311	0.21484544031739164	0.0	1
73	356.70651412010193	0.21670763726553094	0.0018621969481392997	0
74	362.37005138397217	0.21670763726553094	0.0	1
75	368.0786108970642	0.21779724892760385	0.0010896116620729146	0
76	373.8032875061035	0.21779724892760385	0.0	1
77	379.44721937179565	0.21779724892760385	0.0	2
78	385.1656095981598	0.21779724892760385	0.0	3
79	390.76424384117126	0.21792459229544514	0.0001273433678412872	0
80	396.323757648468	0.21792459229544514	0.0	1
81	401.93757033348083	0.21876510261843393	0.0008405103229887911	0
82	407.46282601356506	0.22011663998414924	0.0013515373657153051	0
83	413.06371426582336	0.22011663998414924	0.0	1
84	418.5790271759033	0.22034633941925985	0.00022969943511061408	0
85	424.0783188343048	0.22034633941925985	0.0	1
86	429.6645755767822	0.22034633941925985	0.0	2
87	435.2038402557373	0.22187727090466963	0.001530931485409781	0
88	440.7663722038269	0.22252997226703605	0.0006527013623664202	0
89	446.21593475341797	0.22290902594210943	0.0003790536750733764	0
90	451.8000371456146	0.22337516770888208	0.0004661417667726486	0
91	457.35988664627075	0.22337516770888208	0.0	1
92	462.91532039642334	0.22337516770888208	0.0	2
93	468.5787703990936	0.22337516770888208	0.0	3
94	474.2068474292755	0.22488322479045944	0.001508057081577363	0
95	479.79668521881104	0.22623711390211093	0.0013538891116514906	0
96	485.38380455970764	0.22623711390211093	0.0	1
97	490.9879722595215	0.22623711390211093	0.0	2
98	496.6203541755676	0.22649657762172637	0.0002594637196154381	0
99	502.2963321208954	0.22691956117596704	0.000422983554240669	0
100	508.2122480869293	0.2270171218862884	9.756071032135383e-05	0
101	513.9410305023193	0.22779977558464404	0.0007826536983556454	0
102	519.5583190917969	0.22900627636895132	0.001206500784307285	0
103	525.0798547267914	0.22900627636895132	0.0	1
104	530.5848255157471	0.22900627636895132	0.0	2
105	536.1301074028015	0.22900627636895132	0.0	3
106	541.7895212173462	0.22943870365296695	0.0004324272840156296	0
107	547.3782770633698	0.22943870365296695	0.0	1
108	552.8733792304993	0.2295737269411311	0.00013502328816414333	0
109	558.4192659854889	0.2297737355837974	0.00020000864266631058	0
110	563.406683921814	0.2313558542893494	0.0015821187055519992	0
111	568.8710749149323	0.2313558542893494	0.0	1
112	574.390604019165	0.2313558542893494	0.0	2
113	579.9748578071594	0.2326452908639374	0.0012894365745879932	0
114	585.4523482322693	0.2326452908639374	0.0	1
115	591.0734431743622	0.2326452908639374	0.0	2
116	596.6266856193542	0.2326637924901697	1.8501626232292345e-05	0
117	602.2792239189148	0.2326637924901697	0.0	1
118	607.8457145690918	0.2326637924901697	0.0	2
119	613.4953601360321	0.2326637924901697	0.0	3
120	618.6712229251862	0.2326637924901697	0.0	4
121	624.0518569946289	0.23333435242323902	0.0006705599330693313	0
122	629.6827037334442	0.23333435242323902	0.0	1
123	635.2576293945312	0.23333435242323902	0.0	2
124	640.8906044960022	0.23333435242323902	0.0	3
125	646.5196833610535	0.23333435242323902	0.0	4
126	652.2703065872192	0.23384082295821418	0.0005064705349751564	0
127	657.9603440761566	0.23384082295821418	0.0	1
128	663.6271133422852	0.23384082295821418	0.0	2
129	669.3011703491211	0.23513975838162252	0.0012989354234083372	0
130	675.1132483482361	0.23513975838162252	0.0	1
131	680.8339431285858	0.23513975838162252	0.0	2
132	686.5658128261566	0.2354787037646749	0.00033894538305237476	0
133	692.3059952259064	0.23581783287787852	0.0003391291132036345	0
134	698.048145532608	0.23603062913907286	0.00021279626119433126	0
135	703.7510828971863	0.23603062913907286	0.0	1
136	709.4706094264984	0.23754112983166203	0.0015105006925891784	0
137	715.1608448028564	0.23754112983166203	0.0	1
138	720.8238840103149	0.2377958165673446	0.0002546867356825744	0
139	726.5149390697479	0.2377958165673446	0.0	1
140	732.2140879631042	0.23787015378654613	7.43372192015257e-05	0
141	737.8897435665131	0.23787015378654613	0.0	1
142	743.3368647098541	0.23787015378654613	0.0	2
143	749.0257349014282	0.23838220971811974	0.0005120559315736073	0
144	754.7672452926636	0.23838220971811974	0.0	1
145	760.4511754512787	0.23847903550783603	9.682578971628719e-05	0
146	766.1200139522552	0.239543512885216	0.0010644773773799687	0
147	771.8086793422699	0.239543512885216	0.0	1
148	777.481359243393	0.239543512885216	0.0	2
149	783.2236814498901	0.239543512885216	0.0	3
150	789.0069127082825	0.239543512885216	0.0	4
151	794.7905983924866	0.24004825635676927	0.0005047434715532706	0
152	800.4927039146423	0.24004825635676927	0.0	1
153	806.2815537452698	0.24068534065627822	0.0006370842995089554	0
154	812.019373178482	0.24225026221967189	0.001564921563393662	0
155	817.7785840034485	0.24225026221967189	0.0	1
156	823.5539216995239	0.24285230917933473	0.0006020469596628442	0
157	829.3468062877655	0.24285230917933473	0.0	1
158	835.0703165531158	0.24285230917933473	0.0	2
159	840.8602499961853	0.2430881452014976	0.00023583602216287192	0
160	846.6671862602234	0.24341518487074804	0.00032703966925043404	0
161	852.3328816890717	0.24341518487074804	0.0	1
162	857.9361371994019	0.24341518487074804	0.0	2
163	863.6388921737671	0.2435328456596177	0.0001176607888696557	0
164	869.3023331165314	0.24385687215438742	0.0003240264947697302	0
165	874.9446129798889	0.2441304096035897	0.00027353744920227685	0
166	880.8078052997589	0.2441304096035897	0.0	1
167	886.4463312625885	0.24413085055595274	4.409523630399814e-07	2
168	892.0335872173309	0.24413085055595274	0.0	3
169	897.6349160671234	0.24451550800063968	0.00038465744468693663	0
170	903.2870326042175	0.24451550800063968	0.0	1
171	908.8944747447968	0.24451550800063968	0.0	2
172	914.491304397583	0.24511755496030252	0.0006020469596628442	0
173	920.0471651554108	0.24511755496030252	0.0	1
174	925.6443972587585	0.24511755496030252	0.0	2
175	931.2885499000549	0.24558404581436258	0.00046649085406005875	0
176	936.9308722019196	0.245921686713341	0.00033764089897841965	0
177	942.5067083835602	0.245921686713341	0.0	1
178	948.1796736717224	0.2462846456271636	0.0003629589138225975	0
179	953.8055436611176	0.24665883045322848	0.0003741848260648828	0
180	959.3684437274933	0.24665883045322848	0.0	1
181	965.1709816455841	0.2470936829752408	0.0004348525220123356	0
182	970.8250858783722	0.2470936829752408	0.0	1
183	976.5984728336334	0.2471549202346572	6.12372594163968e-05	0
184	982.3708493709564	0.24735906280572698	0.0002041425710697653	0
185	988.139762878418	0.24735906280572698	0.0	1
186	993.877946138382	0.24757139974154313	0.0002123369358161542	0
187	999.6592168807983	0.24809778662491533	0.0005263868833721985	0
188	1005.3074653148651	0.24809778662491533	0.0	1
189	1011.0206143856049	0.24894241250329244	0.0008446258783771088	0
190	1016.7932634353638	0.24894241250329244	0.0	1
191	1022.4503426551819	0.24898987000136402	4.7457498071584725e-05	0
192	1028.232121706009	0.24898987000136402	0.0	1
193	1033.9840161800385	0.25008624293300347	0.0010963729316394444	0
194	1039.7221341133118	0.25008624293300347	0.0	1
195	1045.407620191574	0.25008624293300347	0.0	2
196	1051.0995473861694	0.25008624293300347	0.0	3
197	1056.8783152103424	0.25008624293300347	0.0	4
198	1062.6206369400024	0.25042358986373986	0.000337346930736393	0
199	1068.3562293052673	0.25042358986373986	0.0	1
200	1073.9716243743896	0.25122775836280853	0.0008041684990686693	0
201	1079.7520499229431	0.25131875990672975	9.100154392122084e-05	0
202	1085.2543506622314	0.25131875990672975	0.0	1
203	1090.836142539978	0.2518594226228552	0.0005406627161254618	0
204	1096.5191342830658	0.2518594226228552	0.0	1
205	1102.237378835678	0.2518594226228552	0.0	2
206	1107.9662234783173	0.25255658668182757	0.0006971640589723549	0
207	1113.6417722702026	0.25285283317772617	0.00029624649589859997	0
208	1119.3327059745789	0.25311378511156685	0.0002609519338406807	0
209	1125.0792293548584	0.25311378511156685	0.0	1
210	1130.7427899837494	0.25311378511156685	0.0	2
211	1136.3947739601135	0.25311378511156685	0.0	3
212	1142.0392847061157	0.25345539458181254	0.0003416094702456962	0
213	1147.718360900879	0.25374146242733103	0.0002860678455184895	0
214	1153.4323868751526	0.2537758383386326	3.437591130156514e-05	0
215	1158.9397478103638	0.25463411536724867	0.0008582770286160724	0
216	1164.5767605304718	0.25463411536724867	0.0	1
217	1170.1451704502106	0.25463411536724867	0.0	2
218	1175.7474074363708	0.25463411536724867	0.0	3
219	1181.363932609558	0.25464723370004894	1.3118332800265975e-05	0
220	1186.8904945850372	0.2547328152045078	8.558150445886481e-05	0
221	1192.4473268985748	0.2547328152045078	0.0	1
222	1198.0388176441193	0.2552447792710058	0.0005119640664980052	0
223	1203.6301620006561	0.2552447792710058	0.0	1
224	1209.1622457504272	0.25557619171785634	0.00033141244685053195	0
225	1214.7273998260498	0.25586532785690097	0.0002891361390446323	0
226	1220.3030438423157	0.25586532785690097	0.0	1
227	1225.871371269226	0.25592886174320817	6.35338863071988e-05	0
228	1231.4500603675842	0.2560098316208703	8.096987766215147e-05	0
229	1236.9909181594849	0.25638002950265276	0.0003701978817824414	0
230	1242.482655763626	0.25638002950265276	0.0	1
231	1248.042328119278	0.256688144966323	0.00030811546367021103	0
232	1253.6916518211365	0.256688144966323	0.0	1
233	1259.2110714912415	0.2570499280071775	0.0003617830408545464	0
234	1264.8507816791534	0.2575791810809095	0.0005292530737319723	0
235	1270.4432425498962	0.2575791810809095	0.0	1
236	1275.958839893341	0.2575791810809095	0.0	2
237	1281.547530412674	0.2584888106868039	0.0009096296058944131	0
238	1287.0869693756104	0.2584888106868039	0.0	1
239	1292.6684303283691	0.2587862698017008	0.0002974591148968697	0
240	1298.2413470745087	0.2590270849109629	0.0002408151092621047	0
241	1303.7844104766846	0.2590270849109629	0.0	1
242	1309.3202254772186	0.2590270849109629	0.0	2
243	1314.8391108512878	0.25959346984826537	0.0005663849373024887	0
244	1320.3867514133453	0.2601543061349996	0.0005608362867342565	0
245	1325.8049364089966	0.2601543061349996	0.0	1
246	1331.2834522724152	0.26115091359450254	0.0009966074595029184	0
247	1336.761685848236	0.26142417544847796	0.000273261853975415	0
248	1342.2204315662384	0.26142417544847796	0.0	1
249	1347.720388174057	0.2621120060157661	0.0006878305672881613	0
250	1353.1983280181885	0.2621120060157661	0.0	1
251	1358.7304394245148	0.26287277745310617	0.0007607714373400465	0
252	1364.2049717903137	0.26287277745310617	0.0	1
253	1369.6652228832245	0.26287277745310617	0.0	2
254	1375.104649066925	0.26287277745310617	0.0	3
255	1380.555303812027	0.26287277745310617	0.0	4
256	1386.0174729824066	0.2630904609363241	0.00021768348321793418	0
257	1391.5041015148163	0.2631488871244262	5.842618810208977e-05	0
258	1396.9455454349518	0.26413570176686674	0.0009868146424405477	0
259	1402.4237008094788	0.26413570176686674	0.0	1
260	1407.881940126419	0.26428648910200936	0.00015078733514262144	0
261	1413.3473427295685	0.26428648910200936	0.0	1
262	1418.7572910785675	0.26428648910200936	0.0	2
263	1424.1719913482666	0.26432055267205373	3.406357004437366e-05	0
264	1429.6061127185822	0.2645755884950237	0.0002550358229699845	0
265	1435.0595066547394	0.2647670353126411	0.00019144681761740223	0
266	1440.5602116584778	0.2649666213759595	0.00019958606331837991	0
267	1446.008032798767	0.26560853777844673	0.0006419164024872304	0
268	1451.4897301197052	0.26560853777844673	0.0	1
269	1456.9897439479828	0.2656249632539697	1.6425475522996447e-05	0
270	1462.3377516269684	0.2656249632539697	0.0	1
271	1467.825587272644	0.2656249632539697	0.0	2
272	1473.2295789718628	0.2661869202946267	0.0005619570406569796	0
273	1478.6235976219177	0.2665113877417595	0.0003244674471327702	0
274	1484.0791850090027	0.26670761154330974	0.00019622380155026597	0
275	1489.593365907669	0.26670761154330974	0.0	1
276	1495.0449028015137	0.26670761154330974	0.0	2
277	1500.4969265460968	0.267145936565181	0.0004383250218712442	0
278	1506.0053796768188	0.267145936565181	0.0	1
279	1511.4643669128418	0.2679323751046527	0.00078643853947169	0
280	1516.86647439003	0.2682414643381246	0.0003090892334719486	0
281	1522.3600633144379	0.2682414643381246	0.0	1
282	1527.87930560112	0.26901735676691374	0.0007758924287891156	0
283	1533.3306648731232	0.26901735676691374	0.0	1
284	1538.7395005226135	0.269039624861247	2.2268094333255384e-05	0
285	1544.126300573349	0.2694158307189758	0.0003762058577287952	0
286	1549.5012147426605	0.27088921792100956	0.0014733872020337713	0
287	1554.9511194229126	0.27088921792100956	0.0	1
288	1560.299667596817	0.27148962968232615	0.0006004117613165882	0
289	1565.729263305664	0.27148962968232615	0.0	1
290	1571.1580061912537	0.2721147898950181	0.0006251602126919331	0
291	1576.6249327659607	0.2721147898950181	0.0	1
292	1582.0785765647888	0.2731946087400286	0.0010798188450105162	0
293	1587.5022983551025	0.2739106235125207	0.0007160147724921129	0
294	1592.9478747844696	0.2739106235125207	0.0	1
295	1598.3877165317535	0.2739106235125207	0.0	2
296	1603.7655453681946	0.2739106235125207	0.0	3
297	1609.151396036148	0.2739106235125207	0.0	4
298	1614.4905557632446	0.2753548159935186	0.0014441924809978635	0
299	1619.9343321323395	0.2753548159935186	0.0	1
300	1625.2813777923584	0.2753548159935186	0.0	2
301	1630.663824558258	0.275817724109629	0.0004629081161104387	0
302	1635.9556574821472	0.275817724109629	0.0	1
303	1641.3254590034485	0.2758784101785916	6.068606896258988e-05	0
304	1646.7174241542816	0.2761685017144228	0.00029009153583120506	0
305	1652.0936660766602	0.2764160046011909	0.00024750288676811394	0
306	1657.467411518097	0.2764160046011909	0.0	1
307	1662.8343942165375	0.2764160046011909	0.0	2
308	1668.1165850162506	0.27758304014900664	0.0011670355478157202	0
309	1673.4444677829742	0.27758304014900664	0.0	1
310	1678.7503576278687	0.27758304014900664	0.0	2
311	1684.0818049907684	0.27758304014900664	0.0	3
312	1689.426120519638	0.2782403715111849	0.0006573313621782706	0
313	1694.7628500461578	0.2782403715111849	0.0	1
314	1700.1216700077057	0.2782403715111849	0.0	2
315	1705.383934020996	0.27831509456370407	7.472305251915445e-05	0
316	1710.7211349010468	0.27861780836092714	0.00030271379722307534	0
317	1716.1246182918549	0.27861780836092714	0.0	1
318	1721.4625158309937	0.27861780836092714	0.0	2
319	1726.8990032672882	0.27861780836092714	0.0	3
320	1732.3595905303955	0.2791439380220876	0.000526129661160446	0
321	1737.7248034477234	0.2791439380220876	0.0	1
322	1743.0966036319733	0.2791439380220876	0.0	2
323	1748.4590034484863	0.2796966718091511	0.0005527337870634974	0
324	1753.8025267124176	0.27984086323186336	0.0001441914227122698	0
325	1759.1890261173248	0.27984086323186336	0.0	1
326	1764.599033355713	0.27984086323186336	0.0	2
327	1770.0846910476685	0.27984086323186336	0.0	3
328	1775.4511654376984	0.28099213473270057	0.0011512715008372143	0
329	1780.8353192806244	0.28099213473270057	0.0	1
330	1786.2151725292206	0.28099213473270057	0.0	2
331	1791.5201184749603	0.2815251359015183	0.000533001168817715	0
332	1796.9107365608215	0.2815251359015183	0.0	1
333	1802.3303306102753	0.2815251359015183	0.0	2
334	1807.7338845729828	0.28161099300120407	8.585709968578215e-05	0
335	1813.1224343776703	0.2818828585060299	0.00027186550482583005	0
336	1818.4629349708557	0.2818828585060299	0.0	1
337	1823.8445131778717	0.282441783999191	0.000558925493161111	0
338	1829.2659575939178	0.282441783999191	0.0	1
339	1834.6881165504456	0.28247976102145733	3.797702226632227e-05	0
340	1840.0672717094421	0.28247976102145733	0.0	1
341	1845.4312405586243	0.28247976102145733	0.0	2
342	1850.8395681381226	0.28247976102145733	0.0	3
343	1856.2642962932587	0.28281582184113485	0.00033606081967751944	0
344	1861.6499779224396	0.2828773714418084	6.154960067356052e-05	0
345	1867.0912001132965	0.2828773714418084	0.0	1
346	1872.526631116867	0.2830686712753048	0.00019129983349636115	0
347	1877.9773862361908	0.28315346274011327	8.479146480849797e-05	0
348	1883.4614522457123	0.2835923389524383	0.0004388762123250234	0
349	1888.94180560112	0.28401934619699165	0.0004270072445533568	0
350	1894.3419787883759	0.28401934619699165	0.0	1
351	1899.7649154663086	0.28401934619699165	0.0	2
352	1905.1784212589264	0.284417434315736	0.00039808811874436634	0
353	1910.6325261592865	0.284417434315736	0.0	1
354	1916.0970058441162	0.284417434315736	0.0	2
355	1921.5692598819733	0.2847502614847513	0.00033282716901528175	0
356	1926.99946975708	0.2847502614847513	0.0	1
357	1932.454116821289	0.2848851377887944	0.0001348763040430745	0
358	1937.8657855987549	0.2848851377887944	0.0	1
359	1943.3664951324463	0.28501681718820554	0.00013167939941116646	0
360	1948.8217780590057	0.28507294674941674	5.612956121120449e-05	0
361	1954.36186337471	0.28515399011913944	8.104336972269977e-05	0
362	1959.8652176856995	0.2851730613088407	1.9071189701236335e-05	0
363	1965.2393984794617	0.2856633819635197	0.0004903206546790218	0
364	1970.6434650421143	0.2856633819635197	0.0	1
365	1976.1510195732117	0.2857492206901904	8.583872667067283e-05	0
366	1981.5653281211853	0.2858237600125583	7.453932236795024e-05	0
367	1986.9731886386871	0.2861788185298766	0.000355058517318263	0
368	1992.393714427948	0.286224659202617	4.5840672740438126e-05	0
369	1997.769169330597	0.2868267061622799	0.0006020469596628719	0
370	2003.118711233139	0.2868267061622799	0.0	1
371	2008.512864112854	0.2868267061622799	0.0	2
372	2013.920147895813	0.28733415046705674	0.0005074443047768384	0
373	2019.3185813426971	0.2873403789191846	6.228452127887696e-06	0
374	2024.6553752422333	0.28767818517529914	0.00033780625611451454	0
375	2030.00417470932	0.28767818517529914	0.0	1
376	2035.3961596488953	0.28965216354746764	0.0019739783721685056	0
377	2040.7270538806915	0.28965216354746764	0.0	1
378	2046.084496974945	0.28965216354746764	0.0	2
379	2051.4082703590393	0.28965216354746764	0.0	3
380	2056.790148973465	0.28965216354746764	0.0	4
381	2062.126289844513	0.29018430118457444	0.0005321376371067998	0
382	2067.44388628006	0.29018430118457444	0.0	1
383	2072.711797952652	0.29035829363782173	0.00017399245324728474	0
384	2077.9470541477203	0.2909471487726238	0.0005888551348020576	0
385	2083.1899240016937	0.2914439918476727	0.0004968430750489361	0
386	2088.418450832367	0.2914439918476727	0.0	1
387	2093.6235959529877	0.2922621238382375	0.0008181319905647966	0
388	2098.8590400218964	0.2922621238382375	0.0	1
389	2104.1137993335724	0.2922621238382375	0.0	2
390	2109.553929567337	0.29250080767774495	0.00023868383950742533	0
391	2114.748868703842	0.29250080767774495	0.0	1
392	2120.020001411438	0.29278603036456763	0.0002852226868226837	0
393	2125.253215074539	0.29278603036456763	0.0	1
394	2130.4430265426636	0.2928830215114201	9.699114685246535e-05	0
395	2135.646495103836	0.2928830215114201	0.0	1
396	2140.8824124336243	0.2933676097853797	0.00048458827395958526	0
397	2146.0824069976807	0.29359604148244656	0.0002284316970668776	0
398	2151.273555278778	0.29539246303643324	0.0017964215539866824	0
399	2156.4394071102142	0.29539246303643324	0.0	1
400	2161.6342780590057	0.29539246303643324	0.0	2
401	2166.8501739501953	0.29585386456530327	0.0004614015288700313	0
402	2172.08255982399	0.29585386456530327	0.0	1
403	2177.2902417182922	0.29585386456530327	0.0	2
404	2182.5452325344086	0.29585386456530327	0.0	3
405	2187.8452830314636	0.29585386456530327	0.0	4
406	2193.075091123581	0.29585386456530327	0.0	5
407	2198.354428768158	0.29594506821239086	9.120364708758988e-05	0
408	2203.586435317993	0.29594506821239086	0.0	1
409	2208.747134447098	0.29607762951652805	0.00013256130413719092	0
410	2213.9755091667175	0.2962620762153823	0.00018444669885425702	0
411	2219.2204258441925	0.29659315794796054	0.00033108173257823115	0
412	2224.4144706726074	0.29659315794796054	0.0	1
413	2229.6843435764313	0.2970216901527694	0.00042853220480887355	0
414	2234.935523748398	0.2970216901527694	0.0	1
415	2240.136770963669	0.2970216901527694	0.0	2
416	2245.3430681228638	0.2970216901527694	0.0	3
417	2250.548991203308	0.2970216901527694	0.0	4
418	2255.808096885681	0.2970216901527694	0.0	5
419	2261.0669598579407	0.2970216901527694	0.0	6
420	2266.3543457984924	0.2970216901527694	0.0	7
421	2271.6114416122437	0.29714278669546773	0.00012109654269831793	0
422	2276.906651496887	0.29714278669546773	0.0	1
423	2282.102699279785	0.29714278669546773	0.0	2
424	2287.3417160511017	0.2973477560522182	0.0002049693567504618	0
425	2292.582377433777	0.2976739138167426	0.00032615776452438183	0
426	2297.7648632526398	0.2977064707995466	3.255698280402175e-05	0
427	2303.0090341567993	0.2977064707995466	0.0	1
428	2308.2126336097717	0.2977064707995466	0.0	2
429	2313.4270284175873	0.2977064707995466	0.0	3
430	2318.6148698329926	0.2984344647779011	0.0007279939783544909	0
431	2323.8060343265533	0.2984344647779011	0.0	1
432	2329.0101368427277	0.29846424743542105	2.978265751996112e-05	0
433	2334.2708230018616	0.29864825318191224	0.00018400574649118928	0
434	2339.5078213214874	0.29864825318191224	0.0	1
435	2344.740166902542	0.29864825318191224	0.0	2
436	2349.938971757889	0.29876984579601895	0.00012159261410671363	0
437	2355.145964860916	0.2988831705533188	0.00011332475729985969	0
438	2360.322101354599	0.2988831705533188	0.0	1
439	2365.5539424419403	0.29900931967517685	0.0001261491218580435	0
440	2370.8183364868164	0.2992503001415751	0.0002409804663982551	0
441	2376.295211791992	0.2992503001415751	0.0	1
442	2381.4918394088745	0.2992503001415751	0.0	2
443	2386.7637116909027	0.2993267870035464	7.648686197131438e-05	0
444	2391.9361736774445	0.29941411394444234	8.732694089591542e-05	0
445	2397.127362012863	0.2995830905645601	0.0001689766201177778	0
446	2402.349193572998	0.29997303943760345	0.00038994887304333314	0
447	2407.5509762763977	0.29997303943760345	0.0	1
448	2412.7338852882385	0.29997303943760345	0.0	2
449	2417.8821263313293	0.30022640331619693	0.0002533638785934822	0
450	2423.1336677074432	0.30022640331619693	0.0	1
451	2428.3309223651886	0.30022640331619693	0.0	2
452	2433.512291908264	0.3005696479847889	0.0003432446685919799	0
453	2438.7136352062225	0.3005696479847889	0.0	1
454	2444.1486864089966	0.3005696479847889	0.0	2
455	2449.314160823822	0.3005696479847889	0.0	3
456	2454.4707775115967	0.3005696479847889	0.0	4
457	2459.6111328601837	0.3005696479847889	0.0	5
458	2464.808916091919	0.3007633363102517	0.00019368832546279302	0
459	2469.9078783988953	0.3010182802681461	0.0002549439578943824	0
460	2475.0955345630646	0.30107380351985813	5.5523251712041866e-05	0
461	2480.2991693019867	0.30107380351985813	0.0	1
462	2485.4102363586426	0.3011963331577363	0.00012252963787817706	0
463	2490.623977661133	0.3011963331577363	0.0	1
464	2495.760097026825	0.3011963331577363	0.0	2
465	2500.927541255951	0.3012578092663493	6.147610861301223e-05	0
466	2506.022024869919	0.30219211383155853	0.0009343045652092097	0
467	2511.1230413913727	0.30219211383155853	0.0	1
468	2516.2509150505066	0.30219211383155853	0.0	2
469	2521.4075734615326	0.30226126986049445	6.915602893592387e-05	0
470	2526.5505106449127	0.3032808252158903	0.0010195553553958292	0
471	2531.615732192993	0.3032808252158903	0.0	1
472	2536.7385733127594	0.303283838390371	3.0131744807038174e-06	0
473	2541.89244890213	0.303283838390371	0.0	1
474	2546.911293029785	0.303283838390371	0.0	2
475	2551.9798188209534	0.303283838390371	0.0	3
476	2557.1533420085907	0.303283838390371	0.0	4
477	2562.2892043590546	0.303283838390371	0.0	5
478	2567.3843479156494	0.30344575977268023	0.00016192138230924913	0
479	2572.515951871872	0.30344575977268023	0.0	1
480	2577.653407096863	0.30344575977268023	0.0	2
481	2582.74884390831	0.3038334855108933	0.0003877257382130517	0
482	2587.8341870307922	0.3038334855108933	0.0	1
483	2592.9415752887726	0.3039311748323205	9.768932142723008e-05	0
484	2598.013473033905	0.3039311748323205	0.0	1
485	2603.0738344192505	0.3039311748323205	0.0	2
486	2608.1900596618652	0.3042342560898461	0.0003030812575255948	0
487	2613.2837500572205	0.30455679437039057	0.0003225382805444599	0
488	2618.323427438736	0.3045568127434057	1.8373015109318658e-08	1
489	2623.3432557582855	0.3052599664053093	0.0007031536619035994	0
490	2628.4667015075684	0.3052599664053093	0.0	1
491	2633.586316347122	0.30528148120602233	2.1514800713051674e-05	0
492	2638.6843979358673	0.30528148120602233	0.0	1
493	2643.808306455612	0.3059207151483011	0.0006392339422787718	0
494	2648.8428184986115	0.305934072330298	1.3357181996909162e-05	0
495	2653.999083995819	0.30600383466873304	6.976233843503099e-05	0
496	2659.0340762138367	0.30604837085739955	4.453618866651077e-05	0
497	2664.155453681946	0.3073287495355302	0.0012803786781306337	0
498	2669.342764377594	0.3073287495355302	0.0	1
499	2674.46706032753	0.30774958344700104	0.0004208339114708526	0
500	2679.532921552658	0.30777210876354605	2.252531654500789e-05	0
501	2684.619740009308	0.30777210876354605	0.0	1
502	2689.65310049057	0.3077724211048032	3.1234125713597294e-07	2
503	2694.7360882759094	0.3078487426096384	7.632150483521949e-05	0
504	2699.839783191681	0.3078487426096384	0.0	1
505	2704.8722960948944	0.3080158635552284	0.00016712094559001578	0
506	2709.9485080242157	0.3086088893644642	0.0005930258092357588	0
507	2715.066403388977	0.3086088893644642	0.0	1
508	2720.10732793808	0.3086088893644642	0.0	2
509	2725.190402030945	0.3090335999821267	0.00042471061766252705	0
510	2730.263190984726	0.3090335999821267	0.0	1
511	2735.304264307022	0.3090335999821267	0.0	2
512	2740.3188967704773	0.3090335999821267	0.0	3
513	2745.4669120311737	0.30906024085406003	2.664087193332554e-05	0
514	2750.634795188904	0.30906024085406003	0.0	1
515	2755.839757680893	0.30910646736011815	4.6226506058122396e-05	0
516	2761.010437965393	0.3096356469417896	0.000529179581671424	0
517	2766.234616994858	0.3096356469417896	0.0	1
518	2771.3571226596832	0.3096356469417896	0.0	2
519	2776.5385501384735	0.3096356469417896	0.0	3
520	2781.6802217960358	0.3096356469417896	0.0	4
521	2786.8507907390594	0.3100347088303356	0.0003990618885460484	0
522	2792.1473808288574	0.3100347088303356	0.0	1
523	2797.23038482666	0.3100347088303356	0.0	2
524	2802.314344406128	0.3100347088303356	0.0	3
525	2807.4465205669403	0.3100670085909279	3.2299760592269244e-05	0
526	2812.579782485962	0.31013245327080824	6.54446798803443e-05	0
527	2817.742567539215	0.31036303461064496	0.0002305813398367218	0
528	2822.9159858226776	0.3109306872859911	0.0005676526753461419	0
529	2828.0440685749054	0.311363004331916	0.0004323170459248904	0
530	2833.231024503708	0.311363004331916	0.0	1
531	2838.468684911728	0.31137101496651115	8.01063459515694e-06	0
532	2843.5756034851074	0.31137101496651115	0.0	1
533	2848.7849225997925	0.3115971867827175	0.00022617181620632199	0
534	2853.9860837459564	0.3115971867827175	0.0	1
535	2859.1318554878235	0.3115971867827175	0.0	2
536	2864.2594583034515	0.3115971867827175	0.0	3
537	2869.415639400482	0.3121956693774458	0.0005984825947283334	0
538	2874.567710876465	0.3121956693774458	0.0	1
539	2879.683435678482	0.3121956693774458	0.0	2
540	2884.845121383667	0.31219956445665265	3.8950792068392914e-06	0
541	2889.917078256607	0.31219956445665265	0.0	1
542	2894.9888200759888	0.31219956445665265	0.0	2
543	2900.1536190509796	0.31236973532275364	0.00017017086610099375	0
544	2905.337886571884	0.31236973532275364	0.0	1
545	2910.5125918388367	0.31236973532275364	0.0	2
546	2915.6959767341614	0.31236973532275364	0.0	3
547	2920.942049264908	0.3123788115922261	9.076269472441112e-06	0
548	2925.979859352112	0.3123788115922261	0.0	1
549	2931.1252949237823	0.3124138673050873	3.5055712861220556e-05	0
550	2936.22106051445	0.31248111254045	6.724523536272287e-05	0
551	2941.2202413082123	0.31248111254045	0.0	1
552	2946.1470234394073	0.3125740432509595	9.293071050947566e-05	0
553	2951.2319321632385	0.3125740432509595	0.0	1
554	2956.339275121689	0.3125973402341398	2.3296983180320918e-05	0
555	2961.3521683216095	0.31268174586563063	8.44056314908137e-05	0
556	2966.3896946907043	0.31268174586563063	0.0	1
557	2971.335074901581	0.31268174586563063	0.0	2
558	2976.358027935028	0.3132176132248081	0.0005358673591774887	0
559	2981.33115029335	0.3132176132248081	0.0	1
560	2986.365346431732	0.3132176132248081	0.0	2
561	2991.4036989212036	0.3132176132248081	0.0	3
562	2996.4980432987213	0.3132176132248081	0.0	4
563	3001.571668624878	0.31339575797947394	0.00017814475466582103	0
564	3006.4985506534576	0.31339575797947394	0.0	1
565	3011.4384636878967	0.31339575797947394	0.0	2
566	3016.4615111351013	0.31339575797947394	0.0	3
567	3021.4937484264374	0.31375924971073527	0.00036349173126132284	0
568	3026.486358165741	0.314427549762944	0.0006683000522087479	0
569	3031.5345375537872	0.314427549762944	0.0	1
570	3036.5868725776672	0.31512179251251127	0.0006942427495672532	0
571	3041.659553050995	0.31512179251251127	0.0	1
572	3046.7542827129364	0.31512179251251127	0.0	2
573	3051.8496930599213	0.315452653768908	0.0003308612563967528	0
574	3056.8823981285095	0.31594887216144263	0.0004962183925346086	0
575	3061.910475254059	0.31594887216144263	0.0	1
576	3066.9651420116425	0.3159848465250602	3.597436361757467e-05	0
577	3072.055619239807	0.3159848465250602	0.0	1
578	3077.1746928691864	0.3159848465250602	0.0	2
579	3082.254384994507	0.3159848465250602	0.0	3
580	3087.3450558185577	0.31613565223321793	0.00015080570815773076	0
581	3092.3807871341705	0.31694961354934903	0.0008139613161310955	0
582	3097.4552586078644	0.31715436242991796	0.00020474888056892793	0
583	3102.54053068161	0.31715436242991796	0.0	1
584	3107.666963338852	0.31715436242991796	0.0	2
585	3112.710416316986	0.31715436242991796	0.0	3
586	3117.820967197418	0.31715436242991796	0.0	4
587	3122.90242934227	0.3181908944512906	0.0010365320213726603	0
588	3127.9499905109406	0.3181908944512906	0.0	1
589	3133.0068016052246	0.3181908944512906	0.0	2
590	3138.031460046768	0.3181908944512906	0.0	3
591	3143.111375808716	0.3181908944512906	0.0	4
592	3148.1488831043243	0.3182029471492136	1.2052697922981803e-05	0
593	3153.230134010315	0.3182644967498871	6.154960067350501e-05	0
594	3158.354791164398	0.3182741242098134	9.627459926275783e-06	0
595	3163.400102376938	0.3182983030977197	2.417888790634537e-05	0
596	3168.391252756119	0.31835331190500826	5.5008807288536854e-05	0
597	3173.45525598526	0.31921033956859574	0.000857027663587473	0
598	3178.5594606399536	0.3195069167787666	0.00029657721017084526	0
599	3183.6826786994934	0.3195069167787666	0.0	1
600	3188.770613670349	0.3195069167787666	0.0	2
601	3193.7471187114716	0.3195069167787666	0.0	3
602	3198.737844467163	0.3195069167787666	0.0	4
603	3203.730124473572	0.31953631360296886	2.939682420227685e-05	0
604	3208.796404361725	0.3195698627285897	3.354912562086865e-05	0
605	3213.8993258476257	0.3195698627285897	0.0	1
606	3218.923702955246	0.31957361082367547	3.7480950857426976e-06	0
607	3223.965108394623	0.31957361082367547	0.0	1
608	3229.014872789383	0.3195779836012756	4.372777600125666e-06	0
609	3234.1547265052795	0.3204069005517196	0.0008289169504440141	0
610	3239.246408700943	0.3204069005517196	0.0	1
611	3244.3362429142	0.3204069005517196	0.0	2
612	3249.379810810089	0.3204069005517196	0.0	3
613	3254.4957699775696	0.32047403554899156	6.713499727195593e-05	0
614	3259.5245213508606	0.32047403554899156	0.0	1
615	3264.307497739792	0.32047403554899156	0.0	2
616	3269.150491476059	0.32047403554899156	0.0	3
617	3274.138321876526	0.32047403554899156	0.0	4
618	3279.287250995636	0.3205828405445703	0.00010880499557874845	0
619	3284.3987560272217	0.3205828405445703	0.0	1
620	3289.4457128047943	0.3205828405445703	0.0	2
621	3294.5387620925903	0.3205828405445703	0.0	3
622	3299.6292765140533	0.3205828405445703	0.0	4
623	3304.7057971954346	0.3205828405445703	0.0	5
624	3309.771241426468	0.3205828405445703	0.0	6
625	3314.821763277054	0.32060213221045303	1.9291665882714693e-05	0
626	3319.8885843753815	0.32060213221045303	0.0	1
627	3324.9613149166107	0.32060213221045303	0.0	2
628	3330.116166830063	0.3207087324442166	0.0001066002337635763	0
629	3335.2427010536194	0.3207087324442166	0.0	1
630	3340.4029202461243	0.3207087324442166	0.0	2
631	3345.5462579727173	0.3207087324442166	0.0	3
632	3350.6420199871063	0.32076631347362283	5.7581029406228446e-05	0
633	3355.778223991394	0.32076631347362283	0.0	1
634	3360.9318816661835	0.32076631347362283	0.0	2
635	3365.9880192279816	0.3207692899020733	2.97642845048518e-06	0
636	3371.098070859909	0.32080644013865894	3.715023658562577e-05	0
637	3376.220485687256	0.32080644013865894	0.0	1
638	3381.318137407303	0.32080644013865894	0.0	2
639	3386.4744079113007	0.32080644013865894	0.0	3
640	3391.5593087673187	0.32080644013865894	0.0	4
641	3396.7207169532776	0.3208179049000978	1.1464761438872983e-05	0
642	3401.873576402664	0.32082007291588277	2.1680157849535142e-06	0
643	3407.023914337158	0.32082007291588277	0.0	1
644	3412.162370443344	0.32082936966153675	9.29674565397498e-06	0
645	3417.304491996765	0.320877653945289	4.8284283752253465e-05	0
646	3422.4147593975067	0.32106443401706425	0.0001867800717752499	0
647	3427.6027295589447	0.32106443401706425	0.0	1
648	3432.808040380478	0.3212250509152995	0.00016061689823526626	0
649	3437.996871948242	0.3212250509152995	0.0	1
650	3443.1401360034943	0.321420870510517	0.00019581959521747239	0
651	3448.3197939395905	0.321420870510517	0.0	1
652	3453.4949338436127	0.321420870510517	0.0	2
653	3458.736667871475	0.3215805320119657	0.0001596615014486935	0
654	3463.8908643722534	0.32166846526236076	8.793325039507804e-05	0
655	3469.0537610054016	0.3219178238236567	0.0002493585612959315	0
656	3474.2782866954803	0.3219178238236567	0.0	1
657	3479.4314527511597	0.3219178238236567	0.0	2
658	3484.5236344337463	0.3220194265973058	0.00010160277364912318	0
659	3489.7381286621094	0.32205543770695366	3.6011109647848816e-05	0
660	3495.0453264713287	0.32205543770695366	0.0	1
661	3500.2253580093384	0.32232280182307343	0.0002673641161197726	0
662	3505.351897954941	0.32232280182307343	0.0	1
663	3510.530779838562	0.3224044515022953	8.164967922186239e-05	0
664	3515.6228260993958	0.3224044515022953	0.0	1
665	3520.779356956482	0.3226110009383466	0.0002065494360513065	0
666	3525.915113925934	0.3227121260136025	0.00010112507525589232	0
667	3531.1111223697662	0.32290383005343165	0.00019170403982915474	0
668	3536.3001124858856	0.32290383005343165	0.0	1
669	3541.470864057541	0.32290383005343165	0.0	2
670	3546.5578520298004	0.32290383005343165	0.0	3
671	3551.688068151474	0.32334301860701387	0.00043918855358221487	0
672	3556.829423904419	0.32344770804720424	0.0001046894401903753	0
673	3561.982961177826	0.32358521169241045	0.00013750364520620506	0
674	3567.1211261749268	0.32358521169241045	0.0	1
675	3572.240304708481	0.324061660720669	0.00047644902825855207	0
676	3577.3891134262085	0.3241224754007375	6.081468006852164e-05	0
677	3582.5148935317993	0.3246549621251317	0.0005324867243941545	0
678	3587.664760351181	0.3246549621251317	0.0	1
679	3592.7971165180206	0.3246549621251317	0.0	2
680	3597.9511885643005	0.3246549621251317	0.0	3
681	3603.1515703201294	0.32493467290741646	0.0002797107822847811	0
