1	5.934347867965698	0.08788653700413437	10000000000.087887	0
2	10.263157367706299	0.08788653700413437	0.0	1
3	14.772036075592041	0.08788653700413437	0.0	2
4	19.468170881271362	0.08788653700413437	0.0	3
5	24.13402271270752	0.09031401650866853	0.0024274795045341607	0
6	28.944538354873657	0.0957324942646796	0.005418477756011064	0
7	34.3142786026001	0.0957324942646796	0.0	1
8	40.096768379211426	0.09818949001801437	0.002456995753334773	0
9	46.28457689285278	0.11656774145375527	0.0183782514357409	0
10	52.918001890182495	0.11656774145375527	0.0	1
11	60.09276461601257	0.11656774145375527	0.0	2
12	67.36569833755493	0.12610087432034542	0.009533132866590147	0
13	74.39367580413818	0.12610087432034542	0.0	1
14	81.16081500053406	0.12785928210603553	0.0017584077856901137	0
15	88.18703937530518	0.12816435683570232	0.0003050747296667877	0
16	94.9766309261322	0.12863000253106657	0.00046564569536425293	0
17	101.91084885597229	0.143173144281377	0.014543141750310434	0
18	109.10835361480713	0.143173144281377	0.0	1
19	116.07923650741577	0.143173144281377	0.0	2
20	123.29094648361206	0.14514902426061108	0.0019758799792340687	0
21	130.2664439678192	0.14514902426061108	0.0	1
22	137.3730206489563	0.14514902426061108	0.0	2
23	144.44275426864624	0.14514902426061108	0.0	3
24	151.55754351615906	0.14514902426061108	0.0	4
25	158.8719940185547	0.14944827305416541	0.004299248793554339	0
26	166.66744589805603	0.14944827305416541	0.0	1
27	173.86006569862366	0.14944827305416541	0.0	2
28	181.40962958335876	0.1514550196988119	0.002006746644646479	0
29	188.71682786941528	0.1514550196988119	0.0	1
30	196.1231405735016	0.15220406915250131	0.000749049453689421	0
31	203.52137303352356	0.15220406915250131	0.0	1
32	210.87572121620178	0.15563187665210151	0.0034278074996001995	0
33	218.54008626937866	0.15563187665210151	0.0	1
34	226.0944471359253	0.1587520188269021	0.003120142174800583	0
35	233.62834858894348	0.1587520188269021	0.0	1
36	240.81535267829895	0.16154989831638508	0.002797879489482985	0
37	248.40259957313538	0.16154989831638508	0.0	1
38	255.9789743423462	0.16154989831638508	0.0	2
39	263.7089819908142	0.16463345981806893	0.003083561501683846	0
40	271.11297392845154	0.16568254060877297	0.0010490807907040378	0
41	278.9763391017914	0.1671317856689306	0.0014492450601576445	0
42	286.87600898742676	0.1671317856689306	0.0	1
43	294.6149060726166	0.1676424452513546	0.0005106595824239946	0
44	302.2412269115448	0.17697250118175234	0.009330055930397735	0
45	310.23872113227844	0.17697250118175234	0.0	1
46	318.16187715530396	0.17697250118175234	0.0	2
47	325.70754504203796	0.17697250118175234	0.0	3
48	333.38341999053955	0.17697250118175234	0.0	4
49	340.9884159564972	0.17697250118175234	0.0	5
50	348.9560658931732	0.17768201190688968	0.0007095107251373356	0
51	356.74103021621704	0.17768201190688968	0.0	1
52	364.56315636634827	0.17905208764486755	0.0013700757379778716	0
53	372.2415211200714	0.18271079801206916	0.003658710367201612	0
54	379.926251411438	0.1832673717592941	0.0005565737472249532	0
55	387.86193895339966	0.1832673717592941	0.0	1
56	395.87736463546753	0.18373406471652054	0.0004666929572264278	0
57	404.0820209980011	0.18384472538662702	0.00011066067010648273	0
58	411.84930634498596	0.1879097182373194	0.004064992850692367	0
59	419.77460980415344	0.1879097182373194	0.0	1
60	427.72480154037476	0.1879097182373194	0.0	2
61	435.7691841125488	0.1879097182373194	0.0	3
62	443.64058351516724	0.1882347185018908	0.0003250002645714123	0
63	451.6170880794525	0.18899635347094182	0.0007616349690510171	0
64	459.5293231010437	0.1904896753943878	0.0014933219234459782	0
65	467.64035654067993	0.1926695601470782	0.002179884752690403	0
66	475.7154178619385	0.1926695601470782	0.0	1
67	483.83196544647217	0.1926695601470782	0.0	2
68	491.87797808647156	0.1926695601470782	0.0	3
69	500.1884756088257	0.1926695601470782	0.0	4
70	508.0843839645386	0.19496065676032887	0.002291096613250665	0
71	516.1025304794312	0.19496065676032887	0.0	1
72	523.9524300098419	0.19496065676032887	0.0	2
73	531.8627319335938	0.19496065676032887	0.0	3
74	539.9390361309052	0.19496065676032887	0.0	4
75	547.9943861961365	0.19540074559165224	0.0004400888313233764	0
76	556.018862247467	0.19540074559165224	0.0	1
77	564.059427022934	0.19545781217663494	5.706658498269568e-05	0
78	571.8260822296143	0.19724328341360625	0.0017854712369713144	0
79	579.8638162612915	0.19724328341360625	0.0	1
80	587.8739800453186	0.19757265645577776	0.0003293730421715102	0
81	595.8795053958893	0.198862129776396	0.0012894733206182396	0
82	603.6317367553711	0.198862129776396	0.0	1
83	611.4711503982544	0.198862129776396	0.0	2
84	619.5353620052338	0.198862129776396	0.0	3
85	627.5798714160919	0.19913654913032436	0.0002744193539283568	0
86	635.7808721065521	0.20103672310072998	0.001900173970405622	0
87	643.9876139163971	0.2010700333771542	3.331027642422546e-05	0
88	652.1444511413574	0.20188028334422975	0.0008102499670755436	0
89	660.2080190181732	0.2019839622685882	0.00010367892435844683	0
90	668.286828994751	0.20340866098053695	0.001424698711948752	0
91	676.5202925205231	0.20340866098053695	0.0	1
92	684.6488621234894	0.20433385253024344	0.0009251915497064944	0
93	692.9171030521393	0.20609995860927152	0.0017661060790280791	0
94	700.9651288986206	0.20609995860927152	0.0	1
95	709.2057974338531	0.20609995860927152	0.0	2
96	717.2762105464935	0.20609995860927152	0.0	3
97	725.4596855640411	0.20609995860927152	0.0	4
98	733.6416459083557	0.206947836511326	0.0008478779020544835	0
99	741.7696459293365	0.20713542499576687	0.00018758848444086484	0
100	749.9280045032501	0.20713542499576687	0.0	1
101	758.0108852386475	0.20713542499576687	0.0	2
102	766.2070529460907	0.20746974037900737	0.0003343153832404966	0
103	774.3677091598511	0.20746974037900737	0.0	1
104	782.5494265556335	0.2085255824392779	0.0010558420602705398	0
105	790.7321929931641	0.2097279125491515	0.001202330109873584	0
106	798.9809203147888	0.2097279125491515	0.0	1
107	807.1408088207245	0.2097279125491515	0.0	2
108	815.2649445533752	0.20988555301893627	0.00015764046978478108	0
109	823.5503060817719	0.20988555301893627	0.0	1
110	831.7507083415985	0.21096311198308623	0.0010775589641499606	0
111	840.1209495067596	0.21096311198308623	0.0	1
112	848.5037362575531	0.21096311198308623	0.0	2
113	856.9000799655914	0.2115614108476633	0.0005982988645770737	0
114	865.2457871437073	0.2123690518465909	0.0008076409989276057	0
115	873.698303937912	0.21294396186291203	0.0005749100163211229	0
116	882.0551469326019	0.2130432863826855	9.932451977345824e-05	0
117	890.3046164512634	0.2130432863826855	0.0	1
118	898.6543300151825	0.21396557499600202	0.0009222886133165298	0
119	907.0574941635132	0.2147331444489389	0.0007675694529368782	0
120	915.3325674533844	0.2158631951173051	0.0011300506683661893	0
121	923.6858570575714	0.2158631951173051	0.0	1
122	932.0994830131531	0.21644144902237922	0.0005782539050741275	0
123	940.4402358531952	0.21645350172030214	1.2052697922926292e-05	0
124	948.7129514217377	0.2170312044349225	0.0005777027146203484	0
125	957.0027854442596	0.2170312044349225	0.0	1
126	965.3548712730408	0.2170312044349225	0.0	2
127	973.5199654102325	0.2170312044349225	0.0	3
128	981.8606107234955	0.21714934292218543	0.00011813848726294207	0
129	990.2664406299591	0.21761715663333459	0.00046781371114915093	0
130	998.5361433029175	0.2180898759395225	0.0004727193061879187	0
131	1006.8312509059906	0.21883407491721854	0.0007441989776960367	0
132	1014.9571580886841	0.21939110798982164	0.0005570330726031025	0
133	1023.1217350959778	0.21939110798982164	0.0	1
134	1031.4004333019257	0.21954092155516255	0.00014981356534091161	0
135	1039.5208268165588	0.21957287222846741	3.195067330485912e-05	0
136	1047.6867537498474	0.22008845577894529	0.0005155835504778716	0
137	1055.7638823986053	0.22062959619346403	0.0005411404145187482	0
138	1063.924992799759	0.22082341313003273	0.00019381693656869703	0
139	1072.0416476726532	0.22088990507177528	6.649194174254691e-05	0
140	1080.0447945594788	0.22164024063652354	0.0007503355647482668	0
141	1088.2022490501404	0.2218270574543291	0.00018681681780555182	0
142	1096.4094049930573	0.2218270574543291	0.0	1
143	1104.4337301254272	0.22189966761010874	7.261015577963992e-05	0
144	1112.6114869117737	0.22321506525507037	0.0013153976449616356	0
145	1120.563598871231	0.22321506525507037	0.0	1
146	1128.5647904872894	0.22321506525507037	0.0	2
147	1136.5202264785767	0.2232627799753537	4.771472028333723e-05	0
148	1144.5160675048828	0.2232627799753537	0.0	1
149	1152.5230329036713	0.22350355833858557	0.0002407783632318583	0
150	1160.6370606422424	0.22372427336929937	0.00022071503071380283	0
151	1168.5434756278992	0.22402472728566186	0.00030045391636249197	0
152	1176.442374944687	0.22402737299984007	2.645714178212133e-06	0
153	1184.2852401733398	0.22402737299984007	0.0	1
154	1192.1078102588654	0.22432587937659917	0.0002985063767591001	0
155	1200.0349531173706	0.22450332595669026	0.00017744658009108405	0
156	1207.932222366333	0.22467384591007863	0.0001705199533883761	0
157	1215.9849691390991	0.2248795869334644	0.00020574102338577482	0
158	1224.0816147327423	0.22496645454898218	8.686761551776612e-05	0
159	1231.959941148758	0.22506017529914207	9.3720750159898e-05	0
160	1239.8435907363892	0.22506017529914207	0.0	1
161	1247.6774985790253	0.22506017529914207	0.0	2
162	1255.775514125824	0.22523651949832554	0.00017634419918347022	0
163	1263.7365217208862	0.22545841040200745	0.00022189090368190945	0
164	1271.7464756965637	0.22551457670924896	5.61663072415064e-05	0
165	1279.9061994552612	0.22551457670924896	0.0	1
166	1287.9888820648193	0.22627180215466963	0.0007572254454206728	0
167	1296.019864320755	0.22627180215466963	0.0	1
168	1304.0583143234253	0.22627180215466963	0.0	2
169	1312.1889252662659	0.22627180215466963	0.0	3
170	1320.1889984607697	0.22627180215466963	0.0	4
171	1328.2163593769073	0.22627180215466963	0.0	5
172	1336.2070534229279	0.22627180215466963	0.0	6
173	1343.9497199058533	0.2264895040109027	0.00021770185623307126	0
174	1351.945941209793	0.22667766205881246	0.00018815804790975332	0
175	1359.6813328266144	0.2267157860651998	3.8124006387335596e-05	0
176	1367.3736326694489	0.2275387869047731	0.0008230008395733179	0
177	1375.2692985534668	0.2275387869047731	0.0	1
178	1383.2058942317963	0.2275387869047731	0.0	2
179	1391.0562217235565	0.227736407055473	0.0001976201506998787	0
180	1398.8589844703674	0.22800645363180125	0.0002700465763282589	0
181	1407.0122482776642	0.22809910874708383	9.265511528258608e-05	0
182	1414.9260928630829	0.22809910874708383	0.0	1
183	1422.7084345817566	0.2286929613420003	0.0005938525949164553	0
184	1430.4795682430267	0.2291932769169081	0.000500315574907817	0
185	1438.2998485565186	0.2291932769169081	0.0	1
186	1446.1040165424347	0.22920092009120072	7.643174292609745e-06	0
187	1453.863020658493	0.22957514166329582	0.00037422157209510143	0
188	1461.851725578308	0.2297806622105001	0.0002055205472042687	0
189	1469.5931367874146	0.2297806622105001	0.0	1
190	1477.689649105072	0.22979251280525662	1.1850594756529498e-05	0
191	1485.4393248558044	0.22980825847921998	1.574567396336879e-05	0
192	1493.1512455940247	0.22992742585533	0.0001191673761100076	0
193	1501.102281332016	0.22995763109219786	3.0205236867864027e-05	0
194	1509.0678844451904	0.23002884489882788	7.121380663002719e-05	0
195	1517.0734667778015	0.2303865123842941	0.00035766748546622873	0
196	1524.946049451828	0.2303865123842941	0.0	1
197	1532.831158399582	0.2305751848766274	0.0001886724923332861	0
198	1540.5262908935547	0.23058736618565623	1.21813090288303e-05	0
199	1548.2162387371063	0.23058736618565623	0.0	1
200	1555.9426839351654	0.23074101971115857	0.00015365352550233968	0
201	1563.8516898155212	0.2309998587482597	0.0002588390371011384	0
202	1571.5118658542633	0.23162015011194312	0.0006202913636834118	0
203	1579.4302785396576	0.23173382395653033	0.0001136738445872143	0
204	1586.9301521778107	0.23173382395653033	0.0	1
205	1594.769407749176	0.23175171927326346	1.7895316733129718e-05	0
206	1602.3934757709503	0.2319716075182966	0.0002198882450331341	0
207	1610.1271743774414	0.23229993329860588	0.00032832578030927984	0
208	1617.7320275306702	0.23305629521231563	0.0007563619137097577	0
209	1625.4557926654816	0.23384225605339404	0.0007859608410784036	0
210	1633.0753812789917	0.23384225605339404	0.0	1
211	1640.9206354618073	0.23384225605339404	0.0	2
212	1648.7129926681519	0.23384225605339404	0.0	3
213	1656.266699552536	0.23384225605339404	0.0	4
214	1663.7913479804993	0.23404421223566377	0.00020195618226973022	0
215	1671.4086544513702	0.23404421223566377	0.0	1
216	1679.0955641269684	0.23439680876895508	0.0003525965332913106	0
217	1686.6289105415344	0.23439680876895508	0.0	1
218	1694.1839051246643	0.2347456020881152	0.0003487933191601289	0
219	1702.0099391937256	0.2347456020881152	0.0	1
220	1709.750810623169	0.2347456020881152	0.0	2
221	1717.2477662563324	0.23505678584531156	0.00031118375719635383	0
222	1724.7737159729004	0.2350837206854869	2.6934840175352193e-05	0
223	1732.3758335113525	0.2350875973916786	3.876706191674462e-06	0
224	1740.0313274860382	0.2350875973916786	0.0	1
225	1747.8028762340546	0.2353898702365386	0.0003022728448600076	0
226	1755.5305361747742	0.2353898702365386	0.0	1
227	1763.0625321865082	0.23545432277360212	6.445253706352516e-05	0
228	1770.7152209281921	0.23545432277360212	0.0	1
229	1778.2038462162018	0.23548234162166992	2.8018848067801194e-05	0
230	1785.7570259571075	0.23592209973872103	0.00043975811705110335	0
231	1793.2442622184753	0.23592209973872103	0.0	1
232	1800.826001882553	0.2359564940230377	3.439428431667446e-05	0
233	1808.3314578533173	0.2359564940230377	0.0	1
234	1815.881594657898	0.23621331202847495	0.00025681800543725375	0
235	1823.3875715732574	0.23717359603707291	0.0009602840085979614	0
236	1830.953497171402	0.23717359603707291	0.0	1
237	1838.4665887355804	0.23717359603707291	0.0	2
238	1846.2576622962952	0.23717359603707291	0.0	3
239	1853.918256521225	0.23731611551540863	0.000142519478335712	0
240	1861.3230953216553	0.23731611551540863	0.0	1
241	1869.0740144252777	0.23731611551540863	0.0	2
242	1876.8163449764252	0.23796343358434302	0.0006473180689343938	0
243	1884.4217092990875	0.23796343358434302	0.0	1
244	1892.1030387878418	0.23796343358434302	0.0	2
245	1899.774162530899	0.2383016991658357	0.0003382655814926916	0
246	1907.5282049179077	0.2383016991658357	0.0	1
247	1914.978108406067	0.238359868131726	5.8168965890281754e-05	0
248	1922.440893650055	0.238359868131726	0.0	1
249	1930.0375196933746	0.23850549264961807	0.00014562451789207342	0
250	1937.717190027237	0.2385627797107823	5.728706116422955e-05	0
251	1945.212985277176	0.23883291815218619	0.00027013844140388876	0
252	1952.91548538208	0.23883291815218619	0.0	1
253	1960.629709482193	0.23883291815218619	0.0	2
254	1968.2954671382904	0.23883291815218619	0.0	3
255	1975.9096822738647	0.23936231821003914	0.0005294000578529579	0
256	1983.3239555358887	0.23936231821003914	0.0	1
257	1990.725914478302	0.23936231821003914	0.0	2
258	1998.3410325050354	0.2395010528472588	0.0001387346372196674	0
259	2005.9443228244781	0.2396501682380249	0.00014911539076609137	0
260	2013.3289251327515	0.2396501682380249	0.0	1
261	2020.8967969417572	0.2396501682380249	0.0	2
262	2028.352774143219	0.2396501682380249	0.0	3
263	2035.7491590976715	0.23996212366185657	0.00031195542383166686	0
264	2043.09814286232	0.24011636512384293	0.00015424146198636524	0
265	2050.421194076538	0.24011636512384293	0.0	1
266	2057.7487671375275	0.2406500828402506	0.0005337177164076723	0
267	2065.0872571468353	0.24066604899039548	1.5966150144874902e-05	0
268	2072.6903746128082	0.24066604899039548	0.0	1
269	2080.0618817806244	0.2408053899371143	0.00013934094671883002	0
270	2087.5841159820557	0.24093019782886815	0.000124807891753842	0
271	2095.104840040207	0.24093019782886815	0.0	1
272	2102.657164812088	0.24311399603378048	0.002183798204912324	0
273	2110.007732629776	0.24311399603378048	0.0	1
274	2117.3937463760376	0.24311985702560582	5.8609918253405e-06	0
275	2124.9008922576904	0.24311985702560582	0.0	1
276	2132.2944757938385	0.24316757174588916	4.771472028333723e-05	0
277	2139.685873031616	0.24316757174588916	0.0	1
278	2147.2659635543823	0.24409234071624775	0.0009247689703585915	0
279	2154.7749738693237	0.24409234071624775	0.0	1
280	2162.0786011219025	0.24409234071624775	0.0	2
281	2169.3651871681213	0.24409234071624775	0.0	3
282	2176.9350764751434	0.2443043285647765	0.00021198784852874408	0
283	2184.417343378067	0.24482946608312012	0.0005251375183436269	0
284	2191.9708244800568	0.24555071716492324	0.0007212510818031259	0
285	2199.465836763382	0.24555071716492324	0.0	1
286	2206.8526170253754	0.24555071716492324	0.0	2
287	2214.0216648578644	0.2466627439054504	0.0011120267405271556	0
288	2221.268747806549	0.24714251844944687	0.0004797745439964751	0
289	2228.5215544700623	0.24714251844944687	0.0	1
290	2235.897444963455	0.24714251844944687	0.0	2
291	2243.2542963027954	0.24726649955552002	0.0001239811060731455	0
292	2250.42037153244	0.24726649955552002	0.0	1
293	2257.720348596573	0.24726649955552002	0.0	2
294	2265.094313621521	0.2476691993010611	0.0004026997455410797	0
295	2272.3220121860504	0.2479206340130663	0.0002514347120051996	0
296	2279.5364570617676	0.24832825772666128	0.0004076237135949845	0
297	2287.00417637825	0.24842717804010198	9.892031344069241e-05	0
298	2294.4653692245483	0.24842717804010198	0.0	1
299	2301.6676347255707	0.24855345577306592	0.0001262777329639475	0
300	2308.8623819351196	0.24855345577306592	0.0	1
301	2316.013705968857	0.24855345577306592	0.0	2
302	2323.4297535419464	0.24958164644557118	0.001028190672505258	0
303	2330.912685394287	0.24958164644557118	0.0	1
304	2338.295789718628	0.2501462124543761	0.0005645660088049453	0
305	2345.469444990158	0.2501462124543761	0.0	1
306	2352.718020439148	0.2501462124543761	0.0	2
307	2359.907573699951	0.2502617052274609	0.0001154927730847577	0
308	2367.4417386054993	0.2502617052274609	0.0	1
309	2374.8959188461304	0.2502617052274609	0.0	2
310	2382.3677110671997	0.2503316696690623	6.996444160140003e-05	0
311	2389.878216266632	0.2503432630416071	1.1593372544804748e-05	0
312	2397.100596189499	0.2503751769688817	3.1913927274584974e-05	0
313	2404.3635749816895	0.2503751769688817	0.0	1
314	2411.8174645900726	0.25108830717799896	0.0007131302091172853	0
315	2419.0622215270996	0.25108830717799896	0.0	1
316	2426.5287976264954	0.25114947094535484	6.116376735587625e-05	0
317	2433.7748880386353	0.25114947094535484	0.0	1
318	2441.007438659668	0.25114947094535484	0.0	2
319	2448.310152053833	0.25114947094535484	0.0	3
320	2455.6216287612915	0.25166564243231676	0.0005161714869619249	0
321	2463.0963072776794	0.2520003803949052	0.00033473796258842725	0
322	2470.324071407318	0.2520003803949052	0.0	1
323	2477.5547959804535	0.25231990550096894	0.00031952510606375606	0
324	2484.845102787018	0.25231990550096894	0.0	1
325	2492.245119333267	0.2524163270843524	9.642158338346585e-05	0
326	2499.449861764908	0.25252320291334285	0.00010687582899043813	0
327	2506.690305709839	0.25252320291334285	0.0	1
328	2513.9510271549225	0.2526605779474432	0.0001373750341003288	0
329	2521.093056678772	0.2526605779474432	0.0	1
330	2528.0628213882446	0.2529414829757112	0.000280905028267997	0
331	2535.317751646042	0.2529414829757112	0.0	1
332	2542.684722185135	0.2532580132803093	0.00031653030459810605	0
333	2549.920335292816	0.2532580132803093	0.0	1
334	2557.2997777462006	0.2532580132803093	0.0	2
335	2564.7156898975372	0.25356996870414095	0.00031195542383166686	0
336	2572.0861802101135	0.2537230710391895	0.00015310233504856052	0
337	2579.403775215149	0.2537230710391895	0.0	1
338	2586.6274075508118	0.2546160546933794	0.0008929836541898828	0
339	2594.069760799408	0.2546160546933794	0.0	1
340	2601.270102739334	0.2546160546933794	0.0	2
341	2608.7105700969696	0.2546160546933794	0.0	3
342	2616.0975387096405	0.2546160546933794	0.0	4
343	2623.2186539173126	0.2546160546933794	0.0	5
344	2630.6844115257263	0.2550568784453078	0.0004408237519283875	0
345	2637.82963180542	0.25511558022863673	5.8701783328951596e-05	0
346	2645.3329894542694	0.25512351737117134	7.937142534608643e-06	0
347	2652.5392458438873	0.25528507129317807	0.0001615539220067297	0
348	2659.8210887908936	0.25542555136683476	0.00014048007365669024	0
349	2667.1005866527557	0.25542555136683476	0.0	1
350	2674.5803484916687	0.25555688167895846	0.00013133031212370083	0
351	2681.9795603752136	0.2560361968975768	0.0004793152186183258	0
352	2689.282026052475	0.2563451942659731	0.000308997368396291	0
353	2696.5215635299683	0.2563451942659731	0.0	1
354	2704.0111887454987	0.2563451942659731	0.0	2
355	2711.212319135666	0.2568801980934396	0.0005350038274665181	0
356	2718.4755115509033	0.2568801980934396	0.0	1
357	2725.704347848892	0.2568801980934396	0.0	2
358	2733.0840532779694	0.2571279765754346	0.0002477784819950313	0
359	2740.1532592773438	0.25715560959018474	2.7633014750116924e-05	0
360	2747.4608907699585	0.2575222063610024	0.00036659677081768427	0
361	2754.711764574051	0.2575222063610024	0.0	1
362	2762.02902841568	0.2575222063610024	0.0	2
363	2769.207223892212	0.25775469849441224	0.00023249213340981179	0
364	2776.5400569438934	0.25829045561549896	0.0005357571210867218	0
365	2783.9626240730286	0.2586413434583835	0.0003508878428845619	0
366	2791.312388896942	0.2591444701046057	0.0005031266462221518	0
367	2798.475591659546	0.2591444701046057	0.0	1
368	2805.8138484954834	0.2591444701046057	0.0	2
369	2812.984001636505	0.2591444701046057	0.0	3
370	2820.1424827575684	0.2592045131180388	6.00430134331531e-05	0
371	2827.458802461624	0.25921197256218015	7.459444141322269e-06	0
372	2834.781594991684	0.259280687638753	6.871507657285614e-05	0
373	2841.893878221512	0.25931339160567807	3.270396692506283e-05	0
374	2849.0899143218994	0.2605834813953379	0.0012700897896598118	0
375	2856.1180396080017	0.2611731265697904	0.0005896451744525355	0
376	2863.115539073944	0.2611731265697904	0.0	1
377	2870.1460185050964	0.2611792999028729	6.173333082504229e-06	0
378	2877.177794933319	0.2611813944265973	2.0945237244052173e-06	0
379	2884.1858851909637	0.26174318611011815	0.0005617916835208292	0
380	2891.4285950660706	0.2628161701935017	0.0010729840833835214	0
381	2898.7104394435883	0.26299642784490707	0.00018025765140539107	0
382	2905.6999385356903	0.26301728121707557	2.085337216850558e-05	0
383	2912.749744653702	0.2634560288182947	0.00043874760121914713	0
384	2919.9939439296722	0.26400775208952626	0.0005517232712315412	0
385	2926.928522348404	0.26400775208952626	0.0	1
386	2934.1147344112396	0.26504907946784695	0.0010413273783206889	0
387	2941.136343717575	0.26504907946784695	0.0	1
388	2948.0984256267548	0.26504907946784695	0.0	2
389	2955.3898928165436	0.2659763287952476	0.0009272493274006255	0
390	2962.429656267166	0.2659763287952476	0.0	1
391	2969.551893234253	0.2659763287952476	0.0	2
392	2976.8146843910217	0.2659763287952476	0.0	3
393	2983.953094482422	0.2666685688861661	0.0006922400909185056	0
394	2991.281065225601	0.2666685688861661	0.0	1
395	2998.5478949546814	0.2666685688861661	0.0	2
396	3005.7738103866577	0.2666685688861661	0.0	3
397	3013.0297520160675	0.2669605528425553	0.00029198395638924124	0
398	3020.2216658592224	0.2669605528425553	0.0	1
399	3027.2944374084473	0.2669605528425553	0.0	2
400	3034.1144318580627	0.2669605528425553	0.0	3
401	3041.039720773697	0.2674255554823901	0.0004650026398347884	0
402	3048.118243455887	0.26747367440900627	4.8118926616158575e-05	0
403	3055.25390958786	0.26747367440900627	0.0	1
404	3062.1111414432526	0.26822755596567394	0.0007538815566676682	0
405	3068.9939646720886	0.26822755596567394	0.0	1
406	3075.915704011917	0.26822755596567394	0.0	2
407	3082.796841621399	0.26822755596567394	0.0	3
408	3089.7083325386047	0.26822755596567394	0.0	4
409	3096.631756067276	0.26822755596567394	0.0	5
410	3103.531399488449	0.26822755596567394	0.0	6
411	3110.6570303440094	0.26848255504261365	0.00025499907693971036	0
412	3117.739269018173	0.2688702440347964	0.0003876889921827775	0
413	3124.8049573898315	0.2688702440347964	0.0	1
414	3131.7021536827087	0.2688702440347964	0.0	2
415	3138.6092166900635	0.2688702440347964	0.0	3
416	3145.6355855464935	0.2690487929957951	0.00017854896099867013	0
417	3152.4901735782623	0.2690487929957951	0.0	1
418	3159.4139342308044	0.2690487929957951	0.0	2
419	3166.3441123962402	0.26926857100273743	0.0002197780069423394	0
420	3173.4949209690094	0.26999590355254743	0.0007273325498100003	0
421	3180.599023103714	0.26999590355254743	0.0	1
422	3187.6982979774475	0.2700016726792971	5.769126749655129e-06	0
423	3194.6871128082275	0.27005203311375864	5.0360434461549364e-05	0
424	3201.783470392227	0.27033982802269907	0.0002877949089404308	0
425	3208.699329853058	0.27043367738396484	9.384936126577426e-05	0
426	3215.6344668865204	0.2707740558621971	0.00034037847823226164	0
427	3222.419600248337	0.2712815920320496	0.0005075361698524961	0
428	3229.276200532913	0.2713772419487978	9.564991674820833e-05	0
429	3236.161741256714	0.27154811098947357	0.00017086904067575848	0
430	3243.220899581909	0.27154811098947357	0.0	1
431	3250.0755112171173	0.2727702839556837	0.0012221729662101333	0
432	3257.1510396003723	0.2727702839556837	0.0	1
433	3264.004833459854	0.2727702839556837	0.0	2
434	3271.0714104175568	0.2727702839556837	0.0	3
435	3278.1670384407043	0.2728234738344747	5.318987879099346e-05	0
436	3285.0560908317566	0.2728234738344747	0.0	1
437	3292.1683485507965	0.2728234738344747	0.0	2
438	3299.105053663254	0.2728234738344747	0.0	3
439	3305.979676961899	0.2750377528714818	0.0022142790370071053	0
440	3312.91060423851	0.2750377528714818	0.0	1
441	3319.8247735500336	0.2750377528714818	0.0	2
442	3326.636316537857	0.2750377528714818	0.0	3
443	3333.5706508159637	0.2750377528714818	0.0	4
444	3340.6756343841553	0.2750377528714818	0.0	5
445	3347.5627291202545	0.2753993338091699	0.00036158093768812183	0
446	3354.4566032886505	0.27623374429113673	0.0008344104819668074	0
447	3361.3713822364807	0.27623374429113673	0.0	1
448	3368.259171962738	0.27623374429113673	0.0	2
449	3375.0341489315033	0.27681003228359236	0.0005762879924556263	0
450	3382.1116931438446	0.27681003228359236	0.0	1
451	3389.22620177269	0.27715233992841287	0.00034230764482051645	0
452	3396.036609172821	0.27719002298243717	3.7683054024295615e-05	0
453	3402.974704504013	0.2773106601997573	0.00012063721732014088	0
454	3410.045691728592	0.2786094853850749	0.001298825185317598	0
455	3416.9318232536316	0.2786094853850749	0.0	1
456	3423.8205029964447	0.27864492693125376	3.5441546178849315e-05	0
457	3430.63485121727	0.27864492693125376	0.0	1
458	3437.5273730754852	0.27864492693125376	0.0	2
459	3444.6428360939026	0.2788796973185393	0.00023477038728553223	0
460	3451.4663779735565	0.27905964262868754	0.0001799453101482551	0
461	3458.2504708766937	0.27905964262868754	0.0	1
462	3465.0820796489716	0.27905964262868754	0.0	2
463	3471.840725183487	0.2792968382539697	0.00023719562528218274	0
464	3478.81823015213	0.2792968382539697	0.0	1
465	3485.7907836437225	0.2796170064155629	0.00032016816159319283	0
466	3492.8100571632385	0.2796170064155629	0.0	1
467	3499.8176951408386	0.2796170064155629	0.0	2
468	3506.7916922569275	0.2796170064155629	0.0	3
469	3513.8012204170227	0.2797827126389882	0.00016570622342526597	0
470	3520.588159561157	0.2799176440620767	0.00013493142308851347	0
471	3527.4272861480713	0.2801196002443464	0.00020195618226970247	0
472	3534.483783006668	0.28038525567005945	0.0002656554257130517	0
473	3541.350641489029	0.28038525567005945	0.0	1
474	3548.117254257202	0.2804877587214498	0.00010250305139036797	0
475	3554.8363382816315	0.2807680206941884	0.00028026197273856024	0
476	3561.56498336792	0.2807680206941884	0.0	1
477	3568.3349368572235	0.2807680206941884	0.0	2
478	3575.218357563019	0.2810346866357334	0.0002666659415450079	0
479	3582.0327310562134	0.2810346866357334	0.0	1
480	3588.8757042884827	0.2810678683010517	3.3181665318293696e-05	0
481	3595.7806799411774	0.2812011094067486	0.00013324110569690184	0
482	3602.5077390670776	0.2812981189266161	9.700951986751916e-05	0
