1	2.3275370597839355	0.023237335041762057	10000000000.023237	0
2	4.019203424453735	0.034103858160739416	0.010866523118977359	0
3	5.739744663238525	0.034103858160739416	0.0	1
4	7.482004404067993	0.09488892119668643	0.060785063035947016	0
5	9.233489990234375	0.095233090096766	0.00034416890007957224	0
6	11.064329385757446	0.1322509067308025	0.0370178166340365	0
7	13.124013423919678	0.17884798783793135	0.046597081107128846	0
8	15.427039861679077	0.18773402629203959	0.008886038454108236	0
9	17.93161654472351	0.18891463250686244	0.0011806062148228547	0
10	20.70314049720764	0.19856906742335995	0.009654434916497506	0
11	23.43152093887329	0.19856906742335995	0.0	1
12	25.922889947891235	0.19856906742335995	0.0	2
13	28.40152883529663	0.19856906742335995	0.0	3
14	30.811315774917603	0.19983592704777173	0.0012668596244117813	0
15	34.086379289627075	0.2025177345480024	0.0026818075002306707	0
16	37.45173192024231	0.2090153262104401	0.006497591662437713	0
17	40.95495390892029	0.2090153262104401	0.0	1
18	43.609973669052124	0.20919582988529942	0.00018050367485930585	0
19	46.05895137786865	0.20919582988529942	0.0	1
20	48.46796774864197	0.2122364822052616	0.0030406523199621727	0
21	50.8297336101532	0.21224170831939704	5.226114135448157e-06	0
22	53.19286346435547	0.21224170831939704	0.0	1
23	55.594566106796265	0.2136504839742111	0.001408775654814065	0
24	57.92284679412842	0.2136504839742111	0.0	1
25	60.38898682594299	0.21525467575025373	0.0016041917760426239	0
26	62.7852623462677	0.21632814662529987	0.0010734708750461397	0
27	65.12175178527832	0.216466458439057	0.00013831181375714707	0
28	67.50461792945862	0.216466458439057	0.0	1
29	69.92023873329163	0.216466458439057	0.0	2
30	72.26759028434753	0.21668494154681445	0.0002184831077574334	0
31	74.64671206474304	0.21923291997774036	0.0025479784309259124	0
32	76.97289252281189	0.22080088937649936	0.0015679693987590004	0
33	79.32845044136047	0.22080088937649936	0.0	1
34	81.6458420753479	0.22080088937649936	0.0	2
35	84.0195198059082	0.22143248329085163	0.0006315939143522742	0
36	86.31064248085022	0.22234326883707786	0.0009107855462262282	0
37	88.66942524909973	0.22234326883707786	0.0	1
38	91.00854563713074	0.2228755440565026	0.0005322752194247271	0
39	93.35133361816406	0.22288520786238236	9.663805879772669e-06	0
40	95.69760918617249	0.2251508409718698	0.002265633109487436	0
41	98.09851145744324	0.2251508409718698	0.0	1
42	100.45358085632324	0.22570818802333226	0.000557347051462459	0
43	102.91562628746033	0.22570818802333226	0.0	1
44	105.31337928771973	0.22570818802333226	0.0	2
45	107.7025785446167	0.22672766322776342	0.0010194752044311584	0
46	110.10285687446594	0.22672766322776342	0.0	1
47	112.54472422599792	0.22706715790938134	0.0003394946816179245	0
48	114.90233540534973	0.2280080386645945	0.0009408807552131471	0
49	117.3179497718811	0.2280080386645945	0.0	1
50	119.77681112289429	0.22916697452683843	0.0011589358622439427	0
51	122.19862937927246	0.22916697452683843	0.0	1
52	124.6276798248291	0.22916697452683843	0.0	2
53	127.06612515449524	0.22945517670032525	0.0002882021734868234	0
54	129.4918270111084	0.2299095557875069	0.00045437908718165554	0
55	132.01200151443481	0.23168174911192102	0.001772193324414112	0
56	134.4611461162567	0.23168174911192102	0.0	1
57	137.5234990119934	0.23168174911192102	0.0	2
58	140.97732591629028	0.23168174911192102	0.0	3
59	144.42819714546204	0.23180609458617826	0.00012434547425724252	0
60	147.47606706619263	0.23235463383321414	0.0005485392470358785	0
61	149.986882686615	0.23235463383321414	0.0	1
62	152.41461992263794	0.2331049641596697	0.0007503303264555505	0
63	154.8771848678589	0.23442967146123592	0.0013247073015662247	0
64	157.30952715873718	0.2345381133295465	0.000108441868310577	0
65	159.77546167373657	0.2345381133295465	0.0	1
66	162.20047569274902	0.23509172100623962	0.0005536076766931297	0
67	164.6645963191986	0.23565949775961895	0.0005677767533793232	0
68	167.09163427352905	0.23594839825008074	0.0002889004904617909	0
69	169.59676337242126	0.23598667052558128	3.8272275500544906e-05	0
70	172.0601737499237	0.23609551786826444	0.00010884734268315488	0
71	174.5334997177124	0.23631314497456865	0.00021762710630421345	0
72	176.98314905166626	0.23631314497456865	0.0	1
73	179.44891476631165	0.23659812587942886	0.0002849809048602048	0
74	181.91984343528748	0.23669501172812096	9.688584869210759e-05	0
75	184.34429097175598	0.23669501172812096	0.0	1
76	186.78752541542053	0.23688799500311405	0.00019298327499309154	0
77	189.3002908229828	0.23732155973917005	0.00043356473605599133	0
78	191.73440384864807	0.23791697632894676	0.000595416589776715	0
79	194.25687551498413	0.23791697632894676	0.0	1
80	196.71443390846252	0.23791697632894676	0.0	2
81	199.13108158111572	0.2382179058924617	0.0003009295635149345	0
82	201.61570620536804	0.23859177579033264	0.00037386989787094316	0
83	204.06617784500122	0.23930617658210693	0.0007144007917742889	0
84	206.5333878993988	0.23930617658210693	0.0	1
85	208.97701382637024	0.2399968345967314	0.000690658014624479	0
86	211.40563821792603	0.2399968345967314	0.0	1
87	213.83685755729675	0.2399968345967314	0.0	2
88	216.28679895401	0.24019324187753738	0.00019640728080597136	0
89	218.76814532279968	0.24019324187753738	0.0	1
90	221.1684226989746	0.24019324187753738	0.0	2
91	223.61044311523438	0.24029438520714153	0.00010114332960414751	0
92	226.05797123908997	0.2406402998996586	0.0003459146925170742	0
93	228.49548268318176	0.24067695027766886	3.6650378010261164e-05	0
94	230.96146059036255	0.24090653887796412	0.00022958860029526074	0
95	233.39615964889526	0.24115700940844714	0.00025047053048302126	0
96	235.8183732032776	0.24174985799386417	0.0005928485854170273	0
97	238.26640367507935	0.2422697887712793	0.000519930777415134	0
98	240.7048716545105	0.2425346986946969	0.0002649099234176	0
99	243.29966640472412	0.2425346986946969	0.0	1
100	246.76958656311035	0.2425346986946969	0.0	2
101	250.20569348335266	0.24273315587371977	0.00019845717902286508	0
102	253.6432967185974	0.2430161769857792	0.00028302111205943947	0
103	256.08606028556824	0.24327608605860168	0.0002599090728224729	0
104	258.516854763031	0.24356246359741188	0.00028637753881019523	0
105	260.96862149238586	0.24381804761026019	0.0002555840128483089	0
106	263.3971621990204	0.24440936440360306	0.000591316793342872	0
107	265.84568786621094	0.24462881614458387	0.00021945174098081388	0
108	268.2886106967926	0.24462881614458387	0.0	1
109	270.7411804199219	0.24462881614458387	0.0	2
110	273.1792929172516	0.24462881614458387	0.0	3
111	275.6228129863739	0.2451746522291359	0.000545836084552026	0
112	278.0355520248413	0.2451746522291359	0.0	1
113	280.46912956237793	0.24552013892092636	0.0003454866917904642	0
114	282.8750116825104	0.24588123637606107	0.00036109745513471236	0
115	285.31109642982483	0.24588123637606107	0.0	1
116	287.7416229248047	0.24588123637606107	0.0	2
117	290.17322421073914	0.24600684332614411	0.00012560695008304035	0
118	292.6216058731079	0.24640546968709634	0.0003986263609522256	0
119	295.02689242362976	0.24662942669888355	0.00022395701178720695	0
120	297.45338439941406	0.24678355201317126	0.00015412531428771192	0
121	299.9023587703705	0.24698933025725456	0.00020577824408329892	0
122	302.31603717803955	0.2472991577306122	0.0003098274733576434	0
123	304.80770659446716	0.2472991577306122	0.0	1
124	307.2355878353119	0.2472991577306122	0.0	2
125	309.63502860069275	0.2477433098530633	0.000444152122451108	0
126	312.09037685394287	0.2477433098530633	0.0	1
127	314.5109989643097	0.2477433098530633	0.0	2
128	316.98231530189514	0.24780787038371932	6.456053065601042e-05	0
129	319.44677448272705	0.24780787038371932	0.0	1
130	321.8965196609497	0.24786116773735928	5.3297353639958356e-05	0
131	324.3253662586212	0.24802698422938965	0.00016581649203037396	0
132	326.7903609275818	0.2480583183878483	3.1334158458656836e-05	0
133	329.2320237159729	0.2480583183878483	0.0	1
134	331.661363363266	0.2480583183878483	0.0	2
135	334.1044657230377	0.24853484088104355	0.00047652249319524165	0
136	336.56307339668274	0.24853484088104355	0.0	1
137	338.9722487926483	0.24853484088104355	0.0	2
138	341.43346905708313	0.24853484088104355	0.0	3
139	343.85695695877075	0.24858002874723195	4.518786618840087e-05	0
140	346.29676508903503	0.248764564639463	0.0001845358922310525	0
141	348.72695088386536	0.24878044571905564	1.5881079592633407e-05	0
142	352.1733374595642	0.24880128259653533	2.0836877479696314e-05	0
143	355.65041184425354	0.24881810978299732	1.682718646198178e-05	0
144	359.0982930660248	0.24890420550810805	8.609572511072972e-05	0
145	361.5012309551239	0.24904936533349095	0.00014515982538290673	0
146	363.9655849933624	0.2491718185940095	0.00012245326051854577	0
147	366.3548426628113	0.2495947058382543	0.00042288724424480173	0
148	368.8026442527771	0.2495947058382543	0.0	1
149	371.2195174694061	0.2495947058382543	0.0	2
150	373.653085231781	0.249797262813711	0.00020255697545670803	0
151	376.07757568359375	0.24992926724833917	0.00013200443462815792	0
152	378.5273668766022	0.24992926724833917	0.0	1
153	380.9494411945343	0.24993352472925123	4.257480912067679e-06	0
154	383.38712882995605	0.2500639072663891	0.00013038253713787418	0
155	385.87525963783264	0.2502271557540598	0.00016324848767068634	0
156	388.29046154022217	0.2502271557540598	0.0	1
157	390.7089455127716	0.25036749493967986	0.0001403391856200642	0
158	393.1406183242798	0.25036749493967986	0.0	1
159	395.59257555007935	0.25067135292921894	0.0003038579895390803	0
160	397.99538588523865	0.2508120525365035	0.00014069960728457787	0
161	400.4765350818634	0.25118592243437443	0.0003738698978709154	0
162	402.87595438957214	0.2513199091881574	0.00013398675378295533	0
163	405.2883071899414	0.2513199091881574	0.0	1
164	407.7168462276459	0.25145997805752907	0.00014006886937167895	0
165	410.0890038013458	0.25145997805752907	0.0	1
166	412.54697608947754	0.25145997805752907	0.0	2
167	414.9644958972931	0.25177741943854953	0.0003174413810204668	0
168	417.4085338115692	0.25177741943854953	0.0	1
169	419.84437441825867	0.25177741943854953	0.0	2
170	422.2819871902466	0.25194033003090976	0.00016291059236023253	0
171	424.7277114391327	0.2524324632874492	0.000492133256539462	0
172	427.1642167568207	0.2524324632874492	0.0	1
173	429.6249611377716	0.2524324632874492	0.0	2
174	432.0729875564575	0.2524324632874492	0.0	3
175	434.48554944992065	0.2524324632874492	0.0	4
176	436.9382321834564	0.25252437081190027	9.190752445104033e-05	0
177	439.36280941963196	0.2532625143808244	0.0007381435689241544	0
178	441.83465218544006	0.2532625143808244	0.0	1
179	444.25645208358765	0.2532625143808244	0.0	2
180	446.6753695011139	0.2532625143808244	0.0	3
181	449.1235418319702	0.25343918857549824	0.0001766741946738204	0
182	451.5425772666931	0.25360250464223105	0.0001633160667328104	0
183	453.98126769065857	0.25360250464223105	0.0	1
184	457.39893221855164	0.2537691996620686	0.0001666950198375705	0
185	460.79850125312805	0.2539537355542997	0.0001845358922310525	0
186	464.28622221946716	0.2540382093819201	8.447382762044597e-05	0
187	466.7072672843933	0.25414433103576534	0.00010612165384521477	0
188	469.199688911438	0.25414433103576534	0.0	1
189	471.62543511390686	0.25414433103576534	0.0	2
190	474.13290882110596	0.2543367736782617	0.0001924426424963488	0
191	476.5199296474457	0.25443183489227716	9.50612140154794e-05	0
192	478.96824383735657	0.25443183489227716	0.0	1
193	481.38945746421814	0.25452130957049274	8.947467821557309e-05	0
194	483.9054901599884	0.2550709075561681	0.0005495979856753874	0
195	486.33791756629944	0.2550709075561681	0.0	1
196	488.7991292476654	0.2550709075561681	0.0	2
197	491.2513618469238	0.2550709075561681	0.0	3
198	493.728502035141	0.2550709075561681	0.0	4
199	496.1473138332367	0.2550709075561681	0.0	5
200	498.60284090042114	0.2550709075561681	0.0	6
201	501.03307247161865	0.2550709075561681	0.0	7
202	503.5236175060272	0.2551886077559859	0.0001177001998177718	0
203	505.9429578781128	0.25557806589084703	0.00038945813486113146	0
204	508.4080126285553	0.2558687910159854	0.0002907251251383913	0
205	510.7637746334076	0.2558687910159854	0.0	1
206	513.2477369308472	0.2558687910159854	0.0	2
207	515.6101438999176	0.2558687910159854	0.0	3
208	518.0079522132874	0.2558687910159854	0.0	4
209	520.3946495056152	0.2558687910159854	0.0	5
210	522.7864072322845	0.2558687910159854	0.0	6
211	525.2067558765411	0.25590296349505215	3.417247906672971e-05	0
212	527.6711254119873	0.2559839006850895	8.093719003737787e-05	0
213	530.0362377166748	0.2559839006850895	0.0	1
214	532.4293944835663	0.25624378723155794	0.000259886546468413	0
215	534.8334820270538	0.25624378723155794	0.0	1
216	537.2447464466095	0.25645945454506136	0.0002156673135034204	0
217	539.6908752918243	0.25645945454506136	0.0	1
218	542.1446340084076	0.25645945454506136	0.0	2
219	544.5091226100922	0.25645945454506136	0.0	3
220	546.936222076416	0.2566030825783701	0.0001436280333087514	0
221	549.3662567138672	0.2566030825783701	0.0	1
222	551.7909460067749	0.25710102763424986	0.0004979450558797449	0
223	554.1472828388214	0.25710102763424986	0.0	1
224	556.5501279830933	0.2573205920070008	0.00021956437275094665	0
225	558.9522829055786	0.2573205920070008	0.0	1
226	562.3524224758148	0.2573205920070008	0.0	2
227	565.7730042934418	0.2573205920070008	0.0	3
228	569.2082953453064	0.25774559672852465	0.0004250047215238473	0
229	571.5933787822723	0.25774559672852465	0.0	1
230	574.0519213676453	0.25774559672852465	0.0	2
231	576.5200099945068	0.2582083781457603	0.00046278141723565813	0
232	578.9485762119293	0.2582083781457603	0.0	1
233	581.4255967140198	0.2582083781457603	0.0	2
234	583.8903000354767	0.25829920440521775	9.082625945744383e-05	0
235	586.3695979118347	0.25848027123892786	0.00018106683371010845	0
236	588.8050076961517	0.25848027123892786	0.0	1
237	591.2449700832367	0.25848027123892786	0.0	2
238	593.6692128181458	0.25848027123892786	0.0	3
239	596.133348941803	0.25848027123892786	0.0	4
240	598.5699121952057	0.2585106818168712	3.0410577943340567e-05	0
241	601.0216071605682	0.2585990301773851	8.834836051391237e-05	0
242	603.4671700000763	0.25887975360133325	0.0002807234239481371	0
243	605.9429919719696	0.2590316037538637	0.00015185015253044165	0
244	608.3891859054565	0.25910148050407134	6.98767502076425e-05	0
245	610.8561985492706	0.25916905956616765	6.757906209631237e-05	0
246	613.3118970394135	0.25916905956616765	0.0	1
247	615.7511534690857	0.25972039208110353	0.0005513325149358872	0
248	618.2026376724243	0.25972039208110353	0.0	1
249	620.6667256355286	0.25972039208110353	0.0	2
250	623.0910477638245	0.25972039208110353	0.0	3
251	625.5552425384521	0.25987796392755813	0.0001575718464545961	0
252	627.9595398902893	0.2600849811211132	0.0002070171935550924	0
253	630.3775866031647	0.260376697405829	0.0002917162847158039	0
254	632.7592329978943	0.26038976269116765	1.3065285338620392e-05	0
255	635.184760093689	0.26038976269116765	0.0	1
256	637.5623874664307	0.2604056437707603	1.5881079592661163e-05	0
257	640.0123934745789	0.26077471555522236	0.00036907178446204947	0
258	642.450532913208	0.2611670345370456	0.00039231898182323643	0
259	644.9346654415131	0.2611670345370456	0.0	1
260	647.3354332447052	0.2611670345370456	0.0	2
261	649.7850224971771	0.26117250844107537	5.473904029773546e-06	0
262	652.21821808815	0.26117250844107537	0.0	1
263	654.671571969986	0.2612975297059536	0.0001250212648782334	0
264	657.0679521560669	0.2615195719776481	0.0002220422716944781	0
265	659.5151245594025	0.2615195719776481	0.0	1
266	661.9628405570984	0.2615195719776481	0.0	2
267	664.4125299453735	0.2615195719776481	0.0	3
268	667.8355793952942	0.2617099647219275	0.00019039274427939956	0
269	671.3166699409485	0.2617099647219275	0.0	1
270	674.8102879524231	0.2618441091601887	0.0001341444382612078	0
271	677.199334859848	0.26252559894872207	0.0006814897885333848	0
272	679.6106083393097	0.26252559894872207	0.0	1
273	682.063639163971	0.26252559894872207	0.0	2
274	684.4679141044617	0.26252559894872207	0.0	3
275	686.925971031189	0.26252559894872207	0.0	4
276	689.3880035877228	0.2625769590359153	5.136008719325291e-05	0
277	691.8360261917114	0.2627241462331611	0.00014718719724576834	0
278	694.2638442516327	0.2627241462331611	0.0	1
279	696.715674161911	0.2629177827724211	0.00019363653926002256	0
280	699.1378374099731	0.2629177827724211	0.0	1
281	701.5797803401947	0.2629177827724211	0.0	2
282	703.9925310611725	0.2629177827724211	0.0	3
283	706.4472942352295	0.2635269404381574	0.0006091576657362707	0
284	708.8791666030884	0.26387458965993493	0.0003476492217775462	0
285	711.2986452579498	0.26387458965993493	0.0	1
286	713.7326834201813	0.26387458965993493	0.0	2
287	716.2292420864105	0.26387458965993493	0.0	3
288	718.6460204124451	0.26387458965993493	0.0	4
289	721.1027483940125	0.26387458965993493	0.0	5
290	723.550626039505	0.2640700283075175	0.00019543864758259089	0
291	726.0147788524628	0.2644394154609361	0.00036938715341855444	0
292	728.4338598251343	0.2647141018220036	0.0002746863610675332	0
293	730.8839364051819	0.2647141018220036	0.0	1
294	733.346063375473	0.2647141018220036	0.0	2
295	735.8232834339142	0.2647141018220036	0.0	3
296	738.2433097362518	0.26513671875	0.0004226169279963887	0
297	740.7059373855591	0.2652621680156048	0.00012544926560481562	0
298	743.1001954078674	0.2656031944892969	0.0003410264736921076	0
299	745.5489888191223	0.265613804402046	1.0609912749093287e-05	0
300	747.9754660129547	0.265613804402046	0.0	1
301	750.4379062652588	0.2659828761865081	0.000369071784462105	0
302	752.8625540733337	0.2659828761865081	0.0	1
303	755.3471388816833	0.2662259580728686	0.00024308188636046335	0
304	757.7998142242432	0.2662259580728686	0.0	1
305	760.273595571518	0.2662259580728686	0.0	2
306	762.7211244106293	0.2662259580728686	0.0	3
307	765.1696665287018	0.2662259580728686	0.0	4
308	767.6111958026886	0.2662259580728686	0.0	5
309	770.1283807754517	0.266268330144803	4.237207193441561e-05	0
310	773.5332970619202	0.2666504672146037	0.00038213706980072537	0
311	776.9841182231903	0.2666504672146037	0.0	1
312	780.4158670902252	0.2666504672146037	0.0	2
313	782.8380105495453	0.2666504672146037	0.0	3
314	785.2505834102631	0.2666504672146037	0.0	4
315	787.7088747024536	0.2667066704679138	5.620325331007203e-05	0
316	790.1711537837982	0.26678688681462215	8.021634670835054e-05	0
317	792.6884880065918	0.2668487216564403	6.183484181815357e-05	0
318	795.1122498512268	0.2668487216564403	0.0	1
319	797.5793993473053	0.2668487216564403	0.0	2
320	800.08899974823	0.2669268881049317	7.816644849140131e-05	0
321	802.5425214767456	0.2669268881049317	0.0	1
322	804.9938843250275	0.26696369616742016	3.680806248845814e-05	0
323	807.4491627216339	0.267129107185078	0.00016541101765782384	0
324	809.9143235683441	0.267129107185078	0.0	1
325	812.3147349357605	0.267129107185078	0.0	2
326	814.7585918903351	0.267313643077309	0.00018453589223099698	0
327	817.1604664325714	0.267313643077309	0.0	1
328	819.5986125469208	0.267313643077309	0.0	2
329	822.0580134391785	0.2674492517285823	0.00013560865127332233	0
330	824.4516861438751	0.2674492517285823	0.0	1
331	826.9250955581665	0.2674965570720497	4.730534346741866e-05	0
332	829.3432042598724	0.26761112610865706	0.00011456903660733708	0
333	831.7843806743622	0.26772405072142	0.00011292461276296573	0
334	834.1908369064331	0.26772405072142	0.0	1
335	836.6817014217377	0.26781832351304435	9.4272791624328e-05	0
336	839.1080498695374	0.2683405069258627	0.0005221834128183445	0
337	841.5707573890686	0.2683405069258627	0.0	1
338	843.9844300746918	0.2683405069258627	0.0	2
339	846.468554019928	0.2683405069258627	0.0	3
340	848.880359172821	0.2683405069258627	0.0	4
341	851.3548576831818	0.2683424667186635	1.9597928008208143e-06	0
342	853.7898201942444	0.2683424667186635	0.0	1
343	856.3052871227264	0.2684585224946369	0.00011605577597340044	0
344	858.7347612380981	0.2688050679250669	0.00034654543043000086	0
345	861.2076661586761	0.2688050679250669	0.0	1
346	863.6267418861389	0.2688050679250669	0.0	2
347	866.063779592514	0.26888803248696713	8.296456190021173e-05	0
348	868.5014367103577	0.26911442234498983	0.00022638985802270195	0
349	870.9220380783081	0.2695342460050863	0.0004198236600964633	0
350	873.3389730453491	0.2695342460050863	0.0	1
351	875.7774081230164	0.2696284061649405	9.416015985419524e-05	0
352	879.2132084369659	0.2697366227697107	0.00010821660477022821	0
353	882.6155877113342	0.26981294205717155	7.631928746082428e-05	0
354	886.0674154758453	0.270009732285996	0.00019679022882446162	0
355	888.4660587310791	0.27001995925072664	1.0226964730630783e-05	0
356	890.8668038845062	0.27020449514295763	0.00018453589223099698	0
357	893.3210842609406	0.27020449514295763	0.0	1
358	895.7385609149933	0.2705784326198907	0.00037393747693303947	0
359	898.1867830753326	0.2705784326198907	0.0	1
360	900.5913617610931	0.2707806291736829	0.00020219655379222212	0
361	903.0207142829895	0.2707964201478594	1.5790974176477235e-05	0
362	905.4205324649811	0.27103001843917235	0.00023359829131297527	0
363	907.8758821487427	0.2710889699076744	5.8951468502044246e-05	0
364	910.294184923172	0.2710889699076744	0.0	1
365	912.7268249988556	0.2717994511138471	0.0007104812061727306	0
366	915.1632821559906	0.2717994511138471	0.0	1
367	917.588577747345	0.2717994511138471	0.0	2
368	920.021733045578	0.2717994511138471	0.0	3
369	922.4812574386597	0.27205827892167606	0.0002588278078289319	0
370	924.9102485179901	0.2723530587905402	0.00029477986886417007	0
371	927.3339650630951	0.2723530587905402	0.0	1
372	929.7728505134583	0.2723530587905402	0.0	2
373	932.218151807785	0.2728658712400812	0.0005128124495409891	0
374	934.6811649799347	0.2728658712400812	0.0	1
375	937.1281352043152	0.2728658712400812	0.0	2
376	939.5348672866821	0.2728658712400812	0.0	3
377	941.9873714447021	0.2728658712400812	0.0	4
378	944.3752157688141	0.2728658712400812	0.0	5
379	946.8211019039154	0.27352607362405423	0.0006602023839730187	0
380	949.2376711368561	0.27352607362405423	0.0	1
381	951.6397774219513	0.27352607362405423	0.0	2
382	954.0383448600769	0.27352607362405423	0.0	3
383	956.5125558376312	0.27352607362405423	0.0	4
384	958.9455015659332	0.27352607362405423	0.0	5
385	961.3871605396271	0.27352607362405423	0.0	6
386	963.8147232532501	0.27352607362405423	0.0	7
387	966.2427456378937	0.2735808351907063	5.476156665207288e-05	0
388	968.6750390529633	0.2735808351907063	0.0	1
389	971.1465635299683	0.2736724723989089	9.163720820259957e-05	0
390	973.5738162994385	0.2736724723989089	0.0	1
391	975.972235918045	0.27376537108293736	9.289868402845292e-05	0
392	978.3710904121399	0.2738818773859914	0.00011650630305404253	0
393	980.7976667881012	0.2738818773859914	0.0	1
394	984.1721262931824	0.2741319199157478	0.0002500425297564113	0
395	987.6361927986145	0.2741344428673994	2.522951651595662e-06	0
396	991.0079498291016	0.2742300672402657	9.562437286630976e-05	0
397	993.4255554676056	0.2742300672402657	0.0	1
398	995.8349184989929	0.27449042684016883	0.00026035959990311497	0
399	998.2926774024963	0.2746749627323999	0.0001845358922310525	0
400	1000.7090532779694	0.2746749627323999	0.0	1
401	1003.1514012813568	0.2746749627323999	0.0	2
402	1005.5744407176971	0.2750484496822523	0.0003734869498523974	0
403	1007.9981756210327	0.27525127697395735	0.00020282729170506553	0
404	1010.4049623012543	0.27525127697395735	0.0	1
405	1012.8813557624817	0.27525463340070816	3.35642675081127e-06	0
406	1015.310170173645	0.2754358128661884	0.00018117946548024122	0
407	1017.7776076793671	0.2754358128661884	0.0	1
408	1020.1721725463867	0.275529522498962	9.370963277360866e-05	0
409	1022.6152718067169	0.2755675695109222	3.804701196019611e-05	0
410	1025.0545723438263	0.275727371466426	0.00015980195550380216	0
411	1027.4873900413513	0.2757690452213854	4.167375495939263e-05	0
412	1029.9050793647766	0.2757690452213854	0.0	1
413	1032.35031914711	0.27617395643511256	0.0004049112137271549	0
414	1034.8014032840729	0.27617395643511256	0.0	1
415	1037.24804854393	0.27617395643511256	0.0	2
416	1039.6781165599823	0.27617395643511256	0.0	3
417	1042.1244900226593	0.27653712631481825	0.0003631698797056937	0
418	1044.5437228679657	0.2767451797206588	0.0002080534058405692	0
419	1046.9374029636383	0.2767451797206588	0.0	1
420	1049.3370025157928	0.27680845624913497	6.327652847615273e-05	0
421	1051.7491858005524	0.2769420375285454	0.00013358127941043296	0
422	1054.1720695495605	0.2769420375285454	0.0	1
423	1056.6190919876099	0.2770586339370156	0.00011659640847017094	0
424	1059.044251203537	0.27729953076703495	0.000240896830019377	0
425	1061.484537601471	0.27729953076703495	0.0	1
426	1063.9015266895294	0.27729953076703495	0.0	2
427	1066.3466527462006	0.27729953076703495	0.0	3
428	1068.7394180297852	0.27734706137404275	4.753060700779521e-05	0
429	1071.15340924263	0.27736206392582813	1.5002551785381346e-05	0
430	1073.5706133842468	0.27751080544150214	0.00014874151567401128	0
431	1076.0167574882507	0.2775465998180591	3.5794376556985696e-05	0
432	1078.483258485794	0.2777311357102902	0.0001845358922310525	0
433	1080.9055352210999	0.2777311357102902	0.0	1
434	1083.306557416916	0.2777311357102902	0.0	2
435	1085.7623043060303	0.2777311357102902	0.0	3
436	1089.1789844036102	0.2777311357102902	0.0	4
437	1092.6462111473083	0.2777311357102902	0.0	5
438	1096.0853731632233	0.27787149742226425	0.00014036171197406855	0
439	1098.519320011139	0.2780444772948768	0.00017297987261255532	0
440	1100.9505224227905	0.2780444772948768	0.0	1
441	1103.3997600078583	0.2780444772948768	0.0	2
442	1105.8390867710114	0.2781002074947523	5.573019987548111e-05	0
443	1108.296828508377	0.27814607115156165	4.5863656809363995e-05	0
444	1110.7140941619873	0.27814607115156165	0.0	1
445	1113.1268956661224	0.27828071116961156	0.0001346400180499141	0
446	1115.5427250862122	0.27829420445567676	1.3493286065202614e-05	0
447	1117.9705247879028	0.27870017440804346	0.00040596995236669153	0
448	1120.3927762508392	0.27870017440804346	0.0	1
449	1122.8194193840027	0.27907620683590145	0.0003760324278579974	0
450	1125.228849887848	0.27917352068532014	9.731384941868981e-05	0
451	1127.660326242447	0.2792977535278073	0.0001242328424871375	0
452	1130.0681507587433	0.2794949492310043	0.0001971957031970395	0
453	1132.5607039928436	0.27981493609003044	0.00031998685902612234	0
454	1134.9490594863892	0.2801181408153026	0.000303204725272177	0
455	1137.3938109874725	0.28026077768903396	0.00014263687373133882	0
456	1139.776943206787	0.28045596854672217	0.00019519085768820998	0
457	1142.1971788406372	0.28045596854672217	0.0	1
458	1144.6127943992615	0.28045596854672217	0.0	2
459	1147.0321435928345	0.28050892800505167	5.295945832950455e-05	0
460	1149.4185907840729	0.2806545834102233	0.00014565540517164077	0
461	1151.8300869464874	0.2806545834102233	0.0	1
462	1154.254724740982	0.2808218866416198	0.00016730323139646508	0
463	1156.6997199058533	0.28085745575463644	3.5569113016664655e-05	0
464	1159.09171128273	0.28085745575463644	0.0	1
465	1161.4853806495667	0.28096373509295997	0.00010627933832352277	0
466	1163.9066960811615	0.2811162159834033	0.00015248089044334057	0
467	1166.332020998001	0.2811455227699991	2.930678659579522e-05	0
468	1168.7214894294739	0.2821167014713854	0.0009711787013862994	0
469	1171.1465814113617	0.2821167014713854	0.0	1
470	1173.5477166175842	0.2821167014713854	0.0	2
471	1175.956425189972	0.2821167014713854	0.0	3
472	1178.3724732398987	0.2821167014713854	0.0	4
473	1180.8020062446594	0.2821167014713854	0.0	5
474	1183.2144989967346	0.2821167014713854	0.0	6
475	1185.6054954528809	0.28271711891175727	0.0006004174403718698	0
476	1188.013601064682	0.2832074050072661	0.0004902860955088295	0
477	1190.4314696788788	0.2832074050072661	0.0	1
478	1193.8647305965424	0.2832222724009273	1.4867393661188721e-05	0
479	1197.3028228282928	0.2832222724009273	0.0	1
480	1200.7639291286469	0.2832222724009273	0.0	2
481	1203.1700139045715	0.2832222724009273	0.0	3
482	1205.598932504654	0.2833797090892577	0.00015743668833040347	0
483	1208.0447692871094	0.2833797090892577	0.0	1
484	1210.466585636139	0.28355710412726054	0.00017739503800284773	0
485	1212.9056658744812	0.28355710412726054	0.0	1
486	1215.3186950683594	0.2835670833020968	9.979174836249882e-06	0
487	1217.7343888282776	0.28383014606448376	0.00026306276238696746	0
488	1220.1337552070618	0.28383014606448376	0.0	1
489	1222.58935713768	0.28383014606448376	0.0	2
490	1224.984883069992	0.2840564908697984	0.00022634480531463774	0
491	1227.4173331260681	0.2840564908697984	0.0	1
492	1229.8339459896088	0.2840564908697984	0.0	2
493	1232.246966123581	0.28438677227261716	0.00033028140281876617	0
494	1234.6979875564575	0.28438677227261716	0.0	1
495	1237.1267867088318	0.28438677227261716	0.0	2
496	1239.5192954540253	0.28457615133096514	0.00018937905834798263	0
497	1241.9503519535065	0.28457615133096514	0.0	1
498	1244.3730418682098	0.28457615133096514	0.0	2
499	1246.7958815097809	0.2851682114939911	0.0005920601630259315	0
500	1249.2275214195251	0.2851682114939911	0.0	1
501	1251.6556906700134	0.2851682114939911	0.0	2
502	1254.047063589096	0.2851682114939911	0.0	3
503	1256.5174553394318	0.2851682114939911	0.0	4
504	1258.9369840621948	0.2851682114939911	0.0	5
505	1261.3319387435913	0.2851682114939911	0.0	6
506	1263.735612154007	0.2851682114939911	0.0	7
507	1266.1764998435974	0.2853665560412438	0.00019834454725270456	0
508	1268.560882806778	0.28553057042495156	0.00016401438370777788	0
509	1271.0059461593628	0.2861324520783355	0.0006018816533839288	0
510	1273.4454216957092	0.2861324520783355	0.0	1
511	1275.865559577942	0.28656914797760197	0.00043669589926648156	0
512	1278.2927815914154	0.28656914797760197	0.0	1
513	1280.7117052078247	0.28671453306652517	0.0001453850889232	0
514	1283.1355946063995	0.28671453306652517	0.0	1
515	1285.5680084228516	0.28671453306652517	0.0	2
516	1287.9879570007324	0.2870825686387018	0.0003680355721766282	0
517	1290.3999919891357	0.2870825686387018	0.0	1
518	1292.7799723148346	0.2871249857633443	4.241712464247982e-05	0
519	1295.2088549137115	0.2871249857633443	0.0	1
520	1298.6040363311768	0.2873095216555753	0.00018453589223099698	0
521	1302.005805015564	0.2873095216555753	0.0	1
522	1305.4082291126251	0.2873095216555753	0.0	2
523	1307.804515838623	0.2875333885619464	0.0002238669063711063	0
524	1310.1953692436218	0.2875333885619464	0.0	1
525	1312.6429798603058	0.2875333885619464	0.0	2
526	1315.0108518600464	0.2875333885619464	0.0	3
527	1317.4270420074463	0.2875357313027657	2.342740819338829e-06	0
528	1319.820011138916	0.28777667318549316	0.00024094188272744121	0
529	1322.2063558101654	0.28777667318549316	0.0	1
530	1324.629397392273	0.2879024603464085	0.00012578716091532494	0
531	1327.0547046661377	0.2879024603464085	0.0	1
532	1329.478934288025	0.2879024603464085	0.0	2
533	1331.8669621944427	0.28804070458110353	0.00013824423469505076	0
534	1334.3008711338043	0.28805845534808083	1.775076697729805e-05	0
535	1336.7190330028534	0.28839508918273665	0.00033663383465581953	0
536	1339.1187388896942	0.28839508918273665	0.0	1
537	1341.53879404068	0.28869122063284275	0.0002961314501060963	0
538	1343.9621450901031	0.28869122063284275	0.0	1
539	1346.3814136981964	0.28869122063284275	0.0	2
540	1348.8158948421478	0.28869122063284275	0.0	3
541	1351.2104451656342	0.28869122063284275	0.0	4
542	1353.6390345096588	0.2888932595021568	0.00020203886931402515	0
543	1356.0631103515625	0.2888932595021568	0.0	1
544	1358.4660048484802	0.2888932595021568	0.0	2
545	1360.909014225006	0.2890110047546826	0.00011774525252583601	0
546	1363.3301129341125	0.28909178426024174	8.077950555912539e-05	0
547	1365.72336769104	0.28910611102140615	1.4326761164418222e-05	0
548	1368.1295793056488	0.2895859223622901	0.00047981134088392885	0
549	1370.536906003952	0.28962903780390753	4.311544161744729e-05	0
550	1372.9484114646912	0.289815938963312	0.00018690115940445118	0
551	1375.3594417572021	0.28982605329627237	1.0114332960386996e-05	0
552	1377.7379093170166	0.28997806113328106	0.00015200783700869414	0
553	1380.1482055187225	0.2899783089231754	2.477898943253898e-07	1
554	1382.5691647529602	0.29023407314685595	0.00025576422368056573	0
555	1385.000560760498	0.29023407314685595	0.0	1
556	1387.4043045043945	0.2906954579301416	0.0004613847832856677	0
557	1389.8266377449036	0.2906954579301416	0.0	1
558	1392.2768993377686	0.29069694466950774	1.4867393661188721e-06	0
559	1394.7064085006714	0.29078398650148785	8.704183198010584e-05	0
560	1397.1103200912476	0.29078398650148785	0.0	1
561	1399.5169532299042	0.29078398650148785	0.0	2
562	1402.8993048667908	0.29104195830786356	0.00025797180637571193	0
563	1406.2993779182434	0.29104195830786356	0.0	1
564	1409.763923883438	0.29104195830786356	0.0	2
565	1412.1716430187225	0.29104195830786356	0.0	3
566	1414.5999374389648	0.2914336014990658	0.0003916431912022178	0
567	1417.0445520877838	0.2914336014990658	0.0	1
568	1419.472912311554	0.2919872091757589	0.000553607676693102	0
569	1421.9004702568054	0.2923147423633858	0.000327533187626905	0
570	1424.3208332061768	0.29247033189068555	0.00015558952729977094	0
571	1426.730102777481	0.29247033189068555	0.0	1
572	1429.1270596981049	0.29275263215941594	0.0002823002687303844	0
573	1431.566036939621	0.29275263215941594	0.0	1
574	1433.9692492485046	0.29275263215941594	0.0	2
575	1436.417504787445	0.2929098886369141	0.00015725647749814664	0
576	1438.843887090683	0.2929098886369141	0.0	1
577	1441.2735562324524	0.2929098886369141	0.0	2
578	1443.6776826381683	0.29312900248258444	0.00021911384567036007	0
579	1446.0701215267181	0.29312900248258444	0.0	1
580	1448.4640338420868	0.293773436418735	0.0006444339361505458	0
581	1450.8824849128723	0.293773436418735	0.0	1
582	1453.2555634975433	0.293773436418735	0.0	2
583	1455.6831271648407	0.29384707507006597	7.363865133097613e-05	0
584	1458.062595129013	0.29384707507006597	0.0	1
585	1460.4784741401672	0.29384707507006597	0.0	2
586	1462.8941299915314	0.29384707507006597	0.0	3
587	1465.3265688419342	0.2939466415548879	9.956648482195574e-05	0
588	1467.7314155101776	0.2939466415548879	0.0	1
589	1470.1514284610748	0.2942794459093583	0.00033280435447036183	0
590	1472.5551025867462	0.2942794459093583	0.0	1
591	1474.9810690879822	0.294354323510161	7.48776008027141e-05	0
592	1477.3639373779297	0.294354323510161	0.0	1
593	1479.776038646698	0.294354323510161	0.0	2
594	1482.1745779514313	0.294413229925955	5.890641579398004e-05	0
595	1484.5807304382324	0.294413229925955	0.0	1
596	1486.9806354045868	0.294413229925955	0.0	2
597	1489.3797252178192	0.2945929902311312	0.00017976030517624642	0
598	1491.772884130478	0.2945929902311312	0.0	1
599	1494.2178812026978	0.2947865817176831	0.00019359148655190284	0
600	1496.6119117736816	0.2947865817176831	0.0	1
601	1499.0554270744324	0.2950571232296088	0.00027054151192568154	0
602	1501.461718082428	0.2950571232296088	0.0	1
603	1503.8794569969177	0.2950571232296088	0.0	2
604	1507.2292165756226	0.2950571232296088	0.0	3
605	1510.6423342227936	0.2950571232296088	0.0	4
606	1514.0412411689758	0.2951128984821923	5.577525258348981e-05	0
607	1516.4205067157745	0.2951128984821923	0.0	1
608	1518.8018925189972	0.2951128984821923	0.0	2
609	1521.225098848343	0.2951565545563065	4.365607411421779e-05	0
610	1523.6150274276733	0.29520710369475456	5.054913844804165e-05	0
611	1526.0494616031647	0.29520710369475456	0.0	1
612	1528.4256064891815	0.29520710369475456	0.0	2
613	1530.8570458889008	0.2953916395869856	0.0001845358922310525	0
614	1533.259818315506	0.2953916395869856	0.0	1
615	1535.7113449573517	0.2953916395869856	0.0	2
616	1538.1087310314178	0.29540887224782014	1.72326608345319e-05	0
617	1540.5119459629059	0.29540887224782014	0.0	1
618	1542.8864827156067	0.2954628679184351	5.399567061498134e-05	0
619	1545.2866110801697	0.2954628679184351	0.0	1
620	1547.6644430160522	0.29567448048821277	0.00021161256977764165	0
621	1550.0942351818085	0.29567448048821277	0.0	1
622	1552.5014939308167	0.29567448048821277	0.0	2
623	1554.935486316681	0.29567448048821277	0.0	3
624	1557.3134076595306	0.29567448048821277	0.0	4
625	1559.7200825214386	0.29573192269099463	5.7442202781865515e-05	0
626	1562.1275346279144	0.2959977336685735	0.00026581097757888417	0
627	1564.5224945545197	0.2959977336685735	0.0	1
628	1566.9015839099884	0.2961132713384042	0.0001155376698306898	0
629	1569.2970802783966	0.2961374646426347	2.419330423047983e-05	0
630	1571.6679315567017	0.2961374646426347	0.0	1
631	1574.1051650047302	0.29623225554040183	9.479089776714966e-05	0
632	1576.4796557426453	0.29623225554040183	0.0	1
633	1578.9162592887878	0.29623225554040183	0.0	2
634	1581.2805500030518	0.2963002400768707	6.798453646889024e-05	0
635	1583.713394165039	0.2963820332683613	8.179319149059783e-05	0
636	1586.0921459197998	0.2963820332683613	0.0	1
637	1588.504626750946	0.29661520355894766	0.00023317029058633754	0
638	1590.9003789424896	0.29668314304270854	6.793948376088155e-05	0
639	1593.2844817638397	0.29668314304270854	0.0	1
640	1595.647133588791	0.29685317196294286	0.00017002892023432192	0
641	1598.0451011657715	0.29685317196294286	0.0	1
642	1600.438368320465	0.29685317196294286	0.0	2
643	1602.8503425121307	0.29685317196294286	0.0	3
644	1605.223768234253	0.29685317196294286	0.0	4
645	1607.6226437091827	0.2970053374844298	0.00015216552148694662	0
646	1611.0447862148285	0.2970053374844298	0.0	1
647	1614.4896156787872	0.2970053374844298	0.0	2
648	1617.8933908939362	0.2970053374844298	0.0	3
649	1620.2522990703583	0.2971898733766608	0.00018453589223099698	0
650	1622.6429362297058	0.2972032089782478	1.3335601587005641e-05	0
651	1625.09689950943	0.2972032089782478	0.0	1
652	1627.5536456108093	0.2972032089782478	0.0	2
653	1629.9647648334503	0.2972032089782478	0.0	3
654	1632.3559708595276	0.297246819999654	4.3611021406209094e-05	0
655	1634.7603180408478	0.2974587929910961	0.0002119729914420998	0
656	1637.1166372299194	0.2974587929910961	0.0	1
657	1639.539499759674	0.2974587929910961	0.0	2
658	1641.9210271835327	0.2974587929910961	0.0	3
659	1644.3533735275269	0.2974587929910961	0.0	4
660	1646.7498490810394	0.2974587929910961	0.0	5
661	1649.1919431686401	0.2975661535944132	0.00010736060331706376	0
662	1651.5777587890625	0.29760320944679597	3.705585238278353e-05	0
663	1653.9798700809479	0.2976528575310828	4.9648084286813e-05	0
664	1656.354074716568	0.2976528575310828	0.0	1
665	1658.7652866840363	0.2978755530670442	0.00022269553596143687	0
666	1661.1500353813171	0.2978755530670442	0.0	1
667	1663.581075668335	0.2978755530670442	0.0	2
668	1665.9969556331635	0.2978755530670442	0.0	3
669	1668.3903212547302	0.2978755530670442	0.0	4
670	1670.7968821525574	0.29798349935556606	0.00010794628852184296	0
671	1673.2009649276733	0.29798349935556606	0.0	1
672	1675.6207320690155	0.29798349935556606	0.0	2
673	1678.0032544136047	0.29798349935556606	0.0	3
674	1680.3800530433655	0.2984942619068901	0.0005107625513240399	0
675	1682.804811000824	0.2984942619068901	0.0	1
676	1685.1842675209045	0.2984942619068901	0.0	2
677	1687.5784657001495	0.2984950953819893	8.334750992156081e-07	3
678	1689.9447367191315	0.2984950953819893	0.0	4
679	1692.3527326583862	0.2984950953819893	0.0	5
680	1694.743899345398	0.2986675346221051	0.00017243924011578482	0
681	1697.1464126110077	0.2986675346221051	0.0	1
682	1699.5202820301056	0.2990478695835832	0.00038033496147810153	0
683	1701.977010011673	0.2990478695835832	0.0	1
684	1704.3616111278534	0.2990478695835832	0.0	2
685	1706.7932555675507	0.2990478695835832	0.0	3
686	1709.1660418510437	0.2990478695835832	0.0	4
687	1711.6039218902588	0.2992195204013079	0.00017165081772468893	0
688	1714.955156326294	0.2992195204013079	0.0	1
689	1718.350727558136	0.2992195204013079	0.0	2
690	1721.7628183364868	0.2992195204013079	0.0	3
691	1724.1161768436432	0.2996229223493149	0.00040340194800703166	0
692	1726.5099771022797	0.300176530026008	0.000553607676693102	0
693	1728.9060535430908	0.300176530026008	0.0	1
694	1731.262853860855	0.300176530026008	0.0	2
695	1733.6925988197327	0.300176530026008	0.0	3
696	1736.0790042877197	0.300176530026008	0.0	4
697	1738.4804208278656	0.300176530026008	0.0	5
698	1740.8677728176117	0.3003610659182391	0.0001845358922310525	0
699	1743.2634279727936	0.3003610659182391	0.0	1
700	1745.6568684577942	0.3003610659182391	0.0	2
701	1748.06667304039	0.3003610659182391	0.0	3
702	1750.4703450202942	0.3003610659182391	0.0	4
703	1752.8404121398926	0.3003610659182391	0.0	5
704	1755.2200510501862	0.3003610659182391	0.0	6
705	1757.5908551216125	0.3004106914761718	4.962555793269763e-05	0
706	1759.9692389965057	0.30042670771388863	1.6016237716853787e-05	0
707	1762.3911995887756	0.3004407866851587	1.4078971270092833e-05	0
708	1764.7673783302307	0.30047637832452945	3.5591639370724515e-05	0
709	1767.1629920005798	0.30047637832452945	0.0	1
710	1769.5457835197449	0.30056749742658934	9.111910205988893e-05	0
711	1771.9910778999329	0.30059522736840283	2.772994181349242e-05	0
712	1774.3823714256287	0.3006609142167605	6.568684835767113e-05	0
713	1776.773358821869	0.3006609142167605	0.0	1
714	1779.246615409851	0.3006609142167605	0.0	2
715	1781.6373312473297	0.3006609142167605	0.0	3
716	1784.041426897049	0.3006609142167605	0.0	4
717	1786.4304602146149	0.30069094184668527	3.002762992476704e-05	0
718	1788.8334748744965	0.30080147866592083	0.00011053681923556269	0
719	1791.2131338119507	0.30106569027236346	0.00026421160644263253	0
720	1793.6042144298553	0.30106569027236346	0.0	1
721	1795.962494134903	0.30106569027236346	0.0	2
722	1798.3584170341492	0.30106569027236346	0.0	3
723	1800.7495193481445	0.30121184125732375	0.00014615098496029155	0
724	1803.1584508419037	0.30121184125732375	0.0	1
725	1805.5729682445526	0.30125022616459446	3.8384907270705426e-05	0
726	1807.92920255661	0.3013882000830411	0.0001379739184466655	0
727	1810.3024168014526	0.3014869556191179	9.875553607679999e-05	0
728	1812.716940164566	0.30159100484839224	0.0001040492292743167	0
729	1815.0917553901672	0.30159100484839224	0.0	1
730	1818.437093257904	0.30159100484839224	0.0	2
731	1821.807028055191	0.30161567120605737	2.466635766512626e-05	0
732	1825.244160413742	0.3018658038412299	0.0002501326351725397	0
733	1827.6279797554016	0.3018658038412299	0.0	1
734	1830.0233433246613	0.3018658038412299	0.0	2
735	1832.446611404419	0.3018658038412299	0.0	3
736	1834.838532447815	0.301897408315937	3.160447470706984e-05	0
737	1837.233045578003	0.301897408315937	0.0	1
738	1839.6314992904663	0.3020288721180684	0.00013146380213141518	0
739	1842.0473430156708	0.3022330284646614	0.00020415634659298743	0
740	1844.4548325538635	0.3022330284646614	0.0	1
741	1846.8878917694092	0.30260394741015406	0.000370918945492682	0
742	1849.27552652359	0.30260394741015406	0.0	1
743	1851.6675102710724	0.30260394741015406	0.0	2
744	1854.0526809692383	0.30260394741015406	0.0	3
745	1856.481878042221	0.30260394741015406	0.0	4
746	1858.880892276764	0.30260394741015406	0.0	5
747	1861.2821063995361	0.3027549866139394	0.00015103920378534141	0
748	1863.633679151535	0.30280805870403904	5.3072090099637315e-05	0
749	1866.0504930019379	0.30297117203358553	0.0001631133295464937	0
750	1868.4342048168182	0.3031669260501246	0.00019575401653904034	0
751	1870.8316287994385	0.3033514619423556	0.0001845358922310525	0
752	1873.203027009964	0.3033514619423556	0.0	1
753	1875.6084563732147	0.3033514619423556	0.0	2
754	1877.9965469837189	0.30348294827084105	0.00013148632848541952	0
755	1880.4582073688507	0.30348294827084105	0.0	1
756	1882.8469591140747	0.30348294827084105	0.0	2
757	1885.2337605953217	0.30348294827084105	0.0	3
758	1887.6199729442596	0.3035359978345866	5.3049563745577455e-05	0
759	1890.0691068172455	0.3035359978345866	0.0	1
760	1892.4717440605164	0.30386630176375945	0.00033030392917282603	0
761	1894.8921585083008	0.30386630176375945	0.0	1
762	1897.2839350700378	0.30386630176375945	0.0	2
763	1899.6674010753632	0.30386630176375945	0.0	3
764	1902.0551581382751	0.30386630176375945	0.0	4
765	1904.4653987884521	0.30403655594753415	0.00017025418377469848	0
766	1906.8255643844604	0.30403655594753415	0.0	1
767	1909.17604804039	0.30403655594753415	0.0	2
768	1911.5794973373413	0.30403655594753415	0.0	3
769	1913.9642572402954	0.30403655594753415	0.0	4
770	1916.385621547699	0.3043312231846282	0.0002946672370940373	0
771	1918.7666811943054	0.3043312231846282	0.0	1
772	1922.1546700000763	0.3043312231846282	0.0	2
773	1925.5331237316132	0.30434514447142	1.3921286791840348e-05	0
774	1928.931794166565	0.30434514447142	0.0	1
775	1931.288655757904	0.3044511309671411	0.00010598649572107766	0
776	1933.670592546463	0.3044511309671411	0.0	1
777	1936.0705461502075	0.3044511309671411	0.0	2
778	1938.45139336586	0.3044511309671411	0.0	3
779	1940.847974061966	0.3044511309671411	0.0	4
780	1943.2553284168243	0.3044511309671411	0.0	5
781	1945.6303503513336	0.3049735171171457	0.0005223861500046056	0
782	1948.014132976532	0.3049735171171457	0.0	1
783	1950.4074754714966	0.3049735171171457	0.0	2
784	1952.8178706169128	0.3049735171171457	0.0	3
785	1955.1909568309784	0.3049735171171457	0.0	4
786	1957.6003971099854	0.3050831078295119	0.00010959071236621432	0
787	1959.9898369312286	0.3054822072438988	0.000399099414386872	0
788	1962.3695023059845	0.3055043731762664	2.2165932367590457e-05	0
789	1964.7528972625732	0.3055043731762664	0.0	1
790	1967.167947769165	0.3055972493339408	9.287615767439306e-05	0
791	1969.558316707611	0.3055972493339408	0.0	1
792	1971.9654235839844	0.3055972493339408	0.0	2
793	1974.3585314750671	0.3057768294282847	0.00017958009434393407	0
794	1977.5804131031036	0.3057768294282847	0.0	1
795	1979.9236912727356	0.30585127902836085	7.444960007613188e-05	0
796	1982.3139491081238	0.30604173935170237	0.00019046032334152363	0
797	1984.691546678543	0.3061271592861921	8.541993448973884e-05	0
798	1987.1037726402283	0.3061271592861921	0.0	1
799	1989.5025434494019	0.3061433106820331	1.61513958409909e-05	0
800	1991.8601636886597	0.3061433106820331	0.0	1
801	1994.2364294528961	0.3061433106820331	0.0	2
802	1996.599709033966	0.30622690598184626	8.359529981316616e-05	0
803	1998.9818141460419	0.3066376064685597	0.0004107004867134334	0
804	2001.3660869598389	0.3066376064685597	0.0	1
805	2003.7231287956238	0.3066376064685597	0.0	2
806	2006.1128265857697	0.3067704894309951	0.00013288296243540998	0
807	2008.5277795791626	0.3067704894309951	0.0	1
808	2010.9103264808655	0.3068678708594759	9.738142848081388e-05	0
809	2013.2844450473785	0.3068678708594759	0.0	1
810	2015.6626770496368	0.3068678708594759	0.0	2
811	2018.042118549347	0.30695002447263103	8.21536131551115e-05	0
812	2020.4214398860931	0.30695002447263103	0.0	1
813	2022.828894853592	0.30695002447263103	0.0	2
814	2026.1486937999725	0.3070093588891516	5.933441652056226e-05	0
815	2029.5093955993652	0.3074086610407248	0.0003993021515731887	0
816	2032.8840065002441	0.3074086610407248	0.0	1
817	2035.2258954048157	0.3074086610407248	0.0	2
818	2037.6110067367554	0.3074086610407248	0.0	3
819	2040.7472729682922	0.3074086610407248	0.0	4
820	2043.1442449092865	0.3074086610407248	0.0	5
821	2045.4889779090881	0.3074086610407248	0.0	6
822	2047.8563663959503	0.3074086610407248	0.0	7
823	2050.213772058487	0.307506312785454	9.765174472919913e-05	0
824	2052.5870821475983	0.307506312785454	0.0	1
825	2054.9703075885773	0.307506312785454	0.0	2
826	2057.3483984470367	0.307506312785454	0.0	3
827	2059.7739193439484	0.3076321675254314	0.0001258547399773935	0
828	2062.157598733902	0.3076321675254314	0.0	1
829	2064.537855386734	0.307690848677685	5.8681152253603486e-05	0
830	2066.9315209388733	0.30777773282518683	8.688414750185336e-05	0
831	2069.3204216957092	0.30782075816138815	4.3025336201318876e-05	0
832	2071.7114226818085	0.30782075816138815	0.0	1
833	2074.148963689804	0.30782075816138815	0.0	2
834	2076.5447838306427	0.30782075816138815	0.0	3
835	2078.941016435623	0.30782075816138815	0.0	4
836	2081.3357231616974	0.30782075816138815	0.0	5
837	2083.707231283188	0.30796456640552916	0.00014380824414100823	0
838	2086.1032552719116	0.30796456640552916	0.0	1
839	2088.443742752075	0.30796456640552916	0.0	2
840	2090.8491134643555	0.3080012393098934	3.667290436426551e-05	0
841	2093.2514395713806	0.3080012393098934	0.0	1
842	2095.6115663051605	0.3082467765688434	0.00024553725894999046	0
843	2097.98668885231	0.30833134050187994	8.456393303651888e-05	0
844	2100.437508583069	0.30840759221027864	7.625170839870021e-05	0
845	2102.8139185905457	0.3085806847146614	0.0001730925043827436	0
846	2105.182825565338	0.3085806847146614	0.0	1
847	2107.519842147827	0.30870153860404365	0.00012085388938226638	0
848	2109.899804830551	0.30870153860404365	0.0	1
849	2112.2683267593384	0.30870153860404365	0.0	2
850	2114.6493549346924	0.30870153860404365	0.0	3
851	2117.011986017227	0.30878851285696163	8.697425291798178e-05	0
852	2119.3732454776764	0.3092488614279618	0.0004603485710001909	0
853	2121.735068798065	0.3092488614279618	0.0	1
854	2124.1100573539734	0.3092488614279618	0.0	2
855	2126.4913256168365	0.3092488614279618	0.0	3
856	2129.856739282608	0.3092613410280956	1.2479600133785684e-05	0
857	2133.2155632972717	0.30927985769111	1.851666301438959e-05	0
858	2136.634834289551	0.30927985769111	0.0	1
859	2138.9751596450806	0.3093469411734176	6.708348230760608e-05	0
860	2141.3566761016846	0.3094458769203266	9.893574690900131e-05	0
861	2143.702620267868	0.3094577933616096	1.1916441283010837e-05	0
862	2146.107213973999	0.3095971188612982	0.00013932549968859176	0
863	2148.4685859680176	0.30980321247433795	0.00020609361303974838	0
864	2150.822865009308	0.30980321247433795	0.0	1
865	2153.1814515590668	0.30980321247433795	0.0	2
866	2155.538290500641	0.30980321247433795	0.0	3
867	2157.8992733955383	0.309987748366569	0.0001845358922310525	0
868	2160.2932879924774	0.309987748366569	0.0	1
869	2162.698347091675	0.3101507265379913	0.0001629781714223011	0
870	2165.0403168201447	0.3101507265379913	0.0	1
871	2167.3931787014008	0.3101507265379913	0.0	2
872	2169.7568418979645	0.31017228425880006	2.15577208087514e-05	0
873	2172.1597080230713	0.31017228425880006	0.0	1
874	2174.514978170395	0.3101947430337701	2.2458774970035567e-05	0
875	2176.904285669327	0.3101947430337701	0.0	1
876	2179.267160177231	0.3103560993077021	0.0001613562739319896	0
877	2181.606989145279	0.3103560993077021	0.0	1
878	2183.973655462265	0.3103560993077021	0.0	2
879	2186.349418401718	0.3103560993077021	0.0	3
880	2188.712808609009	0.3103560993077021	0.0	4
881	2191.077769756317	0.3105406351999331	0.00018453589223099698	0
882	2193.4355640411377	0.3105567865957741	1.6151395841046412e-05	0
883	2195.8015475273132	0.3105567865957741	0.0	1
884	2198.1879806518555	0.3105567865957741	0.0	2
885	2200.5398621559143	0.31072517109216413	0.00016838449639000608	0
886	2202.881198644638	0.31072517109216413	0.0	1
887	2205.2533764839172	0.3107303521535915	5.181061427383948e-06	0
888	2207.6179649829865	0.3109097069843952	0.00017935483080366854	0
889	2209.9772639274597	0.3109097069843952	0.0	1
890	2212.354473590851	0.31091317604291613	3.469058520944035e-06	0
891	2214.733464717865	0.31095816117191827	4.498512900213969e-05	0
892	2217.1119599342346	0.31095816117191827	0.0	1
893	2219.4834928512573	0.3110977119351472	0.0001395507632289128	0
894	2221.8365178108215	0.31114269706414927	4.498512900208418e-05	0
895	2224.1713457107544	0.31115364487220887	1.0947808059602604e-05	0
896	2226.5472943782806	0.31115364487220887	0.0	1
897	2228.9275710582733	0.3114570973873754	0.0003034525151665579	0
898	2232.3066079616547	0.3114570973873754	0.0	1
899	2235.6524980068207	0.3114570973873754	0.0	2
900	2239.0334384441376	0.3114570973873754	0.0	3
901	2241.344722509384	0.3114570973873754	0.0	4
902	2243.7400555610657	0.3114570973873754	0.0	5
903	2246.0923614501953	0.31152611813612985	6.902074875442255e-05	0
904	2248.451159954071	0.31152611813612985	0.0	1
905	2250.8056168556213	0.31152611813612985	0.0	2
906	2253.189933538437	0.3116416332796065	0.00011551514347662994	0
907	2255.5364122390747	0.3116416332796065	0.0	1
908	2257.8863096237183	0.3116416332796065	0.0	2
909	2260.2801291942596	0.3116416332796065	0.0	3
910	2262.6414873600006	0.3116416332796065	0.0	4
911	2265.0057423114777	0.31165634298878947	1.4709709182991748e-05	0
912	2267.3830857276917	0.31182616917183753	0.00016982618304806074	0
913	2269.703372001648	0.31187261851385173	4.64493420141987e-05	0
914	2272.068973302841	0.31187261851385173	0.0	1
915	2274.4302113056183	0.31188331853201695	1.0700018165221703e-05	0
916	2276.807546854019	0.312067854424248	0.0001845358922310525	0
917	2279.1517469882965	0.312067854424248	0.0	1
918	2281.5317227840424	0.312067854424248	0.0	2
919	2283.887366771698	0.312067854424248	0.0	3
920	2286.2090804576874	0.3120856051912253	1.775076697729805e-05	0
921	2288.6206443309784	0.3120856051912253	0.0	1
922	2290.948786020279	0.31216658743397074	8.098224274544208e-05	0
923	2293.3261198997498	0.31216658743397074	0.0	1
924	2295.6843049526215	0.3123511233262018	0.0001845358922310525	0
925	2298.049807071686	0.3123511233262018	0.0	1
926	2300.4067721366882	0.3123511233262018	0.0	2
927	2302.754738807678	0.3123511233262018	0.0	3
928	2305.136389732361	0.3124369262087101	8.580288250831236e-05	0
929	2307.495267391205	0.31253369942563203	9.677321692191931e-05	0
930	2309.805166244507	0.3126214621009411	8.776267530907766e-05	0
931	2312.1610696315765	0.31263921286791846	1.775076697735356e-05	0
932	2314.475648880005	0.31280599799317216	0.00016678512525369893	0
933	2316.816244840622	0.31280599799317216	0.0	1
934	2319.181339263916	0.31280599799317216	0.0	2
935	2321.5560014247894	0.31280599799317216	0.0	3
936	2323.936480283737	0.31280599799317216	0.0	4
937	2326.331050157547	0.31280872368201007	2.7256888379123545e-06	0
938	2328.6627535820007	0.31290277121009413	9.404752808406247e-05	0
939	2331.0153913497925	0.31290277121009413	0.0	1
940	2334.3345301151276	0.3129905338854032	8.776267530907766e-05	0
941	2337.679454803467	0.3129905338854032	0.0	1
942	2341.066836833954	0.3129905338854032	0.0	2
943	2343.373323917389	0.3129905338854032	0.0	3
944	2345.720800638199	0.31299828295119025	7.749065787043818e-06	0
945	2348.1171362400055	0.3130606809518592	6.239800066892842e-05	0
946	2350.4694101810455	0.31308730710232513	2.6626150465947074e-05	0
947	2352.8383815288544	0.31317506977763426	8.776267530913318e-05	0
948	2355.193920612335	0.31317506977763426	0.0	1
949	2357.5255451202393	0.31317506977763426	0.0	2
950	2359.8902127742767	0.31317506977763426	0.0	3
951	2362.221960544586	0.31321298163147027	3.7911853836003484e-05	0
952	2364.5537536144257	0.3133596056698653	0.000146624038395049	0
953	2366.925064086914	0.3133596056698653	0.0	1
954	2369.238448381424	0.313431667476414	7.206180654867334e-05	0
955	2371.579929828644	0.313431667476414	0.0	1
956	2373.928457736969	0.313431667476414	0.0	2
957	2376.2629318237305	0.313431667476414	0.0	3
958	2378.5720312595367	0.31358205341593237	0.00015038593951838264	0
959	2380.9517810344696	0.3136240200134942	4.196659756183774e-05	0
960	2383.275604724884	0.31366614429553424	4.212428204003471e-05	0
961	2385.6296157836914	0.31366614429553424	0.0	1
962	2387.9613556861877	0.31366614429553424	0.0	2
963	2390.305887699127	0.31366614429553424	0.0	3
964	2392.649046897888	0.31366614429553424	0.0	4
965	2394.9951107501984	0.3138308119435089	0.00016466764797468114	0
966	2397.3201608657837	0.313859623150316	2.881120680708893e-05	0
967	2399.6763751506805	0.3139340276976841	7.440454736806767e-05	0
968	2402.0596084594727	0.3139340276976841	0.0	1
969	2404.4331336021423	0.31416987862440027	0.00023585092671618568	0
970	2406.7655279636383	0.3142112370104032	4.135838600294317e-05	0
971	2409.1814589500427	0.3142112370104032	0.0	1
972	2411.515792131424	0.31424576991113445	3.453290073124338e-05	0
973	2413.906182527542	0.3142934582026204	4.7688291485936674e-05	0
974	2416.229243993759	0.3142934582026204	0.0	1
975	2418.5764305591583	0.3142934582026204	0.0	2
976	2420.9118864536285	0.3144171504126107	0.0001236922099903115	0
977	2423.2764117717743	0.3144171504126107	0.0	1
978	2425.615275621414	0.3144171504126107	0.0	2
979	2427.9455347061157	0.3144676319719967	5.0481559385973096e-05	0
980	2430.284144639969	0.3144676319719967	0.0	1
981	2432.622120141983	0.3144676319719967	0.0	2
982	2435.9252049922943	0.3144676319719967	0.0	3
983	2439.233509540558	0.3145353461922172	6.7714220220505e-05	0
984	2442.596076965332	0.314682555915817	0.0001472097235998282	0
985	2444.908289194107	0.314682555915817	0.0	1
986	2447.2746925354004	0.314682555915817	0.0	2
987	2449.6127104759216	0.31480126980156625	0.00011871388574924424	0
988	2451.971434354782	0.31480126980156625	0.0	1
989	2454.2998361587524	0.31480126980156625	0.0	2
990	2456.6731140613556	0.31480126980156625	0.0	3
991	2458.9974327087402	0.31482244457435643	2.1174772790177876e-05	0
992	2461.3861215114594	0.31482244457435643	0.0	1
993	2463.6895081996918	0.3148507827277288	2.8338153372386987e-05	0
994	2466.038233757019	0.31502563228772607	0.00017484955999724772	0
995	2468.4138050079346	0.31502563228772607	0.0	1
996	2470.773686647415	0.31502563228772607	0.0	2
997	2473.104418992996	0.31502563228772607	0.0	3
998	2475.4662008285522	0.31502563228772607	0.0	4
999	2477.803714990616	0.31502563228772607	0.0	5
1000	2480.1304721832275	0.3150516277002791	2.599541255304816e-05	0
1001	2482.4654064178467	0.31523807833260287	0.00018645063232375358	0
1002	2484.8488624095917	0.31523807833260287	0.0	1
1003	2487.2019152641296	0.3153879461659785	0.0001498678333756165	0
1004	2489.556025981903	0.3153879461659785	0.0	1
1005	2491.871246099472	0.315528623246909	0.000140677080930518	0
1006	2494.2109603881836	0.315528623246909	0.0	1
1007	2496.5405881404877	0.315528623246909	0.0	2
1008	2498.8839797973633	0.31557248205820954	4.3858811300534484e-05	0
1009	2501.1673374176025	0.31557248205820954	0.0	1
1010	2503.5290048122406	0.31557248205820954	0.0	2
1011	2505.884089231491	0.31557248205820954	0.0	3
1012	2508.2363131046295	0.31596885578375855	0.0003963737255490152	0
1013	2510.5827071666718	0.31596885578375855	0.0	1
1014	2512.923558950424	0.31612608973490264	0.00015723395114408678	0
1015	2515.2236697673798	0.31652246346045165	0.0003963737255490152	0
1016	2517.5550680160522	0.31652246346045165	0.0	1
1017	2519.9082596302032	0.31652246346045165	0.0	2
1018	2522.235606908798	0.31678611190804346	0.00026364844759180217	0
1019	2524.56604552269	0.31678611190804346	0.0	1
1020	2526.883688926697	0.3168579259246978	7.181401665434795e-05	0
1021	2529.22429227829	0.31690957885449345	5.165292979564251e-05	0
1022	2531.581196784973	0.31690957885449345	0.0	1
1023	2533.9193148612976	0.31693296120997877	2.338235548532408e-05	0
1024	2537.2014441490173	0.31693296120997877	0.0	1
1025	2540.521500110626	0.3169706478002745	3.7686590295737954e-05	0
1026	2543.873121023178	0.3169706478002745	0.0	1
1027	2546.207936525345	0.31715518369250556	0.0001845358922310525	0
1028	2548.560854434967	0.31715518369250556	0.0	1
1029	2550.8960456848145	0.31715518369250556	0.0	2
1030	2553.22772026062	0.31715518369250556	0.0	3
1031	2555.5503129959106	0.31715518369250556	0.0	4
1032	2557.9153130054474	0.31715518369250556	0.0	5
1033	2560.2378194332123	0.31715518369250556	0.0	6
1034	2562.5926597118378	0.31715707590624426	1.8922137386967464e-06	0
1035	2564.910276412964	0.31715707590624426	0.0	1
1036	2567.2330956459045	0.31734426990825104	0.00018719400200678527	0
1037	2569.553555727005	0.3175288058004821	0.0001845358922310525	0
1038	2571.9186067581177	0.3175288058004821	0.0	1
1039	2574.2531485557556	0.3175288058004821	0.0	2
1040	2576.640305042267	0.3175528414202344	2.4035619752282855e-05	0
1041	2578.9640262126923	0.3175528414202344	0.0	1
1042	2581.3029839992523	0.3175528414202344	0.0	2
1043	2583.618323802948	0.3175528414202344	0.0	3
1044	2585.9817798137665	0.3175528414202344	0.0	4
1045	2588.316607952118	0.3175528414202344	0.0	5
1046	2590.672460079193	0.3175528414202344	0.0	6
1047	2592.999439716339	0.3177529430231016	0.00020010160286720868	0
1048	2595.3700683116913	0.3177529430231016	0.0	1
1049	2597.716331243515	0.31778434476062234	3.140173752075315e-05	0
1050	2600.071668624878	0.3178978775849442	0.00011353282432186029	0
1051	2602.394989013672	0.317992443219171	9.456563422677311e-05	0
1052	2604.7563133239746	0.317992443219171	0.0	1
1053	2607.0974776744843	0.317992443219171	0.0	2
1054	2609.4258530139923	0.317992443219171	0.0	3
1055	2611.7600274086	0.31806083323001244	6.839001084146812e-05	0
1056	2614.151769399643	0.31806083323001244	0.0	1
1057	2616.491968154907	0.3182453691222435	0.0001845358922310525	0
1058	2618.836178302765	0.3182453691222435	0.0	1
1059	2621.175190925598	0.3182453691222435	0.0	2
1060	2623.5279443264008	0.3182453691222435	0.0	3
1061	2625.8563351631165	0.3183410160214638	9.564689922031411e-05	0
1062	2628.2046208381653	0.3183410160214638	0.0	1
1063	2630.5685205459595	0.3183835232515224	4.2507230058608236e-05	0
1064	2632.9123392105103	0.3185584178642277	0.00017489461270531192	0
1065	2635.2464423179626	0.3185584178642277	0.0	1
1066	2638.631198644638	0.3185584178642277	0.0	2
1067	2641.963984966278	0.3187429537564588	0.0001845358922310525	0
1068	2645.3594121932983	0.3187429537564588	0.0	1
1069	2647.6422157287598	0.3187429537564588	0.0	2
1070	2650.011270046234	0.3189274896486898	0.00018453589223099698	0
1071	2652.358446121216	0.3189744796232008	4.698997451102471e-05	0
1072	2654.727028131485	0.3189744796232008	0.0	1
1073	2657.0855407714844	0.3189744796232008	0.0	2
1074	2659.5239226818085	0.3191445085434351	0.00017002892023432192	0
1075	2661.8704693317413	0.3192984536468906	0.0001539451034554551	0
1076	2664.2181046009064	0.3192984536468906	0.0	1
1077	2666.600379228592	0.3192984536468906	0.0	2
1078	2668.940805196762	0.3192984536468906	0.0	3
1079	2671.2997982501984	0.3192984536468906	0.0	4
1080	2673.650310754776	0.31930982945567676	1.1375808786184827e-05	0
1081	2675.9539897441864	0.31930982945567676	0.0	1
1082	2678.318790912628	0.31931361388315416	3.7844274773934927e-06	0
1083	2680.6740005016327	0.31931361388315416	0.0	1
1084	2683.000269174576	0.31931361388315416	0.0	2
1085	2685.3527801036835	0.31931361388315416	0.0	3
1086	2687.702445268631	0.3194962575616465	0.00018264367849235574	0
1087	2690.037794828415	0.3194962575616465	0.0	1
1088	2692.3630805015564	0.3194962575616465	0.0	2
1089	2694.700676202774	0.3194962575616465	0.0	3
1090	2697.014274597168	0.31968079345387757	0.0001845358922310525	0
1091	2699.365565299988	0.3198653293461086	0.0001845358922310525	0
1092	2701.701847076416	0.3198653293461086	0.0	1
1093	2704.0089659690857	0.3198653293461086	0.0	2
1094	2706.3289952278137	0.3198653293461086	0.0	3
1095	2708.651769399643	0.3200498652383396	0.00018453589223099698	0
1096	2710.975510597229	0.3200498652383396	0.0	1
1097	2713.307863712311	0.3200498652383396	0.0	2
1098	2715.6375634670258	0.3200498652383396	0.0	3
1099	2717.9532330036163	0.3204189370228017	0.000369071784462105	0
1100	2720.2810900211334	0.32043691305331934	1.797603051761909e-05	0
1101	2722.6122171878815	0.32043691305331934	0.0	1
1102	2724.9248564243317	0.3206214489455504	0.0001845358922310525	0
1103	2727.2618415355682	0.3206214489455504	0.0	1
1104	2729.6169288158417	0.3206214489455504	0.0	2
1105	2731.929656982422	0.3206214489455504	0.0	3
1106	2734.267901659012	0.3206214489455504	0.0	4
1107	2736.604355096817	0.3206214489455504	0.0	5
1108	2739.903885126114	0.3206919113809628	7.04624354124217e-05	0
1109	2743.1828989982605	0.3206919113809628	0.0	1
1110	2746.5113093852997	0.3206919113809628	0.0	2
1111	2748.7893686294556	0.3206919113809628	0.0	3
1112	2751.1184549331665	0.32080598483778144	0.00011407345681863079	0
1113	2753.4513494968414	0.32080598483778144	0.0	1
1114	2755.821429491043	0.320986691249827	0.00018070641204553928	0
1115	2758.1535408496857	0.320986691249827	0.0	1
1116	2760.508207798004	0.320986691249827	0.0	2
1117	2762.801292657852	0.320986691249827	0.0	3
1118	2765.1300477981567	0.320986691249827	0.0	4
1119	2767.4380555152893	0.32099052073001244	3.829480185457701e-06	0
1120	2769.764873981476	0.3213557630342891	0.0003652423042766473	0
1121	2772.0808703899384	0.3213557630342891	0.0	1
1122	2774.4275164604187	0.3213557630342891	0.0	2
1123	2776.7465827465057	0.3213557630342891	0.0	3
1124	2779.077196121216	0.3213557630342891	0.0	4
1125	2781.406014442444	0.3215285626960694	0.00017279966178029849	0
1126	2783.7480823993683	0.3215285626960694	0.0	1
1127	2786.0584251880646	0.3215285626960694	0.0	2
1128	2788.4003801345825	0.3215285626960694	0.0	3
1129	2790.7088136672974	0.3215285626960694	0.0	4
1130	2793.0386939048767	0.3215285626960694	0.0	5
1131	2795.4045305252075	0.3215285626960694	0.0	6
1132	2797.7536668777466	0.3217442975886349	0.00021573489256548894	0
1133	2800.0860249996185	0.3217442975886349	0.0	1
1134	2802.4697268009186	0.3217442975886349	0.0	2
1135	2804.776647090912	0.3217601561418735	1.5858553238601303e-05	0
1136	2807.147953271866	0.32189763448053144	0.00013747833865795922	0
1137	2809.4685895442963	0.32192883348086593	3.1199000334491966e-05	0
1138	2811.7931003570557	0.32192883348086593	0.0	1
1139	2814.1396265029907	0.3220821703727625	0.00015333689189656052	0
1140	2816.504158973694	0.3220821703727625	0.0	1
1141	2818.837348461151	0.32214170752646937	5.9537153706878954e-05	0
1142	2821.178896188736	0.32214170752646937	0.0	1
1143	2823.5194704532623	0.3224550040583479	0.00031329653187855966	0
1144	2825.8379633426666	0.3224550040583479	0.0	1
1145	2828.1791372299194	0.3224550040583479	0.0	2
1146	2830.5449912548065	0.3224550040583479	0.0	3
1147	2832.866336584091	0.3224550040583479	0.0	4
1148	2835.2088572978973	0.3224550040583479	0.0	5
1149	2837.524703502655	0.322639539950579	0.0001845358922310525	0
1150	2840.876187801361	0.3226828356030287	4.3295652449704125e-05	0
1151	2844.1874442100525	0.3226828356030287	0.0	1
1152	2847.5514283180237	0.3226828356030287	0.0	2
1153	2849.851690530777	0.32282407584281003	0.00014124023978134836	0
1154	2852.165712594986	0.32282407584281003	0.0	1
1155	2854.4843480587006	0.32282407584281003	0.0	2
1156	2856.813991546631	0.32283132932880837	7.253485998337528e-06	0
1157	2859.1572210788727	0.32283132932880837	0.0	1
1158	2861.4694328308105	0.32286737149525974	3.60421664513666e-05	0
1159	2863.789192676544	0.32286737149525974	0.0	1
1160	2866.121381044388	0.32286737149525974	0.0	2
1161	2868.4328162670135	0.32304501432315696	0.00017764282789722863	0
1162	2870.7594707012177	0.32305301117883833	7.996855681369208e-06	0
1163	2873.0895347595215	0.3232004011132704	0.00014738993443208503	0
1164	2875.4107644557953	0.3232004011132704	0.0	1
1165	2877.7059695720673	0.32325408141492895	5.368030165853188e-05	0
1166	2880.0794837474823	0.32325408141492895	0.0	1
1167	2882.400996685028	0.32325408141492895	0.0	2
1168	2884.7057254314423	0.32325408141492895	0.0	3
1169	2887.016949415207	0.32338493700550147	0.0001308555905725206	0
1170	2889.3588075637817	0.32343861730716	5.368030165853188e-05	0
1171	2891.6670141220093	0.3239069176811335	0.0004683003739734959	0
1172	2894.00794506073	0.3239069176811335	0.0	1
1173	2896.3246326446533	0.3239069176811335	0.0	2
1174	2898.6362931728363	0.32408908830619115	0.0001821706250576538	0
1175	2900.947028875351	0.32408908830619115	0.0	1
1176	2903.257712364197	0.32408908830619115	0.0	2
1177	2905.599886417389	0.32408908830619115	0.0	3
1178	2907.9222283363342	0.3241845324682252	9.544416203405293e-05	0
1179	2910.2831003665924	0.3241845324682252	0.0	1
1180	2912.6057090759277	0.3241845324682252	0.0	2
1181	2914.927531480789	0.3241845324682252	0.0	3
1182	2917.2533841133118	0.32430426003990587	0.00011972757168066117	0
1183	2919.5810799598694	0.32430426003990587	0.0	1
1184	2921.929099559784	0.3243237002834356	1.9440243529733614e-05	0
1185	2924.2521822452545	0.3243237002834356	0.0	1
1186	2926.58531332016	0.3243237002834356	0.0	2
1187	2928.9451003074646	0.3243795431150812	5.584283164561388e-05	0
1188	2931.286300420761	0.3245542349906002	0.00017469187551899523	0
1189	2933.617507457733	0.3245542349906002	0.0	1
1190	2935.961845397949	0.32491409349626316	0.00035985850566294664	0
1191	2938.2644171714783	0.32491409349626316	0.0	1
1192	2941.601551055908	0.32491409349626316	0.0	2
1193	2944.935503721237	0.32496155652420883	4.7463027945671143e-05	0
1194	2948.2831654548645	0.32496155652420883	0.0	1
1195	2950.5869600772858	0.32496155652420883	0.0	2
1196	2952.9191048145294	0.32496155652420883	0.0	3
1197	2955.253651380539	0.3252415365784739	0.0002799800542650499	0
1198	2957.563852071762	0.3252415365784739	0.0	1
1199	2959.8992023468018	0.3252415365784739	0.0	2
1200	2962.236531972885	0.3254410750224903	0.00019953844401643384	0
1201	2964.55370759964	0.3254410750224903	0.0	1
1202	2966.893133163452	0.3254410750224903	0.0	2
1203	2969.280488729477	0.32562561091472136	0.0001845358922310525	0
1204	2971.6077377796173	0.32562561091472136	0.0	1
1205	2973.946255683899	0.32562561091472136	0.0	2
1206	2976.2785153388977	0.32562561091472136	0.0	3
1207	2978.6639864444733	0.32562561091472136	0.0	4
1208	2981.015047311783	0.32562561091472136	0.0	5
1209	2983.379385948181	0.3257954821504775	0.00016987123575612495	0
1210	2985.71261882782	0.3257954821504775	0.0	1
1211	2988.03284740448	0.3257954821504775	0.0	2
1212	2990.3760318756104	0.32616455393493954	0.00036907178446204947	0
1213	2992.7122802734375	0.32616455393493954	0.0	1
1214	2995.0693242549896	0.32616455393493954	0.0	2
1215	2997.3597259521484	0.32616455393493954	0.0	3
1216	2999.6643636226654	0.32616455393493954	0.0	4
1217	3002.0163147449493	0.32616455393493954	0.0	5
1218	3004.3467948436737	0.32616455393493954	0.0	6
1219	3006.683461666107	0.32616455393493954	0.0	7
1220	3009.027274131775	0.32616455393493954	0.0	8
1221	3011.375769138336	0.32620476347688687	4.0209541947333616e-05	0
1222	3013.6853799819946	0.32620476347688687	0.0	1
1223	3016.0490901470184	0.3262051238985514	3.60421664513666e-07	2
1224	3018.3812503814697	0.3262051238985514	0.0	3
1225	3020.693601131439	0.32622289719188274	1.777329333135791e-05	0
1226	3023.053107023239	0.32622289719188274	0.0	1
1227	3025.3878746032715	0.32622289719188274	0.0	2
1228	3027.7166228294373	0.32622289719188274	0.0	3
1229	3030.043722629547	0.3262726804342937	4.978324241095011e-05	0
1230	3032.3320741653442	0.3262726804342937	0.0	1
1231	3034.667162656784	0.3262726804342937	0.0	2
1232	3036.9509122371674	0.3262726804342937	0.0	3
1233	3039.299055337906	0.3267181616116327	0.00044548117733900217	0
1234	3042.6433725357056	0.3267181616116327	0.0	1
1235	3045.9808053970337	0.3267181616116327	0.0	2
1236	3049.3076298236847	0.3269026975038637	0.00018453589223099698	0
1237	3051.6058785915375	0.3269026975038637	0.0	1
1238	3053.941602706909	0.3269026975038637	0.0	2
1239	3056.2309696674347	0.3269026975038637	0.0	3
1240	3058.560245513916	0.326942907045811	4.0209541947333616e-05	0
1241	3060.8757095336914	0.32696601908504797	2.311203923693883e-05	0
1242	3063.2320432662964	0.32698352206213094	1.750297708297266e-05	0
1243	3065.5427808761597	0.32698352206213094	0.0	1
1244	3067.8762905597687	0.3271278033597066	0.00014428129757565467	0
1245	3070.2167406082153	0.3271278033597066	0.0	1
1246	3072.550169467926	0.3271278033597066	0.0	2
1247	3074.8708262443542	0.3271278033597066	0.0	3
1248	3077.205951690674	0.32745630518055685	0.0003285018208502577	0
1249	3079.5240540504456	0.32745630518055685	0.0	1
1250	3081.8681292533875	0.3276638855329627	0.00020758035240586725	0
1251	3084.225945711136	0.32786594692863075	0.0002020613956680295	0
1252	3086.520653963089	0.32786594692863075	0.0	1
1253	3088.8484210968018	0.32786594692863075	0.0	2
1254	3091.165109395981	0.32786594692863075	0.0	3
1255	3093.4845535755157	0.32786594692863075	0.0	4
1256	3095.8037655353546	0.32786594692863075	0.0	5
1257	3098.177125453949	0.32786594692863075	0.0	6
1258	3100.4907217025757	0.32786594692863075	0.0	7
1259	3102.7888491153717	0.32786594692863075	0.0	8
1260	3105.0853247642517	0.3280329573174248	0.00016701038879407548	0
1261	3107.4329373836517	0.3280329573174248	0.0	1
1262	3109.787032842636	0.3280329573174248	0.0	2
1263	3112.1381216049194	0.3280453017594344	1.234444200959306e-05	0
1264	3114.425814628601	0.3280453017594344	0.0	1
1265	3116.7552077770233	0.3282174932096558	0.00017219145022140392	0
1266	3119.060616016388	0.3282174932096558	0.0	1
1267	3121.408388853073	0.3282174932096558	0.0	2
1268	3123.739543914795	0.32831016663014395	9.267342048813187e-05	0
1269	3126.058953523636	0.32831016663014395	0.0	1
1270	3128.3592371940613	0.32832442581224625	1.4259182102294155e-05	0
1271	3130.6506469249725	0.32832442581224625	0.0	1
1272	3132.995789051056	0.32832442581224625	0.0	2
1273	3135.31657743454	0.32832442581224625	0.0	3
1274	3137.658990383148	0.32832442581224625	0.0	4
1275	3139.9871423244476	0.32840202910188687	7.760328964062646e-05	0
1276	3143.3035790920258	0.3284166937583618	1.466465647492754e-05	0
1277	3146.5783603191376	0.3284166937583618	0.0	1
1278	3149.949947118759	0.32849663978882176	7.994603045996529e-05	0
1279	3152.221717596054	0.3285362636455642	3.96238567424434e-05	0
1280	3154.5229172706604	0.3285362636455642	0.0	1
1281	3156.8326795101166	0.3285442379748916	7.97432932736486e-06	0
1282	3159.1352338790894	0.3285841772005905	3.9939225698948366e-05	0
1283	3161.4672615528107	0.3285928723732469	8.695172656392192e-06	0
1284	3163.769284963608	0.328771100886349	0.00017822851310206334	0
1285	3166.0828940868378	0.328771100886349	0.0	1
1286	3168.383435487747	0.32893374116246077	0.00016264027611179177	0
1287	3170.6894612312317	0.32904222808347944	0.00010848692101866897	0
1288	3172.976626634598	0.32904222808347944	0.0	1
1289	3175.3321278095245	0.32904222808347944	0.0	2
1290	3177.6392414569855	0.32904222808347944	0.0	3
1291	3179.9387152194977	0.32904222808347944	0.0	4
1292	3182.2339005470276	0.32904222808347944	0.0	5
1293	3184.544849395752	0.3292603958222804	0.0002181677388009562	0
1294	3186.835451602936	0.3292603958222804	0.0	1
1295	3189.1279034614563	0.3292603958222804	0.0	2
1296	3191.415431499481	0.3292603958222804	0.0	3
1297	3193.7239441871643	0.32941321460803424	0.00015281878575384988	0
1298	3196.0233063697815	0.32941321460803424	0.0	1
1299	3198.355506181717	0.32941321460803424	0.0	2
1300	3200.665411233902	0.32941321460803424	0.0	3
1301	3202.9755964279175	0.3294273836847204	1.4169076686165738e-05	0
1302	3205.2811539173126	0.3294273836847204	0.0	1
1303	3207.606427192688	0.329507059398932	7.967571421158004e-05	0
1304	3209.93133687973	0.3295977505002653	9.069110133330671e-05	0
1305	3212.2685832977295	0.3295977505002653	0.0	1
1306	3214.576025247574	0.32971495512029436	0.00011720462002906551	0
1307	3216.8649995326996	0.3297822863924963	6.733127220193147e-05	0
1308	3219.192851305008	0.3297822863924963	0.0	1
1309	3221.4808177948	0.32995670795176696	0.0001744215592706655	0
1310	3223.794530391693	0.32995670795176696	0.0	1
1311	3226.0636587142944	0.32995670795176696	0.0	2
1312	3228.371327638626	0.330010793727798	5.4085776031054245e-05	0
1313	3230.647183418274	0.330010793727798	0.0	1
1314	3232.987405061722	0.33006258181571785	5.1788087919835135e-05	0
1315	3235.2695755958557	0.3302186669228063	0.00015608510708847723	0
1316	3237.5805666446686	0.3302186669228063	0.0	1
1317	3239.9044859409332	0.3303287081622532	0.0001100412394468564	0
1318	3243.160323858261	0.3303287081622532	0.0	1
1319	3246.453649044037	0.3303287081622532	0.0	2
1320	3249.744946241379	0.3303798655122601	5.115735000693622e-05	0
1321	3252.035677909851	0.3303798655122601	0.0	1
1322	3254.329177379608	0.3303798655122601	0.0	2
1323	3256.5938243865967	0.3303798655122601	0.0	3
1324	3258.8809912204742	0.3303798655122601	0.0	4
1325	3261.198102235794	0.3303859701542028	6.104641942672462e-06	0
1326	3263.49516582489	0.3306552276639486	0.00026925750974582385	0
1327	3265.7915177345276	0.3306552276639486	0.0	1
1328	3268.1043226718903	0.3306552276639486	0.0	2
1329	3270.4271228313446	0.3306552276639486	0.0	3
1330	3272.7229857444763	0.3306977799467153	4.2552282766672445e-05	0
1331	3275.021080970764	0.3306977799467153	0.0	1
1332	3277.2885615825653	0.3306977799467153	0.0	2
1333	3279.5845062732697	0.33083976355617967	0.00014198360946438005	0
1334	3281.870860338211	0.33083976355617967	0.0	1
1335	3284.1910128593445	0.33083976355617967	0.0	2
1336	3286.4878566265106	0.33083976355617967	0.0	3
1337	3288.778696537018	0.33083976355617967	0.0	4
1338	3291.0812890529633	0.3308823158389463	4.2552282766616933e-05	0
1339	3293.358512878418	0.3308823158389463	0.0	1
1340	3295.6360306739807	0.3308823158389463	0.0	2
1341	3297.9117879867554	0.3309011703972712	1.8854558324898907e-05	0
1342	3300.1697764396667	0.3309011703972712	0.0	1
1343	3302.4705069065094	0.3309011703972712	0.0	2
1344	3304.734127521515	0.330938226249654	3.705585238283904e-05	0
1345	3307.004578590393	0.3309465610006459	8.334750991878526e-06	0
1346	3309.3000535964966	0.3310802098591184	0.00013364885847250152	0
1347	3311.5849573612213	0.33130729803411607	0.00022708817499766942	0
1348	3313.874884366989	0.33130729803411607	0.0	1
1349	3316.1767568588257	0.33130729803411607	0.0	2
1350	3318.442088365555	0.33130729803411607	0.0	3
1351	3320.7177259922028	0.33130729803411607	0.0	4
1352	3323.028008699417	0.33130729803411607	0.0	5
1353	3325.33362531662	0.33130729803411607	0.0	6
1354	3327.614714384079	0.33130729803411607	0.0	7
1355	3329.917855978012	0.33130729803411607	0.0	8
1356	3332.165361404419	0.33130729803411607	0.0	9
1357	3334.4219744205475	0.33130729803411607	0.0	10
1358	3336.6823704242706	0.33139337123287277	8.607319875669761e-05	0
1359	3338.977655649185	0.33149910993869947	0.00010573870582669675	0
1360	3342.2279810905457	0.33149910993869947	0.0	1
1361	3345.491666316986	0.3315349268416105	3.5816902911045556e-05	0
1362	3348.8263626098633	0.3315349268416105	0.0	1
1363	3351.0784900188446	0.3315349268416105	0.0	2
1364	3353.336028814316	0.3315349268416105	0.0	3
1365	3355.6087670326233	0.3316338175358115	9.889069420099261e-05	0
1366	3357.9289689064026	0.3316338175358115	0.0	1
1367	3360.209903240204	0.3316338175358115	0.0	2
1368	3362.483478784561	0.3316431659727348	9.348436923295456e-06	0
1369	3364.7669599056244	0.3316763698185782	3.320384584337699e-05	0
1370	3367.043939113617	0.3316763698185782	0.0	1
1371	3369.323539018631	0.3317266936934859	5.032387490772061e-05	0
1372	3371.561758995056	0.33174919752116394	2.2503827678044264e-05	0
1373	3373.874421596527	0.3319697981062004	0.00022060058503647895	0
1374	3376.1542522907257	0.3319697981062004	0.0	1
1375	3378.4362573623657	0.3319697981062004	0.0	2
1376	3380.7235112190247	0.33228440116661284	0.0003146030604124217	0
1377	3383.0187933444977	0.33228440116661284	0.0	1
1378	3385.278101205826	0.33228440116661284	0.0	2
1379	3387.57231593132	0.33228440116661284	0.0	3
1380	3389.8852581977844	0.33228440116661284	0.0	4
1381	3392.1977803707123	0.33228440116661284	0.0	5
1382	3394.4852528572083	0.33228440116661284	0.0	6
1383	3396.807433605194	0.33228440116661284	0.0	7
1384	3399.0785932540894	0.33228440116661284	0.0	8
1385	3401.3606626987457	0.33231422605935135	2.982489273850586e-05	0
1386	3403.6360700130463	0.3323274715555222	1.3245496170877225e-05	0
1387	3405.958742618561	0.3324421306975457	0.0001146591420234655	0
1388	3408.219274520874	0.3324689370588439	2.6806361298203907e-05	0
1389	3410.5281462669373	0.3324689370588439	0.0	1
1390	3412.789645433426	0.3324689370588439	0.0	2
1391	3415.1136441230774	0.3324689370588439	0.0	3
1392	3417.382599592209	0.33248526866551714	1.6331606673247734e-05	0
1393	3419.6619753837585	0.33248526866551714	0.0	1
1394	3421.949713945389	0.33299986069702664	0.0005145920315094976	0
1395	3424.277940273285	0.33299986069702664	0.0	1
1396	3426.5281093120575	0.33299986069702664	0.0	2
1397	3428.8302869796753	0.3331843965892577	0.0001845358922310525	0
1398	3431.119122505188	0.3332060669418366	2.1670352578884167e-05	0
1399	3433.4624814987183	0.3332060669418366	0.0	1
1400	3435.7647330760956	0.3332060669418366	0.0	2
1401	3438.1018493175507	0.3332060669418366	0.0	3
1402	3441.3397047519684	0.33336893248148874	0.00016286553965216832	0
1403	3444.6481993198395	0.33336893248148874	0.0	1
1404	3448.0148577690125	0.33339060283406763	2.1670352578884167e-05	0
1405	3450.2906308174133	0.33339060283406763	0.0	1
1406	3452.5929276943207	0.33339060283406763	0.0	2
1407	3454.892722129822	0.3334691747569316	7.857192286397918e-05	0
1408	3457.199330806732	0.3335534683737198	8.429361678818914e-05	0
1409	3459.50274515152	0.3335534683737198	0.0	1
1410	3461.791243314743	0.3336449704237982	9.150205007840695e-05	0
1411	3464.0992205142975	0.3336449704237982	0.0	1
1412	3466.3904781341553	0.3336449704237982	0.0	2
1413	3468.6711218357086	0.3336449704237982	0.0	3
1414	3470.9761900901794	0.33365371064916266	8.7402253644564e-06	0
1415	3473.275210380554	0.33371538780650256	6.167715733990109e-05	0
1416	3475.5712711811066	0.3337380042659508	2.261645944823254e-05	0
1417	3477.8675384521484	0.3337380042659508	0.0	1
1418	3480.1545696258545	0.3337380042659508	0.0	2
1419	3482.4307341575623	0.3337380042659508	0.0	3
1420	3484.682317018509	0.3337380042659508	0.0	4
1421	3486.986304998398	0.3337380042659508	0.0	5
1422	3489.284060716629	0.33383896738472274	0.00010096311877194619	0
1423	3491.5642640590668	0.3338999236987336	6.095631401087376e-05	0
1424	3493.863741874695	0.3338999236987336	0.0	1
1425	3496.192482471466	0.3338999236987336	0.0	2
1426	3498.459578037262	0.33414613674830457	0.0002462130495709536	0
1427	3500.749936103821	0.33414613674830457	0.0	1
1428	3503.0351626873016	0.33414613674830457	0.0	2
1429	3505.3395335674286	0.33414613674830457	0.0	3
1430	3507.629326105118	0.33414613674830457	0.0	4
1431	3509.9664058685303	0.33414613674830457	0.0	5
1432	3512.2065794467926	0.33414613674830457	0.0	6
1433	3514.528395175934	0.33414613674830457	0.0	7
1434	3516.7947900295258	0.3342463790237475	0.00010024227544291886	0
1435	3519.0904581546783	0.33427487486159807	2.849583785058396e-05	0
1436	3521.3796322345734	0.3342757984421134	9.235805153440246e-07	1
1437	3523.699718952179	0.3344099428803746	0.0001341444382612078	0
1438	3525.9892461299896	0.3344099428803746	0.0	1
1439	3528.312641143799	0.3344099428803746	0.0	2
1440	3530.578048467636	0.3344099428803746	0.0	3
1441	3532.869440317154	0.3344180298414721	8.086961097497625e-06	0
1442	3535.1299946308136	0.33458312549017344	0.00016509564870131888	0
1443	3537.4518575668335	0.3346439466460602	6.0821155886736644e-05	0
1444	3540.6791598796844	0.33473560638061683	9.165973455665943e-05	0
1445	3543.9477343559265	0.334744143868795	8.537488178139707e-06	0
1446	3547.2666511535645	0.334744143868795	0.0	1
1447	3549.5412261486053	0.334744143868795	0.0	2
1448	3551.803811311722	0.33477901466483667	3.487079604169718e-05	0
1449	3554.1172018051147	0.33481983241834284	4.081775350617267e-05	0
1450	3556.3706364631653	0.33492014227284783	0.00010030985450498742	0
1451	3558.6889460086823	0.3350043683105739	8.422603772606507e-05	0
1452	3560.978427171707	0.3350043683105739	0.0	1
1453	3563.251254081726	0.3350043683105739	0.0	2
1454	3565.5212540626526	0.3350043683105739	0.0	3
1455	3567.8128278255463	0.3351177209240635	0.00011335261348960346	0
1456	3570.081230401993	0.3351177209240635	0.0	1
1457	3572.360573530197	0.3353022568162945	0.00018453589223099698	0
1458	3574.633011341095	0.3353022568162945	0.0	1
1459	3576.9128725528717	0.3353022568162945	0.0	2
1460	3579.181613445282	0.3353022568162945	0.0	3
1461	3581.4689559936523	0.3353022568162945	0.0	4
1462	3583.7489528656006	0.3353022568162945	0.0	5
1463	3586.056797027588	0.3353022568162945	0.0	6
1464	3588.3590817451477	0.3354025666707995	0.00010030985450498742	0
1465	3590.6199645996094	0.3354025666707995	0.0	1
1466	3592.91970539093	0.3354025666707995	0.0	2
1467	3595.183493375778	0.3354025666707995	0.0	3
1468	3597.4449002742767	0.3354025666707995	0.0	4
1469	3599.734177350998	0.3354640861436612	6.151947286170412e-05	0
1470	3601.9676263332367	0.33548679270852555	2.2706564864360956e-05	0
