1	17.3004469871521	0.03555791460295229	10000000000.035559	0
2	29.72892117500305	0.03823824944278811	0.0026803348398358184	0
3	42.10502505302429	0.04273678768514861	0.004498538242360503	0
4	55.14812469482422	0.0494507534254475	0.006713965740298887	0
5	68.67736220359802	0.05963811682563665	0.01018736340018915	0
6	82.36721801757812	0.0876382791505438	0.028000162324907152	0
7	96.6366868019104	0.0876382791505438	0.0	1
8	111.8069326877594	0.0876382791505438	0.0	2
9	127.3282744884491	0.09471616658761418	0.007077887437070385	0
10	143.96620059013367	0.0979142105431987	0.003198043955584512	0
11	162.35922837257385	0.10537283278453127	0.007458622241332577	0
12	180.5439693927765	0.10537283278453127	0.0	1
13	199.71062397956848	0.10537283278453127	0.0	2
14	219.51752305030823	0.13441447293017048	0.029041640145639203	0
15	241.2072024345398	0.13441447293017048	0.0	1
16	263.28626894950867	0.13441447293017048	0.0	2
17	287.1402168273926	0.1402374678684086	0.005822994938238124	0
18	309.977826833725	0.14042200376063965	0.0001845358922310525	0
19	334.64452934265137	0.1496869017000369	0.009264897939397249	0
20	357.8017580509186	0.1496869017000369	0.0	1
21	381.6185429096222	0.1496869017000369	0.0	2
22	407.0915365219116	0.15117409159323675	0.0014871898931998473	0
23	432.9904191493988	0.1528936858809859	0.0017195942877491488	0
24	459.0875768661499	0.15954669812306815	0.006653012242082257	0
25	483.18020391464233	0.16046937758422333	0.0009226794611551792	0
26	507.3859839439392	0.16046937758422333	0.0	1
27	533.4227523803711	0.16155794111647098	0.0010885635322476495	0
28	559.1507320404053	0.16489119951213324	0.0033332583956622586	0
29	584.2296266555786	0.16764416776475133	0.0027529682526180876	0
30	608.533858537674	0.16764416776475133	0.0	1
31	633.8647141456604	0.17036871902175793	0.002724551257006602	0
32	658.8489825725555	0.1723042058865508	0.0019354868647928625	0
33	682.6164610385895	0.17382486994184235	0.001520664055291554	0
34	707.3016953468323	0.17761586385143707	0.0037909939095947254	0
35	732.4349896907806	0.18305799445887733	0.005442130607440254	0
36	757.4121091365814	0.1848016131032017	0.001743618644324374	0
37	780.3818480968475	0.18524872744120802	0.00044711433800631584	0
38	804.4578833580017	0.18524872744120802	0.0	1
39	828.4381647109985	0.18811277314555847	0.0028640457043504486	0
40	850.9474070072174	0.18811277314555847	0.0	1
41	873.8049967288971	0.18871595006429923	0.000603176918740761	0
42	898.6420130729675	0.18871595006429923	0.0	1
43	923.2814056873322	0.19474882304305452	0.006032872978755294	0
44	948.7134928703308	0.19474882304305452	0.0	1
45	974.2300939559937	0.19474882304305452	0.0	2
46	999.9529874324799	0.19474882304305452	0.0	3
47	1025.259331703186	0.19474882304305452	0.0	4
48	1051.2238092422485	0.19474882304305452	0.0	5
49	1077.0688164234161	0.19798040873979286	0.0032315856967383427	0
50	1103.1499605178833	0.19798040873979286	0.0	1
51	1129.1110367774963	0.19874328624544427	0.0007628775056514048	0
52	1155.0103249549866	0.2006126807875069	0.0018693945420626412	0
53	1181.5779600143433	0.2024007101388056	0.0017880293512986811	0
54	1207.7955141067505	0.2024007101388056	0.0	1
55	1234.0508923530579	0.20350792549219182	0.0011072153533862317	0
56	1259.93146276474	0.20450007622918204	0.000992150736990216	0
57	1285.933051109314	0.20528498450907687	0.0007849082798948304	0
58	1311.558049917221	0.20775837818180246	0.002473393672725588	0
59	1337.3241226673126	0.20775837818180246	0.0	1
60	1363.0651314258575	0.20858194168521638	0.000823563503413921	0
61	1388.4125266075134	0.2088060338551278	0.00022409216991142733	0
62	1413.8013167381287	0.20896182611961386	0.00015579226448605987	0
63	1439.6343879699707	0.2101302230505513	0.0011683969309374265	0
64	1465.3812668323517	0.2108592884988005	0.0007290654482492165	0
65	1491.3104996681213	0.21326354879100157	0.0024042602922010603	0
66	1517.3058354854584	0.21386829129134757	0.0006047425003460061	0
67	1543.3466515541077	0.21386829129134757	0.0	1
68	1569.7309205532074	0.21386829129134757	0.0	2
69	1595.9181039333344	0.21478051852423186	0.0009122272328842829	0
70	1622.322814464569	0.21478051852423186	0.0	1
71	1648.9140365123749	0.2149529127116396	0.00017239418740774837	0
72	1675.3178315162659	0.2149529127116396	0.0	1
73	1701.5337717533112	0.21658650137969412	0.0016335886680545197	0
74	1727.4565880298615	0.2203145228665921	0.0037280214868979644	0
75	1753.2503097057343	0.22087898824592866	0.0005644653793365761	0
76	1778.5205326080322	0.2212493665589246	0.00037037831299593926	0
77	1804.1578738689423	0.2212493665589246	0.0	1
78	1829.4261634349823	0.22172960590053514	0.00048023934161053883	0
79	1854.9617414474487	0.22233187050193762	0.0006022646014024746	0
80	1880.1430397033691	0.22268413762629174	0.00035226712435412755	0
81	1904.858075618744	0.22352549694939103	0.0008413593230992833	0
82	1930.1928644180298	0.22365745633131112	0.0001319593819200937	0
83	1954.8298127651215	0.22365745633131112	0.0	1
84	1979.6457259654999	0.22365745633131112	0.0	2
85	2004.557510137558	0.22447511792996863	0.0008176615986575098	0
86	2028.9898240566254	0.22447511792996863	0.0	1
87	2053.4702367782593	0.22447511792996863	0.0	2
88	2078.0608196258545	0.22621365688145875	0.0017385389514901206	0
89	2102.6583535671234	0.22621365688145875	0.0	1
90	2127.140087366104	0.22621365688145875	0.0	2
91	2151.5147409439087	0.22621365688145875	0.0	3
92	2176.0679857730865	0.22621365688145875	0.0	4
93	2200.3302943706512	0.22648523460566986	0.0002715777242111028	0
94	2224.317289829254	0.22648523460566986	0.0	1
95	2248.5423743724823	0.22651276181029711	2.7527204627258994e-05	0
96	2272.530251264572	0.2272412415733415	0.0007284797630443818	0
97	2296.694486618042	0.22728829912691456	4.7057553573065514e-05	0
98	2320.7635445594788	0.22756300801433613	0.0002747088874215653	0
99	2344.9883093833923	0.2303332089277888	0.002770200913452675	0
100	2368.8475425243378	0.2303332089277888	0.0	1
101	2392.644075870514	0.2303332089277888	0.0	2
102	2416.434186220169	0.2303332089277888	0.0	3
103	2440.103330373764	0.2303332089277888	0.0	4
104	2463.8459475040436	0.2303332089277888	0.0	5
105	2487.5543780326843	0.23134326811623454	0.0010100591884457388	0
106	2511.301867246628	0.23134326811623454	0.0	1
107	2534.9502925872803	0.2313787471238351	3.5479007600563994e-05	0
108	2558.6992015838623	0.2313787471238351	0.0	1
109	2582.5912988185883	0.23226477620698008	0.0008860290831449735	0
110	2606.271258831024	0.23301726906342268	0.0007524928564426048	0
111	2630.0171303749084	0.2332506871439034	0.00023341808048071844	0
112	2653.4220600128174	0.2332506871439034	0.0	1
113	2677.1635699272156	0.2332506871439034	0.0	2
114	2700.980711221695	0.2332506871439034	0.0	3
115	2724.5389699935913	0.2333976040249008	0.00014691688099741085	0
116	2748.097823381424	0.23339983413395	2.230109049178308e-06	0
117	2771.530429840088	0.233486830913222	8.699677927201388e-05	0
118	2795.0498926639557	0.23455665251891492	0.001069821605692911	0
119	2818.683306455612	0.23494230369994465	0.0003856511810297336	0
120	2842.121664047241	0.23494230369994465	0.0	1
121	2865.64408326149	0.23494230369994465	0.0	2
122	2889.208076477051	0.23533743847602187	0.0003951347760772217	0
123	2912.676521062851	0.23533743847602187	0.0	1
124	2937.1752257347107	0.23533743847602187	0.0	2
125	2960.6586515903473	0.23567810452804946	0.0003406660520275939	0
126	2984.287561416626	0.23583894269583872	0.0001608381677892512	0
127	3007.892436027527	0.23586128883903856	2.234614319984729e-05	0
128	3031.47692155838	0.23608371405875161	0.00022242521971305163	0
129	3054.938332796097	0.2363466416630144	0.00026292760426277484	0
130	3078.3820016384125	0.2363466416630144	0.0	1
131	3101.7350833415985	0.2363466416630144	0.0	2
132	3125.396090745926	0.2370362634653534	0.0006896218023390022	0
133	3149.014046192169	0.2370362634653534	0.0	1
134	3173.8054642677307	0.23720126900863858	0.00016500554328519046	0
135	3197.360671520233	0.23750719942274867	0.00030593041411008937	0
136	3220.9549407958984	0.23750719942274867	0.0	1
137	3244.391832590103	0.23750719942274867	0.0	2
138	3268.401461839676	0.23750719942274867	0.0	3
139	3291.776523590088	0.23750719942274867	0.0	4
140	3315.0085837841034	0.2376654245334702	0.00015822511072152712	0
141	3338.550285100937	0.23781434625997647	0.00014892172650626812	0
142	3361.834630727768	0.23925571754907501	0.0014413712890985475	0
143	3385.2567512989044	0.23925571754907501	0.0	1
144	3408.5533261299133	0.23925571754907501	0.0	2
145	3431.869900226593	0.23925571754907501	0.0	3
146	3455.169373512268	0.23925571754907501	0.0	4
147	3478.6196784973145	0.23932561682563666	6.989927656164685e-05	0
148	3501.9077610969543	0.23998410720670327	0.0006584903810666065	0
149	3525.247282743454	0.23998410720670327	0.0	1
150	3548.5743911266327	0.2402290362540944	0.00024492904739112364	0
151	3571.8558146953583	0.24026417736638447	3.514111229008243e-05	0
152	3595.0954678058624	0.24131681136395092	0.0010526339975664434	0
153	3618.456703186035	0.24131681136395092	0.0	1
