1	3.466249704360962	0.061994081281349235	10000000000.061995	0
2	6.014092206954956	0.061994081281349235	0.0	1
3	8.646482706069946	0.061994081281349235	0.0	2
4	11.342889070510864	0.06210080030058052	0.00010671901923128835	0
5	13.85310983657837	0.09012964085673625	0.028028840556155725	0
6	16.468372583389282	0.09012964085673625	0.0	1
7	19.163551092147827	0.10117674865017862	0.011047107793442368	0
8	21.990636348724365	0.10117674865017862	0.0	1
9	24.97052240371704	0.12439622064110313	0.023219471990924515	0
10	28.174198627471924	0.12519145727708214	0.0007952366359790103	0
11	31.512137413024902	0.14335658753991953	0.018165130262837392	0
12	35.371734857559204	0.14335658753991953	0.0	1
13	39.42983841896057	0.14335658753991953	0.0	2
14	43.91197657585144	0.1456702058364833	0.002313618296563763	0
15	48.34743046760559	0.1456702058364833	0.0	1
16	53.32928943634033	0.15123128560619045	0.005561079769707156	0
17	58.85332679748535	0.15366885072915162	0.0024375651229611717	0
18	64.43316888809204	0.15366885072915162	0.0	1
19	70.34229278564453	0.16556300632397516	0.011894155594823541	0
20	76.75142431259155	0.16556300632397516	0.0	1
21	83.06055855751038	0.16556300632397516	0.0	2
22	89.42575597763062	0.17496916878856633	0.009406162464591167	0
23	95.36974024772644	0.17496916878856633	0.0	1
24	101.48854160308838	0.18377831791620056	0.008809149127634225	0
25	108.08261919021606	0.18377831791620056	0.0	1
26	114.0899395942688	0.18377831791620056	0.0	2
27	120.77894639968872	0.18377831791620056	0.0	3
28	127.60378527641296	0.18407434899592234	0.0002960310797217869	0
29	134.3350124359131	0.1858941093603403	0.0018197603644179439	0
30	141.0677797794342	0.19673644808093063	0.010842338720590344	0
31	147.71194124221802	0.19673644808093063	0.0	1
32	154.43775486946106	0.19673644808093063	0.0	2
33	161.09086060523987	0.19673644808093063	0.0	3
34	167.7558617591858	0.19744043151996427	0.0007039834390336341	0
35	173.99923753738403	0.19920953481907658	0.0017691032991123123	0
36	180.94073605537415	0.1992278066022842	1.8271783207624015e-05	0
37	187.75381731987	0.2001361802874206	0.0009083736851364099	0
38	194.85712575912476	0.20543855662709296	0.005302376339672343	0
39	201.84191155433655	0.20547909989918628	4.054327209332409e-05	0
40	208.9185779094696	0.20807085631901343	0.002591756419827146	0
41	216.14165687561035	0.20807085631901343	0.0	1
42	223.36193132400513	0.2132952824475859	0.0052244261285724625	0
43	230.51163935661316	0.2132952824475859	0.0	1
44	237.84004664421082	0.2132952824475859	0.0	2
45	245.1916766166687	0.21378055070344074	0.00048526825585484823	0
46	252.33990693092346	0.21768313577488993	0.003902585071449194	0
47	259.87928462028503	0.21768313577488993	0.0	1
48	267.2384066581726	0.2183873130322604	0.0007041772573704586	0
49	274.7004508972168	0.22028535838490546	0.001898045352645067	0
50	282.0017170906067	0.22028535838490546	0.0	1
51	289.246062040329	0.22028535838490546	0.0	2
52	296.4679126739502	0.22028535838490546	0.0	3
53	303.7261383533478	0.2241077379046081	0.0038223795197026567	0
54	311.0650110244751	0.2241077379046081	0.0	1
55	318.6134259700775	0.22473111053537276	0.0006233726307646459	0
56	325.9875395298004	0.22534607849825888	0.000614967962886126	0
57	333.5883114337921	0.2295120803092974	0.004166001811038517	0
58	340.8261287212372	0.2295120803092974	0.0	1
59	348.2909038066864	0.2295120803092974	0.0	2
60	355.71448945999146	0.23096444920634562	0.001452368897048223	0
61	363.2347409725189	0.23096444920634562	0.0	1
62	370.7991440296173	0.2309937686347521	2.9319428406476833e-05	0
63	378.3862257003784	0.23180761183106596	0.0008138431963138626	0
64	385.98233294487	0.23479362998768583	0.002986018156619863	0
65	393.622088432312	0.23479362998768583	0.0	1
66	401.2006537914276	0.23479362998768583	0.0	2
67	408.80596590042114	0.2354002109025422	0.0006065809148563805	0
68	416.4975583553314	0.2354002109025422	0.0	1
69	424.0096478462219	0.235583245891897	0.00018303498935479112	0
70	431.35397124290466	0.235583245891897	0.0	1
71	438.8904995918274	0.235583245891897	0.0	2
72	446.36924147605896	0.2363665715100859	0.0007833256181888903	0
73	454.0653944015503	0.2384624525250794	0.0020958810149935003	0
74	461.4239830970764	0.2384624525250794	0.0	1
75	469.0420002937317	0.23849818557844976	3.573305337037369e-05	0
76	476.628986120224	0.23849818557844976	0.0	1
77	484.1436126232147	0.2392156834415145	0.0007174978630647422	0
78	491.7152018547058	0.2392156834415145	0.0	1
79	499.09410285949707	0.24313188865608762	0.003916205214573115	0
80	506.65413999557495	0.24313188865608762	0.0	1
81	514.1135551929474	0.24313188865608762	0.0	2
82	521.5823018550873	0.24313188865608762	0.0	3
83	529.1015255451202	0.24313188865608762	0.0	4
84	536.6015164852142	0.24313188865608762	0.0	5
85	544.0831186771393	0.24313188865608762	0.0	6
86	551.4314682483673	0.2432332027866989	0.0001013141306112908	0
87	559.0188772678375	0.2432332027866989	0.0	1
88	566.421707868576	0.2432332027866989	0.0	2
89	574.1535792350769	0.2432332027866989	0.0	3
90	581.5987124443054	0.24390784917747727	0.0006746463907783551	0
91	589.1143643856049	0.24510791945953017	0.0012000702820529063	0
92	596.7313804626465	0.24510791945953017	0.0	1
93	604.032525062561	0.24510791945953017	0.0	2
94	611.2963619232178	0.24510791945953017	0.0	3
95	618.7645304203033	0.24619548700698254	0.0010875675474523727	0
96	626.2549817562103	0.24619548700698254	0.0	1
97	633.7106957435608	0.24619548700698254	0.0	2
98	641.1058394908905	0.24665897712971818	0.00046349012273563805	0
99	648.781790971756	0.24753940573465466	0.0008804286049364785	0
100	656.4416937828064	0.24753940573465466	0.0	1
101	664.0703971385956	0.24753940573465466	0.0	2
102	671.7688655853271	0.24901304178920683	0.0014736360545521687	0
103	679.5614924430847	0.24901304178920683	0.0	1
104	687.2035918235779	0.24901304178920683	0.0	2
105	694.6800601482391	0.24934778367674654	0.0003347418875397079	0
106	702.2358913421631	0.24934778367674654	0.0	1
107	709.8418514728546	0.24934778367674654	0.0	2
108	717.4273691177368	0.2509511546780276	0.001603371001281051	0
109	724.9313130378723	0.2527286802648672	0.0017775255868396345	0
110	732.6140496730804	0.2527286802648672	0.0	1
111	740.093398809433	0.2527286802648672	0.0	2
112	747.6709592342377	0.2527286802648672	0.0	3
113	755.1295721530914	0.25292637496842524	0.00019769470355801566	0
114	762.833812713623	0.25292637496842524	0.0	1
115	770.5628273487091	0.25292637496842524	0.0	2
116	778.1046903133392	0.25442311064475676	0.0014967356763315176	0
117	784.9369292259216	0.25442311064475676	0.0	1
118	792.4751460552216	0.25442311064475676	0.0	2
119	799.4359698295593	0.25442311064475676	0.0	3
120	807.063882112503	0.25442311064475676	0.0	4
121	814.1240136623383	0.25498715724460524	0.0005640465998484889	0
122	821.0883927345276	0.25498715724460524	0.0	1
123	828.5279738903046	0.25551684513928985	0.0005296878946846051	0
124	836.1750860214233	0.25551684513928985	0.0	1
125	843.6905906200409	0.25551684513928985	0.0	2
126	851.3674108982086	0.2567398212247853	0.0012229760854954308	0
127	858.5039625167847	0.2568263170625541	8.649583776881853e-05	0
128	865.5500717163086	0.25749595941627273	0.0006696423537186358	0
129	872.6372625827789	0.25790172691433316	0.00040576749806042756	0
130	880.0262982845306	0.2586676617417545	0.0007659348274213218	0
131	887.3844268321991	0.2586676617417545	0.0	1
132	894.8893158435822	0.2593013419840683	0.0006336802423138055	0
133	902.2492520809174	0.2593013419840683	0.0	1
134	909.7520885467529	0.2593013419840683	0.0	2
135	917.1550347805023	0.2602747152914351	0.0009733733073667983	0
136	924.9995436668396	0.2602747152914351	0.0	1
137	932.4898416996002	0.2602747152914351	0.0	2
138	939.9545571804047	0.26041338350150656	0.00013866821007146868	0
139	947.4881522655487	0.2628246069505088	0.002411223449002242	0
140	955.0565931797028	0.2628246069505088	0.0	1
141	962.5266721248627	0.26344116069978707	0.0006165537492782702	0
142	970.1250550746918	0.26344116069978707	0.0	1
143	977.7451572418213	0.26344116069978707	0.0	2
144	985.2157759666443	0.2637959187355658	0.0003547580357787239	0
145	992.8382918834686	0.2637959187355658	0.0	1
146	1000.2835962772369	0.2637959187355658	0.0	2
147	1007.7567777633667	0.26494245991695836	0.0011465411813925686	0
148	1015.1406667232513	0.26494245991695836	0.0	1
149	1022.6953504085541	0.26494245991695836	0.0	2
150	1030.1448047161102	0.26494245991695836	0.0	3
151	1037.721801519394	0.26572634937030887	0.0007838894533505059	0
152	1045.12140750885	0.2668310610306456	0.0011047116603367102	0
153	1052.5092091560364	0.2668310610306456	0.0	1
154	1059.8328766822815	0.2668310610306456	0.0	2
155	1067.1444919109344	0.2668310610306456	0.0	3
156	1074.5234265327454	0.26815323686489606	0.001322175834250483	0
157	1081.8569934368134	0.26815323686489606	0.0	1
158	1089.1868026256561	0.26815323686489606	0.0	2
159	1096.523387670517	0.2681645311879781	1.1294323082056135e-05	0
160	1103.8188893795013	0.27051917730247727	0.002354646114499148	0
161	1111.2734370231628	0.27051917730247727	0.0	1
162	1118.7591195106506	0.2705384710369154	1.9293734438152743e-05	0
163	1126.207688331604	0.2705384710369154	0.0	1
164	1133.4858844280243	0.2705384710369154	0.0	2
165	1141.0351412296295	0.2705777632997438	3.9292262828394264e-05	0
166	1148.270749092102	0.2708957487110728	0.0003179854113289915	0
167	1155.8334901332855	0.27109532873845266	0.00019958002737985314	0
168	1163.1366381645203	0.27123718614115727	0.0001418574027046149	0
169	1170.4989223480225	0.2715005324013514	0.00026334626019414165	0
170	1177.8975257873535	0.27271799347417186	0.0012174610728204471	0
171	1185.2068893909454	0.27271799347417186	0.0	1
172	1192.5086839199066	0.27271799347417186	0.0	2
173	1199.8660304546356	0.27271799347417186	0.0	3
174	1207.3472855091095	0.27271799347417186	0.0	4
175	1214.7945425510406	0.2735552534495435	0.0008372599753716514	0
176	1222.1848702430725	0.2744132696068039	0.0008580161572603884	0
177	1229.6319868564606	0.2746189108621716	0.0002056412553677056	0
178	1237.061522245407	0.27475204643971923	0.00013313557754762728	0
179	1244.5228862762451	0.27475204643971923	0.0	1
180	1251.9083397388458	0.27475204643971923	0.0	2
181	1259.0858767032623	0.27525370115495995	0.000501654715240718	0
182	1266.8804411888123	0.2752937510712868	4.004991632683419e-05	0
183	1274.4102494716644	0.27641109616321446	0.0011173450919276795	0
184	1282.1034848690033	0.2764457015462615	3.46053830470594e-05	0
185	1289.5339739322662	0.2764457015462615	0.0	1
186	1296.968142747879	0.2764457015462615	0.0	2
187	1304.4071321487427	0.2764457015462615	0.0	3
188	1312.028107881546	0.2764457015462615	0.0	4
189	1319.4529912471771	0.276816229346718	0.00037052780045648825	0
190	1326.848073720932	0.27764055635306906	0.0008243270063510444	0
191	1334.197214126587	0.27764055635306906	0.0	1
192	1341.6271772384644	0.27764055635306906	0.0	2
193	1349.259167432785	0.27800028318620995	0.00035972683314089426	0
194	1356.693264245987	0.27874206120092376	0.000741778014713812	0
195	1364.1908700466156	0.27874206120092376	0.0	1
196	1371.5372188091278	0.27874206120092376	0.0	2
197	1378.9713385105133	0.2796485319423896	0.0009064707414658257	0
198	1386.3879799842834	0.27984853484614064	0.0002000029037510509	0
199	1393.8701348304749	0.27984853484614064	0.0	1
200	1401.2970848083496	0.2799153493127977	6.681446665707247e-05	0
201	1408.6783895492554	0.2804070311936165	0.0004916818808187728	0
202	1416.1170737743378	0.2804070311936165	0.0	1
203	1423.3463189601898	0.2804070311936165	0.0	2
204	1430.5432410240173	0.2804070311936165	0.0	3
205	1437.6066257953644	0.2804070311936165	0.0	4
206	1444.7248947620392	0.28045249040352555	4.545920990906005e-05	0
207	1451.8537411689758	0.28045249040352555	0.0	1
208	1458.91374874115	0.28045249040352555	0.0	2
209	1466.0262188911438	0.2825650045557881	0.0021125141522625457	0
210	1473.3243448734283	0.2825650045557881	0.0	1
211	1480.4055268764496	0.2825650045557881	0.0	2
212	1487.5886280536652	0.2831520979178695	0.0005870933620814034	0
213	1494.581770658493	0.28321505363763894	6.295571976944192e-05	0
214	1501.5740642547607	0.28388059056658665	0.0006655369289477187	0
215	1508.6314239501953	0.28388226445222287	1.6738856362108478e-06	0
216	1515.6060197353363	0.28481132383985275	0.0009290593876298825	0
217	1522.6031572818756	0.28481132383985275	0.0	1
218	1529.7631390094757	0.28481132383985275	0.0	2
219	1536.969938993454	0.28481132383985275	0.0	3
220	1543.9494149684906	0.286046422381324	0.0012350985414712468	0
221	1551.0826950073242	0.2865311268020172	0.00048470442069320496	0
222	1558.0711934566498	0.2865311268020172	0.0	1
223	1565.1830155849457	0.2872968325714041	0.0007657057693868929	0
224	1572.124746799469	0.2872968325714041	0.0	1
225	1579.166211605072	0.2872968325714041	0.0	2
226	1586.270719051361	0.2872968325714041	0.0	3
227	1593.2467234134674	0.2872968325714041	0.0	4
228	1600.2528676986694	0.28768586121310263	0.0003890286416985411	0
229	1607.2452840805054	0.2877204665961497	3.46053830470594e-05	0
230	1614.2508873939514	0.2877204665961497	0.0	1
231	1621.2066113948822	0.2880596134458899	0.0003391468497401795	0
232	1628.259034395218	0.2897762448352699	0.0017166313893800522	0
233	1635.3865878582	0.2897762448352699	0.0	1
234	1642.4419014453888	0.2897762448352699	0.0	2
235	1649.5519161224365	0.28977649151315316	2.466778832310723e-07	3
236	1656.6087288856506	0.29098750372131205	0.0012110122081588903	0
237	1663.7007238864899	0.29098750372131205	0.0	1
238	1670.6441977024078	0.29098750372131205	0.0	2
239	1677.6428890228271	0.29098750372131205	0.0	3
240	1684.6639416217804	0.29098750372131205	0.0	4
241	1691.7916831970215	0.29098750372131205	0.0	5
242	1698.9422483444214	0.2923474741312428	0.0013599704099307441	0
243	1705.9160952568054	0.2923474741312428	0.0	1
244	1712.9246442317963	0.29250762093700383	0.00016014680576104112	0
245	1719.9298875331879	0.29250762093700383	0.0	1
246	1726.9414262771606	0.2932733267063907	0.0007657057693868929	0
247	1733.8863518238068	0.2932733267063907	0.0	1
248	1740.8746831417084	0.29366024096623305	0.0003869142598423303	0
249	1747.8180272579193	0.29366024096623305	0.0	1
250	1754.923904657364	0.29366024096623305	0.0	2
251	1762.0192329883575	0.29366024096623305	0.0	3
252	1768.9978785514832	0.29442806111747616	0.0007678201512431038	0
253	1775.9581742286682	0.29442806111747616	0.0	1
254	1782.8307015895844	0.2945827633899574	0.00015470227248126633	0
255	1789.726449251175	0.2955716950238164	0.0009889316338589915	0
256	1796.6096177101135	0.2955716950238164	0.0	1
257	1803.6637465953827	0.2955716950238164	0.0	2
