1	2.318665027618408	0.11238982764917888	10000000000.11239	0
2	4.073966979980469	0.16528288675457287	0.05289305910539399	0
3	5.931864976882935	0.16528288675457287	0.0	1
4	7.836153268814087	0.16528288675457287	0.0	2
5	9.895713090896606	0.16528288675457287	0.0	3
6	12.172697305679321	0.17351639061643367	0.008233503861860808	0
7	14.67614197731018	0.17351639061643367	0.0	1
8	17.50765585899353	0.18375043853808437	0.010234047921650696	0
9	20.467270851135254	0.19261673192658493	0.008866293388500562	0
10	23.436989068984985	0.19678246651730089	0.004165734590715953	0
11	26.31493639945984	0.19678246651730089	0.0	1
12	29.28787899017334	0.20376060035620389	0.006978133838903	0
13	32.33109188079834	0.20430438027997908	0.0005437799237751895	0
14	35.18635034561157	0.2045450408302806	0.00024066055030153022	0
15	38.17579913139343	0.2045450408302806	0.0	1
16	41.0220468044281	0.20632715544632177	0.0017821146160411638	0
17	43.908257246017456	0.2070777807889753	0.0007506253426535214	0
18	46.73234272003174	0.2094097472073739	0.002331966418398612	0
19	49.68213725090027	0.2094803951573714	7.064794999750434e-05	0
20	52.47545504570007	0.20976123475191885	0.000280839594547444	0
21	55.33525729179382	0.21005519155109897	0.00029395679918012285	0
22	58.08652663230896	0.21005519155109897	0.0	1
23	60.8545184135437	0.21020366662617126	0.00014847507507229074	0
24	63.55755162239075	0.21023583906499202	3.217243882075449e-05	0
25	66.32859539985657	0.21023583906499202	0.0	1
26	69.13226246833801	0.21106884239963367	0.0008330033346416466	0
27	71.91136264801025	0.21106884239963367	0.0	1
28	74.7665913105011	0.21106884239963367	0.0	2
29	77.53157782554626	0.21156671210719447	0.0004978697075607996	0
30	80.30746483802795	0.21157703065035635	1.031854316188574e-05	0
31	83.1580741405487	0.21157703065035635	0.0	1
32	85.89104223251343	0.21157703065035635	0.0	2
33	88.52099514007568	0.21164570736923097	6.867671887461624e-05	0
34	91.17033529281616	0.21164570736923097	0.0	1
35	93.80199217796326	0.21164570736923097	0.0	2
36	96.44859719276428	0.2120675751657197	0.0004218677964887285	0
37	99.08215999603271	0.2120675751657197	0.0	1
38	101.77646088600159	0.2122896672055672	0.00022209203984749348	0
39	104.36835789680481	0.21230723793236642	1.7570726799226444e-05	0
40	106.94546246528625	0.21230723793236642	0.0	1
41	109.6280472278595	0.21245843866034939	0.00015120072798296968	0
42	112.24463605880737	0.21245843866034939	0.0	1
43	114.9256157875061	0.21245843866034939	0.0	2
44	117.57867097854614	0.21245843866034939	0.0	3
45	120.30572199821472	0.21245843866034939	0.0	4
46	122.96601700782776	0.21245843866034939	0.0	5
47	125.68529605865479	0.21254412637372908	8.568771337968961e-05	0
48	128.2936305999756	0.21254412637372908	0.0	1
49	130.9390013217926	0.21254412637372908	0.0	2
50	133.6155936717987	0.21266293563721092	0.00011880926348184495	0
51	136.25124621391296	0.21267663691032446	1.3701273113536638e-05	0
52	138.92556500434875	0.21267663691032446	0.0	1
53	141.64820384979248	0.21338129119629684	0.0007046542859723837	0
54	144.34379482269287	0.21338129119629684	0.0	1
55	147.00578379631042	0.21338129119629684	0.0	2
56	149.7234241962433	0.21380586030950957	0.0004245691132127305	0
57	152.4494161605835	0.21380586030950957	0.0	1
58	155.09840989112854	0.21380586030950957	0.0	2
59	157.84269189834595	0.21380586030950957	0.0	3
60	160.51052284240723	0.21380586030950957	0.0	4
61	163.16717338562012	0.21381600849936452	1.0148189854952694e-05	0
62	165.88377618789673	0.21389030687736743	7.429837800290717e-05	0
63	168.54737758636475	0.21417282566879736	0.00028251879142993097	0
64	171.28204536437988	0.21417282566879736	0.0	1
65	173.96206045150757	0.2141828278415321	1.0002172734724368e-05	0
66	176.55569624900818	0.2141828278415321	0.0	1
67	179.16760301589966	0.2141828278415321	0.0	2
68	181.8197524547577	0.21423442055734152	5.15927158094287e-05	0
69	184.44266438484192	0.21423442055734152	0.0	1
70	187.1375539302826	0.21427530535100178	4.088479366026743e-05	0
71	189.7984733581543	0.2142847964638158	9.491112814008495e-06	0
72	192.47930335998535	0.2142847964638158	0.0	1
73	195.09476828575134	0.2142847964638158	0.0	2
74	197.842520236969	0.2142847964638158	0.0	3
75	200.64303946495056	0.2143955991218725	0.00011080265805671341	0
76	203.49638867378235	0.21474219509289025	0.00034659597101774353	0
77	206.29611229896545	0.21474219509289025	0.0	1
78	209.02334117889404	0.21474219509289025	0.0	2
79	211.82668685913086	0.2150373443652188	0.00029514927232854316	0
80	214.57136988639832	0.2150373443652188	0.0	1
81	217.34196758270264	0.215360504588442	0.0003231602232232067	0
82	220.11003279685974	0.215360504588442	0.0	1
83	222.89881253242493	0.21541832736804725	5.782277960525439e-05	0
84	225.69880437850952	0.21541832736804725	0.0	1
85	228.49334168434143	0.21547775633597488	5.9428967927627196e-05	0
86	231.29185700416565	0.21547775633597488	0.0	1
87	234.0947780609131	0.21547775633597488	0.0	2
88	236.85908722877502	0.21547775633597488	0.0	3
89	239.6507978439331	0.21554020299105364	6.244665507876279e-05	0
90	242.3641471862793	0.21554020299105364	0.0	1
91	245.10640716552734	0.21571398770029654	0.0001737847092428968	0
92	247.86798191070557	0.21571398770029654	0.0	1
93	250.70977306365967	0.21571398770029654	0.0	2
94	253.4914355278015	0.21571398770029654	0.0	3
95	256.3112471103668	0.21576246538420804	4.847768391150198e-05	0
96	259.1753737926483	0.21590638959236694	0.0001439242081588965	0
97	261.86167097091675	0.21590638959236694	0.0	1
98	264.4862837791443	0.21590638959236694	0.0	2
99	267.11868262290955	0.21590638959236694	0.0	3
100	269.83465909957886	0.21593605540395733	2.966581159039028e-05	0
101	272.4627642631531	0.21593605540395733	0.0	1
102	275.0958158969879	0.21593605540395733	0.0	2
103	277.70868730545044	0.21593605540395733	0.0	3
104	280.2675838470459	0.2161921450966283	0.00025608969267096326	0
105	282.821658372879	0.21630333713367225	0.00011119203704396119	0
106	285.51259326934814	0.21630333713367225	0.0	1
107	288.09262251853943	0.21630333713367225	0.0	2
108	290.74684953689575	0.21633383037561055	3.049324193829528e-05	0
109	293.41495013237	0.21633477948689195	9.491112814008495e-07	1
110	296.0539901256561	0.21633477948689195	0.0	2
111	298.6552300453186	0.21633993875847288	5.159271580928992e-06	0
112	301.2225580215454	0.21633993875847288	0.0	1
113	303.9052481651306	0.21633993875847288	0.0	2
114	306.51825404167175	0.21633993875847288	0.0	3
115	309.1238839626312	0.21633993875847288	0.0	4
116	311.757839679718	0.21633993875847288	0.0	5
117	314.4124026298523	0.21633993875847288	0.0	6
118	317.0226991176605	0.21633993875847288	0.0	7
119	319.7117385864258	0.21634037680983353	4.3805136065722117e-07	8
120	322.42115449905396	0.21634037680983353	0.0	9
121	325.0986633300781	0.21634037680983353	0.0	10
122	327.8609342575073	0.2163410095506878	6.32740854267233e-07	11
123	330.51833868026733	0.2163410095506878	0.0	12
124	333.15953278541565	0.2163410095506878	0.0	13
125	335.84653306007385	0.2163410095506878	0.0	14
126	338.51520442962646	0.2163410095506878	0.0	15
127	341.15363454818726	0.2163410095506878	0.0	16
128	343.808269739151	0.2163410095506878	0.0	17
129	346.4720928668976	0.2163419829981559	9.734474681055705e-07	18
130	349.0872874259949	0.21634271308375697	7.300856010583612e-07	19
131	351.67531967163086	0.21634358918647828	8.761027213144423e-07	20
132	354.32508277893066	0.2167273708507775	0.00038378166429922644	0
133	356.9649589061737	0.2167273708507775	0.0	1
134	359.6231322288513	0.2167273708507775	0.0	2
135	362.2448766231537	0.2167273708507775	0.0	3
136	364.942969083786	0.2167273708507775	0.0	4
137	367.5222601890564	0.2167273708507775	0.0	5
138	370.1527669429779	0.21673876018615432	1.1389335376810195e-05	0
139	372.8057200908661	0.21673876018615432	0.0	1
140	375.60644912719727	0.21750963323614433	0.0007708730499900174	0
141	378.4080903530121	0.21750963323614433	0.0	1
142	381.18025493621826	0.21750963323614433	0.0	2
143	383.96738266944885	0.21752481901664672	1.5185780502385837e-05	0
144	386.7348213195801	0.21752481901664672	0.0	1
145	389.54382371902466	0.21752481901664672	0.0	2
146	392.36157870292664	0.21753620835202353	1.1389335376810195e-05	0
147	395.0131778717041	0.21753620835202353	0.0	1
148	397.79753065109253	0.21753620835202353	0.0	2
149	400.5810401439667	0.21753620835202353	0.0	3
150	403.30196142196655	0.21753620835202353	0.0	4
151	406.01040148735046	0.21753620835202353	0.0	5
152	408.78223299980164	0.21753620835202353	0.0	6
153	411.51719093322754	0.21822051758591257	0.0006843092338890411	0
154	414.2465875148773	0.21829240668143193	7.188909551936185e-05	0
155	416.9921119213104	0.21829240668143193	0.0	1
156	419.72642183303833	0.21829240668143193	0.0	2
157	422.52955532073975	0.21829240668143193	0.0	3
158	425.2856514453888	0.21829364782695376	1.2411455218297451e-06	0
159	427.9612956047058	0.21829364782695376	0.0	1
160	430.6644902229309	0.21829364782695376	0.0	2
161	433.34576511383057	0.21867192951305822	0.0003782816861044591	0
162	436.16325211524963	0.21867192951305822	0.0	1
163	438.8485150337219	0.21867192951305822	0.0	2
164	441.38263297080994	0.21867192951305822	0.0	3
165	444.04128098487854	0.21867192951305822	0.0	4
166	446.6286427974701	0.21867192951305822	0.0	5
167	449.23366594314575	0.21869629003594748	2.4360522889260716e-05	0
168	451.83416414260864	0.21869629003594748	0.0	1
169	454.51297307014465	0.21869629003594748	0.0	2
170	457.1792643070221	0.21869629003594748	0.0	3
171	459.83169317245483	0.2187072413199636	1.0951284016125218e-05	0
172	462.44594383239746	0.2187072413199636	0.0	1
173	464.96925234794617	0.2187072413199636	0.0	2
174	467.60609126091003	0.2187072413199636	0.0	3
175	470.1643533706665	0.2187072413199636	0.0	4
176	472.80447149276733	0.2190427156536583	0.00033547433369468527	0
177	475.42293334007263	0.21905648993533194	1.3774281673650801e-05	0
178	478.0372943878174	0.21947332014117324	0.0004168302058412954	0
179	480.59291100502014	0.21947332014117324	0.0	1
180	483.1158301830292	0.21947332014117324	0.0	2
181	485.6020884513855	0.21947332014117324	0.0	3
182	488.2331211566925	0.21947332014117324	0.0	4
183	490.7612268924713	0.21947332014117324	0.0	5
184	493.250474691391	0.21947332014117324	0.0	6
185	495.79209065437317	0.219512039014217	3.871887304376931e-05	0
186	498.3783583641052	0.21986793140855512	0.00035589239433811426	0
187	500.9672501087189	0.21987204422410786	4.112815552737015e-06	0
188	503.535099029541	0.21987204422410786	0.0	1
189	506.1784131526947	0.21987204422410786	0.0	2
190	508.7699611186981	0.21991076309715163	3.871887304376931e-05	0
191	511.35672664642334	0.21991076309715163	0.0	1
192	513.9422795772552	0.21991076309715163	0.0	2
193	516.5614969730377	0.21991076309715163	0.0	3
194	519.159462928772	0.21991188256173994	1.1194645883061405e-06	0
195	521.669766664505	0.21991884271113687	6.960149396939563e-06	0
196	524.3061308860779	0.21991884271113687	0.0	1
197	526.9031579494476	0.21992353959517047	4.696884033594806e-06	0
198	529.5104007720947	0.21992353959517047	0.0	1
199	532.0756642818451	0.21992353959517047	0.0	2
200	534.667195558548	0.21992353959517047	0.0	3
201	537.2472748756409	0.21992353959517047	0.0	4
202	539.8570885658264	0.21992353959517047	0.0	5
203	542.4356634616852	0.2199239289741577	3.8937898722002373e-07	6
204	545.0313818454742	0.2199239289741577	0.0	7
205	547.6270473003387	0.2199239289741577	0.0	8
206	550.3026688098907	0.2199239289741577	0.0	9
207	553.0371840000153	0.2199239289741577	0.0	10
208	555.687004327774	0.21992553516248006	1.6061883223728035e-06	0
209	558.3734316825867	0.21992553516248006	0.0	1
210	561.0989928245544	0.21992553516248006	0.0	2
211	563.7668826580048	0.21992553516248006	0.0	3
212	566.4463019371033	0.21992553516248006	0.0	4
213	569.1502504348755	0.21992553516248006	0.0	5
214	571.8595771789551	0.21992553516248006	0.0	6
215	574.5852353572845	0.2199296236418461	4.088479366032294e-06	0
216	577.2349908351898	0.2199296236418461	0.0	1
217	579.9621515274048	0.22032221500573165	0.00039259136388555826	0
218	582.6402940750122	0.22032221500573165	0.0	1
219	585.3023171424866	0.22032221500573165	0.0	2
220	588.0165498256683	0.22032221500573165	0.0	3
221	590.7744257450104	0.22032221500573165	0.0	4
222	593.4392309188843	0.22032221500573165	0.0	5
223	596.0453753471375	0.22032221500573165	0.0	6
224	598.7227399349213	0.22032221500573165	0.0	7
225	601.3770966529846	0.22032221500573165	0.0	8
226	604.0650079250336	0.22032425924541468	2.0442396830300247e-06	0
227	606.799396276474	0.22032425924541468	0.0	1
228	609.4978749752045	0.22032425924541468	0.0	2
229	612.1682841777802	0.22032425924541468	0.0	3
230	614.7038967609406	0.22032425924541468	0.0	4
231	617.1668469905853	0.22032425924541468	0.0	5
232	619.710709810257	0.22032425924541468	0.0	6
233	622.2468566894531	0.22033905564692982	1.4796401515138058e-05	0
234	624.7886555194855	0.22033905564692982	0.0	1
235	627.4033036231995	0.22033905564692982	0.0	2
236	629.9521863460541	0.22069774670273873	0.00035869105580890737	0
237	632.5446631908417	0.22069774670273873	0.0	1
238	635.0857319831848	0.22072174218282745	2.3995480088717658e-05	0
239	637.6275038719177	0.22072181519138756	7.300856011416279e-08	1
240	640.1273720264435	0.22079601622464365	7.420103325608829e-05	0
241	642.7174530029297	0.22079601622464365	0.0	1
242	645.2762265205383	0.22079601622464365	0.0	2
243	647.8217740058899	0.2210576545678828	0.00026163834323914004	0
244	650.4273691177368	0.22111900609455992	6.135152667713362e-05	0
245	652.9690701961517	0.22111900609455992	0.0	1
246	655.5333886146545	0.22111900609455992	0.0	2
247	658.0571038722992	0.22111900609455992	0.0	3
248	660.567352771759	0.22111966317160087	6.570770409441984e-07	4
249	663.1199085712433	0.22112053927432218	8.761027213144423e-07	5
250	665.6375367641449	0.22112053927432218	0.0	6
251	668.1498057842255	0.22112053927432218	0.0	7
252	670.6427412033081	0.22112229147976475	1.7522054425733735e-06	0
253	673.2054336071014	0.22112229147976475	0.0	1
254	675.7370698451996	0.22112229147976475	0.0	2
255	678.271990776062	0.22112229147976475	0.0	3
256	680.7950179576874	0.22112229147976475	0.0	4
257	683.2731430530548	0.22112229147976475	0.0	5
258	685.8388419151306	0.22112229147976475	0.0	6
259	688.3987386226654	0.22120739512466359	8.510364489883182e-05	0
260	690.9571132659912	0.22120739512466359	0.0	1
261	693.4982433319092	0.22120739512466359	0.0	2
262	696.034595489502	0.22130427748392645	9.688235926286204e-05	0
263	698.4948382377625	0.22130427748392645	0.0	1
264	701.0594696998596	0.22130427748392645	0.0	2
265	703.6302192211151	0.22130427748392645	0.0	3
266	706.1426837444305	0.22130427748392645	0.0	4
267	708.648943901062	0.22132525527686403	2.0977792937582063e-05	0
268	711.2144873142242	0.22143905128588517	0.00011379600902114428	0
269	713.7352619171143	0.22143905128588517	0.0	1
270	716.2599880695343	0.22145971270839562	2.0661422510448446e-05	0
271	718.8270616531372	0.22149422142113986	3.4508712744241166e-05	0
272	721.4955513477325	0.2215080443751869	1.3822954047032487e-05	0
273	724.126217842102	0.2215080443751869	0.0	1
274	726.7460703849792	0.2215184359269089	1.0391551721999903e-05	0
275	729.3232517242432	0.2215184359269089	0.0	1
276	731.9812421798706	0.2215184359269089	0.0	2
277	734.5715489387512	0.2215184359269089	0.0	3
278	737.1964566707611	0.2215184359269089	0.0	4
279	739.8435561656952	0.2215184359269089	0.0	5
280	742.5122411251068	0.2215184359269089	0.0	6
281	745.1441395282745	0.2215184359269089	0.0	7
282	747.8119416236877	0.2215184359269089	0.0	8
283	750.5958697795868	0.2215184359269089	0.0	9
284	753.2856781482697	0.2215184359269089	0.0	10
285	755.9182691574097	0.2215184359269089	0.0	11
286	758.555657863617	0.22151853327165572	9.734474681888372e-08	12
287	761.2630133628845	0.22151853327165572	0.0	13
288	763.9139220714569	0.22151877663352273	2.433618670194537e-07	14
289	766.5824239253998	0.22151877663352273	0.0	15
290	769.2476179599762	0.22151877663352273	0.0	16
291	771.9342691898346	0.22151877663352273	0.0	17
292	774.6028318405151	0.22151926335725677	4.867237340389075e-07	18
293	777.2024276256561	0.22151926335725677	0.0	19
294	779.7922248840332	0.22151926335725677	0.0	20
295	782.4421443939209	0.2215203341494717	1.0707922149244542e-06	0
296	784.9487466812134	0.2215203341494717	0.0	1
297	787.4767804145813	0.2215203341494717	0.0	2
298	790.0039622783661	0.2215203341494717	0.0	3
299	792.5318956375122	0.2215203341494717	0.0	4
300	795.0822925567627	0.2215203341494717	0.0	5
301	797.5823011398315	0.2215203341494717	0.0	6
302	800.1180679798126	0.2215203341494717	0.0	7
303	802.689032793045	0.22152159963118023	1.265481708534466e-06	0
304	805.2512657642365	0.22152159963118023	0.0	1
305	807.8163022994995	0.22152159963118023	0.0	2
306	810.3305559158325	0.2215223297167813	7.300856010583612e-07	3
307	812.8495020866394	0.2215223297167813	0.0	4
308	815.4103348255157	0.2215223297167813	0.0	5
309	817.890566110611	0.2215223297167813	0.0	6
310	820.4162385463715	0.2215223297167813	0.0	7
311	822.9144334793091	0.2215223297167813	0.0	8
312	825.426971912384	0.2215223297167813	0.0	9
313	827.9274661540985	0.2215223297167813	0.0	10
314	830.4211897850037	0.2215223297167813	0.0	11
315	832.949215888977	0.2215223297167813	0.0	12
316	835.4791629314423	0.2215223297167813	0.0	13
317	837.991622209549	0.2215223297167813	0.0	14
318	840.5070912837982	0.2215223297167813	0.0	15
319	843.0239689350128	0.2215223297167813	0.0	16
320	845.6000969409943	0.2215231084747558	7.787579744955586e-07	17
321	848.1507341861725	0.2215231084747558	0.0	18
322	850.6782343387604	0.2215231084747558	0.0	19
323	853.199051618576	0.2215231084747558	0.0	20
324	855.723400592804	0.2215231084747558	0.0	21
325	858.2788870334625	0.2215231084747558	0.0	22
326	860.8188614845276	0.2215231084747558	0.0	23
327	863.4243249893188	0.2215231084747558	0.0	24
328	865.9935488700867	0.2215231084747558	0.0	25
329	868.5347676277161	0.2215231084747558	0.0	26
330	871.0965251922607	0.2215232788280627	1.7035330690529094e-07	27
331	873.6041600704193	0.2215232788280627	0.0	28
332	876.1325237751007	0.2215232788280627	0.0	29
333	878.6221160888672	0.2215232788280627	0.0	30
334	881.1662127971649	0.2215232788280627	0.0	31
335	883.7764525413513	0.2215232788280627	0.0	32
336	886.3339946269989	0.2215232788280627	0.0	33
337	888.9165616035461	0.2215232788280627	0.0	34
338	891.5729644298553	0.2215232788280627	0.0	35
339	894.2332112789154	0.2215232788280627	0.0	36
340	896.928181886673	0.2215233518366228	7.300856011416279e-08	37
341	899.5921361446381	0.2215233518366228	0.0	38
342	902.2444045543671	0.2215233518366228	0.0	39
343	904.9106090068817	0.2215233518366228	0.0	40
344	907.611243724823	0.2215233518366228	0.0	41
345	910.2556467056274	0.2215233518366228	0.0	42
346	912.9235517978668	0.2215233518366228	0.0	43
347	915.6051230430603	0.2215233518366228	0.0	44
348	918.2820737361908	0.2215233518366228	0.0	45
349	920.9077415466309	0.2215233518366228	0.0	46
350	923.5856263637543	0.2215233518366228	0.0	47
351	926.2321472167969	0.22152398457747707	6.32740854267233e-07	48
352	928.9216923713684	0.22152398457747707	0.0	49
353	931.5666444301605	0.22152398457747707	0.0	50
354	934.2116479873657	0.22152398457747707	0.0	51
355	936.8701643943787	0.22152398457747707	0.0	52
356	939.538544178009	0.22152398457747707	0.0	53
357	942.2230215072632	0.22152398457747707	0.0	54
358	944.9213876724243	0.22152398457747707	0.0	55
359	947.5468430519104	0.22152398457747707	0.0	56
360	950.2642874717712	0.22152398457747707	0.0	57
361	952.9420869350433	0.22152398457747707	0.0	58
362	955.4603517055511	0.22152398457747707	0.0	59
363	958.031457901001	0.22152398457747707	0.0	60
364	960.5761539936066	0.22152490935257177	9.247750946961286e-07	61
365	963.1231234073639	0.22152549342105263	5.840684808577912e-07	62
366	965.6614966392517	0.22152549342105263	0.0	63
367	968.1812303066254	0.22152549342105263	0.0	64
368	970.7438590526581	0.22152549342105263	0.0	65
369	973.3095090389252	0.22152549342105263	0.0	66
370	975.8740944862366	0.22152549342105263	0.0	67
371	978.3767611980438	0.22152549342105263	0.0	68
372	980.9442155361176	0.22152549342105263	0.0	69
373	983.4388363361359	0.22152549342105263	0.0	70
374	986.0120782852173	0.22152549342105263	0.0	71
375	988.5656554698944	0.22152549342105263	0.0	72
376	991.1913249492645	0.22152549342105263	0.0	73
377	993.7513723373413	0.22152549342105263	0.0	74
378	996.3401346206665	0.22152549342105263	0.0	75
379	998.9147524833679	0.22152549342105263	0.0	76
380	1001.4784390926361	0.22152549342105263	0.0	77
381	1004.0535271167755	0.22152549342105263	0.0	78
382	1006.578869342804	0.22152549342105263	0.0	79
383	1009.1156828403473	0.22152549342105263	0.0	80
384	1011.6558353900909	0.22152549342105263	0.0	81
385	1014.2149786949158	0.22152549342105263	0.0	82
386	1016.7089858055115	0.22152549342105263	0.0	83
387	1019.2214825153351	0.22152549342105263	0.0	84
388	1021.7821507453918	0.22152549342105263	0.0	85
389	1024.3044550418854	0.22152549342105263	0.0	86
390	1026.8158919811249	0.22152549342105263	0.0	87
391	1029.3544454574585	0.22152549342105263	0.0	88
392	1031.8894519805908	0.22152549342105263	0.0	89
393	1034.3795959949493	0.22152549342105263	0.0	90
394	1036.902310371399	0.22152549342105263	0.0	91
395	1039.4365537166595	0.22152549342105263	0.0	92
396	1041.997534275055	0.22152549342105263	0.0	93
397	1044.504783630371	0.22152549342105263	0.0	94
398	1046.982454776764	0.22152549342105263	0.0	95
399	1049.5211560726166	0.22152549342105263	0.0	96
400	1052.0495002269745	0.22152549342105263	0.0	97
401	1054.5575466156006	0.22152549342105263	0.0	98
402	1057.0829558372498	0.22152549342105263	0.0	99
403	1059.6196422576904	0.22152549342105263	0.0	100
404	1062.3177881240845	0.22152549342105263	0.0	101
405	1064.9547832012177	0.22152549342105263	0.0	102
406	1067.5942163467407	0.22152549342105263	0.0	103
407	1070.2874610424042	0.22152549342105263	0.0	104
408	1072.9549298286438	0.22152549342105263	0.0	105
409	1075.597891330719	0.22152549342105263	0.0	106
410	1078.2550828456879	0.22152549342105263	0.0	107
411	1080.9384016990662	0.22152549342105263	0.0	108
412	1083.6262254714966	0.22152549342105263	0.0	109
413	1086.3715980052948	0.22152549342105263	0.0	110
414	1088.9877574443817	0.22152549342105263	0.0	111
415	1091.6859555244446	0.22152549342105263	0.0	112
416	1094.3513391017914	0.22152549342105263	0.0	113
417	1097.0414378643036	0.22152549342105263	0.0	114
418	1099.746349811554	0.22152549342105263	0.0	115
419	1102.4063823223114	0.22152549342105263	0.0	116
420	1105.0876071453094	0.22152549342105263	0.0	117
421	1107.8129036426544	0.22152549342105263	0.0	118
422	1110.4800317287445	0.22152549342105263	0.0	119
423	1113.1613869667053	0.22152549342105263	0.0	120
424	1115.8297758102417	0.22152549342105263	0.0	121
425	1118.4734845161438	0.22152549342105263	0.0	122
426	1121.1305077075958	0.22152549342105263	0.0	123
427	1123.8237030506134	0.22152549342105263	0.0	124
428	1126.3574023246765	0.22152549342105263	0.0	125
429	1128.8879873752594	0.22152549342105263	0.0	126
430	1131.4412865638733	0.22152549342105263	0.0	127
431	1134.0077021121979	0.22152549342105263	0.0	128
432	1136.5712683200836	0.22152549342105263	0.0	129
433	1139.1223089694977	0.22152549342105263	0.0	130
434	1141.6558861732483	0.22152549342105263	0.0	131
435	1144.1658878326416	0.22152549342105263	0.0	132
436	1146.6767501831055	0.22152549342105263	0.0	133
437	1149.248660326004	0.22152549342105263	0.0	134
438	1151.8023796081543	0.22152549342105263	0.0	135
439	1154.4994156360626	0.22152549342105263	0.0	136
440	1157.0355682373047	0.22152549342105263	0.0	137
441	1159.6025507450104	0.22152549342105263	0.0	138
442	1162.1656231880188	0.22152549342105263	0.0	139
443	1164.7392899990082	0.22152568811054626	1.9468949363776744e-07	140
444	1167.3428812026978	0.22152568811054626	0.0	141
445	1169.886654138565	0.22152568811054626	0.0	142
446	1172.4329824447632	0.22152568811054626	0.0	143
447	1175.0300660133362	0.22152568811054626	0.0	144
448	1177.6262180805206	0.22152568811054626	0.0	145
449	1180.170957326889	0.22152568811054626	0.0	146
450	1182.7818439006805	0.22152568811054626	0.0	147
451	1185.3360764980316	0.22152568811054626	0.0	148
452	1187.886090517044	0.22152568811054626	0.0	149
453	1190.4347915649414	0.22152568811054626	0.0	150
454	1193.0224030017853	0.22152568811054626	0.0	151
455	1195.5634906291962	0.22152568811054626	0.0	152
456	1198.1022131443024	0.22152568811054626	0.0	153
457	1200.6091966629028	0.22152568811054626	0.0	154
458	1203.1802861690521	0.22152568811054626	0.0	155
459	1205.7320277690887	0.22152568811054626	0.0	156
460	1208.2818505764008	0.22152568811054626	0.0	157
461	1210.8133006095886	0.22152568811054626	0.0	158
462	1213.3053007125854	0.22152568811054626	0.0	159
463	1215.8657910823822	0.22152568811054626	0.0	160
464	1218.4336421489716	0.22152568811054626	0.0	161
465	1220.9320335388184	0.22152568811054626	0.0	162
466	1223.4806859493256	0.22152568811054626	0.0	163
467	1226.01349234581	0.22152568811054626	0.0	164
468	1228.5328588485718	0.22152568811054626	0.0	165
469	1231.16073679924	0.22152568811054626	0.0	166
470	1233.804595708847	0.22152588280003987	1.9468949361001187e-07	167
471	1236.5083904266357	0.22152588280003987	0.0	168
472	1239.1790289878845	0.22152588280003987	0.0	169
473	1241.8672423362732	0.22152588280003987	0.0	170
474	1244.5097494125366	0.22152588280003987	0.0	171
475	1247.1492853164673	0.22152588280003987	0.0	172
476	1249.78848195076	0.22152627217902712	3.893789872477793e-07	173
477	1252.489497423172	0.22152627217902712	0.0	174
478	1255.1112546920776	0.22152627217902712	0.0	175
479	1257.7760636806488	0.22152627217902712	0.0	176
480	1260.4321422576904	0.22152627217902712	0.0	177
481	1263.1065220832825	0.22152627217902712	0.0	178
482	1265.7986950874329	0.22152627217902712	0.0	179
483	1268.402340888977	0.22152627217902712	0.0	180
484	1270.9430675506592	0.22152627217902712	0.0	181
485	1273.4881937503815	0.22152627217902712	0.0	182
486	1276.0965762138367	0.22152627217902712	0.0	183
487	1278.7618522644043	0.22152627217902712	0.0	184
488	1281.4569647312164	0.22152627217902712	0.0	185
489	1284.1177208423615	0.22152627217902712	0.0	186
490	1286.7971353530884	0.22152627217902712	0.0	187
491	1289.484718799591	0.22152627217902712	0.0	188
492	1292.086395740509	0.22152627217902712	0.0	189
493	1294.7839500904083	0.22152627217902712	0.0	190
494	1297.3247187137604	0.22152627217902712	0.0	191
495	1299.87437582016	0.22152627217902712	0.0	192
496	1302.4877700805664	0.22152627217902712	0.0	193
497	1305.0507576465607	0.22152627217902712	0.0	194
498	1307.6131081581116	0.22152627217902712	0.0	195
499	1310.1396958827972	0.22152627217902712	0.0	196
500	1312.7009589672089	0.22152627217902712	0.0	197
501	1315.2678549289703	0.22152627217902712	0.0	198
502	1317.8540878295898	0.22152627217902712	0.0	199
503	1320.4935669898987	0.22152627217902712	0.0	200
504	1323.0719788074493	0.22152627217902712	0.0	201
505	1325.6298801898956	0.22152627217902712	0.0	202
506	1328.1871314048767	0.22152627217902712	0.0	203
507	1330.7655217647552	0.22152627217902712	0.0	204
508	1333.3252401351929	0.22152627217902712	0.0	205
509	1335.9421918392181	0.22152627217902712	0.0	206
510	1338.5217590332031	0.22152627217902712	0.0	207
511	1341.0939719676971	0.22152627217902712	0.0	208
512	1343.6312448978424	0.22152627217902712	0.0	209
513	1346.1978158950806	0.22152627217902712	0.0	210
514	1348.761153459549	0.22152627217902712	0.0	211
515	1351.2930538654327	0.22152627217902712	0.0	212
516	1353.8484704494476	0.22152627217902712	0.0	213
517	1356.3693470954895	0.22152627217902712	0.0	214
518	1358.9640786647797	0.22152627217902712	0.0	215
519	1361.4327456951141	0.22152627217902712	0.0	216
520	1364.0404028892517	0.22152627217902712	0.0	217
521	1366.597613811493	0.22152627217902712	0.0	218
522	1369.1700575351715	0.22152632085140053	4.867237340944186e-08	219
523	1371.7815761566162	0.22152632085140053	0.0	220
524	1374.3580136299133	0.22152632085140053	0.0	221
525	1376.9490535259247	0.22152632085140053	0.0	222
526	1379.5570967197418	0.22152632085140053	0.0	223
527	1382.0677988529205	0.22152632085140053	0.0	224
528	1384.6517083644867	0.22152641819614732	9.734474679112814e-08	225
529	1387.2044150829315	0.22152641819614732	0.0	226
530	1389.7978122234344	0.22152641819614732	0.0	227
531	1392.3494288921356	0.22152641819614732	0.0	228
532	1394.9171862602234	0.22152641819614732	0.0	229
533	1397.483333349228	0.22152641819614732	0.0	230
534	1400.107063293457	0.22152641819614732	0.0	231
535	1402.7129254341125	0.22152641819614732	0.0	232
536	1405.43306016922	0.22152641819614732	0.0	233
537	1408.1780602931976	0.22152641819614732	0.0	234
538	1410.9415230751038	0.22152646686852073	4.867237340944186e-08	235
539	1413.5805170536041	0.22152646686852073	0.0	236
540	1416.2969448566437	0.22152646686852073	0.0	237
541	1419.040516614914	0.22152646686852073	0.0	238
542	1421.7247705459595	0.22152646686852073	0.0	239
543	1424.446433544159	0.22152646686852073	0.0	240
544	1427.2049670219421	0.22152646686852073	0.0	241
545	1429.978449344635	0.22152646686852073	0.0	242
546	1432.6783466339111	0.22152646686852073	0.0	243
547	1435.3298439979553	0.22152646686852073	0.0	244
548	1438.090712070465	0.22152646686852073	0.0	245
549	1440.7592463493347	0.22152646686852073	0.0	246
550	1443.480341911316	0.22152646686852073	0.0	247
551	1446.2028243541718	0.22152646686852073	0.0	248
552	1448.9357225894928	0.22152658854945426	1.2168093352360465e-07	249
553	1451.6327683925629	0.22152658854945426	0.0	250
554	1454.3859214782715	0.22152658854945426	0.0	251
555	1457.1433062553406	0.22152658854945426	0.0	252
556	1459.8615629673004	0.22152658854945426	0.0	253
557	1462.5672769546509	0.22152658854945426	0.0	254
558	1465.3076462745667	0.22171636213336074	0.0001897735839064829	0
559	1468.0967147350311	0.22171636213336074	0.0	1
560	1470.7219007015228	0.22171636213336074	0.0	2
561	1473.3734714984894	0.22171636213336074	0.0	3
562	1476.0332336425781	0.22171636213336074	0.0	4
563	1478.6059629917145	0.22171636213336074	0.0	5
564	1481.1751646995544	0.22171636213336074	0.0	6
565	1483.7947854995728	0.22171636213336074	0.0	7
566	1486.421023607254	0.22171636213336074	0.0	8
567	1489.0532584190369	0.22171636213336074	0.0	9
568	1491.6574201583862	0.22171636213336074	0.0	10
569	1494.3025951385498	0.22171636213336074	0.0	11
570	1496.8851478099823	0.22171636213336074	0.0	12
571	1499.441812992096	0.22171636213336074	0.0	13
572	1502.034910917282	0.22171636213336074	0.0	14
573	1504.6105496883392	0.22171636213336074	0.0	15
574	1507.2322041988373	0.22171636213336074	0.0	16
575	1509.8230662345886	0.22171636213336074	0.0	17
576	1512.4501717090607	0.22174459210993572	2.8229976574978277e-05	0
577	1514.9939632415771	0.22175612746243273	1.1535352497010765e-05	0
578	1517.569399356842	0.22175663852235347	5.110599207436284e-07	1
579	1520.1706066131592	0.22175663852235347	0.0	2
580	1522.751454591751	0.22175663852235347	0.0	3
581	1525.3112490177155	0.2217617734577477	5.1349353942242715e-06	0
582	1527.840524673462	0.2217617734577477	0.0	1
583	1530.4104614257812	0.2217617734577477	0.0	2
584	1532.981984615326	0.22181538607705342	5.361261930572625e-05	0
585	1535.5429573059082	0.22181538607705342	0.0	1
586	1538.12206864357	0.22187848980917316	6.310373211973475e-05	0
587	1540.707743883133	0.2218904388768441	1.194906767093551e-05	0
588	1543.3715844154358	0.2218904388768441	0.0	1
589	1545.9630150794983	0.2218904388768441	0.0	2
590	1548.5783152580261	0.2218904388768441	0.0	3
591	1551.1978676319122	0.2218904388768441	0.0	4
592	1553.7259936332703	0.2218904388768441	0.0	5
593	1556.3108806610107	0.2218904388768441	0.0	6
594	1558.9552652835846	0.2218904388768441	0.0	7
595	1561.552297592163	0.2218904388768441	0.0	8
596	1564.1518504619598	0.22190920207679177	1.8763199947674503e-05	0
597	1566.7258293628693	0.22190920207679177	0.0	1
598	1569.3043274879456	0.22190920207679177	0.0	2
599	1571.8741674423218	0.22190920207679177	0.0	3
600	1574.463713169098	0.22190920207679177	0.0	4
601	1577.0834307670593	0.22190920207679177	0.0	5
602	1579.7523760795593	0.2219144100207461	5.207943954338434e-06	0
603	1582.45316696167	0.2219144100207461	0.0	1
604	1585.1556551456451	0.2219144100207461	0.0	2
605	1587.885596036911	0.2219144100207461	0.0	3
606	1590.567787885666	0.2219144100207461	0.0	4
607	1593.275018453598	0.2219171600098435	2.749989097383665e-06	0
608	1595.993854522705	0.2219171600098435	0.0	1
609	1598.6673710346222	0.2219171600098435	0.0	2
610	1601.368201971054	0.2219171600098435	0.0	3
611	1603.979233264923	0.22191762239739085	4.623875473619421e-07	4
612	1606.5966086387634	0.22191762239739085	0.0	5
613	1609.273848772049	0.22191762239739085	0.0	6
614	1611.9340629577637	0.22191762239739085	0.0	7
615	1614.6001834869385	0.22191762239739085	0.0	8
616	1617.2736277580261	0.22191762239739085	0.0	9
617	1619.958400964737	0.22191762239739085	0.0	10
618	1622.6554610729218	0.22191864451723237	1.0221198415150123e-06	0
619	1625.4229018688202	0.22191864451723237	0.0	1
620	1628.1542384624481	0.22191864451723237	0.0	2
621	1630.8547382354736	0.22191864451723237	0.0	3
622	1633.5472900867462	0.22191864451723237	0.0	4
623	1636.2274601459503	0.22191864451723237	0.0	5
624	1638.957815170288	0.22191864451723237	0.0	6
625	1641.6735799312592	0.22191864451723237	0.0	7
626	1644.2815766334534	0.22191864451723237	0.0	8
627	1646.922924041748	0.22191864451723237	0.0	9
628	1649.4972670078278	0.22191864451723237	0.0	10
629	1652.062370300293	0.22191959362851377	9.491112814008495e-07	11
630	1654.6358292102814	0.22191959362851377	0.0	12
631	1657.2496237754822	0.22192219760049092	2.6039719771553393e-06	0
632	1659.8834881782532	0.22192219760049092	0.0	1
633	1662.426075220108	0.22192219760049092	0.0	2
634	1665.0289597511292	0.22192219760049092	0.0	3
635	1667.6121406555176	0.222026916211872	0.00010471861138108829	0
636	1670.1624674797058	0.22212730298202005	0.00010038677014803654	0
637	1672.7701239585876	0.22212730298202005	0.0	1
638	1675.3116583824158	0.22212730298202005	0.0	2
639	1677.8618993759155	0.22212730298202005	0.0	3
640	1680.39320063591	0.22212730298202005	0.0	4
641	1682.9071345329285	0.22230875359007427	0.00018145060805421775	0
642	1685.4484622478485	0.22230875359007427	0.0	1
643	1688.067044019699	0.22230875359007427	0.0	2
644	1690.6047267913818	0.22230875359007427	0.0	3
645	1693.245714187622	0.22230875359007427	0.0	4
646	1695.7664036750793	0.22230875359007427	0.0	5
647	1698.3435235023499	0.22230875359007427	0.0	6
648	1700.8674838542938	0.2223100920803429	1.3384902686486289e-06	0
649	1703.4079382419586	0.22231123588111792	1.1438007750108614e-06	0
650	1705.9691064357758	0.22231123588111792	0.0	1
651	1708.492057800293	0.22256715522048195	0.0002559193393640302	0
652	1711.02490568161	0.22258350913794608	1.6353917464129175e-05	0
653	1713.6362311840057	0.22258350913794608	0.0	1
654	1716.1768567562103	0.22262823904910536	4.472991115928027e-05	0
655	1718.7005581855774	0.22262823904910536	0.0	1
656	1721.2380275726318	0.22288936633242373	0.00026112728331836865	0
657	1723.7848992347717	0.22288936633242373	0.0	1
658	1726.5693001747131	0.22306587669457736	0.00017651036215363125	0
659	1729.1602683067322	0.22306587669457736	0.0	1
660	1731.6628785133362	0.22306587669457736	0.0	2
661	1734.1495594978333	0.22306587669457736	0.0	3
662	1736.7056105136871	0.22306587669457736	0.0	4
663	1739.2285823822021	0.22306587669457736	0.0	5
664	1741.7120459079742	0.22306587669457736	0.0	6
665	1744.2983260154724	0.22314808433325858	8.220763868121983e-05	0
666	1746.8706431388855	0.22314808433325858	0.0	1
667	1749.4082307815552	0.22314808433325858	0.0	2
668	1752.0802392959595	0.22314808433325858	0.0	3
669	1754.7701823711395	0.22314808433325858	0.0	4
670	1757.404373884201	0.22314808433325858	0.0	5
671	1760.0697889328003	0.22323438045130584	8.629611804725212e-05	0
672	1762.7563016414642	0.22345773797286184	0.0002233575215560002	0
673	1765.4641149044037	0.22345773797286184	0.0	1
674	1768.1661748886108	0.22345773797286184	0.0	2
675	1770.8373835086823	0.22345773797286184	0.0	3
676	1773.5594899654388	0.22345773797286184	0.0	4
677	1776.2225432395935	0.22345773797286184	0.0	5
678	1778.8391635417938	0.22345773797286184	0.0	6
679	1781.514708995819	0.22345773797286184	0.0	7
680	1784.1769607067108	0.22345773797286184	0.0	8
681	1786.8656764030457	0.22346299458918958	5.256616327747876e-06	0
682	1789.562567949295	0.22346299458918958	0.0	1
683	1792.1917502880096	0.22346299458918958	0.0	2
684	1794.860324382782	0.22347292375336422	9.929164174637961e-06	0
685	1797.5768122673035	0.22347793700782495	5.013254460728422e-06	0
686	1800.2826218605042	0.22347793700782495	0.0	1
