1	3.822483539581299	0.05092481674019792	10000000000.050924	0
2	6.535046815872192	0.05851214166006218	0.007587324919864261	0
3	9.413185358047485	0.05851214166006218	0.0	1
4	12.290104866027832	0.08181520171512831	0.023303060055066126	0
5	15.265968561172485	0.08225482203456597	0.00043962031943765856	0
6	18.22399377822876	0.08225482203456597	0.0	1
7	21.38414430618286	0.09201612937601125	0.009761307341445286	0
8	24.57840895652771	0.09201612937601125	0.0	1
9	27.79598879814148	0.09201612937601125	0.0	2
10	31.167198419570923	0.09608668925028692	0.004070559874275667	0
11	34.89964008331299	0.10297865525991497	0.006891966009628048	0
12	38.706284284591675	0.10327270618050591	0.00029405092059094085	0
13	42.68407464027405	0.13287483964032398	0.029602133459818075	0
14	46.476743936538696	0.13287483964032398	0.0	1
15	50.40575838088989	0.13287483964032398	0.0	2
16	54.22875714302063	0.13287483964032398	0.0	3
17	58.229477405548096	0.13287483964032398	0.0	4
18	62.117793560028076	0.13287483964032398	0.0	5
19	66.15309619903564	0.13648564237058342	0.0036108027302594325	0
20	70.79281568527222	0.13850297187194274	0.0020173295013593273	0
21	75.91291975975037	0.13850297187194274	0.0	1
22	80.97722792625427	0.15929325110649648	0.020790279234553732	0
23	86.19375538825989	0.15929325110649648	0.0	1
24	91.67938041687012	0.15929325110649648	0.0	2
25	97.23367643356323	0.16585673516518665	0.006563484058690172	0
26	102.82973313331604	0.16585673516518665	0.0	1
27	108.5619945526123	0.16585673516518665	0.0	2
28	114.40432167053223	0.16585673516518665	0.0	3
29	120.24512600898743	0.16797628293620184	0.0021195477710151955	0
30	126.15110516548157	0.17499492169861905	0.007018638762417206	0
31	131.7246196269989	0.17499492169861905	0.0	1
32	137.49677324295044	0.1791114876027713	0.004116565904152242	0
33	143.55956196784973	0.18308928212367362	0.003977794520902328	0
34	149.56714797019958	0.18308928212367362	0.0	1
35	155.61431050300598	0.18308928212367362	0.0	2
36	161.3913435935974	0.18308928212367362	0.0	3
37	167.480801820755	0.18308928212367362	0.0	4
38	173.6515085697174	0.18428360159895207	0.0011943194752784547	0
39	179.58314990997314	0.18467783138451987	0.0003942297855678012	0
40	185.9052951335907	0.19344310082993113	0.008765269445411256	0
41	192.26061701774597	0.19344310082993113	0.0	1
42	198.58127617835999	0.19424857381307384	0.0008054729831427077	0
43	204.86935591697693	0.19502753453538907	0.0007789607223152306	0
44	210.8579456806183	0.19637723459959175	0.0013497000642026802	0
45	217.11288785934448	0.19799244310538644	0.0016152085057946908	0
46	223.24300813674927	0.19799244310538644	0.0	1
47	229.4627661705017	0.19799244310538644	0.0	2
48	235.7395236492157	0.20046298895737696	0.0024705458519905243	0
49	241.8590099811554	0.20167312759867925	0.0012101386413022885	0
50	247.81281661987305	0.20167312759867925	0.0	1
51	253.8982629776001	0.20167312759867925	0.0	2
52	259.81805658340454	0.20219448027590683	0.0005213526772275823	0
53	266.1175608634949	0.20283799513071005	0.0006435148548032121	0
54	272.3367967605591	0.20283799513071005	0.0	1
55	278.53867173194885	0.20438210006796545	0.0015441049372554028	0
56	284.71076560020447	0.20438210006796545	0.0	1
57	291.00267219543457	0.20438210006796545	0.0	2
58	297.10361528396606	0.20733409240832895	0.0029519923403635018	0
59	303.1330215930939	0.20733409240832895	0.0	1
60	309.2276864051819	0.20733409240832895	0.0	2
61	315.33842730522156	0.20793709476477837	0.0006030023564494169	0
62	321.39248538017273	0.20793709476477837	0.0	1
63	327.44291853904724	0.208608720332725	0.0006716255679466432	0
64	333.51628494262695	0.208608720332725	0.0	1
65	339.5077223777771	0.20934084823948299	0.0007321279067579733	0
66	345.56427025794983	0.20975833826220086	0.0004174900227178757	0
67	351.66839265823364	0.20975833826220086	0.0	1
68	357.60617876052856	0.2105133773188215	0.0007550390566206377	0
69	363.70170164108276	0.21230323970640805	0.0017898623875865494	0
70	369.77674651145935	0.21230323970640805	0.0	1
71	375.8758068084717	0.21230323970640805	0.0	2
72	381.9095289707184	0.2135061944987959	0.0012029547923878559	0
73	388.00703525543213	0.2135061944987959	0.0	1
74	394.072957277298	0.2135061944987959	0.0	2
75	400.21478486061096	0.21431666494205298	0.0008104704432570775	0
76	406.3087022304535	0.21502777411950633	0.0007111091774533451	0
77	412.44666862487793	0.21502777411950633	0.0	1
78	418.5910851955414	0.21502777411950633	0.0	2
79	424.82107734680176	0.2165343797328887	0.0015066056133823669	0
80	431.01597595214844	0.2165343797328887	0.0	1
81	437.1752257347107	0.2165343797328887	0.0	2
82	443.4220714569092	0.2165343797328887	0.0	3
83	449.4814441204071	0.2192539166858726	0.0027195369529839086	0
84	455.72968888282776	0.2192539166858726	0.0	1
85	461.9163272380829	0.2192539166858726	0.0	2
86	468.2319176197052	0.2192539166858726	0.0	3
87	474.49295830726624	0.2192539166858726	0.0	4
88	480.76305389404297	0.21987481435905518	0.0006208976731825744	0
89	487.03255248069763	0.22095632352145733	0.0010815091624021556	0
90	493.3421127796173	0.22095632352145733	0.0	1
91	499.63019704818726	0.22111276974525887	0.0001564462238015374	0
92	506.09426259994507	0.22111276974525887	0.0	1
93	512.4319803714752	0.22111276974525887	0.0	2
94	518.9570801258087	0.2215364147280441	0.0004236449827852429	0
95	525.4844210147858	0.2221805542653616	0.0006441395373174841	0
96	531.9193575382233	0.22254281500460943	0.00036226073924783275	0
97	538.4005970954895	0.22264191904820138	9.910404359195213e-05	0
98	544.9093768596649	0.22436591417655968	0.0017239951283583022	0
99	551.4418089389801	0.22475086558948865	0.0003849514129289633	0
100	557.9250779151917	0.22475086558948865	0.0	1
101	564.446718454361	0.22475086558948865	0.0	2
102	570.9924762248993	0.22507459811601632	0.0003237325265276758	0
103	577.5701951980591	0.22555328865212032	0.00047869053610399837	0
104	584.1752376556396	0.22635106334192504	0.0007977746898047144	0
105	590.6634016036987	0.22670933713689043	0.00035827379496539136	0
106	597.2908082008362	0.22670933713689043	0.0	1
107	603.6441075801849	0.22672921673925722	1.9879602366795757e-05	0
108	610.3179128170013	0.22672921673925722	0.0	1
109	616.9664146900177	0.22711152243800797	0.00038230569875075116	0
110	623.6193106174469	0.22752407011965683	0.0004125476816488616	0
111	630.2016599178314	0.22797356593472495	0.0004494958150681183	0
112	636.8166275024414	0.22815327239567654	0.00017970646095158416	0
113	643.4010944366455	0.22921416703510686	0.001060894639430321	0
114	649.9980583190918	0.22921416703510686	0.0	1
115	656.5870044231415	0.2294410921449334	0.00022692510982655345	0
116	663.1864974498749	0.22974698447377334	0.00030589232883992956	0
117	669.8188180923462	0.2298111797886251	6.41953148517449e-05	0
118	676.6331377029419	0.2298303795894322	1.9199800807112588e-05	0
119	683.1606426239014	0.2298303795894322	0.0	1
120	689.6473577022552	0.2298496345092847	1.9254919852496055e-05	0
121	696.2265582084656	0.23073243951309452	0.0008828050038098278	0
122	702.7558887004852	0.23078590498711243	5.34654740179108e-05	0
123	709.3374485969543	0.23078590498711243	0.0	1
124	715.8561305999756	0.2310868182288531	0.000300913241740669	0
125	722.3255755901337	0.23121236104121198	0.00012554281235888087	0
126	728.8821666240692	0.23163455455580223	0.0004221935145902467	0
127	735.4071552753448	0.23163455455580223	0.0	1
128	741.9079372882843	0.23232639044038794	0.000691835884585712	0
129	748.412680387497	0.23232639044038794	0.0	1
130	754.9363338947296	0.23319341302420418	0.0008670225838162404	0
131	761.4569282531738	0.23319341302420418	0.0	1
132	768.4207701683044	0.23320410611900774	1.0693094803559955e-05	0
133	774.9631860256195	0.23320410611900774	0.0	1
134	781.4760329723358	0.233239602784232	3.549666522426054e-05	0
135	788.0113217830658	0.2339872558887718	0.0007476531045398083	0
136	794.5270204544067	0.23400724572922937	1.998984045756269e-05	0
137	801.0827040672302	0.23447882590847946	0.0004715801792500862	0
138	807.5766906738281	0.23447882590847946	0.0	1
139	814.1440279483795	0.23460692256994092	0.00012809666146146315	0
140	820.6939215660095	0.23460692256994092	0.0	1
141	827.210919380188	0.23486436525789245	0.0002574426879515257	0
142	833.7400321960449	0.2359986968387831	0.0011343315808906573	0
143	840.1910381317139	0.2359986968387831	0.0	1
144	846.7050733566284	0.2359986968387831	0.0	2
145	853.3264746665955	0.2359986968387831	0.0	3
146	859.877726316452	0.2359986968387831	0.0	4
147	866.4754130840302	0.23610919215175347	0.00011049531297036008	0
148	873.1241517066956	0.23610919215175347	0.0	1
149	879.6920299530029	0.23624969059842527	0.00014049844667179956	0
150	886.2388489246368	0.23677058395027467	0.0005208933518494052	0
151	892.8192880153656	0.23677058395027467	0.0	1
152	899.3129978179932	0.2367838676402111	1.3283689936416376e-05	0
153	905.7854900360107	0.2367838676402111	0.0	1
154	912.2475001811981	0.23796791660003386	0.00118404895982277	0
155	918.8299543857574	0.23796791660003386	0.0	1
156	925.3998167514801	0.23824409976341435	0.000276183163380489	0
157	931.936431646347	0.23826045174687688	1.6351983462531416e-05	0
158	938.4552838802338	0.23839231487643928	0.00013186312956239843	0
159	944.9427921772003	0.23839231487643928	0.0	1
160	951.4780049324036	0.23839231487643928	0.0	2
161	957.9382431507111	0.23858839169386853	0.00019607681742925265	0
162	964.496052980423	0.2391361463938328	0.0005477546999642646	0
163	970.94065284729	0.2391361463938328	0.0	1
164	977.3887686729431	0.2391361463938328	0.0	2
165	983.870109796524	0.23921636297787477	8.021658404197551e-05	0
166	990.3352589607239	0.23932195269580636	0.00010558971793159233	0
167	996.8778078556061	0.2399948276287816	0.0006728749329752426	0
168	1003.3524875640869	0.2400103344535483	1.5506824766697846e-05	0
169	1009.846114397049	0.24038224102573752	0.00037190657218921785	0
170	1016.3403978347778	0.24120325757967714	0.0008210165539396241	0
171	1022.7653365135193	0.24120325757967714	0.0	1
172	1029.1655118465424	0.24120325757967714	0.0	2
173	1035.6144723892212	0.24120325757967714	0.0	3
174	1042.0376727581024	0.24120325757967714	0.0	4
175	1048.42475771904	0.24125745797430012	5.420039462297743e-05	0
176	1054.8576385974884	0.24127055793408528	1.3099959785156656e-05	0
177	1061.3129978179932	0.24155680950975505	0.000286251575669777	0
178	1067.6797213554382	0.2415890357782868	3.22262685317487e-05	0
179	1074.0888466835022	0.24212378238354154	0.0005347466052547378	0
180	1080.461356163025	0.24213554111322247	1.1758729680927393e-05	0
181	1086.852711200714	0.24310752873245597	0.0009719876192335053	0
182	1093.3264021873474	0.24310752873245597	0.0	1
183	1099.667175769806	0.24310752873245597	0.0	2
184	1106.022088766098	0.24310752873245597	0.0	3
185	1112.3881251811981	0.24310752873245597	0.0	4
186	1118.7149877548218	0.24315151373066865	4.3984998212676096e-05	0
187	1125.0839784145355	0.24315151373066865	0.0	1
188	1131.4451744556427	0.24315151373066865	0.0	2
189	1137.7809102535248	0.24315151373066865	0.0	3
190	1144.1211454868317	0.2434529781628631	0.0003014644321944482	0
191	1150.473373889923	0.2434529781628631	0.0	1
192	1156.8895301818848	0.24399577214874324	0.0005427939858801412	0
193	1163.2473905086517	0.24399577214874324	0.0	1
194	1169.5602293014526	0.24399577214874324	0.0	2
195	1175.896107673645	0.24399577214874324	0.0	3
196	1182.164587020874	0.24399577214874324	0.0	4
197	1188.4300277233124	0.244148764245701	0.00015299209695776583	0
198	1194.7315106391907	0.244148764245701	0.0	1
199	1200.992375612259	0.244148764245701	0.0	2
200	1207.228446483612	0.244148764245701	0.0	3
201	1213.4952080249786	0.2445243454209155	0.0003755811752144955	0
202	1219.807797908783	0.2445243454209155	0.0	1
203	1226.1475746631622	0.2445243454209155	0.0	2
204	1232.4588224887848	0.2445243454209155	0.0	3
205	1238.8219110965729	0.2445243454209155	0.0	4
206	1245.158573627472	0.24455218053883204	2.7835117916541474e-05	0
207	1251.4472441673279	0.24474551977700745	0.00019333923817541065	0
208	1257.7536804676056	0.245375714195844	0.0006301944188365494	0
209	1263.9982962608337	0.2454195154639054	4.380126806138862e-05	0
210	1270.3245227336884	0.2454195154639054	0.0	1
211	1276.596318244934	0.24601233916997478	0.0005928237060693897	0
212	1282.8176226615906	0.24601233916997478	0.0	1
213	1289.0534009933472	0.24601233916997478	0.0	2
214	1295.3579759597778	0.24601233916997478	0.0	3
215	1301.6035594940186	0.24601233916997478	0.0	4
216	1307.8716473579407	0.24641013332047712	0.0003977941505023397	0
217	1314.1879682540894	0.24668940315039886	0.0002792698299217411	0
218	1320.4585494995117	0.24668940315039886	0.0	1
219	1326.6759128570557	0.2467723021946493	8.289904425043404e-05	0
220	1332.939705133438	0.2475074983949334	0.0007351962002841161	0
221	1339.213093996048	0.2475074983949334	0.0	1
222	1345.4715692996979	0.2475074983949334	0.0	2
223	1351.708414554596	0.2475074983949334	0.0	3
224	1357.9997687339783	0.24777706727286838	0.00026956887793497253	0
225	1364.2550320625305	0.24777706727286838	0.0	1
226	1370.504183292389	0.2479074973072509	0.00013043003438251155	0
227	1376.681233406067	0.24800011567650324	9.261836925233968e-05	0
228	1382.8608605861664	0.2481553860273367	0.00015527035083345853	0
229	1389.0312361717224	0.2481553860273367	0.0	1
230	1395.2108347415924	0.24828919669650248	0.00013381066916579032	0
231	1401.3740475177765	0.24887965028362055	0.0005904535871180672	0
232	1407.5639469623566	0.24887965028362055	0.0	1
233	1413.7566003799438	0.24887965028362055	0.0	2
234	1419.9733550548553	0.24889416496557043	1.4514681949878705e-05	0
235	1426.1020793914795	0.24889416496557043	0.0	1
236	1432.288563489914	0.2489473732173766	5.320825180615829e-05	0
237	1438.4519698619843	0.2489473732173766	0.0	1
238	1444.6156785488129	0.24901215646871236	6.478325133577045e-05	0
239	1450.7562155723572	0.24918175777134444	0.0001696013026320775	0
240	1456.9849700927734	0.24934468966948561	0.0001629318981411776	0
241	1463.0930099487305	0.2497744896123382	0.0004297999428525823	0
242	1469.2540822029114	0.2497744896123382	0.0	1
243	1475.412561416626	0.2502081662613824	0.000433676649044229	0
244	1481.5846121311188	0.2502081662613824	0.0	1
245	1487.720477104187	0.2502081662613824	0.0	2
246	1493.8976287841797	0.25050742593176173	0.0002992596703793038	0
247	1500.152881860733	0.25050742593176173	0.0	1
248	1506.33758187294	0.25050742593176173	0.0	2
249	1512.432067155838	0.25050742593176173	0.0	3
250	1518.552171945572	0.25075430413601557	0.000246878204253842	0
251	1524.6695437431335	0.25075430413601557	0.0	1
252	1530.8082597255707	0.2509925653961751	0.00023826126015952243	0
253	1536.9347622394562	0.2509925653961751	0.0	1
254	1543.0080194473267	0.2510280620613994	3.549666522428829e-05	0
255	1549.0937354564667	0.2510280620613994	0.0	1
256	1555.2310645580292	0.25114816646128085	0.00012010439988147104	0
257	1561.3450350761414	0.2512841084002013	0.00013594193892046968	0
258	1567.5170454978943	0.25182706774321756	0.000542959343016236	0
259	1573.6557908058167	0.25182706774321756	0.0	1
260	1579.779643535614	0.25185958797999136	3.252023677380311e-05	0
261	1586.0305774211884	0.25220746264839516	0.00034787466840380254	0
262	1592.2377178668976	0.25279282691032323	0.0005853642619280675	0
263	1598.4537568092346	0.25279282691032323	0.0	1
264	1604.6287724971771	0.25279282691032323	0.0	2
265	1610.7898180484772	0.25279282691032323	0.0	3
266	1616.9646985530853	0.2529919720212786	0.0001991451109553677	0
267	1623.1301822662354	0.2529919720212786	0.0	1
268	1629.2597856521606	0.25350889680186073	0.0005169247805821287	0
269	1635.3804121017456	0.25396921432283825	0.00046031752097752676	0
270	1641.4730863571167	0.25444037192274044	0.0004711575999021833	0
271	1647.557893037796	0.25444037192274044	0.0	1
272	1653.6363496780396	0.25444037192274044	0.0	2
273	1659.684104681015	0.25444037192274044	0.0	3
274	1665.7620463371277	0.2549575539255343	0.0005171820027938812	0
275	1671.8950436115265	0.2549575539255343	0.0	1
276	1677.9011409282684	0.2549575539255343	0.0	2
277	1683.954938173294	0.2549575539255343	0.0	3
278	1690.078203201294	0.25579824797867434	0.0008406940531400231	0
279	1696.125509262085	0.25627592799894644	0.00047768002027209766	0
280	1702.2431881427765	0.25627592799894644	0.0	1
281	1708.3052155971527	0.2563496037896034	7.36757906569796e-05	0
282	1714.367473602295	0.2563656618048239	1.6058015220477007e-05	0
283	1720.4413406848907	0.2563656618048239	0.0	1
284	1726.4882752895355	0.25662507040539395	0.00025940860057005466	0
285	1732.5537631511688	0.25701163864365406	0.0003865682382601099	0
286	1738.70729970932	0.2570733536014637	6.171495780965541e-05	0
287	1744.7203361988068	0.25737581017647504	0.00030245657501132284	0
288	1750.6500449180603	0.25783583372921054	0.0004600235527355001	0
289	1756.6322102546692	0.25783583372921054	0.0	1
290	1762.5601370334625	0.2582338299828793	0.00039799625366876423	0
291	1768.4696221351624	0.2582338299828793	0.0	1
292	1774.368287563324	0.25910776082038306	0.0008739308375037558	0
293	1780.2412419319153	0.25910776082038306	0.0	1
294	1786.189283132553	0.2594269368391594	0.00031917601877634594	0
295	1792.1536328792572	0.2594269368391594	0.0	1
296	1798.0776536464691	0.2594269368391594	0.0	2
297	1804.048398733139	0.2594269368391594	0.0	3
298	1810.0046753883362	0.25985247424250263	0.00042553740334322354	0
299	1815.975268125534	0.2599667911426193	0.00011431690011665108	0
300	1821.9204890727997	0.2599667911426193	0.0	1
301	1827.8860778808594	0.2599667911426193	0.0	2
302	1833.8112807273865	0.260184437879807	0.00021764673718771554	0
303	1840.0688307285309	0.260184437879807	0.0	1
304	1846.0676367282867	0.2602172704578379	3.2832578030883575e-05	0
305	1852.0810990333557	0.2602172704578379	0.0	1
306	1858.1491181850433	0.2602172704578379	0.0	2
307	1864.0919597148895	0.26056251778507866	0.000345247327240783	0
308	1870.0573945045471	0.26056251778507866	0.0	1
309	1876.0212879180908	0.26068306313732315	0.00012054535224448326	0
310	1882.026433467865	0.2613024909692956	0.0006194278319724411	0
311	1888.0160374641418	0.2613024909692956	0.0	1
312	1894.0557897090912	0.2613024909692956	0.0	2
313	1900.073454618454	0.2613024909692956	0.0	3
314	1906.0767946243286	0.2613024909692956	0.0	4
315	1912.1403937339783	0.2613024909692956	0.0	5
316	1918.1996874809265	0.2613024909692956	0.0	6
317	1924.2702317237854	0.26191635177768474	0.000613860808389155	0
318	1930.2928009033203	0.26191635177768474	0.0	1
319	1936.2786529064178	0.26191635177768474	0.0	2
320	1942.3452198505402	0.2625071544520902	0.0005908026744054773	0
321	1948.3585455417633	0.2625071544520902	0.0	1
322	1954.3400118350983	0.2625071544520902	0.0	2
323	1960.3492476940155	0.2625071544520902	0.0	3
324	1966.2585127353668	0.2625071544520902	0.0	4
325	1972.2428505420685	0.2625071544520902	0.0	5
326	1978.2181844711304	0.2626375477404425	0.0001303932883522929	0
327	1984.1886312961578	0.2626375477404425	0.0	1
328	1990.187409877777	0.2626375477404425	0.0	2
329	1996.19788646698	0.2626375477404425	0.0	3
330	2002.2500870227814	0.2628860060239972	0.0002484582835546867	0
331	2008.4157421588898	0.2628860060239972	0.0	1
332	2014.440331697464	0.2628860060239972	0.0	2
333	2020.4609260559082	0.2628860060239972	0.0	3
334	2026.4312932491302	0.2628860060239972	0.0	4
335	2032.4223432540894	0.26295437201328264	6.836598928544602e-05	0
336	2038.4915013313293	0.26303041792289095	7.604590960830215e-05	0
337	2044.4633667469025	0.26303041792289095	0.0	1
338	2050.4590923786163	0.26335097191780177	0.0003205539949108216	0
339	2056.4292912483215	0.26335097191780177	0.0	1
340	2062.3818843364716	0.26335097191780177	0.0	2
341	2068.355894804001	0.26335097191780177	0.0	3
342	2074.348445892334	0.26335097191780177	0.0	4
343	2080.3798303604126	0.26335097191780177	0.0	5
344	2086.4466037750244	0.2635289329423164	0.00017796102451461682	0
345	2092.502551794052	0.26383341054899156	0.00030447760667517976	0
346	2098.414281845093	0.26383341054899156	0.0	1
347	2104.473804950714	0.2643374190999398	0.0005040085509482317	0
348	2110.5104553699493	0.2645585383369864	0.00022111923704659642	0
349	2116.471611261368	0.2645585383369864	0.0	1
350	2122.487756729126	0.26457650714578	1.7968808793622504e-05	0
351	2128.4551072120667	0.26463728507981826	6.0777934038247494e-05	0
352	2134.4437596797943	0.26463728507981826	0.0	1
353	2140.428109407425	0.26523178073026416	0.000594495650445892	0
354	2146.421947002411	0.26523178073026416	0.0	1
355	2152.4861359596252	0.26523178073026416	0.0	2
356	2158.602692127228	0.26523178073026416	0.0	3
357	2164.613872528076	0.26539285695387754	0.0001610762236133878	0
358	2170.63618850708	0.26539285695387754	0.0	1
359	2176.5996334552765	0.2660854093860532	0.0006925524321756416	0
360	2182.645236492157	0.2660854093860532	0.0	1
361	2188.6396923065186	0.2660854093860532	0.0	2
362	2194.634802341461	0.26633096473321793	0.0002455553471647498	0
363	2200.6633298397064	0.2671454772398028	0.0008145125065848746	0
364	2206.578825235367	0.2671454772398028	0.0	1
365	2212.5950014591217	0.2671532490252013	7.771785398513753e-06	0
366	2218.6125264167786	0.26727237965528106	0.00011913063007973346	0
367	2224.6525971889496	0.26731414151866345	4.1761863382394626e-05	0
368	2230.614994287491	0.26731414151866345	0.0	1
369	2236.5584740638733	0.26731414151866345	0.0	2
370	2242.565096616745	0.26755501174697094	0.00024087022830748817	0
371	2248.5711312294006	0.2675920149994356	3.70032524646402e-05	0
372	2254.56582403183	0.26782342312495294	0.00023140812551736278	0
373	2260.49356508255	0.26782342312495294	0.0	1
374	2266.482696056366	0.26782342312495294	0.0	2
375	2272.4896988868713	0.2679503071674161	0.0001268840424631379	0
376	2278.4163086414337	0.2679503071674161	0.0	1
377	2284.389166355133	0.2679503071674161	0.0	2
378	2290.5526382923126	0.2682579265596779	0.00030761939226181534	0
379	2296.501113653183	0.2682579265596779	0.0	1
380	2302.495583295822	0.2682579265596779	0.0	2
381	2308.476133584976	0.2682579265596779	0.0	3
382	2314.46244597435	0.26836256088082294	0.00010463432114504734	0
383	2320.37859582901	0.26836256088082294	0.0	1
384	2326.1712262630463	0.26836256088082294	0.0	2
385	2332.147656440735	0.26854415976233253	0.00018159888150959258	0
386	2338.0438029766083	0.2689769177606205	0.00043275799828795813	0
387	2343.945699453354	0.2689769177606205	0.0	1
388	2349.999396085739	0.26908882779575555	0.00011191003513505438	0
389	2355.9795439243317	0.26908882779575555	0.0	1
390	2361.8401777744293	0.26908882779575555	0.0	2
391	2367.8217420578003	0.26908882779575555	0.0	3
392	2373.7996475696564	0.2691443877934979	5.5559997742371525e-05	0
393	2379.773441553116	0.26945615948717827	0.0003117716936803516	0
394	2385.673774242401	0.26953970158695817	8.354209977989857e-05	0
395	2391.680018186569	0.26960871063177305	6.900904481488279e-05	0
396	2397.595091819763	0.270141748546621	0.0005330379148479336	0
397	2403.5542998313904	0.270141748546621	0.0	1
398	2409.4750833511353	0.270141748546621	0.0	2
399	2415.391890525818	0.27074418133960154	0.0006024327929805562	0
400	2421.3611283302307	0.27074418133960154	0.0	1
401	2427.415946483612	0.27074418133960154	0.0	2
402	2433.3879895210266	0.27074418133960154	0.0	3
403	2439.3588008880615	0.27081008534486	6.590400525846585e-05	0
404	2445.347998857498	0.27081008534486	0.0	1
405	2451.359704017639	0.2708229280824334	1.284273757340415e-05	0
406	2457.225427865982	0.2712583685409298	0.00043544045849636115	0
407	2463.221603155136	0.2712917339363994	3.336539546960893e-05	0
408	2469.162781238556	0.2712917339363994	0.0	1
409	2475.1643657684326	0.2712917339363994	0.0	2
410	2481.143256664276	0.2712917339363994	0.0	3
411	2487.09281873703	0.2712917339363994	0.0	4
412	2493.0861308574677	0.2714601777390785	0.00016844380267910797	0
413	2499.043956756592	0.271505154880108	4.4977141029522993e-05	0
414	2504.9120287895203	0.271505154880108	0.0	1
415	2510.815797805786	0.2725914226534279	0.0010862677733198822	0
416	2516.795693874359	0.2725914226534279	0.0	1
417	2522.713402748108	0.2726460640004139	5.4641346986017414e-05	0
418	2528.643785715103	0.27311011124346213	0.00046404724304821565	0
419	2534.6011860370636	0.27364079741237396	0.0005306861689118314	0
420	2540.531100511551	0.27364079741237396	0.0	1
421	2546.5427463054657	0.27364079741237396	0.0	2
422	2552.5736479759216	0.27364079741237396	0.0	3
423	2558.504856824875	0.2736572412609121	1.6443848538161276e-05	0
424	2564.3656706809998	0.2736572412609121	0.0	1
425	2570.2883632183075	0.27370475387802906	4.7512617116940437e-05	0
426	2576.2473459243774	0.27381778466708684	0.00011303078905777753	0
427	2582.086810350418	0.2740959153700707	0.0002781307029838809	0
428	2587.9687757492065	0.27426138274429934	0.0001654673742286228	0
429	2593.852829694748	0.27426138274429934	0.0	1
430	2599.8185505867004	0.27426792353768437	6.540793385023669e-06	0
431	2605.7480642795563	0.27426792353768437	0.0	1
432	2611.8002529144287	0.27426792353768437	0.0	2
433	2617.7489030361176	0.27431003448835417	4.211095066980475e-05	0
434	2623.7688524723053	0.2743195517101896	9.517221835453338e-06	0
435	2629.766377925873	0.2743195517101896	0.0	1
436	2635.634099006653	0.2743195517101896	0.0	2
437	2641.6009559631348	0.2743234284163813	3.876706191674462e-06	0
438	2647.567964553833	0.2746744632433869	0.00035103482700560296	0
439	2653.4953219890594	0.2746744632433869	0.0	1
440	2659.4546451568604	0.2746744632433869	0.0	2
441	2665.3455522060394	0.27470441125804296	2.994801465605601e-05	0
442	2671.317782640457	0.2747384932011025	3.408194305953849e-05	0
443	2677.1708600521088	0.2747384932011025	0.0	1
444	2683.1326513290405	0.2748601593072697	0.00012166610616720641	0
445	2689.0334446430206	0.2748601593072697	0.0	1
446	2694.962646484375	0.27487125660840606	1.1097301136353543e-05	0
447	2700.9512135982513	0.2748930837503763	2.1827141970243158e-05	0
448	2706.8886363506317	0.2751477704860589	0.0002546867356825744	0
449	2712.8308441638947	0.27519897607921623	5.120559315735518e-05	0
450	2718.827533006668	0.27532598873278524	0.00012701265356901414	0
451	2724.7637021541595	0.27535792103307494	3.193230028969429e-05	0
452	2730.7120249271393	0.2753709475007996	1.302646772466387e-05	0
453	2736.6621034145355	0.2754993381305031	0.0001283906297034898	0
454	2742.6472868919373	0.27569772994783825	0.00019839181733516398	0
455	2748.4555699825287	0.27579710958665715	9.937963881889722e-05	0
456	2754.263087272644	0.27602508195834585	0.00022797237168870055	0
457	2760.062151670456	0.27602508195834585	0.0	1
458	2765.8444652557373	0.2760640694964442	3.8987538098333996e-05	0
459	2771.679901599884	0.27635316888945854	0.00028909939301435816	0
460	2777.462660551071	0.27648273539213014	0.00012956650267159642	0
461	2783.2073719501495	0.27648273539213014	0.0	1
462	2788.9565629959106	0.27696649688040903	0.00048376148827888876	0
463	2794.775191307068	0.27696649688040903	0.0	1
464	2800.580350637436	0.27696649688040903	0.0	2
465	2806.349543094635	0.27696649688040903	0.0	3
466	2812.1181485652924	0.2771648335786988	0.0001983366982897805	0
467	2817.900233030319	0.2771648335786988	0.0	1
468	2823.669641017914	0.2771648335786988	0.0	2
469	2829.4556679725647	0.2772826964707349	0.00011786289203608025	0
470	2835.2648375034332	0.2776829158592339	0.0004002193884989902	0
471	2841.0201692581177	0.27776958137158525	8.666551235136932e-05	0
472	2846.793877840042	0.27776958137158525	0.0	1
473	2852.5833797454834	0.27776958137158525	0.0	2
474	2858.3289811611176	0.27776958137158525	0.0	3
475	2864.07155418396	0.2779932360847193	0.00022365471313406937	0
476	2869.8498091697693	0.2779932360847193	0.0	1
477	2875.5876185894012	0.2782754639700764	0.0002822278853570892	0
478	2881.368639945984	0.2785664557836488	0.00029099181357239434	0
479	2887.131176710129	0.2785664557836488	0.0	1
480	2892.8665478229523	0.2787062744287609	0.00013981864511208864	0
481	2898.6243250370026	0.2787062744287609	0.0	1
482	2904.37424325943	0.27897949953670603	0.0002732251079451409	0
483	2910.21994638443	0.27897949953670603	0.0	1
484	2916.0169517993927	0.2790803122707048	0.00010081273399875634	0
485	2921.7525136470795	0.27962226109788907	0.0005419488271842798	0
486	2927.444480419159	0.27962661550247403	4.354404584960836e-06	0
487	2933.1725018024445	0.27986945164340005	0.00024283614092601713	0
488	2938.8846509456635	0.27986945164340005	0.0	1
489	2944.539557695389	0.27986945164340005	0.0	2
490	2950.263686656952	0.2799870389402092	0.00011758729680916291	0
491	2955.920821905136	0.2802027565108086	0.00021571757059940522	0
492	2961.5876002311707	0.28024560238208346	4.284587127484363e-05	0
493	2967.24804019928	0.2807830130745315	0.0005374106924480593	0
494	2972.8906462192535	0.2811889832167651	0.0004059701422335915	0
495	2978.6295931339264	0.2811889832167651	0.0	1
496	2984.264516353607	0.2811889832167651	0.0	2
497	2989.868041038513	0.28182092307203865	0.0006319398552735445	0
498	2995.464636325836	0.28182092307203865	0.0	1
499	3001.115003347397	0.28182092307203865	0.0	2
500	3006.769139289856	0.28234804487601595	0.0005271218039772929	0
501	3012.3575491905212	0.2823625411849507	1.449630893474163e-05	0
502	3017.9393804073334	0.28298931822297374	0.000626777038023052	0
503	3023.640719652176	0.2831422184548559	0.00015290023188213597	0
504	3029.241616487503	0.2831422184548559	0.0	1
505	3034.9142360687256	0.283371991382027	0.00022977292717113462	0
506	3040.5423617362976	0.2844329595135178	0.0010609681314908137	0
507	3046.1569480895996	0.2844329595135178	0.0	1
508	3051.6837797164917	0.2844329595135178	0.0	2
509	3057.265140771866	0.2844329595135178	0.0	3
510	3062.8314576148987	0.28455276994515727	0.00011981043163944438	0
511	3068.4972014427185	0.28455276994515727	0.0	1
512	3074.0732655525208	0.28455276994515727	0.0	2
513	3079.6394016742706	0.28455276994515727	0.0	3
514	3085.2033739089966	0.284571914626919	1.914468176172912e-05	0
515	3090.792523622513	0.284571914626919	0.0	1
516	3096.4308156967163	0.28462933029918913	5.7415672270133555e-05	0
517	3101.997116088867	0.2847670176745466	0.00013768737535746478	0
518	3107.6042108535767	0.2847670176745466	0.0	1
519	3113.150696516037	0.28478230402313176	1.5286348585163978e-05	0
520	3118.81743311882	0.2849671733013339	0.00018486927820215993	0
521	3123.860953092575	0.2849671733013339	0.0	1
522	3129.4120202064514	0.2849671733013339	0.0	2
523	3135.0123403072357	0.28504935579799445	8.218249666053223e-05	0
524	3140.532592535019	0.28504935579799445	0.0	1
525	3146.0588862895966	0.28520616948209854	0.00015681368410408458	0
526	3151.612558364868	0.28520616948209854	0.0	1
527	3157.1803753376007	0.2852234033702871	1.7233888188583624e-05	0
528	3162.734887123108	0.2852234033702871	0.0	1
529	3168.323409318924	0.28556922026099674	0.00034581689070961596	0
530	3173.908089876175	0.2856671300586055	9.790979760876395e-05	0
531	3179.5141999721527	0.2856671300586055	0.0	1
532	3185.1202671527863	0.28575465910266784	8.752904406233997e-05	0
533	3190.7122473716736	0.28632484725410146	0.0005701881514336149	0
534	3196.2763106822968	0.28632484725410146	0.0	1
535	3201.9244713783264	0.28632484725410146	0.0	2
536	3207.541766166687	0.28639018169589103	6.533444178957737e-05	0
537	3213.093535423279	0.28639018169589103	0.0	1
538	3218.638339281082	0.2870214968686503	0.0006313151727592725	0
539	3224.1734025478363	0.2870214968686503	0.0	1
540	3229.7248995304108	0.2870214968686503	0.0	2
541	3235.276448726654	0.2870808600805238	5.936321187349769e-05	0
542	3240.8218791484833	0.2870808600805238	0.0	1
543	3246.308085203171	0.28738594399669815	0.0003050839161743424	0
544	3251.830804824829	0.28761759097141215	0.00023164697471400597	0
545	3257.4231362342834	0.28761759097141215	0.0	1
546	3262.979828596115	0.2876373052166428	1.971424523067311e-05	0
547	3268.559563398361	0.28768604882577326	4.874360913043052e-05	0
548	3274.110454559326	0.2877806882266895	9.463940091625211e-05	0
549	3279.6407749652863	0.2877806882266895	0.0	1
550	3285.206815481186	0.2882448640808436	0.0004641758541540919	0
551	3290.753293991089	0.28830775491162136	6.289083077776203e-05	0
552	3296.2952082157135	0.28878251362248836	0.00047475871086699595	0
553	3301.775631427765	0.28878251362248836	0.0	1
554	3307.2649352550507	0.28878251362248836	0.0	2
555	3312.7240414619446	0.28878251362248836	0.0	3
556	3318.283082962036	0.28878251362248836	0.0	4
557	3323.8323640823364	0.28878251362248836	0.0	5
558	3329.3816061019897	0.2888216848907379	3.9171268249538205e-05	0
559	3334.897765159607	0.2888216848907379	0.0	1
560	3340.3727598190308	0.2891686960274308	0.0003470111366928874	0
561	3345.840444087982	0.28964336287322207	0.0004746668457912828	0
562	3351.3188791275024	0.28964336287322207	0.0	1
563	3356.8622691631317	0.28964336287322207	0.0	2
564	3362.3574154376984	0.28964336287322207	0.0	3
565	3367.8356885910034	0.2896723922371218	2.902936389975741e-05	0
566	3373.3321368694305	0.28969188600617096	1.9493769049139242e-05	0
567	3378.8841638565063	0.2897140806084437	2.2194602272762598e-05	0
568	3384.386805295944	0.2897140806084437	0.0	1
569	3389.9082973003387	0.2897140806084437	0.0	2
570	3395.361251115799	0.28974867699592677	3.45963874830435e-05	0
571	3400.78764629364	0.2903249649883824	0.0005762879924556263	0
572	3406.2171897888184	0.2903249649883824	0.0	1
573	3411.701984167099	0.2903249649883824	0.0	2
574	3417.1974880695343	0.2903249649883824	0.0	3
575	3422.694077014923	0.2903249649883824	0.0	4
576	3428.168694257736	0.2903416476861172	1.6682697734804464e-05	0
577	3433.688630580902	0.2903416476861172	0.0	1
578	3439.1662259101868	0.29035074232860475	9.09464248755043e-06	0
579	3444.6652026176453	0.290455119427538	0.00010437709893323932	0
580	3450.1040165424347	0.290455119427538	0.0	1
581	3455.5355892181396	0.29078304100151453	0.00032792157397654176	0
582	3460.9880077838898	0.29079388108043913	1.0840078924601038e-05	0
583	3466.4518072605133	0.29079388108043913	0.0	1
584	3472.011820793152	0.29079388108043913	0.0	2
585	3477.4442307949066	0.2920247628558192	0.001230881775380055	0
586	3482.944645881653	0.2920247628558192	0.0	1
587	3488.4239580631256	0.2920247628558192	0.0	2
588	3493.9256250858307	0.2920247628558192	0.0	3
589	3499.449131965637	0.29266675275036685	0.0006419898945476676	0
590	3504.9015021324158	0.29266675275036685	0.0	1
591	3510.4201233386993	0.29266675275036685	0.0	2
592	3515.883757352829	0.29266675275036685	0.0	3
593	3521.3595883846283	0.29266675275036685	0.0	4
594	3526.811274290085	0.29275738683398556	9.06340836187014e-05	0
595	3532.289701461792	0.29298624111040034	0.0002288542764147805	0
596	3537.728535890579	0.29310366305007335	0.00011742193967301251	0
597	3543.2095091342926	0.2932785374080467	0.0001748743579733647	0
598	3548.6950676441193	0.2932785374080467	0.0	1
599	3554.1998660564423	0.29391595242182794	0.0006374150137812284	0
600	3559.6534883975983	0.29391595242182794	0.0	1
601	3565.1571278572083	0.2941710984828887	0.00025514606106075144	0
602	3570.6180272102356	0.2941710984828887	0.0	1
603	3576.0956122875214	0.2941710984828887	0.0	2
604	3581.5842900276184	0.2941710984828887	0.0	3
605	3587.1369903087616	0.2941710984828887	0.0	4
606	3592.578550338745	0.2947612764747799	0.0005901779918912053	0
607	3598.068859577179	0.2947612764747799	0.0	1
608	3603.5911321640015	0.2947612764747799	0.0	2
