1	109.8058180809021	0.05612778785167963	10000000000.056128	0
2	189.76540422439575	0.05612778785167963	0.0	1
3	269.64836716651917	0.05751158386871017	0.0013837960170305433	0
4	350.55906653404236	0.07285616987648753	0.015344586007777362	0
5	432.5883240699768	0.07953234076321214	0.006676170886724606	0
6	518.0336489677429	0.08341426820769303	0.00388192744448089	0
7	605.4128994941711	0.10057509392276517	0.017160825715072145	0
8	700.2087078094482	0.10057509392276517	0.0	1
9	800.1375570297241	0.11764950044508994	0.017074406522324767	0
10	905.999677658081	0.11764950044508994	0.0	1
11	1004.2467837333679	0.12126434646446307	0.003614846019373133	0
12	1101.2704503536224	0.12570335010717296	0.004439003642709882	0
13	1195.2516674995422	0.1271066645632262	0.0014033144560532396	0
14	1284.7797493934631	0.1324649839386947	0.005358319375468518	0
15	1370.397248506546	0.1335011540860429	0.0010361701473481921	0
16	1454.5803875923157	0.134775141726012	0.001273987639969082	0
17	1539.4763538837433	0.13621494001534387	0.001439798289331884	0
18	1621.4488830566406	0.13641876266456615	0.00020382264922227944	0
19	1701.548360824585	0.13641876266456615	0.0	1
20	1783.1594491004944	0.13986145660080115	0.003442693936235003	0
21	1864.7448482513428	0.1442296429910045	0.004368186390203338	0
22	1945.5397827625275	0.1442296429910045	0.0	1
23	2026.789850950241	0.1442296429910045	0.0	2
24	2108.0356237888336	0.1442296429910045	0.0	3
25	2187.824450969696	0.14551852796746156	0.001288884976457072	0
26	2268.3564670085907	0.14551852796746156	0.0	1
27	2347.235345363617	0.14551852796746156	0.0	2
28	2427.2668330669403	0.14551852796746156	0.0	3
29	2504.480706214905	0.14830858496532984	0.002790056997868273	0
30	2583.749799013138	0.15102594881758338	0.002717363852253546	0
31	2662.9498960971832	0.15102594881758338	0.0	1
32	2741.9928629398346	0.15149268932428317	0.0004667405066997865	0
33	2818.6980216503143	0.15269522831357757	0.0012025389892943994	0
34	2895.967084646225	0.15430516553246812	0.0016099372188905503	0
35	2974.403154850006	0.15430516553246812	0.0	1
36	3050.465733528137	0.15516760052590892	0.0008624349934407971	0
37	3127.834761619568	0.15526476263821212	9.716211230320626e-05	0
38	3206.05756855011	0.15526545809126685	6.954530547276239e-07	1
39	3284.152728319168	0.15625488647277921	0.000989428381512364	0
40	3363.077269554138	0.15625488647277921	0.0	1
41	3440.9255969524384	0.15625488647277921	0.0	2
42	3518.077679872513	0.15717196943520426	0.0009170829624250421	0
43	3596.386092185974	0.15858275086089765	0.001410781425693397	0
44	3674.5166811943054	0.15858275086089765	0.0	1
