1	9.270885467529297	0.06131819524009857	10000000000.061317	0
2	15.88345456123352	0.07874483015224008	0.01742663491214151	0
3	22.631065368652344	0.07883139591673065	8.656576449056486e-05	0
4	29.432104349136353	0.07883139591673065	0.0	1
5	36.28273248672485	0.07883139591673065	0.0	2
6	43.45963096618652	0.1079457946763956	0.029114398759664956	0
7	50.78234505653381	0.1079457946763956	0.0	1
8	58.92410683631897	0.1079457946763956	0.0	2
9	67.7794258594513	0.11816283081884735	0.010217036142451744	0
10	77.23280358314514	0.12750855964849747	0.009345728829650124	0
11	87.87686944007874	0.13276542835942642	0.0052568687109289525	0
12	101.04139065742493	0.15386006998947824	0.021094641630051814	0
13	115.87379264831543	0.15386006998947824	0.0	1
14	131.34324026107788	0.15596173305892191	0.0021016630694436766	0
15	146.04680395126343	0.1588080009365061	0.0028462678775841854	0
16	160.61748027801514	0.16694886445423887	0.008140863517732772	0
17	175.9771692752838	0.1723225956084462	0.005373731154207334	0
18	191.3657510280609	0.1750085441186047	0.0026859485101584923	0
19	206.44082474708557	0.19155356977612964	0.016545025657524942	0
20	221.51121258735657	0.1925420340646592	0.0009884642885295558	0
21	236.8070650100708	0.1925420340646592	0.0	1
22	251.6170916557312	0.19285675537484237	0.00031472131018317473	0
23	266.388325214386	0.19285675537484237	0.0	1
24	281.35340332984924	0.19758396102660947	0.004727205651767097	0
25	296.0144639015198	0.19758396102660947	0.0	1
26	310.2189722061157	0.19758396102660947	0.0	2
27	324.11245465278625	0.20336557945992817	0.005781618433318703	0
28	337.9516158103943	0.20336557945992817	0.0	1
29	351.39551734924316	0.20423536055912755	0.0008697810991993848	0
30	364.8946580886841	0.20524270170010558	0.0010073411409780297	0
31	378.19823122024536	0.20524270170010558	0.0	1
32	391.7370300292969	0.20597476210346294	0.0007320604033573541	0
33	405.17931747436523	0.20712782986777528	0.0011530677643123433	0
34	418.92493891716003	0.20713123037878373	3.400511008444518e-06	0
35	432.4294319152832	0.20733510038522704	0.000203870006443313	0
36	445.90019702911377	0.2109496695453019	0.003614569160074854	0
37	459.4267554283142	0.2109496695453019	0.0	1
38	472.89857363700867	0.2109496695453019	0.0	2
39	486.18599152565	0.2109496695453019	0.0	3
40	499.8227515220642	0.2109496695453019	0.0	4
41	513.1527442932129	0.2129381919906024	0.0019885224453005113	0
42	527.0645475387573	0.2133330930662563	0.00039490107565390287	0
43	540.7325069904327	0.2133330930662563	0.0	1
44	554.1227993965149	0.2141541156572165	0.000821022590960202	0
45	567.7759699821472	0.2141541156572165	0.0	1
46	581.3672749996185	0.21418089133444837	2.6775677231860584e-05	0
47	594.9269425868988	0.21420291432897157	2.202299452319645e-05	0
48	608.4662702083588	0.21540150074457803	0.0011985864156064674	0
49	622.0991590023041	0.21543119497062815	2.9694226050119843e-05	0
50	635.6783261299133	0.21707728327981055	0.001646088309182392	0
51	649.2091248035431	0.21707728327981055	0.0	1
52	662.8580515384674	0.2175719906923462	0.0004947074125356554	0
53	676.6728894710541	0.2175719906923462	0.0	1
54	690.3195638656616	0.217902549815612	0.0003305591232657945	0
55	703.7993869781494	0.217902549815612	0.0	1
56	717.2131879329681	0.218736023096485	0.0008334732808729928	0
57	730.7609784603119	0.21908993061029694	0.00035390751381195185	0
58	744.2858507633209	0.21908993061029694	0.0	1
59	757.7679691314697	0.21946665100111046	0.0003767203908135175	0
60	771.3697612285614	0.21963091978092786	0.0001642687798174003	0
61	784.8496904373169	0.22056466797303412	0.0009337481921062596	0
62	798.2847576141357	0.22056466797303412	0.0	1
63	811.8485152721405	0.22184738356650308	0.0012827155934689582	0
64	825.4102439880371	0.22184738356650308	0.0	1
65	839.1078732013702	0.22184738356650308	0.0	2
66	852.8242652416229	0.22235158295661742	0.0005041993901143405	0
67	866.653680562973	0.22235158295661742	0.0	1
68	880.321014881134	0.22235158295661742	0.0	2
69	894.1384091377258	0.22235158295661742	0.0	3
70	908.0422043800354	0.2234394385590316	0.0010878556024141728	0
71	921.9706251621246	0.22345215700571672	1.2718446685128226e-05	0
72	935.7729675769806	0.2238001069313446	0.00034794992562789395	0
73	949.6501157283783	0.2249040413279365	0.001103934396591899	0
74	963.5864868164062	0.22519720821794803	0.0002931668900115203	0
75	977.5896105766296	0.22519720821794803	0.0	1
76	991.6342806816101	0.22519720821794803	0.0	2
77	1006.2282299995422	0.22519720821794803	0.0	3
78	1020.4380812644958	0.22561539074495504	0.00041818252700701053	0
79	1034.569170475006	0.22624692186814543	0.0006315311231903931	0
80	1048.8590908050537	0.22624692186814543	0.0	1
81	1063.1415448188782	0.22624692186814543	0.0	2
82	1077.269148349762	0.22682715079375962	0.0005802289256141846	0
83	1091.5876314640045	0.22682715079375962	0.0	1
84	1106.3678541183472	0.22708090388688584	0.0002537530931262244	0
85	1120.5279676914215	0.22719866331535152	0.00011775942846567466	0
86	1134.9416449069977	0.22829483276554619	0.0010961694501946673	0
87	1149.2694141864777	0.22829483276554619	0.0	1
88	1163.5693531036377	0.22829483276554619	0.0	2
89	1177.9555940628052	0.22859131983953446	0.0002964870739882719	0
90	1192.3624334335327	0.228638846666621	4.752682708653033e-05	0
91	1206.7092831134796	0.2290069319015272	0.0003680852349062236	0
92	1221.1557233333588	0.22962960027555387	0.0006226683740266636	0
93	1235.5399906635284	0.22962960027555387	0.0	1
94	1250.0176208019257	0.2299145470326552	0.0002849467571013342	0
95	1264.4312417507172	0.2299145470326552	0.0	1
96	1278.9737780094147	0.2299145470326552	0.0	2
97	1293.5052874088287	0.2299145470326552	0.0	3
98	1307.9920876026154	0.2309397877138627	0.00102524068120749	0
99	1322.4766540527344	0.2309397877138627	0.0	1
100	1336.8122305870056	0.2309397877138627	0.0	2
101	1351.2121737003326	0.2309397877138627	0.0	3
102	1365.6766135692596	0.2309397877138627	0.0	4
103	1380.0834257602692	0.2311089296669363	0.0001691419530736038	0
104	1394.3570623397827	0.2311089296669363	0.0	1
105	1408.7413594722748	0.2311089296669363	0.0	2
106	1423.1363315582275	0.23134900038899706	0.00024007072206075342	0
107	1437.5121667385101	0.23134900038899706	0.0	1
108	1451.8276262283325	0.231362736311417	1.3735922419932933e-05	0
109	1466.1289384365082	0.23136924280098434	6.506489567348339e-06	0
110	1480.4785025119781	0.23182533968695165	0.00045609688596731646	0
111	1494.644459247589	0.23182533968695165	0.0	1
112	1508.9394183158875	0.2321151596173092	0.0002898199303575377	0
113	1523.2490327358246	0.2321151596173092	0.0	1
114	1537.5320892333984	0.23223265128900253	0.00011749167169333719	0
115	1551.8071389198303	0.23274355798626345	0.0005109066972609211	0
116	1566.106877565384	0.23287202768562187	0.00012846969935842445	0
117	1580.539499759674	0.23287202768562187	0.0	1
118	1594.8716504573822	0.2329122447528241	4.0217067202225065e-05	0
119	1609.1166183948517	0.2329122447528241	0.0	1
120	1623.54385638237	0.23323151792813668	0.0003192731753125788	0
121	1637.9228911399841	0.23323151792813668	0.0	1
122	1652.2555656433105	0.23346261879832475	0.00023110087018807235	0
123	1666.7395033836365	0.2335417677002221	7.914890189736346e-05	0
124	1681.1426150798798	0.23355317413872287	1.1406438500755067e-05	0
125	1695.474175453186	0.23402182881731193	0.00046865467858905885	0
126	1709.7771520614624	0.23402182881731193	0.0	1
127	1724.0508842468262	0.23402182881731193	0.0	2
128	1738.4831926822662	0.23410855523586588	8.672641855395069e-05	0
129	1752.8603403568268	0.23410855523586588	0.0	1
130	1767.2414605617523	0.23410855523586588	0.0	2
131	1781.7139132022858	0.23410855523586588	0.0	3
132	1796.269834280014	0.2345075663779749	0.00039901114210902366	0
133	1810.77680850029	0.2345075663779749	0.0	1
134	1825.028442144394	0.2345075663779749	0.0	2
135	1839.354032278061	0.2345075663779749	0.0	3
136	1853.6602959632874	0.2345075663779749	0.0	4
137	1868.4065206050873	0.23467858262845473	0.00017101625047982738	0
138	1882.745210647583	0.23467858262845473	0.0	1
139	1897.0138080120087	0.23499839131731193	0.00031980868885719826	0
140	1911.4963283538818	0.23506176934531972	6.337802800779335e-05	0
141	1925.8333232402802	0.23506176934531972	0.0	1
142	1940.1562490463257	0.23516796168122123	0.00010619233590150601	0
143	1954.5932445526123	0.23516796168122123	0.0	1
144	1968.9525337219238	0.23516796168122123	0.0	2
145	1983.3446509838104	0.23546466296062735	0.0002967012794061197	0
146	1997.8291890621185	0.23546466296062735	0.0	1
147	2012.2700817584991	0.23567910935957723	0.00021444639894988016	0
148	2026.6732354164124	0.23580573153720663	0.0001266221776294041	0
149	2040.8813319206238	0.23580573153720663	0.0	1
150	2055.203241109848	0.23589845570746054	9.272417025391055e-05	0
151	2069.508489370346	0.2360750680744818	0.00017661236702126715	0
152	2083.77942442894	0.23639817017163853	0.0003231020971567189	0
153	2098.241866827011	0.23639817017163853	0.0	1
154	2112.6320781707764	0.23675019000020564	0.0003520198285671128	0
155	2127.1006350517273	0.2373466182105451	0.0005964282103394503	0
156	2141.446344614029	0.2373466182105451	0.0	1
157	2155.843203306198	0.2373466182105451	0.0	2
158	2170.220404624939	0.2373466182105451	0.0	3
159	2184.589054584503	0.23760229915243203	0.0002556809418869377	0
160	2199.0821340084076	0.23760229915243203	0.0	1
161	2213.487062931061	0.23760229915243203	0.0	2
162	2227.864197731018	0.23760229915243203	0.0	3
163	2242.2331597805023	0.23760229915243203	0.0	4
164	2256.67991566658	0.23760229915243203	0.0	5
165	2271.111159324646	0.23773692725755374	0.00013462810512171464	0
166	2285.5515937805176	0.23776876353778242	3.18362802286809e-05	0
167	2299.977206468582	0.2379273023226722	0.0001585387848897779	0
168	2314.3697426319122	0.23807633574214468	0.0001490334194724774	0
169	2328.8569464683533	0.23810755618179702	3.122043965234078e-05	0
170	2343.2672226428986	0.2384316489790113	0.00032409279721429263	0
171	2357.675218820572	0.2384316489790113	0.0	1
172	2372.0770330429077	0.2384316489790113	0.0	2
173	2386.5038475990295	0.23866601648182167	0.000234367502810362	0
174	2401.0104808807373	0.23889735833310485	0.00023134185128317886	0
175	2415.3753428459167	0.23895712164468635	5.9763311581501055e-05	0
176	2429.707258939743	0.23901519808860222	5.807644391586653e-05	0
177	2444.1569106578827	0.23920134259671805	0.0001861445081158264	0
178	2458.6291677951813	0.23957638950770455	0.00037504691098649845	0
179	2473.101884841919	0.23957638950770455	0.0	1
180	2487.516957759857	0.23957638950770455	0.0	2
181	2501.9887578487396	0.23960790447980646	3.151497210190923e-05	0
182	2516.393796443939	0.23987094873293213	0.00026304425312567714	0
183	2530.7299263477325	0.24006646472807908	0.0001955159951469443	0
184	2545.1416404247284	0.24006646472807908	0.0	1
185	2559.562884569168	0.24006646472807908	0.0	2
186	2573.920542240143	0.24006646472807908	0.0	3
187	2588.332116127014	0.24006646472807908	0.0	4
188	2602.626331090927	0.24032731337567176	0.0002608486475926819	0
189	2616.947603702545	0.24032731337567176	0.0	1
190	2631.1722297668457	0.24032731337567176	0.0	2
191	2645.4789373874664	0.24032731337567176	0.0	3
192	2659.6357474327087	0.24036469222108742	3.7378845415658724e-05	0
193	2673.941600084305	0.24045666667237883	9.197445129141557e-05	0
194	2688.2733237743378	0.24049819574776543	4.1529075386598224e-05	0
195	2702.481355905533	0.2405994078077018	0.0001012120599363786	0
196	2716.789818048477	0.2405994078077018	0.0	1
197	2731.1882169246674	0.24069009702648608	9.068921878427338e-05	0
198	2745.522255420685	0.24125873208385887	0.000568635057372785	0
199	2759.954427242279	0.24125873208385887	0.0	1
200	2774.2808322906494	0.24125873208385887	0.0	2
201	2788.6864421367645	0.24125873208385887	0.0	3
202	2803.2089927196503	0.24175876785616365	0.0005000357723047855	0
203	2817.6656363010406	0.24175876785616365	0.0	1
204	2832.0902338027954	0.2419047488484317	0.00014598099226803551	0
205	2846.3772687911987	0.2419047488484317	0.0	1
206	2860.78724861145	0.24193720096923668	3.245212080499327e-05	0
207	2875.122790813446	0.2421360371483604	0.00019883617912372364	0
208	2889.5937802791595	0.24233642631676355	0.0002003891684031478	0
209	2903.935250043869	0.24237980291387914	4.337659711559083e-05	0
210	2918.3052043914795	0.2426737462985304	0.00029394338465124625	0
211	2932.7912867069244	0.2426737462985304	0.0	1
212	2947.159260034561	0.2426737462985304	0.0	2
213	2961.5265080928802	0.2426737462985304	0.0	3
214	2975.9427275657654	0.24276534589034054	9.15995918101542e-05	0
215	2990.2358663082123	0.2428656743529283	0.00010032846258775652	0
216	3004.635742664337	0.2429800332703855	0.00011435891745720239	0
217	3019.0039854049683	0.2429800332703855	0.0	1
218	3033.4713146686554	0.24307564921378044	9.561594339493884e-05	0
219	3047.989336013794	0.24320968825400308	0.00013403904022263324	0
220	3062.4255135059357	0.2433881749184306	0.00017848666442751848	0
221	3076.8225362300873	0.24358703787323152	0.00019886295480092686	0
222	3091.2449522018433	0.2437890335822686	0.0002019957090370894	0
223	3105.64013004303	0.24411687497429538	0.00032784139202676754	0
224	3119.9323263168335	0.24436310410211945	0.00024622912782407136	0
225	3134.34206700325	0.24436310410211945	0.0	1
226	3148.704243183136	0.24436310410211945	0.0	2
227	3162.9862406253815	0.2448797675699852	0.0005166634678657467	0
228	3177.2268068790436	0.24488970134623822	9.93377625302383e-06	0
229	3191.510230779648	0.24488970134623822	0.0	1
230	3205.922107934952	0.24488970134623822	0.0	2
231	3220.2539892196655	0.24488970134623822	0.0	3
232	3234.5487842559814	0.24519890686691162	0.0003092055206734001	0
233	3248.8184700012207	0.24534124636707613	0.00014233950016451224	0
234	3263.0455033779144	0.24534124636707613	0.0	1
235	3277.2174248695374	0.24534124636707613	0.0	2
236	3291.502768754959	0.2454691805528899	0.00012793418581377725	0
237	3305.706885099411	0.2455510605738649	8.188002097497815e-05	0
238	3320.022019147873	0.2455510605738649	0.0	1
239	3334.1535346508026	0.2456050403391643	5.3979765299416727e-05	0
240	3348.353845357895	0.2456050403391643	0.0	1
241	3362.560154438019	0.24574839731506362	0.00014335697589931695	0
242	3376.6356370449066	0.2458042781534465	5.588083838287128e-05	0
243	3390.7766263484955	0.24597599057153435	0.00017171241808786042	0
244	3404.872397184372	0.24699975859049408	0.001023768018959731	0
245	3418.864522457123	0.24700147223383692	1.7136433428377451e-06	0
246	3432.762788295746	0.24702661459475764	2.5142360920715756e-05	0
247	3446.88699054718	0.24702661459475764	0.0	1
248	3460.9062423706055	0.24702661459475764	0.0	2
249	3474.9851574897766	0.24718116380373986	0.00015454920898222424	0
250	3489.0542714595795	0.24718116380373986	0.0	1
251	3503.522425889969	0.24720957279728287	2.8408993543005412e-05	0
252	3517.528244972229	0.24730135981883364	9.178702155077101e-05	0
253	3531.452867746353	0.24738115133698454	7.979151815090679e-05	0
254	3545.3901307582855	0.24738115133698454	0.0	1
255	3559.5453448295593	0.24755837954458215	0.00017722820759760727	0
256	3573.6004679203033	0.24755837954458215	0.0	1
257	3587.6378724575043	0.24755837954458215	0.0	2
258	3601.6447443962097	0.24771978332693576	0.00016140378235360298	0
