1	4.816101789474487	0.009549787484187593	10000000000.00955	0
2	8.256101846694946	0.015392081562368229	0.005842294078180635	0
3	11.8111732006073	0.023505318111208068	0.00811323654883984	0
4	15.221218824386597	0.02784500922756395	0.004339691116355883	0
5	18.82389807701111	0.030795260633843233	0.002950251406279282	0
6	22.495429515838623	0.032297798396944105	0.0015025377631008724	0
7	26.213126182556152	0.03687027183429769	0.004572473437353584	0
8	30.017362117767334	0.0456886211435298	0.008818349309232108	0
9	33.80646514892578	0.050321299311281854	0.0046326781677520565	0
10	37.53058743476868	0.06035821048216126	0.010036911170879403	0
11	41.327184200286865	0.06292477540526611	0.002566564923104857	0
12	45.110406160354614	0.06575979893354104	0.0028350235282749298	0
13	48.83511710166931	0.0997068573867363	0.03394705845319526	0
14	52.72746777534485	0.12381093083829178	0.024104073451555477	0
15	56.70079207420349	0.1425824898829882	0.018771559044696406	0
16	60.67082643508911	0.1425824898829882	0.0	1
17	64.82214140892029	0.14266046298139992	7.797309841173217e-05	0
18	69.02389192581177	0.14266046298139992	0.0	1
19	73.22340178489685	0.14312930814866004	0.00046884516726011793	0
20	77.65912985801697	0.15501388709941902	0.011884578950758978	0
21	82.18767738342285	0.15516547756395238	0.00015159046453336322	0
22	86.77226066589355	0.15516547756395238	0.0	1
23	91.50142049789429	0.15557983947479384	0.0004143619108414598	0
24	96.27694773674011	0.15844554529375937	0.0028657058189655304	0
25	100.95259404182434	0.15844554529375937	0.0	1
26	105.73208022117615	0.16047359620970764	0.002028050915948265	0
27	110.45212650299072	0.1609102126183002	0.0004366164085925772	0
28	115.20369482040405	0.1622002780348107	0.0012900654165104997	0
29	120.07080030441284	0.16321025888422974	0.0010099808494190288	0
30	125.02374362945557	0.16321025888422974	0.0	1
31	129.9499340057373	0.16476920841337142	0.0015589495291416788	0
32	134.89530730247498	0.16775993106962142	0.00299072265625	0
33	139.89445447921753	0.16810985376452398	0.0003499226949025547	0
34	145.551495552063	0.1687346817313999	0.0006248279668759349	0
35	151.75019598007202	0.16988075176279047	0.0011460700313905559	0
36	157.90594792366028	0.1713389887087706	0.0014582369459801292	0
37	163.61006236076355	0.1713389887087706	0.0	1
38	168.7514066696167	0.17426992070371064	0.0029309319949400447	0
39	173.90069270133972	0.17436472193590705	9.480123219640646e-05	0
40	179.01667284965515	0.1820933100344359	0.00772858809852886	0
41	183.99868869781494	0.1820933100344359	0.0	1
42	189.04865288734436	0.1830888876850637	0.0009955776506277991	0
43	194.0429389476776	0.1830888876850637	0.0	1
44	199.11990427970886	0.1830888876850637	0.0	2
45	204.3116331100464	0.18594546110733695	0.0028565734222732453	0
46	209.86860418319702	0.1879776481388212	0.0020321870314842505	0
47	215.61525082588196	0.18930532292447524	0.0013276747856540427	0
48	221.43951392173767	0.18930532292447524	0.0	1
49	227.3239984512329	0.19208464615348575	0.002779323229010505	0
50	233.1702401638031	0.19208464615348575	0.0	1
51	238.89752840995789	0.19208464615348575	0.0	2
52	244.68702459335327	0.19301587609515553	0.0009312299416697756	0
53	250.5160653591156	0.19540106045610006	0.0023851843609445367	0
54	256.35585284233093	0.19540106045610006	0.0	1
55	262.0737028121948	0.19540106045610006	0.0	2
56	267.8451018333435	0.19732468360546288	0.001923623149362813	0
57	273.61681938171387	0.19732468360546288	0.0	1
58	279.31540751457214	0.19871240527197337	0.0013877216665104941	0
59	285.0140724182129	0.19871240527197337	0.0	1
60	290.7050840854645	0.1995331862877155	0.0008207810157421225	0
61	296.3839581012726	0.20056315226175972	0.001029965974044228	0
62	304.743864774704	0.20056315226175972	0.0	1
63	310.44055438041687	0.20056315226175972	0.0	2
64	316.06325602531433	0.20155814426770988	0.0009949920059501571	0
65	321.6641891002655	0.20282954226011993	0.0012713979924100505	0
66	327.3409080505371	0.20282954226011993	0.0	1
67	332.9999666213989	0.20282954226011993	0.0	2
68	338.6118550300598	0.20282954226011993	0.0	3
69	344.29822397232056	0.2041916053691904	0.0013620631090704716	0
70	349.9332847595215	0.2041916053691904	0.0	1
71	355.57712388038635	0.2041916053691904	0.0	2
72	361.24297070503235	0.2057413309946589	0.0015497256254685121	0
73	366.8743119239807	0.2057413309946589	0.0	1
74	372.60722732543945	0.2057413309946589	0.0	2
75	378.3550612926483	0.2057843941798632	4.306318520427843e-05	0
76	384.2297554016113	0.20598600236014802	0.00020160818028483463	0
77	391.12841272354126	0.20603338467485005	4.738231470202692e-05	0
78	397.96600556373596	0.2061010449365161	6.76602616660471e-05	0
79	404.839971780777	0.20713342669485568	0.0010323817583395845	0
80	410.563232421875	0.20713342669485568	0.0	1
81	416.3446133136749	0.208230229367738	0.0010968026728823133	0
82	422.12698245048523	0.208230229367738	0.0	1
83	427.9206781387329	0.208230229367738	0.0	2
84	433.7120575904846	0.208230229367738	0.0	3
85	439.50801396369934	0.208230229367738	0.0	4
86	445.2845501899719	0.208230229367738	0.0	5
87	451.0507297515869	0.208230229367738	0.0	6
88	456.8297836780548	0.208230229367738	0.0	7
89	462.62688517570496	0.20824966545047788	1.9436082739882066e-05	0
90	468.4346923828125	0.20824966545047788	0.0	1
91	474.22560024261475	0.20899295835480697	0.0007432929043290903	0
92	480.00042247772217	0.20945572745853636	0.00046276910372938795	0
93	485.82286286354065	0.20948292333325524	2.719587471888829e-05	0
94	491.634548664093	0.20948292333325524	0.0	1
95	497.4417221546173	0.20948292333325524	0.0	2
96	503.27344012260437	0.20973927098950523	0.0002563476562499889	0
97	509.1200006008148	0.20973927098950523	0.0	1
98	514.9128830432892	0.20973927098950523	0.0	2
99	520.7499372959137	0.20994884027712704	0.00020956928762180804	0
100	526.610279083252	0.20994884027712704	0.0	1
101	532.3997650146484	0.2103014532772676	0.00035261300014055585	0
102	538.2088270187378	0.2103014532772676	0.0	1
103	544.094601392746	0.2103014532772676	0.0	2
104	549.8812839984894	0.21084359553621626	0.0005421422589486635	0
105	555.7453424930573	0.21084359553621626	0.0	1
106	561.5657021999359	0.21084359553621626	0.0	2
107	567.3475670814514	0.21110867295844263	0.00026507742222636743	0
108	573.1753022670746	0.21154995622306033	0.0004412832646177034	0
109	579.0483236312866	0.2116938601011994	0.00014390387813906225	0
110	584.8506298065186	0.2116938601011994	0.0	1
111	590.67200756073	0.2116938601011994	0.0	2
112	596.5354752540588	0.21189195441341827	0.00019809431221887164	0
113	602.4015400409698	0.21198520002693963	9.32456135213644e-05	0
114	608.2478981018066	0.21212945163160607	0.00014425160466643994	0
115	614.0943546295166	0.21301302473763117	0.000883573106025104	0
116	619.9241094589233	0.21301302473763117	0.0	1
117	625.8043556213379	0.21301302473763117	0.0	2
118	631.7739028930664	0.21315224345834893	0.00013921872071775976	0
119	638.8143298625946	0.21337475183306784	0.00022250837471890494	0
120	645.8806300163269	0.2137506442091454	0.00037589237607757453	0
121	652.9967634677887	0.2137506442091454	0.0	1
122	658.7813818454742	0.2137506442091454	0.0	2
123	664.6656339168549	0.21398729956310905	0.00023665535396363846	0
124	670.5614953041077	0.21419326347568401	0.0002059639125749635	0
125	676.4491980075836	0.21419326347568401	0.0	1
126	682.3380281925201	0.21445464401588266	0.0002613805401986413	0
127	688.2253496646881	0.21466058962706144	0.00020594561117878718	0
128	694.0918114185333	0.21466058962706144	0.0	1
129	700.0118455886841	0.21472662106446774	6.60314374062998e-05	0
130	705.93213057518	0.21534941757636805	0.0006227965119003087	0
131	711.8100137710571	0.21537295317185157	2.3535595483514804e-05	0
132	717.7118544578552	0.21551553934946588	0.00014258617761431225	0
133	723.6020936965942	0.21627808532257306	0.0007625459731071815	0
134	729.5180087089539	0.21627808532257306	0.0	1
135	735.4656610488892	0.21627808532257306	0.0	2
136	741.3778126239777	0.21633802239505245	5.9937072479393505e-05	0
137	747.2663264274597	0.21692469195089953	0.0005866695558470747	0
138	753.1718418598175	0.21692469195089953	0.0	1
139	759.0739502906799	0.21692469195089953	0.0	2
140	764.9450762271881	0.21692469195089953	0.0	3
141	770.8292188644409	0.21692469195089953	0.0	4
142	776.6879222393036	0.21708517689397488	0.00016048494307535632	0
143	782.582288980484	0.2171092432299475	2.406633597262786e-05	0
144	788.4488065242767	0.21716120089369376	5.1957663746243776e-05	0
145	794.3322646617889	0.21726410964439655	0.00010290875070279037	0
146	800.1838512420654	0.21785497021996814	0.000590860575571589	0
147	806.0476560592651	0.21785497021996814	0.0	1
148	811.8966796398163	0.21785497021996814	0.0	2
149	817.7205948829651	0.21785497021996814	0.0	3
150	823.5954687595367	0.21787081922905732	1.5849009089186072e-05	0
151	829.4927687644958	0.21795813519021737	8.731596116004492e-05	0
152	835.3413600921631	0.21795813519021737	0.0	1
153	841.2307314872742	0.21840333495361694	0.000445199763399573	0
154	847.1307537555695	0.21846286939538043	5.953444176348688e-05	0
155	853.0227725505829	0.2185527841547976	8.991475941716454e-05	0
156	858.8953144550323	0.2186277466735382	7.496251874061777e-05	0
157	864.7924361228943	0.2187768664495877	0.0001491197760494778	0
158	870.6296663284302	0.21885203028368627	7.516383409858496e-05	0
159	876.5032482147217	0.21885203028368627	0.0	1
160	882.3919515609741	0.21885203028368627	0.0	2
161	889.4344666004181	0.21910577914167914	0.0002537488579928693	0
162	896.4100093841553	0.2194400724442466	0.0003342933025674566	0
163	903.4873173236847	0.2194400724442466	0.0	1
164	909.3100693225861	0.2194400724442466	0.0	2
165	915.1566069126129	0.2194400724442466	0.0	3
166	921.055890083313	0.2194400724442466	0.0	4
167	926.9170427322388	0.21952231891866567	8.224647441906763e-05	0
168	932.7912759780884	0.21954475643037855	2.2437511712880553e-05	0
169	938.6617434024811	0.219550283452024	5.527021645440611e-06	0
170	944.4773988723755	0.21956346045727135	1.3177005247361206e-05	0
171	950.3244817256927	0.21956346045727135	0.0	1
172	956.1314558982849	0.2197679968609445	0.00020453640367315562	0
173	961.9696710109711	0.2197679968609445	0.0	1
174	967.8125071525574	0.22000990471561094	0.00024190785466643439	0
175	973.6609396934509	0.22004800822245127	3.810350684033126e-05	0
176	979.4830679893494	0.2200519430226293	3.934800178018172e-06	0
177	985.3273403644562	0.22033285115254872	0.0002809081299194327	0
178	991.2330935001373	0.2207015327785326	0.00036868162598388543	0
179	997.11492228508	0.22078989191927473	8.835914074212248e-05	0
180	1003.008891582489	0.22078989191927473	0.0	1
181	1008.8936405181885	0.22078989191927473	0.0	2
182	1014.7514567375183	0.22078989191927473	0.0	3
183	1020.5993943214417	0.2208384272219359	4.853530266116235e-05	0
184	1026.478802204132	0.2211414617398332	0.00030303451789731595	0
185	1032.3625407218933	0.2211414617398332	0.0	1
186	1038.2238867282867	0.22119105852347262	4.959678363941622e-05	0
187	1044.0668723583221	0.22119105852347262	0.0	1
188	1049.901222705841	0.22119105852347262	0.0	2
189	1055.7875406742096	0.2215077641843141	0.00031670566084146534	0
190	1061.6766273975372	0.2216232459941904	0.00011548180987630552	0
191	1067.5274815559387	0.2216232459941904	0.0	1
192	1073.3713011741638	0.2216232459941904	0.0	2
193	1079.2384934425354	0.22167108584379683	4.7839849606434726e-05	0
194	1085.1106293201447	0.22190162853143738	0.00023054268764055585	0
195	1090.9963779449463	0.22190162853143738	0.0	1
196	1096.845722913742	0.22190162853143738	0.0	2
197	1102.6792151927948	0.22190162853143738	0.0	3
198	1108.5430710315704	0.22192454187945088	2.291334801349243e-05	0
199	1114.4090995788574	0.22192454187945088	0.0	1
200	1120.2360818386078	0.22192454187945088	0.0	2
201	1126.0996704101562	0.22210546948205584	0.00018092760260496332	0
202	1131.9785978794098	0.22211989098224325	1.4421500187405956e-05	0
203	1138.9341342449188	0.2221585252295727	3.8634247329444316e-05	0
204	1145.8716344833374	0.2222722684068122	0.00011374317723950034	0
205	1152.94726395607	0.22245065211534856	0.00017838370853637264	0
206	1158.6822061538696	0.2227701395884089	0.0003194874730603481	0
207	1164.5180549621582	0.2227701395884089	0.0	1
208	1170.3516080379486	0.2227756849114505	5.5453230415891674e-06	0
209	1176.2167558670044	0.22283642724536168	6.0742333911179e-05	0
210	1182.071238040924	0.22283642724536168	0.0	1
211	1187.9658455848694	0.2231024380387931	0.00026601079343141487	0
212	1193.7861258983612	0.22315128446518925	4.884642639615966e-05	0
213	1199.6213665008545	0.22315128446518925	0.0	1
214	1205.461463689804	0.22324427385916415	9.298939397489603e-05	0
215	1211.2756271362305	0.22325441283264616	1.0138973482010094e-05	0
216	1217.1576685905457	0.22345851000281108	0.00020409717016492412	0
217	1223.0329995155334	0.22345851000281108	0.0	1
218	1228.8558967113495	0.22345851000281108	0.0	2
219	1234.7665486335754	0.22354604558072524	8.753557791416067e-05	0
220	1240.5835502147675	0.22361888513750935	7.283955678411003e-05	0
221	1246.425864458084	0.22361888513750935	0.0	1
222	1252.3193826675415	0.2236408102101293	2.192507261994381e-05	0
223	1258.1628036499023	0.22382861913769675	0.00018780892756745104	0
224	1264.0050175189972	0.22396075521809405	0.00013213608039730484	0
225	1269.8871109485626	0.22396075521809405	0.0	1
226	1275.7509565353394	0.22396075521809405	0.0	2
227	1281.6311085224152	0.22419093187781108	0.0002301766597170296	0
228	1287.4755489826202	0.22419093187781108	0.0	1
229	1293.3203117847443	0.22419093187781108	0.0	2
230	1299.1463544368744	0.22434900103659106	0.00015806915877997207	0
231	1305.035560131073	0.22434900103659106	0.0	1
232	1310.913315296173	0.22452440161755058	0.0001754005809595227	0
233	1316.756340265274	0.22456733669298162	4.2935075431044245e-05	0
234	1322.5732817649841	0.22492150531179722	0.0003541686188155979	0
235	1328.4357001781464	0.22492150531179722	0.0	1
236	1334.2664420604706	0.22539794555847076	0.00047644024667353735	0
237	1340.0940539836884	0.22539794555847076	0.0	1
238	1345.9623744487762	0.22539794555847076	0.0	2
239	1351.7676985263824	0.22539794555847076	0.0	3
240	1357.6290667057037	0.22539794555847076	0.0	4
241	1363.4909706115723	0.22539794555847076	0.0	5
242	1369.3093090057373	0.22550918144443402	0.00011123588596326228	0
243	1375.1738903522491	0.22555599641585455	4.681497142053348e-05	0
244	1381.0579307079315	0.22555599641585455	0.0	1
245	1388.0440783500671	0.22567841445488193	0.0001224180390273777	0
246	1395.0649502277374	0.22572014163816528	4.172718328335212e-05	0
247	1402.0747084617615	0.2258128565111975	9.271487303222359e-05	0
248	1407.8828160762787	0.22583690454577396	2.404803457645155e-05	0
249	1413.712065935135	0.22584675069691715	9.846151143189097e-06	0
250	1419.61581325531	0.22584675069691715	0.0	1
251	1425.4207484722137	0.22611506746626686	0.0002683167693497135	0
252	1431.284301996231	0.2261786099137931	6.354244752623806e-05	0
253	1437.1769745349884	0.2262049273214955	2.6317407702397544e-05	0
254	1443.0192849636078	0.22633536137204832	0.00013043405055282453	0
255	1448.8830125331879	0.22633536137204832	0.0	1
256	1454.7711024284363	0.22633536137204832	0.0	2
257	1460.58518242836	0.22633536137204832	0.0	3
258	1466.4733378887177	0.2263968174604104	6.145608836208294e-05	0
259	1472.3586418628693	0.2263968174604104	0.0	1
260	1478.2095942497253	0.22661745909271924	0.00022064163230883782	0
261	1484.053419828415	0.2267812565885026	0.00016379749578335212	0
262	1489.949722290039	0.22680089398660044	1.9637398097849257e-05	0
263	1495.8417358398438	0.22685621910724324	5.5325120642796266e-05	0
264	1501.7001724243164	0.2270992067442841	0.00024298763704086457	0
265	1507.6087725162506	0.2270992067442841	0.0	1
266	1513.4353618621826	0.22717151556057907	7.230881629496921e-05	0
267	1519.3384096622467	0.22717416926302472	2.6537024456485536e-06	0
268	1525.2481439113617	0.22721959332833583	4.542406531110599e-05	0
269	1531.1148598194122	0.22721959332833583	0.0	1
270	1537.0473210811615	0.22725334110288603	3.374777455020239e-05	0
271	1542.9787924289703	0.22730747663277734	5.413552989130821e-05	0
272	1548.886548757553	0.2275529349583021	0.00024545832552475	0
273	1554.7584776878357	0.22780302353705958	0.0002500885787574958	0
274	1560.643337726593	0.22780302353705958	0.0	1
275	1566.5245685577393	0.22780302353705958	0.0	2
276	1572.4581198692322	0.22780302353705958	0.0	3
277	1578.372195482254	0.227888619166979	8.559562991941605e-05	0
278	1584.2539865970612	0.227888619166979	0.0	1
279	1590.138025045395	0.2280501472896364	0.00016152812265740613	0
280	1596.0706505775452	0.2280501472896364	0.0	1
281	1601.9131615161896	0.22809321047484069	4.306318520427843e-05	0
282	1607.7975754737854	0.22822673746134745	0.0001335269865067601	0
283	1613.7075400352478	0.22822673746134745	0.0	1
284	1619.5826041698456	0.22822673746134745	0.0	2
285	1625.4437305927277	0.22827106344288792	4.432598154047174e-05	0
286	1631.3615789413452	0.2283745944410607	0.000103530998172785	0
287	1638.3775098323822	0.22854210712026798	0.0001675126792072823	0
288	1645.3957197666168	0.22854823808798724	6.130967719258917e-06	0
289	1652.5196361541748	0.22854823808798724	0.0	1
290	1658.3298406600952	0.2286688991929816	0.00012066110499436844	0
291	1664.2783341407776	0.2286688991929816	0.0	1
292	1670.2273738384247	0.22873372273824025	6.482354525863543e-05	0
293	1676.1153173446655	0.22907914328968326	0.0003454205514430153	0
294	1682.0099895000458	0.22907914328968326	0.0	1
295	1687.8902745246887	0.22928878578288978	0.0002096424932065133	0
296	1693.7739324569702	0.22928878578288978	0.0	1
297	1699.6296045780182	0.22933580206966828	4.701628677850067e-05	0
298	1705.523553609848	0.22933580206966828	0.0	1
299	1711.4379014968872	0.22962985060204272	0.0002940485323744413	0
300	1717.3591647148132	0.22966817372563716	3.8323123594447006e-05	0
301	1723.2232949733734	0.22966817372563716	0.0	1
302	1729.0772724151611	0.22966817372563716	0.0	2
303	1734.898607492447	0.2296793924814936	1.1218755856440277e-05	0
304	1740.767837047577	0.22985234067536542	0.0001729481938718136	0
305	1746.6485979557037	0.22985234067536542	0.0	1
306	1752.5264604091644	0.22985234067536542	0.0	2
307	1758.4097356796265	0.23009110068988942	0.00023876001452399764	0
308	1764.2514510154724	0.23009110068988942	0.0	1
309	1770.110809803009	0.23009110068988942	0.0	2
310	1776.0218527317047	0.23009110068988942	0.0	3
311	1781.8444726467133	0.23012459224489315	3.349155500373402e-05	0
312	1787.7468800544739	0.23012459224489315	0.0	1
313	1793.632805109024	0.23019278324704834	6.819100215518792e-05	0
314	1799.48215842247	0.23020434972943216	1.1566482383817966e-05	0
315	1805.3861162662506	0.2304038166463643	0.00019946691693215057	0
316	1811.280972480774	0.2304038166463643	0.0	1
317	1817.1131656169891	0.2304038166463643	0.0	2
318	1823.0250222682953	0.2304038166463643	0.0	3
319	1828.9538927078247	0.2304038166463643	0.0	4
320	1834.8657658100128	0.2304499544661263	4.613781976198217e-05	0
321	1840.7839257717133	0.2304499544661263	0.0	1
322	1846.6970038414001	0.2304499544661263	0.0	2
323	1852.5853414535522	0.23054488380809593	9.492934196964065e-05	0
324	1858.4887716770172	0.23056036678926162	1.548298116568758e-05	0
325	1864.4099049568176	0.2305855678117972	2.520102253558698e-05	0
326	1870.313221693039	0.2305855678117972	0.0	1
327	1876.2412078380585	0.23077440161755058	0.00018883380575338005	0
328	1882.1636412143707	0.23077440161755058	0.0	1
329	1889.2557303905487	0.23092432665503185	0.0001499250374812633	0
330	1896.3503441810608	0.23092432665503185	0.0	1
331	1903.5536103248596	0.23094491572573086	2.0589070699017498e-05	0
332	1909.4381740093231	0.23094491572573086	0.0	1
333	1915.3611509799957	0.23094491572573086	0.0	2
334	1921.303407907486	0.23123248556385867	0.0002875698381278047	0
335	1927.1885886192322	0.23123248556385867	0.0	1
336	1933.148896932602	0.23123248556385867	0.0	2
337	1939.0797898769379	0.23123248556385867	0.0	3
338	1944.9872839450836	0.23130744808259932	7.496251874064552e-05	0
339	1950.8872537612915	0.23130744808259932	0.0	1
340	1956.8381311893463	0.23130744808259932	0.0	2
341	1962.7767596244812	0.2313756207833583	6.817270075898385e-05	0
342	1968.734938621521	0.2313756207833583	0.0	1
343	1974.7040948867798	0.23138744348528859	1.1822701930286339e-05	0
344	1980.6326105594635	0.23146908601363378	8.164252834519381e-05	0
345	1986.5620439052582	0.23146908601363378	0.0	1
346	1992.4799382686615	0.23151859129029234	4.9505276658562414e-05	0
347	1998.3674838542938	0.23151859129029234	0.0	1
348	2004.237865447998	0.23151859129029234	0.0	2
349	2010.1720733642578	0.2315829206978542	6.432940756184724e-05	0
350	2016.124088525772	0.23159157725824586	8.656560391673285e-06	0
351	2022.0580768585205	0.2316161926361038	2.4615377857944987e-05	0
352	2027.9575397968292	0.23167916774034855	6.297510424474462e-05	0
353	2033.904375553131	0.23169437620057157	1.5208460223015141e-05	0
354	2039.8496098518372	0.23169437620057157	0.0	1
355	2045.757404088974	0.23169437620057157	0.0	2
356	2051.711976289749	0.23194603869940028	0.00025166249882871417	0
357	2057.6758234500885	0.23194603869940028	0.0	1
358	2063.6373982429504	0.23194603869940028	0.0	2
359	2069.5498287677765	0.23194603869940028	0.0	3
360	2075.521080970764	0.23194603869940028	0.0	4
361	2081.482231616974	0.23195043103448273	4.3923350824537355e-06	0
362	2087.4381110668182	0.23203628288394865	8.585184946591218e-05	0
363	2093.3765952587128	0.23203628288394865	0.0	1
364	2099.3680918216705	0.23222065114903484	0.0001843682650861933	0
365	2105.295129299164	0.23227844695816152	5.7795809126681696e-05	0
366	2111.2364587783813	0.2322866276822526	8.180724091089164e-06	0
367	2117.221517801285	0.2323494197725356	6.27920902829815e-05	0
368	2123.15549826622	0.23247533337823273	0.0001259136056971366	0
369	2129.0843369960785	0.23247533337823273	0.0	1
370	2135.0743823051453	0.23247533337823273	0.0	2
371	2142.1455743312836	0.23255029589697337	7.496251874064552e-05	0
372	2149.20965385437	0.23255029589697337	0.0	1
373	2156.349464893341	0.23259033935180845	4.0043454835075876e-05	0
374	2162.2265474796295	0.2326481534623313	5.781411052285801e-05	0
375	2168.164428472519	0.23278693294954084	0.00013877948720952826	0
376	2174.1087431907654	0.23278693294954084	0.0	1
377	2180.0498235225677	0.23278693294954084	0.0	2
378	2185.996306180954	0.23278693294954084	0.0	3
379	2191.971121788025	0.23278693294954084	0.0	4
380	2197.8977930545807	0.23288511994002997	9.818699048913526e-05	0
381	2203.8207364082336	0.23288521144701085	9.150698088156162e-08	1
382	2209.778217315674	0.23288521144701085	0.0	2
383	2215.6753149032593	0.23288658405172413	1.3726047132789354e-06	0
384	2221.6535379886627	0.23288658405172413	0.0	1
385	2227.59471988678	0.2329806166252811	9.403257355697359e-05	0
386	2233.5307936668396	0.2330471055975918	6.64889723107076e-05	0
387	2239.4920246601105	0.2330471055975918	0.0	1
388	2245.49689912796	0.23310360200758995	5.6496409998135766e-05	0
389	2251.423103570938	0.23311174612888866	8.144121298708784e-06	0
390	2257.4471321105957	0.23318506152197338	7.33153930847219e-05	0
391	2263.4204037189484	0.23318910613052846	4.044608555076046e-06	0
392	2269.3746762275696	0.23322373237209518	3.4626241566720894e-05	0
393	2275.362667798996	0.23323652504802284	1.2792675927658648e-05	0
394	2281.3068673610687	0.233260024040714	2.349899269116218e-05	0
395	2287.2737641334534	0.23337041806245312	0.00011039402173912416	0
396	2293.2299089431763	0.23337041806245312	0.0	1
397	2299.1992621421814	0.23337041806245312	0.0	2
398	2305.1534390449524	0.2334567640496158	8.634598716267261e-05	0
399	2311.1573028564453	0.23350434767967576	4.758363005996635e-05	0
400	2317.191183567047	0.23350434767967576	0.0	1
401	2323.1222496032715	0.23353496591547973	3.061823580396972e-05	0
402	2329.1171548366547	0.23353496591547973	0.0	1
403	2335.1347222328186	0.23367392841665102	0.00013896250117129139	0
404	2341.1076486110687	0.23367392841665102	0.0	1
405	2347.1628947257996	0.23375846256559218	8.453414894116218e-05	0
406	2353.1875636577606	0.23386975335574398	0.00011129079015179122	0
407	2359.1479065418243	0.23386975335574398	0.0	1
408	2365.188306093216	0.23386975335574398	0.0	2
409	2371.2525775432587	0.23386975335574398	0.0	3
410	2377.2284932136536	0.23386975335574398	0.0	4
411	2383.2515726089478	0.23386975335574398	0.0	5
412	2389.247617959976	0.23391700756067277	4.725420492879273e-05	0
413	2396.3800010681152	0.2339419706650581	2.4963104385322676e-05	0
414	2403.541580438614	0.23406889084754495	0.00012692018248686154	0
415	2410.744887828827	0.23413715505528485	6.826420773989317e-05	0
416	2416.697321176529	0.23413715505528485	0.0	1
417	2422.728166818619	0.23420287536895612	6.572031367127473e-05	0
418	2428.7458670139313	0.23421881588502622	1.594051607009539e-05	0
419	2434.7866904735565	0.23421881588502622	0.0	1
420	2440.797416448593	0.23421881588502622	0.0	2
421	2446.8422553539276	0.23423290796008245	1.4092075056232334e-05	0
422	2452.855625152588	0.23439624792096136	0.00016333996087891656	0
423	2458.8582899570465	0.23439624792096136	0.0	1
424	2464.895667552948	0.23439624792096136	0.0	2
425	2470.8594312667847	0.23439624792096136	0.0	3
426	2476.8304212093353	0.23445360449657981	5.73565756184502e-05	0
427	2482.8632397651672	0.23446839202469077	1.4787528110959958e-05	0
428	2488.8268735408783	0.2345607225684033	9.233054371252103e-05	0
429	2494.8049669265747	0.2345607225684033	0.0	1
430	2500.877150774002	0.23460352953406108	4.28069656577823e-05	0
431	2506.9117498397827	0.23467433763586956	7.080810180848385e-05	0
432	2512.9976456165314	0.23478584804277547	0.00011151040690590697	0
433	2519.0710418224335	0.23478584804277547	0.0	1
434	2525.034874677658	0.23478584804277547	0.0	2
435	2531.0494956970215	0.2348966446952305	0.00011079665245503079	0
436	2537.06125497818	0.23493257033592577	3.5925640695266825e-05	0
437	2543.0787012577057	0.23493257033592577	0.0	1
438	2549.13588142395	0.2350224301911544	8.98598552286356e-05	0
439	2555.171710252762	0.2350224301911544	0.0	1
440	2561.154706478119	0.2350224301911544	0.0	2
441	2567.12854719162	0.23508302611389617	6.0595922741768504e-05	0
442	2573.1908049583435	0.23508302611389617	0.0	1
443	2579.1593136787415	0.23520595659201649	0.00012293047812031443	0
444	2585.1384143829346	0.23527788107899172	7.19244869752389e-05	0
445	2591.1730241775513	0.23527788107899172	0.0	1
446	2597.1710362434387	0.23527788107899172	0.0	2
447	2603.1837108135223	0.23527788107899172	0.0	3
448	2609.2383258342743	0.23533829398777173	6.041290878000538e-05	0
449	2615.2489290237427	0.23537473206755996	3.6438079788231326e-05	0
450	2621.2573630809784	0.23537473206755996	0.0	1
451	2627.295131921768	0.23545333656413978	7.860449657981494e-05	0
452	2633.307037591934	0.23545333656413978	0.0	1
453	2639.3206231594086	0.23545333656413978	0.0	2
454	2645.389872312546	0.23551693391585454	6.359735171476699e-05	0
455	2652.571234226227	0.23551693391585454	0.0	1
456	2659.843385696411	0.23551693391585454	0.0	2
457	2667.008810520172	0.23573371395357007	0.0002167800377155249	0
458	2672.931664466858	0.23573371395357007	0.0	1
459	2678.9657049179077	0.23573371395357007	0.0	2
460	2685.0078802108765	0.23573371395357007	0.0	3
461	2691.030900478363	0.23573969851011992	5.984556549848419e-06	0
462	2697.0903828144073	0.23581484404282232	7.514553270240865e-05	0
463	2703.1277828216553	0.23581984032397862	4.996281156299798e-06	0
464	2709.1675395965576	0.23596319516023237	0.00014335483625374512	0
465	2715.236352443695	0.23596319516023237	0.0	1
466	2721.282454252243	0.23598162466618253	1.8429505950157132e-05	0
467	2727.2837505340576	0.2361075199704835	0.0001258953043009603	0
468	2733.366636991501	0.2361075199704835	0.0	1
469	2739.409100294113	0.2361075199704835	0.0	2
470	2745.396714925766	0.23618680161872188	7.928164823839401e-05	0
471	2751.450400829315	0.23628123682299473	9.443520427285246e-05	0
472	2757.4978251457214	0.23629247388024735	1.1237057252616589e-05	0
473	2763.530966758728	0.23629247388024735	0.0	1
474	2769.6066534519196	0.2363292230837706	3.674920352325639e-05	0
475	2775.6624524593353	0.2363292230837706	0.0	1
476	2781.721435546875	0.2363292230837706	0.0	2
477	2787.785764694214	0.23636966916932156	4.044608555095475e-05	0
478	2793.8714320659637	0.23645855905055282	8.888988123126329e-05	0
479	2799.9362807273865	0.2365970640168197	0.00013850496626688358	0
480	2805.949613571167	0.2365970640168197	0.0	1
481	2812.030344247818	0.2365970640168197	0.0	2
482	2818.117429971695	0.2365970640168197	0.0	3
483	2824.1880989074707	0.23677372739411542	0.00017666337729571602	0
484	2830.2212929725647	0.23677372739411542	0.0	1
485	2836.250646352768	0.23677372739411542	0.0	2
486	2842.309958219528	0.23678377486061655	1.0047466501128532e-05	0
487	2848.392434358597	0.23678377486061655	0.0	1
488	2854.4285790920258	0.23678377486061655	0.0	2
489	2860.518001317978	0.23680266190147112	1.888704085456494e-05	0
490	2866.6065344810486	0.2369164965856915	0.0001138346842203819	0
491	2872.668284893036	0.2369279898624906	1.1493276799112717e-05	0
492	2878.754227399826	0.2369279898624906	0.0	1
493	2884.8857686519623	0.2369279898624906	0.0	2
494	2890.9339673519135	0.23700295238123123	7.496251874061777e-05	0
495	2896.967964410782	0.23700295238123123	0.0	1
496	2903.034670829773	0.23700295238123123	0.0	2
497	2910.266308069229	0.2371891873887275	0.00018623500749626043	0
498	2917.473842859268	0.2371891873887275	0.0	1
499	2924.7756423950195	0.23720124800880807	1.20606200805784e-05	0
500	2930.757084131241	0.23720124800880807	0.0	1
501	2936.7764163017273	0.23720124800880807	0.0	2
502	2942.8690223693848	0.23720124800880807	0.0	3
503	2948.9184515476227	0.23724517135963266	4.3923350824592866e-05	0
504	2954.9626982212067	0.23741517302872	0.00017000166908734404	0
505	2961.0258691310883	0.23741517302872	0.0	1
506	2967.0899863243103	0.23744685274550223	3.167971678222359e-05	0
507	2973.1679928302765	0.23753453473458583	8.768198908359892e-05	0
508	2979.2588052749634	0.23766068625843326	0.00012615152384742867	0
509	2985.2769956588745	0.23766068625843326	0.0	1
510	2991.2994849681854	0.23766068625843326	0.0	2
511	2997.366919517517	0.23766161962963828	9.333712050196841e-07	3
512	3003.4470920562744	0.23776143544438716	9.981581474888257e-05	0
513	3009.498554944992	0.23776143544438716	0.0	1
514	3015.589859008789	0.2377771014395146	1.5665995127450705e-05	0
515	3021.680159330368	0.2377771014395146	0.0	1
516	3027.7611095905304	0.23783643456592016	5.933312640554744e-05	0
517	3033.818654537201	0.23783643456592016	0.0	1
518	3039.8943741321564	0.2379681314128092	0.0001316968468890456	0
519	3046.028210401535	0.23802761095038416	5.947953757495794e-05	0
520	3052.1798644065857	0.23803515112560905	7.540175224890477e-06	0
521	3058.3194370269775	0.23822023314514615	0.00018508201953709724	0
522	3064.476413965225	0.23822023314514615	0.0	1
523	3070.6661286354065	0.23830714647559031	8.691333044416605e-05	0
524	3076.852741956711	0.23830714647559031	0.0	1
525	3082.9533727169037	0.23830714647559031	0.0	2
526	3089.127426624298	0.23834598203827773	3.883556268741151e-05	0
527	3095.2309305667877	0.23834598203827773	0.0	1
528	3101.3134491443634	0.23843384704132306	8.786500304533429e-05	0
529	3107.4977838993073	0.23843384704132306	0.0	1
530	3113.5773639678955	0.23843384704132306	0.0	2
531	3119.675360441208	0.23843384704132306	0.0	3
532	3125.84903049469	0.23852343237560905	8.958533428599091e-05	0
533	3131.9768068790436	0.23852343237560905	0.0	1
534	3138.097197532654	0.23862941576086955	0.00010598338526049411	0
535	3144.210186958313	0.23862941576086955	0.0	1
536	3150.3127648830414	0.23866479235967952	3.5376598809977455e-05	0
537	3156.407208442688	0.23866479235967952	0.0	1
538	3162.5128355026245	0.2388235020673257	0.00015870970764617076	0
539	3169.7523741722107	0.2388235020673257	0.0	1
540	3177.022937774658	0.2388235020673257	0.0	2
541	3184.311644077301	0.23882670481165666	3.202744330965679e-06	0
542	3190.340817451477	0.23888386007191714	5.715526026048301e-05	0
543	3196.439964056015	0.23892827756043852	4.4417488521381054e-05	0
544	3202.527343273163	0.23892827756043852	0.0	1
545	3208.618035554886	0.2389550708044415	2.6793244002981664e-05	0
546	3214.6566319465637	0.238987500878467	3.2430074025507905e-05	0
547	3220.7597024440765	0.23907734243229947	8.984155383245929e-05	0
548	3226.8794333934784	0.23907734243229947	0.0	1
549	3233.00888466835	0.23921074130903297	0.00013339887673349815	0
550	3239.1090607643127	0.23928859544836956	7.785413933658614e-05	0
551	3245.1903545856476	0.23944435863123123	0.00015576318286167345	0
552	3251.258692741394	0.23949338807158918	4.902944035795054e-05	0
553	3257.345135450363	0.23949338807158918	0.0	1
554	3263.459719181061	0.23949338807158918	0.0	2
555	3269.550577402115	0.23949338807158918	0.0	3
556	3275.6748797893524	0.23949338807158918	0.0	4
557	3281.791319847107	0.23949338807158918	0.0	5
558	3287.9296000003815	0.23949338807158918	0.0	6
559	3294.0457429885864	0.23951822306620127	2.483499461208849e-05	0
560	3300.151245355606	0.23953930627459705	2.108320839577793e-05	0
561	3306.2821221351624	0.23961946638985193	8.016011525488476e-05	0
562	3312.3919615745544	0.23976712205420725	0.0001476556643553173	0
563	3318.459683895111	0.23976712205420725	0.0	1
564	3324.5147454738617	0.23976712205420725	0.0	2
565	3330.6186261177063	0.23976712205420725	0.0	3
566	3336.6935575008392	0.23976712205420725	0.0	4
567	3342.776308774948	0.23976712205420725	0.0	5
568	3348.884654045105	0.23976712205420725	0.0	6
569	3354.9643683433533	0.23976712205420725	0.0	7
570	3361.0297515392303	0.23982195303715328	5.483098294603583e-05	0
571	3367.1027438640594	0.23982195303715328	0.0	1
572	3373.2284190654755	0.23984914891187217	2.719587471888829e-05	0
573	3379.290405511856	0.2398502286942466	1.0797823744301827e-06	0
574	3385.3534138202667	0.2398502286942466	0.0	1
575	3391.3807542324066	0.2398828966864224	3.2667992175799965e-05	0
576	3397.4714534282684	0.2399066702000562	2.3773513633806864e-05	0
577	3403.5352654457092	0.2399285586698838	2.1888469827591184e-05	0
578	3409.574682235718	0.23995670621720389	2.8147547320084287e-05	0
579	3415.6271681785583	0.2400141726011994	5.7466383995508075e-05	0
580	3421.7056810855865	0.2400141726011994	0.0	1
581	3428.9495792388916	0.2400141726011994	0.0	2
582	3436.1343116760254	0.24020236585808658	0.00018819325688718136	0
583	3443.3572340011597	0.24020236585808658	0.0	1
584	3449.3601491451263	0.24022337586089765	2.101000281107268e-05	0
585	3455.4251053333282	0.24022337586089765	0.0	1
586	3461.5532569885254	0.24022337586089765	0.0	2
587	3467.6526958942413	0.24022337586089765	0.0	3
588	3473.785207748413	0.24029462319621436	7.124733531671534e-05	0
589	3479.8993031978607	0.24029462319621436	0.0	1
590	3485.9613654613495	0.24029462319621436	0.0	2
591	3492.0449249744415	0.2403519065662481	5.728337003374495e-05	0
592	3498.1443235874176	0.2403519065662481	0.0	1
593	3504.235733270645	0.24035957485124623	7.668284998124664e-06	0
594	3510.293712615967	0.2403898087577305	3.023390648426716e-05	0
595	3516.386506795883	0.2403898087577305	0.0	1
596	3522.4351420402527	0.24041733405758056	2.7525299850061913e-05	0
597	3528.473605155945	0.24053448129450897	0.00011714723692840545	0
598	3534.6333014965057	0.24053448129450897	0.0	1
599	3540.6998913288116	0.24053448129450897	0.0	2
600	3546.8300080299377	0.24053448129450897	0.0	3
601	3552.912655353546	0.24060982814256932	7.534684806034808e-05	0
602	3558.9629271030426	0.24060982814256932	0.0	1
603	3565.0650560855865	0.24060982814256932	0.0	2
604	3571.1741387844086	0.24060982814256932	0.0	3
605	3577.2486052513123	0.24079018840189279	0.00018036025932346988	0
606	3583.364295244217	0.2408094414706709	1.9253068778118942e-05	0
607	3589.4877235889435	0.2408094414706709	0.0	1
608	3595.560366630554	0.2408094414706709	0.0	2
609	3601.6463577747345	0.2408094414706709	0.0	3
