1	45.47665858268738	0.03954190964820324	10000000000.039541	0
2	77.6209967136383	0.03954190964820324	0.0	1
3	110.13177633285522	0.0444509114461324	0.004909001797929156	0
4	144.22114491462708	0.04945556549118019	0.005004654045047789	0
5	178.8184735774994	0.04945556549118019	0.0	1
6	214.93125891685486	0.07996853623969265	0.03051297074851246	0
7	251.979887008667	0.08787547144396551	0.007906935204272866	0
8	290.4652647972107	0.08787547144396551	0.0	1
9	332.06088161468506	0.08787547144396551	0.0	2
10	375.69537377357483	0.12150126718867128	0.03362579574470577	0
11	421.17020988464355	0.12150126718867128	0.0	1
12	470.7546603679657	0.12150126718867128	0.0	2
13	529.0640842914581	0.13016400430156014	0.008662737112888855	0
14	592.7403073310852	0.13016400430156014	0.0	1
15	659.2663125991821	0.14171051986213923	0.01154651556057909	0
16	724.8150153160095	0.14705784009850542	0.005347320236366193	0
17	792.1460402011871	0.14858480793782794	0.0015269678393225183	0
18	854.6849970817566	0.15085205810180846	0.002267250163980522	0
19	920.4382119178772	0.15424784555964205	0.003395787457833588	0
20	985.8432793617249	0.16478708887743626	0.010539243317794211	0
21	1049.876962184906	0.16597962615372	0.0011925372762837394	0
22	1114.907859802246	0.16597962615372	0.0	1
23	1178.5601797103882	0.167597780699494	0.001618154545773992	0
24	1243.7328617572784	0.16918487777595576	0.0015870970764617631	0
25	1307.5970525741577	0.16918487777595576	0.0	1
26	1370.4458751678467	0.16954803238029423	0.0003631546043384726	0
27	1434.6473171710968	0.17318177459122	0.003633742210925772	0
28	1498.547922372818	0.17318177459122	0.0	1
29	1562.2102921009064	0.1733483172964299	0.00016654270520991	0
30	1622.7989792823792	0.17473783249976574	0.0013895152033358282	0
31	1683.8955471515656	0.17625695819082646	0.0015191256910607187	0
32	1744.6189992427826	0.17687536236764428	0.0006184041768178272	0
33	1803.2765445709229	0.17687536236764428	0.0	1
34	1862.3862314224243	0.1810343729502436	0.004159010582599321	0
35	1921.6342451572418	0.1810343729502436	0.0	1
36	1979.364489555359	0.1810343729502436	0.0	2
37	2038.3913555145264	0.1810343729502436	0.0	3
38	2096.561518907547	0.1810343729502436	0.0	4
39	2152.480529308319	0.18427652018717203	0.003242147236928422	0
40	2210.5889763832092	0.18430022049522113	2.3700308049101615e-05	0
41	2268.1607105731964	0.18557458331381183	0.0012743628185906963	0
42	2326.0874469280243	0.18651569600941714	0.0009411126956053173	0
43	2383.6338324546814	0.18690932243839017	0.0003936264289730318	0
44	2437.176155090332	0.18735631573861505	0.0004469933002248794	0
45	2492.9804401397705	0.18899978111530172	0.0016434653766866647	0
46	2548.282289981842	0.18899978111530172	0.0	1
47	2602.396474123001	0.18955779068473574	0.0005580095694340259	0
48	2655.7196033000946	0.19122307132566527	0.0016652806409295229	0
49	2711.4805512428284	0.19122307132566527	0.0	1
50	2766.6315495967865	0.19166515985171476	0.0004420885260494889	0
51	2822.753478527069	0.19281988644349699	0.0011547265917822291	0
52	2877.982759952545	0.1938142012977886	0.0009943148542916058	0
53	2932.8270831108093	0.1949179768026143	0.0011037755048257103	0
54	2987.7811415195465	0.19637136387860757	0.0014533870759932677	0
55	3042.637775182724	0.19637136387860757	0.0	1
56	3099.086927175522	0.19637136387860757	0.0	2
57	3154.802070379257	0.19719104681057908	0.000819682931971516	0
58	3210.631909132004	0.1985281834180566	0.0013371366074775015	0
59	3266.9966793060303	0.1985281834180566	0.0	1
60	3323.0248413085938	0.1985281834180566	0.0	2
61	3379.3561930656433	0.19913884610429158	0.0006106626862349973	0
62	3435.1400244235992	0.19913884610429158	0.0	1
63	3491.0376505851746	0.19913884610429158	0.0	2
64	3547.112507581711	0.19913884610429158	0.0	3
65	3602.838602781296	0.200361763698229	0.001222917593937417	0
