1	3.269041061401367	0.0995117017146693	10000000000.099512	0
2	5.669522047042847	0.10334908030630109	0.0038373785916317876	0
3	8.235459566116333	0.11742236853786633	0.014073288231565242	0
4	10.964210748672485	0.1233883116994368	0.005965943161570467	0
5	13.680693626403809	0.13708412133905876	0.013695809639621956	0
6	16.53830313682556	0.1434869112200334	0.006402789880974646	0
7	19.506794214248657	0.16068428441097862	0.01719737319094522	0
8	22.574235677719116	0.16068428441097862	0.0	1
9	25.775358200073242	0.16068428441097862	0.0	2
10	28.906880617141724	0.16967475319212894	0.008990468781150313	0
11	31.916056156158447	0.16998482054690614	0.0003100673547772048	0
12	34.97500538825989	0.16998482054690614	0.0	1
13	37.97514224052429	0.1715359847511401	0.0015511642042339568	0
14	41.01384878158569	0.1715797168786446	4.373212750449773e-05	0
15	44.014803409576416	0.1715797168786446	0.0	1
16	47.07834720611572	0.17358556622713567	0.0020058493484910733	0
17	50.14543271064758	0.1742006268417626	0.0006150606146269333	0
18	53.08830738067627	0.17591322514048793	0.0017125982987253319	0
19	56.15661907196045	0.1762342437792813	0.0003210186387933578	0
20	59.2156183719635	0.1766757995508124	0.00044155577153109915	0
21	62.27709102630615	0.1766757995508124	0.0	1
22	65.1914074420929	0.1769819487795305	0.00030614922871810557	0
23	68.30579495429993	0.17882282311836498	0.0018408743388344806	0
24	71.28838205337524	0.17931745611309435	0.000494632994729377	0
25	74.31520748138428	0.17948553398655553	0.00016807787346118097	0
26	77.35020875930786	0.1795407771303703	5.524314381477602e-05	0
27	80.39766883850098	0.1795407771303703	0.0	1
28	83.48077702522278	0.1795407771303703	0.0	2
29	86.53488540649414	0.18028298215242475	0.0007422050220544374	0
30	89.61003828048706	0.181280510277269	0.0009975281248442436	0
31	92.72308349609375	0.181280510277269	0.0	1
32	95.77892780303955	0.18162065715881057	0.00034014688154157535	0
33	98.83220767974854	0.18162065715881057	0.0	1
34	101.9189350605011	0.18162065715881057	0.0	2
35	104.91478276252747	0.1824701969323166	0.0008495397735060195	0
36	108.00747394561768	0.1824701969323166	0.0	1
37	111.08342456817627	0.1824701969323166	0.0	2
38	114.14725542068481	0.1824701969323166	0.0	3
39	117.24340176582336	0.1825360019811603	6.580504884370897e-05	0
40	120.30353951454163	0.1825360019811603	0.0	1
41	123.4141435623169	0.18324176356362765	0.0007057615824673513	0
42	126.63251686096191	0.18414109517512708	0.0008993316114994376	0
43	129.76237416267395	0.18422812137877542	8.702620364833824e-05	0
44	132.94119310379028	0.18487958892870937	0.0006514675499339484	0
45	136.01760411262512	0.18487958892870937	0.0	1
46	139.18028807640076	0.18487958892870937	0.0	2
47	142.30723667144775	0.18512508021207139	0.00024549128336201487	0
48	145.48455095291138	0.18512508021207139	0.0	1
49	148.70822429656982	0.18555315373616926	0.00042807352409787724	0
50	151.88571405410767	0.1856770370945786	0.00012388335840934905	0
51	155.01456761360168	0.18617396985895135	0.0004969327643727373	0
52	158.22877621650696	0.18706513667981212	0.000891166820860767	0
53	161.28701329231262	0.18706513667981212	0.0	1
54	164.37610936164856	0.18778613271515526	0.0007209960353431466	0
55	167.52273774147034	0.18778613271515526	0.0	1
56	170.54778122901917	0.18778613271515526	0.0	2
57	173.58274674415588	0.18805936725135816	0.0002732345362028987	0
58	176.57029104232788	0.18825180564770858	0.00019243839635041393	0
59	179.5681095123291	0.1882849880382775	3.318239056893102e-05	0
60	182.5488395690918	0.18852175479870664	0.0002367667604291357	0
61	185.52752923965454	0.18852175479870664	0.0	1
62	188.46759223937988	0.18890834729257003	0.0003865924938633858	0
63	191.48227310180664	0.18918242142721417	0.0002740741346441422	0
64	194.5075671672821	0.1894366615696957	0.00025424014248154325	0
65	197.5350625514984	0.1900855494838392	0.0006488879141434978	0
66	200.53832244873047	0.1900855494838392	0.0	1
67	203.5314953327179	0.19028430312063896	0.00019875363679974778	0
68	206.57995128631592	0.19028430312063896	0.0	1
69	209.61535239219666	0.19068724953196645	0.0004029464113274872	0
70	212.6030592918396	0.19163204114022628	0.0009447916082598318	0
71	215.59800362586975	0.19163204114022628	0.0	1
72	218.61284852027893	0.19233170650792464	0.00069966536769836	0
73	221.5845868587494	0.19233170650792464	0.0	1
74	224.63064527511597	0.19233170650792464	0.0	2
75	227.63412427902222	0.19233170650792464	0.0	3
76	230.65055871009827	0.19233170650792464	0.0	4
77	233.63013124465942	0.19233170650792464	0.0	5
78	236.5507698059082	0.19233170650792464	0.0	6
79	239.57948279380798	0.1927673242499003	0.0004356177419756746	0
80	242.54175925254822	0.1927673242499003	0.0	1
81	245.50405597686768	0.1927673242499003	0.0	2
82	248.3908007144928	0.19344500187291294	0.0006776776230126291	0
83	251.35706400871277	0.19344500187291294	0.0	1
84	254.35861897468567	0.19344500187291294	0.0	2
85	257.31316018104553	0.1936082368452203	0.00016323497230735784	0
86	260.2211911678314	0.1943180504027736	0.0007098135575533127	0
87	263.1638836860657	0.19453770882395086	0.00021965842117724343	0
88	266.1531629562378	0.1949552569472999	0.000417548123349043	0
89	269.07749223709106	0.1949552569472999	0.0	1
90	272.0367794036865	0.19499230879155452	3.7051844254620825e-05	0
91	274.93375849723816	0.19499230879155452	0.0	1
92	277.88763999938965	0.19509758713522976	0.00010527834367524136	0
93	280.8469994068146	0.19509758713522976	0.0	1
94	283.8397717475891	0.19556637509968103	0.00046878796445126714	0
95	286.77746510505676	0.19556637509968103	0.0	1
96	289.7554349899292	0.19575208454040818	0.00018570944072715534	0
97	292.6843225955963	0.19575208454040818	0.0	1
98	295.6134104728699	0.1965399199125299	0.0007878353721217091	0
99	298.5753331184387	0.1971776496850703	0.0006377297725403963	0
100	301.48742413520813	0.19845826850173195	0.001280618816661666	0
101	304.45925760269165	0.19845826850173195	0.0	1
102	307.450217962265	0.19845826850173195	0.0	2
103	310.515291929245	0.19845826850173195	0.0	3
104	313.44406390190125	0.19873259816633648	0.0002743296646045279	0
105	316.334867477417	0.1991103931287069	0.0003777949623704202	0
106	319.2478506565094	0.19944140177214165	0.0003310086434347437	0
107	322.1607451438904	0.19944140177214165	0.0	1
108	325.15959763526917	0.19944140177214165	0.0	2
109	328.08501386642456	0.19944140177214165	0.0	3
110	331.0145583152771	0.20001921585302035	0.0005778140808787025	0
111	334.07098150253296	0.20001921585302035	0.0	1
112	337.0766830444336	0.20001921585302035	0.0	2
113	340.13345527648926	0.2003112379253576	0.0002920220723372502	0
114	343.2346160411835	0.20044717986427807	0.00013594193892046968	0
115	346.2771146297455	0.20079681785863362	0.0003496379943555561	0
116	349.34284806251526	0.20079681785863362	0.0	1
117	352.41585898399353	0.20079681785863362	0.0	2
118	355.47993421554565	0.20079681785863362	0.0	3
119	358.42424058914185	0.2010951795076069	0.00029836164897328876	0
120	361.4111270904541	0.20199299010743746	0.0008978105998305452	0
121	364.30221605300903	0.20199299010743746	0.0	1
122	367.1952669620514	0.20246665747732256	0.0004736673698851057	0
123	370.12908697128296	0.20274252032168935	0.00027586284436678654	0
124	373.04074931144714	0.20274252032168935	0.0	1
125	375.99395537376404	0.20274252032168935	0.0	2
126	378.92625975608826	0.2030263289310145	0.0002838086093251424	0
127	381.8851726055145	0.2034179590155253	0.00039163008451081893	0
128	384.8109538555145	0.203431769801479	1.3810785953694005e-05	0
129	387.7516815662384	0.20349281712582237	6.104732434336624e-05	0
130	390.6911940574646	0.20375799638422673	0.00026517925840435774	0
131	393.5983695983887	0.20375799638422673	0.0	1
132	396.57906913757324	0.2041130005077502	0.00035500412352346133	0
133	399.47606110572815	0.2041130005077502	0.0	1
134	402.4600193500519	0.20471510210295804	0.000602101595207849	0
135	405.39115381240845	0.20486211700682816	0.0001470149038701185	0
136	408.25870656967163	0.20498289750143292	0.00012078049460476081	0
137	411.16129636764526	0.20532759524988786	0.00034469774845494183	0
138	414.03187823295593	0.20562388832299142	0.000296293073103554	0
139	416.8590395450592	0.20562388832299142	0.0	1
140	419.75060296058655	0.20562388832299142	0.0	2
141	422.65569615364075	0.20585036087644537	0.00022647255345395467	0
142	425.501660823822	0.20585036087644537	0.0	1
143	428.36386919021606	0.20585036087644537	0.0	2
144	431.17976689338684	0.20619223562724281	0.000341874750797444	0
145	433.99205899238586	0.20672848350123355	0.0005362478739907306	0
146	436.8753435611725	0.20731126216419957	0.0005827786629660214	0
147	439.7251374721527	0.20731126216419957	0.0	1
148	442.5740079879761	0.20732652095326207	1.52587890625e-05	0
149	445.4441273212433	0.20732652095326207	0.0	1
150	448.23836159706116	0.20732652095326207	0.0	2
151	451.09409260749817	0.20732652095326207	0.0	3
152	453.99549531936646	0.2077389463093102	0.00041242535604812947	0
153	456.85969066619873	0.2077389463093102	0.0	1
154	459.71538829803467	0.20813767039224482	0.0003987240829346206	0
155	462.5565779209137	0.20813767039224482	0.0	1
156	465.4308624267578	0.20813767039224482	0.0	2
157	468.28910636901855	0.20813767039224482	0.0	3
158	471.0999450683594	0.20813767039224482	0.0	4
159	474.0785994529724	0.20823343328691937	9.57628946745559e-05	0
160	476.92678928375244	0.20839556096273176	0.00016212767581239018	0
161	479.7513310909271	0.20868542928254585	0.00028986831981409056	0
162	482.58579897880554	0.20868542928254585	0.0	1
163	485.40934467315674	0.2087428626831639	5.743340061803437e-05	0
164	488.281188249588	0.2097987854880009	0.0010559228048370173	0
165	491.1874032020569	0.2097987854880009	0.0	1
166	494.0981254577637	0.2097987854880009	0.0	2
167	496.9669632911682	0.2102469120299417	0.00044812654194079093	0
168	499.8696765899658	0.21034695809347587	0.00010004606353417045	0
169	502.7088906764984	0.21034695809347587	0.0	1
170	505.56865334510803	0.21034695809347587	0.0	2
171	508.3939833641052	0.21034695809347587	0.0	3
172	511.2568783760071	0.21034695809347587	0.0	4
173	514.124449968338	0.21034695809347587	0.0	5
174	517.0298175811768	0.21043162368701407	8.466559353820236e-05	0
175	520.0126121044159	0.21059440843986743	0.00016278475285336214	0
176	522.9083666801453	0.21139185660573664	0.0007974481658692134	0
177	525.8327670097351	0.21139185660573664	0.0	1
178	528.7298955917358	0.21139185660573664	0.0	2
179	531.6171631813049	0.21139185660573664	0.0	3
180	534.6037962436676	0.21139185660573664	0.0	4
181	537.5159969329834	0.21139185660573664	0.0	5
182	540.4217884540558	0.21147335849500348	8.150188926683843e-05	0
183	543.3420553207397	0.21147335849500348	0.0	1
184	546.2343800067902	0.21147335849500348	0.0	2
185	549.0198192596436	0.21147335849500348	0.0	3
186	551.8850100040436	0.21166999488356011	0.00019663638855663135	0
187	554.718380689621	0.21166999488356011	0.0	1
188	557.5064249038696	0.21166999488356011	0.0	2
189	560.3060660362244	0.21166999488356011	0.0	3
190	563.1429462432861	0.21166999488356011	0.0	4
191	565.9549803733826	0.21179058068867126	0.0001205858051111508	0
192	568.7755296230316	0.21179058068867126	0.0	1
193	571.6599581241608	0.21179058068867126	0.0	2
194	574.4377839565277	0.2118502530184659	5.967232979464665e-05	0
195	577.2559812068939	0.21191450055136066	6.424753289474561e-05	0
196	580.1023907661438	0.21191450055136066	0.0	1
197	582.9301791191101	0.21223576255202103	0.00032126200066037724	0
198	585.787704706192	0.21223576255202103	0.0	1
199	588.6583392620087	0.21230543705455043	6.967450252939877e-05	0
200	591.5108449459076	0.21230543705455043	0.0	1
201	594.348062992096	0.21242935691723983	0.00012391986268939226	0
202	597.2988984584808	0.21242935691723983	0.0	1
203	600.2218425273895	0.21256177010908842	0.00013241319184859046	0
204	603.0414154529572	0.21256177010908842	0.0	1
205	605.8973367214203	0.21271499074056768	0.00015322063147926723	0
206	608.708193063736	0.21322680508310904	0.0005118143425413557	0
207	611.5154986381531	0.21322680508310904	0.0	1
208	614.3336992263794	0.21322680508310904	0.0	2
209	617.1991209983826	0.21322680508310904	0.0	3
210	620.0038506984711	0.21375794235789225	0.000531137274783211	0
211	622.8490104675293	0.21375794235789225	0.0	1
212	625.7122302055359	0.21375794235789225	0.0	2
213	628.5341715812683	0.21389892188746013	0.00014097952956787507	0
214	631.4018108844757	0.21389892188746013	0.0	1
215	634.2847418785095	0.21389892188746013	0.0	2
216	637.1640560626984	0.21389892188746013	0.0	3
217	640.01003241539	0.2139101652057167	1.1243318256581869e-05	0
218	642.8642838001251	0.2139101652057167	0.0	1
219	645.6977903842926	0.21402425324897828	0.00011408804326157318	0
220	648.5374064445496	0.21402425324897828	0.0	1
221	651.3288671970367	0.21402425324897828	0.0	2
222	654.1775650978088	0.21402425324897828	0.0	3
223	656.9606957435608	0.214275451368122	0.0002511981191437307	0
224	659.8369436264038	0.21476093395665122	0.0004854825885292069	0
225	662.6384947299957	0.21509509413626396	0.00033416017961274136	0
226	665.4821214675903	0.21509509413626396	0.0	1
227	668.2812716960907	0.21509509413626396	0.0	2
228	671.0578269958496	0.21525790322530403	0.00016280908904006686	0
229	673.8405795097351	0.21589254230213317	0.0006346390768291466	0
230	676.627357006073	0.21589254230213317	0.0	1
231	679.4700331687927	0.21589254230213317	0.0	2
232	682.2803440093994	0.21589254230213317	0.0	3
233	685.1359844207764	0.21639318633497806	0.000500644032844888	0
234	687.9682433605194	0.21639318633497806	0.0	1
235	690.7563283443451	0.21639318633497806	0.0	2
236	693.5461962223053	0.21639318633497806	0.0	3
237	696.3322415351868	0.21645407547410786	6.088913912979943e-05	0
238	699.1380031108856	0.21716717441686603	0.0007130989427581724	0
239	701.9535067081451	0.21716717441686603	0.0	1
240	704.8522300720215	0.21716717441686603	0.0	2
241	707.7539813518524	0.21716717441686603	0.0	3
242	710.6768670082092	0.21716717441686603	0.0	4
243	713.5215911865234	0.2171906345008473	2.346008398126931e-05	0
244	716.4372916221619	0.2171906345008473	0.0	1
245	719.3303546905518	0.21753615967965012	0.0003455251788028191	0
246	722.2286028862	0.21762608188951604	8.992220986592248e-05	0
247	725.1646518707275	0.21762608188951604	0.0	1
248	728.0475628376007	0.21762608188951604	0.0	2
249	730.9013929367065	0.21781420061272677	0.00018811872321072842	0
250	733.8419351577759	0.21781420061272677	0.0	1
251	736.5997006893158	0.21781420061272677	0.0	2
252	739.3519661426544	0.21802480597245066	0.00021060535972389216	0
253	742.0829787254333	0.21802480597245066	0.0	1
254	744.819874048233	0.21802480597245066	0.0	2
255	747.5759811401367	0.21802480597245066	0.0	3
256	750.3452837467194	0.21805802486729964	3.321889484897422e-05	0
257	753.1181161403656	0.21805802486729964	0.0	1
258	755.9408121109009	0.21805802486729964	0.0	2
259	758.7108857631683	0.21805802486729964	0.0	3
260	761.4988980293274	0.2183447781552158	0.00028675328791616383	0
261	764.3123199939728	0.2183447781552158	0.0	1
262	767.10786652565	0.2183447781552158	0.0	2
263	769.8914301395416	0.2183447781552158	0.0	3
264	772.6484475135803	0.2183447781552158	0.0	4
265	775.4531798362732	0.2184504945502517	0.00010571639503589858	0
266	778.2739598751068	0.2186755556048769	0.00022506105462519188	0
267	781.0863547325134	0.21882225413831988	0.0001466985334429849	0
268	783.9979448318481	0.21894658771618322	0.00012433357786334476	0
269	786.7932283878326	0.2190742796878115	0.00012769197162829093	0
270	789.5870046615601	0.2192209782212545	0.0001466985334429849	0
271	792.4188203811646	0.21925419711610347	3.321889484897422e-05	0
272	795.1688027381897	0.21959560947935358	0.0003414123632501098	0
273	797.9666473865509	0.21959560947935358	0.0	1
274	800.7491466999054	0.2197294098338442	0.00013380035449062078	0
275	803.4907298088074	0.2197294098338442	0.0	1
276	806.3051338195801	0.2197294098338442	0.0	2
277	809.0996112823486	0.2197294098338442	0.0	3
278	811.8980069160461	0.2197294098338442	0.0	4
279	814.6526947021484	0.2197294098338442	0.0	5
280	817.4238159656525	0.2197294098338442	0.0	6
281	820.1633770465851	0.2197294098338442	0.0	7
282	822.9135839939117	0.22004171611779805	0.00031230628395384485	0
283	825.6579196453094	0.22004171611779805	0.0	1
284	828.3952693939209	0.22004171611779805	0.0	2
285	831.1837046146393	0.22004171611779805	0.0	3
286	833.9802725315094	0.22004171611779805	0.0	4
287	836.6986572742462	0.22004171611779805	0.0	5
288	839.4426109790802	0.22004171611779805	0.0	6
289	842.159809589386	0.22004171611779805	0.0	7
290	844.9041452407837	0.22042780971983403	0.00038609360203598064	0
291	847.6575565338135	0.22046487373218202	3.706401234798706e-05	0
292	850.4532952308655	0.22051780493826006	5.2931206078049575e-05	0
293	853.1691651344299	0.22051780493826006	0.0	1
294	855.9288191795349	0.22061580676211123	9.800182385116818e-05	0
295	858.6514921188354	0.22061580676211123	0.0	1
296	861.4278607368469	0.22061580676211123	0.0	2
297	864.1953992843628	0.22061580676211123	0.0	3
298	866.9005341529846	0.22061580676211123	0.0	4
299	869.6506199836731	0.22061580676211123	0.0	5
300	872.4076859951019	0.22061580676211123	0.0	6
301	875.2311782836914	0.22061580676211123	0.0	7
302	878.0190312862396	0.22061580676211123	0.0	8
303	880.7667071819305	0.22061580676211123	0.0	9
304	883.5711488723755	0.22061580676211123	0.0	10
305	886.4206156730652	0.22061580676211123	0.0	11
306	889.2944464683533	0.22061580676211123	0.0	12
307	892.1631076335907	0.22061580676211123	0.0	13
308	895.0372633934021	0.22061580676211123	0.0	14
309	897.8802225589752	0.22068268260316987	6.687584105863342e-05	0
310	900.7996485233307	0.22068268260316987	0.0	1
311	903.6789329051971	0.22068268260316987	0.0	2
312	906.5665848255157	0.22068268260316987	0.0	3
313	909.5125167369843	0.22068268260316987	0.0	4
314	912.3978440761566	0.22068268260316987	0.0	5
315	915.2829592227936	0.22068268260316987	0.0	6
316	918.1642365455627	0.22068268260316987	0.0	7
317	920.8959612846375	0.22068268260316987	0.0	8
318	923.6843032836914	0.22068268260316987	0.0	9
319	926.4784555435181	0.22068268260316987	0.0	10
320	929.288244009018	0.22068268260316987	0.0	11
321	932.0377035140991	0.22068268260316987	0.0	12
322	934.8229751586914	0.22114144405869965	0.00045876145552978254	0
323	937.6165494918823	0.22114144405869965	0.0	1
324	940.4346959590912	0.22114144405869965	0.0	2
325	943.2191770076752	0.2211961274702203	5.4683411520650704e-05	0
326	946.0556538105011	0.2212181517191861	2.2024248965801796e-05	0
327	948.8640856742859	0.2212181517191861	0.0	1
328	951.6424117088318	0.2212181517191861	0.0	2
329	954.4664931297302	0.2212181517191861	0.0	3
330	957.3039081096649	0.2212181517191861	0.0	4
331	960.118378162384	0.2212181517191861	0.0	5
332	963.0751006603241	0.2214165403131853	0.00019838859399920472	0
333	965.8792090415955	0.2214165403131853	0.0	1
334	968.7240579128265	0.2214165403131853	0.0	2
335	971.4949190616608	0.2214165403131853	0.0	3
336	974.351634979248	0.22146090518154407	4.4364868358764964e-05	0
337	977.1664245128632	0.22146090518154407	0.0	1
338	979.9756183624268	0.22146090518154407	0.0	2
339	982.8165385723114	0.22146090518154407	0.0	3
340	985.6468117237091	0.22146526135896383	4.3561774197564684e-06	0
341	988.4518649578094	0.22146526135896383	0.0	1
342	991.2723588943481	0.22146526135896383	0.0	2
343	994.1483919620514	0.22146526135896383	0.0	3
344	997.055097579956	0.22146526135896383	0.0	4
345	999.8468179702759	0.22146526135896383	0.0	5
346	1002.7294583320618	0.22146526135896383	0.0	6
347	1005.5749232769012	0.22146526135896383	0.0	7
348	1008.418939113617	0.22146526135896383	0.0	8
349	1011.2083873748779	0.22154016814163427	7.490678267044193e-05	0
350	1014.0421807765961	0.22154016814163427	0.0	1
351	1016.870557308197	0.22154016814163427	0.0	2
352	1019.6476480960846	0.22154016814163427	0.0	3
353	1022.4452865123749	0.22154016814163427	0.0	4
354	1025.2871091365814	0.22154016814163427	0.0	5
355	1028.0696403980255	0.22154016814163427	0.0	6
356	1030.8350884914398	0.22154016814163427	0.0	7
357	1033.6658506393433	0.22154016814163427	0.0	8
358	1036.4797613620758	0.22154016814163427	0.0	9
359	1039.3038883209229	0.22154016814163427	0.0	10
360	1042.1045548915863	0.22154016814163427	0.0	11
361	1044.9477252960205	0.22154016814163427	0.0	12
362	1047.7616114616394	0.22154016814163427	0.0	13
363	1050.614985704422	0.22154016814163427	0.0	14
364	1053.4266653060913	0.22154016814163427	0.0	15
365	1056.2539687156677	0.22161239794376744	7.222980213317243e-05	0
366	1059.106838464737	0.22161239794376744	0.0	1
367	1061.8803672790527	0.22161239794376744	0.0	2
368	1064.6755394935608	0.22161239794376744	0.0	3
369	1067.4893651008606	0.22161239794376744	0.0	4
370	1070.3229267597198	0.22161239794376744	0.0	5
371	1073.192477464676	0.22161239794376744	0.0	6
372	1076.0270640850067	0.22161239794376744	0.0	7
373	1078.887332201004	0.22161239794376744	0.0	8
374	1081.8463072776794	0.22161239794376744	0.0	9
375	1084.7020614147186	0.22161239794376744	0.0	10
376	1087.5701258182526	0.22161239794376744	0.0	11
377	1090.4302923679352	0.22161239794376744	0.0	12
378	1093.3322076797485	0.22161239794376744	0.0	13
379	1096.1886076927185	0.22161239794376744	0.0	14
380	1099.0766913890839	0.22161239794376744	0.0	15
381	1102.0447344779968	0.22161239794376744	0.0	16
382	1104.9466452598572	0.22161239794376744	0.0	17
383	1107.6839544773102	0.22161239794376744	0.0	18
384	1110.3825316429138	0.22161239794376744	0.0	19
385	1113.1313440799713	0.22161239794376744	0.0	20
386	1115.8994085788727	0.22161239794376744	0.0	21
387	1118.678171634674	0.22161239794376744	0.0	22
388	1121.418791770935	0.22161239794376744	0.0	23
389	1124.1638233661652	0.22161239794376744	0.0	24
390	1126.906495809555	0.22161239794376744	0.0	25
391	1129.6485350131989	0.22161239794376744	0.0	26
392	1132.39106631279	0.22161239794376744	0.0	27
393	1135.1237206459045	0.22161239794376744	0.0	28
394	1137.9165270328522	0.22161239794376744	0.0	29
395	1140.6759679317474	0.22161239794376744	0.0	30
396	1143.4402401447296	0.22161239794376744	0.0	31
397	1146.295949459076	0.22161239794376744	0.0	32
398	1149.0944225788116	0.22161239794376744	0.0	33
399	1151.8309922218323	0.22161239794376744	0.0	34
400	1154.5792434215546	0.22161239794376744	0.0	35
401	1157.355764389038	0.22161239794376744	0.0	36
402	1160.1818509101868	0.22161239794376744	0.0	37
403	1162.9564459323883	0.22161239794376744	0.0	38
404	1165.7567303180695	0.22161239794376744	0.0	39
405	1168.5295159816742	0.22161239794376744	0.0	40
406	1171.3487529754639	0.22161239794376744	0.0	41
407	1174.0858290195465	0.22161239794376744	0.0	42
408	1176.8995175361633	0.22161239794376744	0.0	43
409	1179.6239354610443	0.22161239794376744	0.0	44
410	1182.3871128559113	0.22161239794376744	0.0	45
411	1185.1611788272858	0.22161239794376744	0.0	46
412	1187.8890154361725	0.22161239794376744	0.0	47
413	1190.6136939525604	0.22161239794376744	0.0	48
414	1193.3258373737335	0.22161239794376744	0.0	49
415	1196.0737640857697	0.22161239794376744	0.0	50
416	1198.8817348480225	0.22161239794376744	0.0	51
417	1201.6840224266052	0.22161239794376744	0.0	52
418	1204.4578042030334	0.22161239794376744	0.0	53
419	1207.237871646881	0.22161239794376744	0.0	54
420	1209.9657971858978	0.22161239794376744	0.0	55
421	1212.707251548767	0.22161239794376744	0.0	56
422	1215.4638786315918	0.22161239794376744	0.0	57
423	1218.277853012085	0.22161239794376744	0.0	58
424	1221.031460762024	0.22161239794376744	0.0	59
425	1223.7783424854279	0.22161239794376744	0.0	60
426	1226.522082567215	0.22201112202670206	0.0003987240829346206	0
427	1229.2784748077393	0.22201112202670206	0.0	1
428	1232.038919210434	0.22201112202670206	0.0	2
429	1234.8530151844025	0.22240984610963666	0.00039872408293459283	0
430	1237.6379609107971	0.22240984610963666	0.0	1
431	1240.410961151123	0.22240984610963666	0.0	2
432	1243.1710917949677	0.22240984610963666	0.0	3
433	1245.9464559555054	0.22240984610963666	0.0	4
434	1248.7017393112183	0.22240984610963666	0.0	5
435	1251.4353153705597	0.22240984610963666	0.0	6
436	1254.1883516311646	0.22240984610963666	0.0	7
437	1257.01007771492	0.22240984610963666	0.0	8
438	1259.8621280193329	0.22240984610963666	0.0	9
439	1262.6576135158539	0.22240984610963666	0.0	10
440	1265.495492219925	0.22240984610963666	0.0	11
441	1268.3235430717468	0.22240984610963666	0.0	12
442	1271.1462512016296	0.22240984610963666	0.0	13
443	1273.966203212738	0.22240984610963666	0.0	14
444	1276.8071851730347	0.22240984610963666	0.0	15
445	1279.6236338615417	0.22240984610963666	0.0	16
446	1282.450671672821	0.22240984610963666	0.0	17
447	1285.3482570648193	0.22240984610963666	0.0	18
448	1288.2352998256683	0.22240984610963666	0.0	19
449	1290.9727630615234	0.22240984610963666	0.0	20
450	1293.7122747898102	0.22240984610963666	0.0	21
451	1296.4443826675415	0.22240984610963666	0.0	22
452	1299.1862909793854	0.22240984610963666	0.0	23
453	1301.9261991977692	0.22240984610963666	0.0	24
454	1304.639046907425	0.22240984610963666	0.0	25
455	1307.3289232254028	0.22240984610963666	0.0	26
456	1310.0669121742249	0.22240984610963666	0.0	27
457	1312.7868285179138	0.22240984610963666	0.0	28
458	1315.4804022312164	0.22240984610963666	0.0	29
459	1318.2365834712982	0.22240984610963666	0.0	30
460	1320.9605176448822	0.22240984610963666	0.0	31
461	1323.7112407684326	0.22240984610963666	0.0	32
462	1326.419444322586	0.22240984610963666	0.0	33
463	1329.141638994217	0.22240984610963666	0.0	34
464	1331.8592691421509	0.22240984610963666	0.0	35
465	1334.5905611515045	0.22240984610963666	0.0	36
466	1337.3355128765106	0.22240984610963666	0.0	37
467	1340.064046382904	0.22240984610963666	0.0	38
468	1342.7831983566284	0.22240984610963666	0.0	39
469	1345.4506044387817	0.22240984610963666	0.0	40
470	1348.2532460689545	0.22240984610963666	0.0	41
471	1351.0072042942047	0.22240984610963666	0.0	42
472	1353.7620799541473	0.22240984610963666	0.0	43
473	1356.5188810825348	0.22240984610963666	0.0	44
474	1359.2668311595917	0.22240984610963666	0.0	45
475	1361.9831774234772	0.22240984610963666	0.0	46
476	1364.6774978637695	0.22240984610963666	0.0	47
477	1367.3901290893555	0.22240984610963666	0.0	48
478	1370.110464334488	0.22240984610963666	0.0	49
479	1372.8072996139526	0.22240984610963666	0.0	50
480	1375.5741300582886	0.22240984610963666	0.0	51
481	1378.3375606536865	0.22240984610963666	0.0	52
482	1381.0481038093567	0.22240984610963666	0.0	53
483	1383.8799419403076	0.22240984610963666	0.0	54
484	1386.6246252059937	0.22240984610963666	0.0	55
485	1389.3784918785095	0.22240984610963666	0.0	56
486	1392.0820951461792	0.22240984610963666	0.0	57
487	1394.7841522693634	0.22240984610963666	0.0	58
488	1397.5451846122742	0.22240984610963666	0.0	59
489	1400.2708308696747	0.22240984610963666	0.0	60
490	1403.0858318805695	0.22240984610963666	0.0	61
491	1405.9109108448029	0.22240984610963666	0.0	62
492	1408.6350276470184	0.22240984610963666	0.0	63
493	1411.4079947471619	0.22240984610963666	0.0	64
494	1414.1799218654633	0.22240984610963666	0.0	65
495	1416.9623277187347	0.22240984610963666	0.0	66
496	1419.7105946540833	0.22240984610963666	0.0	67
497	1422.4307305812836	0.22240984610963666	0.0	68
498	1425.1220307350159	0.22240984610963666	0.0	69
499	1427.8377459049225	0.22240984610963666	0.0	70
500	1430.535420179367	0.22240984610963666	0.0	71
501	1433.2869322299957	0.22240984610963666	0.0	72
502	1435.9983205795288	0.22240984610963666	0.0	73
503	1438.7334198951721	0.22240984610963666	0.0	74
504	1441.597689151764	0.22240984610963666	0.0	75
505	1444.40598154068	0.22240984610963666	0.0	76
506	1447.2613308429718	0.22240984610963666	0.0	77
507	1450.0511152744293	0.22240984610963666	0.0	78
508	1452.8419442176819	0.22240984610963666	0.0	79
509	1455.7249212265015	0.22240984610963666	0.0	80
510	1458.5229105949402	0.22240984610963666	0.0	81
511	1461.315561056137	0.22240984610963666	0.0	82
512	1464.1545631885529	0.22240984610963666	0.0	83
513	1467.0178108215332	0.22240984610963666	0.0	84
514	1469.912559747696	0.22240984610963666	0.0	85
515	1472.6381902694702	0.22240984610963666	0.0	86
516	1475.3466444015503	0.22240984610963666	0.0	87
517	1478.0791521072388	0.22240984610963666	0.0	88
518	1480.768292427063	0.22240984610963666	0.0	89
519	1483.4968123435974	0.22240984610963666	0.0	90
520	1486.1896624565125	0.22240984610963666	0.0	91
521	1488.8941600322723	0.22240984610963666	0.0	92
522	1491.655724287033	0.22240984610963666	0.0	93
523	1494.3388557434082	0.22240984610963666	0.0	94
524	1497.155037164688	0.22240984610963666	0.0	95
525	1499.8409638404846	0.22240984610963666	0.0	96
526	1502.5626435279846	0.22240984610963666	0.0	97
527	1505.276356935501	0.22240984610963666	0.0	98
528	1508.0539455413818	0.22240984610963666	0.0	99
529	1510.7551908493042	0.22240984610963666	0.0	100
530	1513.5069921016693	0.22240984610963666	0.0	101
531	1516.241311788559	0.22240984610963666	0.0	102
532	1519.004605293274	0.22240984610963666	0.0	103
533	1521.7422490119934	0.22240984610963666	0.0	104
534	1524.493242740631	0.22240984610963666	0.0	105
535	1527.2501819133759	0.22240984610963666	0.0	106
536	1529.9947683811188	0.22240984610963666	0.0	107
537	1532.8071172237396	0.22240984610963666	0.0	108
538	1535.5718460083008	0.22240984610963666	0.0	109
539	1538.3065149784088	0.22280857019257128	0.0003987240829346206	0
540	1541.0481967926025	0.22280857019257128	0.0	1
541	1543.8264973163605	0.22280857019257128	0.0	2
542	1546.590095281601	0.22280857019257128	0.0	3
543	1549.3173415660858	0.22280857019257128	0.0	4
544	1552.0587906837463	0.22280857019257128	0.0	5
545	1554.7665657997131	0.22280857019257128	0.0	6
546	1557.4833490848541	0.22280857019257128	0.0	7
547	1560.2653975486755	0.22280857019257128	0.0	8
548	1562.9801218509674	0.22280857019257128	0.0	9
549	1565.6998600959778	0.22280857019257128	0.0	10
550	1568.432202577591	0.22280857019257128	0.0	11
551	1571.1748824119568	0.22280857019257128	0.0	12
552	1573.8213679790497	0.22280857019257128	0.0	13
553	1576.5846042633057	0.22280857019257128	0.0	14
554	1579.2724397182465	0.22280857019257128	0.0	15
555	1581.9536216259003	0.22280857019257128	0.0	16
556	1584.6321799755096	0.22280857019257128	0.0	17
557	1587.3469293117523	0.22280857019257128	0.0	18
558	1590.066097021103	0.22280857019257128	0.0	19
559	1592.8024928569794	0.22280857019257128	0.0	20
560	1595.4985790252686	0.22280857019257128	0.0	21
561	1598.2264456748962	0.22280857019257128	0.0	22
562	1600.935725927353	0.22280857019257128	0.0	23
563	1603.6126000881195	0.22280857019257128	0.0	24
564	1606.296854019165	0.22280857019257128	0.0	25
565	1608.9811494350433	0.22280857019257128	0.0	26
566	1611.6433582305908	0.22280857019257128	0.0	27
567	1614.316552400589	0.22280857019257128	0.0	28
568	1617.0746698379517	0.22280857019257128	0.0	29
569	1619.811565876007	0.22280857019257128	0.0	30
570	1622.5787477493286	0.22280857019257128	0.0	31
571	1625.3825829029083	0.22280857019257128	0.0	32
572	1628.1335291862488	0.22280857019257128	0.0	33
573	1630.9042518138885	0.22280857019257128	0.0	34
574	1633.6709191799164	0.22280857019257128	0.0	35
575	1636.4994146823883	0.22280857019257128	0.0	36
576	1639.3022603988647	0.22280857019257128	0.0	37
577	1642.1090512275696	0.22280857019257128	0.0	38
578	1644.893720626831	0.22280857019257128	0.0	39
579	1647.6936554908752	0.22280857019257128	0.0	40
580	1650.547173500061	0.22280857019257128	0.0	41
581	1653.2288250923157	0.22280857019257128	0.0	42
582	1655.9073479175568	0.22289360082891	8.503063633871766e-05	0
583	1658.6178674697876	0.22289360082891	0.0	1
584	1661.3624289035797	0.22299077522241328	9.717439350329093e-05	0
585	1664.074105501175	0.22299077522241328	0.0	1
586	1666.7915654182434	0.22299077522241328	0.0	2
587	1669.4778730869293	0.22299077522241328	0.0	3
588	1672.1313922405243	0.22299077522241328	0.0	4
589	1674.857209444046	0.22299077522241328	0.0	5
590	1677.542316198349	0.22299077522241328	0.0	6
591	1680.218091726303	0.22299077522241328	0.0	7
592	1682.9235663414001	0.22299077522241328	0.0	8
593	1685.5786771774292	0.22299077522241328	0.0	9
594	1688.2852787971497	0.22299077522241328	0.0	10
595	1690.968053817749	0.22299077522241328	0.0	11
596	1693.649261713028	0.22299077522241328	0.0	12
597	1696.3110015392303	0.22299077522241328	0.0	13
598	1698.957897901535	0.22299077522241328	0.0	14
599	1701.6542117595673	0.22299077522241328	0.0	15
600	1704.3070142269135	0.22299077522241328	0.0	16
601	1706.9343864917755	0.22308515095444578	9.437573203249783e-05	0
602	1709.6102168560028	0.2232923249118446	0.00020717395739880407	0
603	1712.2622003555298	0.2232923249118446	0.0	1
604	1714.9544298648834	0.2232923249118446	0.0	2
605	1717.5971446037292	0.2232923249118446	0.0	3
606	1720.3481431007385	0.2232923249118446	0.0	4
607	1723.0870654582977	0.2232923249118446	0.0	5
608	1725.7432703971863	0.2232923249118446	0.0	6
609	1728.4980645179749	0.2232923249118446	0.0	7
610	1731.2292234897614	0.2232923249118446	0.0	8
611	1733.9353971481323	0.2232923249118446	0.0	9
612	1736.6746129989624	0.2232923249118446	0.0	10
613	1739.408921957016	0.2232923249118446	0.0	11
614	1742.1509411334991	0.2232923249118446	0.0	12
615	1744.8207821846008	0.2232923249118446	0.0	13
616	1747.586680173874	0.2232923249118446	0.0	14
617	1750.282702922821	0.2232923249118446	0.0	15
618	1752.998378753662	0.2232923249118446	0.0	16
619	1755.6650280952454	0.2232923249118446	0.0	17
620	1758.3092997074127	0.2232923249118446	0.0	18
621	1761.0598680973053	0.2232923249118446	0.0	19
622	1763.8317511081696	0.2232923249118446	0.0	20
623	1766.5470345020294	0.2232923249118446	0.0	21
624	1769.2789325714111	0.2232923249118446	0.0	22
625	1771.995097398758	0.2232923249118446	0.0	23
626	1774.7336452007294	0.2232923249118446	0.0	24
627	1777.4872155189514	0.2232923249118446	0.0	25
628	1780.2271463871002	0.2232923249118446	0.0	26
629	1782.9893872737885	0.2232923249118446	0.0	27
630	1785.7763335704803	0.2232923249118446	0.0	28
631	1788.4984216690063	0.2232923249118446	0.0	29
632	1791.2463247776031	0.2232923249118446	0.0	30
633	1793.9803302288055	0.2232923249118446	0.0	31
634	1796.7113766670227	0.2232923249118446	0.0	32
635	1799.411832332611	0.2232923249118446	0.0	33
636	1802.2172901630402	0.2232923249118446	0.0	34
