1	6.865176677703857	0.04984906483805214	10000000000.049849	0
2	11.901989221572876	0.06147704194527652	0.01162797710722438	0
3	16.926992654800415	0.07160605304882856	0.010129011103552035	0
4	22.158703804016113	0.07478180232866995	0.0031757492798413917	0
5	27.580497980117798	0.07478180232866995	0.0	1
6	33.25091075897217	0.08604420107376892	0.011262398745098975	0
7	39.274221658706665	0.09935721505966907	0.013313013985900152	0
8	45.59680128097534	0.11130207895997273	0.011944863900303651	0
9	52.39889121055603	0.11466698501161851	0.0033649060516457857	0
10	59.779358863830566	0.11539022282932798	0.0007232378177094712	0
11	67.75244235992432	0.11841829755531641	0.0030280747259884278	0
12	76.21310591697693	0.11860564696890766	0.0001873494135912479	0
13	84.46855783462524	0.12208403503458133	0.0034783880656736738	0
14	93.42903113365173	0.1277094173912522	0.005625382356670858	0
15	102.69793486595154	0.1328937909560759	0.005184373564823708	0
16	112.45554757118225	0.1328937909560759	0.0	1
17	122.55156970024109	0.13303421599531834	0.0001404250392424422	0
18	133.12408924102783	0.14022728747823673	0.007193071482918395	0
19	143.68470072746277	0.14030112140820356	7.383392996682114e-05	0
20	154.48026943206787	0.14332404181632485	0.003022920408121299	0
21	165.27577567100525	0.148611193818203	0.005287152001878154	0
22	175.94455003738403	0.148611193818203	0.0	1
23	186.75785303115845	0.1491045892225543	0.0004933954043512823	0
24	197.39920449256897	0.15207215091799875	0.0029675616954444595	0
25	208.15011882781982	0.15207215091799875	0.0	1
26	219.10266661643982	0.1549598675439378	0.002887716625939063	0
27	230.14949321746826	0.16070607514411742	0.005746207600179604	0
28	241.0086796283722	0.16070607514411742	0.0	1
29	252.1330807209015	0.16183010468647183	0.00112402954235441	0
30	263.24109530448914	0.1626079782735729	0.0007778735871010745	0
31	274.370245218277	0.16503978544328526	0.0024318071697123633	0
32	285.4727141857147	0.16503978544328526	0.0	1
33	296.71597695350647	0.166054945082015	0.0010151596387297235	0
34	307.89266991615295	0.1687359668675628	0.002681021785547799	0
35	319.1913483142853	0.1687359668675628	0.0	1
36	329.7758548259735	0.17366808677718526	0.004932119909622473	0
37	341.04600858688354	0.17366808677718526	0.0	1
38	352.1942629814148	0.17366808677718526	0.0	2
39	363.53203225135803	0.17366808677718526	0.0	3
40	374.613498210907	0.1738104396651884	0.00014235288800312773	0
41	385.85444140434265	0.1748468056402857	0.0010363659750973198	0
42	397.2566614151001	0.17500515699543487	0.0001583513551491611	0
43	408.57771492004395	0.17812922252429947	0.0031240655288646	0
44	419.8881034851074	0.17812922252429947	0.0	1
45	430.63367223739624	0.17855711123430304	0.0004278887100035711	0
46	442.6693572998047	0.17855711123430304	0.0	1
47	454.03519463539124	0.1794066097579993	0.0008494985236962571	0
48	464.28508019447327	0.18156531840778545	0.0021587086497861507	0
49	475.7399973869324	0.18156531840778545	0.0	1
50	487.09451150894165	0.18172227742771854	0.00015695901993309502	0
51	498.5446219444275	0.18418924106163634	0.002466963633917796	0
52	509.9881601333618	0.18445751995966084	0.0002682788980244988	0
53	521.5790133476257	0.18445751995966084	0.0	1
54	533.1336812973022	0.18445751995966084	0.0	2
55	544.9436237812042	0.1867124202299024	0.0022549002702415555	0
56	556.5574133396149	0.1867124202299024	0.0	1
57	568.2014117240906	0.18771891793704762	0.0010064977071452264	0
58	579.8917784690857	0.18771891793704762	0.0	1
59	591.6309056282043	0.18771891793704762	0.0	2
60	603.37890791893	0.18844080358305687	0.0007218856460092515	0
61	615.1227207183838	0.19017068637413634	0.0017298827910794679	0
62	626.6694130897522	0.19119748004462328	0.0010267936704869418	0
63	638.5116567611694	0.19119748004462328	0.0	1
64	650.4915447235107	0.19200105828186692	0.0008035782372436406	0
65	662.1026163101196	0.19364827116949304	0.0016472128876261205	0
66	673.957617521286	0.19364827116949304	0.0	1
67	685.8455169200897	0.19364827116949304	0.0	2
68	697.8511693477631	0.1938352724992803	0.00018700132978724526	0
69	709.7695059776306	0.1938352724992803	0.0	1
70	721.8233814239502	0.1944629613127879	0.0006276888135076097	0
71	733.8698449134827	0.19589211308503784	0.001429151772249948	0
72	745.4817407131195	0.19625639617377716	0.0003642830887393145	0
73	756.8397028446198	0.19625639617377716	0.0	1
74	768.8599729537964	0.19627070777325759	1.4311599480426596e-05	0
75	780.6406624317169	0.19848721172234865	0.0022165039490910643	0
76	792.7204627990723	0.19848721172234865	0.0	1
77	804.7559912204742	0.19848721172234865	0.0	2
78	816.7784736156464	0.19848721172234865	0.0	3
79	828.9509019851685	0.19897673804133995	0.0004895263189912957	0
80	841.0696587562561	0.19897673804133995	0.0	1
81	853.1028437614441	0.20035852364056675	0.0013817855992268036	0
82	864.1409616470337	0.20035852364056675	0.0	1
83	876.1640622615814	0.20035852364056675	0.0	2
84	887.6904816627502	0.20138176953382048	0.001023245893253727	0
85	899.4607298374176	0.2019432287096951	0.0005614591758746346	0
86	910.8162431716919	0.20208567531256855	0.00014244660287343613	0
87	922.756950378418	0.2021531232435156	6.744793094703994e-05	0
88	934.6746220588684	0.2021531232435156	0.0	1
89	946.6360745429993	0.20391833654070246	0.001765213297186874	0
90	958.3518695831299	0.20427735820886572	0.00035902166816326186	0
91	970.2756154537201	0.20427735820886572	0.0	1
92	981.5942809581757	0.20505184467279694	0.0007744864639312177	0
93	993.1499819755554	0.2051379686386132	8.612396581625381e-05	0
94	1005.0030586719513	0.2051379686386132	0.0	1
95	1016.8690583705902	0.20628614984183072	0.0011481812032175243	0
96	1028.7044806480408	0.207143908661953	0.0008577588201222897	0
97	1040.5872237682343	0.207143908661953	0.0	1
98	1052.611531496048	0.207143908661953	0.0	2
99	1064.2709436416626	0.2071628926171104	1.8983955157397814e-05	0
100	1076.1934924125671	0.2071628926171104	0.0	1
101	1088.0539181232452	0.20735395046199825	0.0001910578448878486	0
102	1100.0398597717285	0.20738993697219787	3.59865101996204e-05	0
103	1111.571302652359	0.20756638868515576	0.0001764517129578813	0
104	1123.4778215885162	0.2084607766317312	0.0008943879465754534	0
105	1135.4794220924377	0.2084607766317312	0.0	1
106	1147.2384765148163	0.2084607766317312	0.0	2
107	1159.1633496284485	0.2084607766317312	0.0	3
108	1171.1107897758484	0.2084607766317312	0.0	4
109	1182.931138753891	0.2084607766317312	0.0	5
110	1194.8857884407043	0.20898998450438008	0.0005292078726488736	0
111	1206.6237423419952	0.21071085728007102	0.0017208727756909403	0
112	1218.5862157344818	0.21071085728007102	0.0	1
113	1230.434158563614	0.21071085728007102	0.0	2
114	1242.4276723861694	0.21071085728007102	0.0	3
115	1254.340538263321	0.21071085728007102	0.0	4
116	1266.389081954956	0.21071085728007102	0.0	5
117	1278.3266315460205	0.21141762805628292	0.0007067707762118958	0
118	1290.2356822490692	0.21159286147592676	0.0001752334196438443	0
119	1302.093213558197	0.21159286147592676	0.0	1
120	1313.862893819809	0.21159286147592676	0.0	2
121	1325.732263326645	0.21180120302046776	0.0002083415445409964	0
122	1337.5888984203339	0.21191984604628208	0.00011864302581432451	0
123	1349.5245244503021	0.2132758198926574	0.0013559738463753135	0
124	1361.4081513881683	0.2142919836192833	0.0010161637266259127	0
125	1373.3290195465088	0.2142919836192833	0.0	1
126	1385.2024779319763	0.2142919836192833	0.0	2
127	1397.165207862854	0.21469335102098872	0.00040136740170540475	0
128	1409.1770865917206	0.21474105188997725	4.770086898853165e-05	0
129	1421.1255288124084	0.21497473661301822	0.0002336847230409722	0
130	1433.0848078727722	0.2152692288990527	0.0002944922860344812	0
131	1445.0723941326141	0.21544901418382595	0.0001797852847732484	0
132	1457.0836272239685	0.21568731771118943	0.00023830352736348148	0
133	1469.2217910289764	0.21568731771118943	0.0	1
134	1481.204627752304	0.21586866937308075	0.0001813516618913158	0
135	1493.286387681961	0.21641030115996518	0.0005416317868844334	0
136	1505.104726076126	0.2167691889497423	0.000358887789777107	0
137	1517.0688507556915	0.21681354285907684	4.435390933454908e-05	0
138	1528.9469828605652	0.21717651393963178	0.0003629710805549413	0
139	1541.008528470993	0.21717651393963178	0.0	1
140	1552.994232416153	0.21803634787473955	0.0008598339351077733	0
141	1565.190866947174	0.21803634787473955	0.0	1
142	1577.3441908359528	0.21820287919928302	0.00016653132454347297	0
143	1589.356832742691	0.21894400316938337	0.0007411239701003436	0
144	1601.4204952716827	0.2189451009721499	1.0978027665253798e-06	0
145	1613.6500289440155	0.2189451009721499	0.0	1
146	1625.7895867824554	0.21933383025420186	0.00038872928205196944	0
147	1638.0313596725464	0.21961173500819123	0.0002779047539893664	0
148	1650.1486928462982	0.2196663573897442	5.4622381552960064e-05	0
149	1662.408452987671	0.2196813249933168	1.4967603572613175e-05	0
150	1674.75133061409	0.21995837292563475	0.00027704793231794755	0
151	1687.0639622211456	0.220136658772483	0.00017828584684825843	0
152	1699.3308370113373	0.2210919479969223	0.0009552892244392985	0
153	1711.6485369205475	0.2211835877522483	9.163975532600066e-05	0
154	1724.0177721977234	0.2211835877522483	0.0	1
155	1736.351878643036	0.2214153446265286	0.00023175687428028668	0
156	1748.7561190128326	0.22144799756491282	3.265293838422556e-05	0
157	1761.1725976467133	0.2219609927649978	0.0005129952000849924	0
158	1773.634346961975	0.22213321392095306	0.0001722211559552489	0
159	1785.990541934967	0.22213321392095306	0.0	1
160	1798.4418470859528	0.22278170743566983	0.0006484935147167692	0
161	1810.8583002090454	0.22278170743566983	0.0	1
162	1823.216514825821	0.22288720360396333	0.00010549616829350072	0
163	1835.640373468399	0.22310654995184664	0.00021934634788331464	0
164	1848.0984156131744	0.2232919982923544	0.0001854483405077656	0
165	1860.5024135112762	0.2238788675859221	0.0005868692935676878	0
166	1873.0298471450806	0.22513570448734646	0.001256836901424363	0
167	1885.506854057312	0.22513570448734646	0.0	1
168	1898.628112077713	0.22513570448734646	0.0	2
169	1911.1675200462341	0.22513570448734646	0.0	3
170	1923.6657538414001	0.22513570448734646	0.0	4
171	1936.1709649562836	0.22513570448734646	0.0	5
172	1948.7347173690796	0.22532056376295514	0.0001848592756086842	0
173	1961.4056587219238	0.22563956918149541	0.0003190054185402691	0
174	1974.0074317455292	0.22584453699070522	0.00020496780920981061	0
175	1986.6164419651031	0.2260659718414126	0.000221434850707386	0
176	1999.2297699451447	0.2260659718414126	0.0	1
177	2011.9050831794739	0.22620916816324854	0.00014319632183593112	0
178	2024.6463134288788	0.22701294721807141	0.0008037790548228729	0
179	2037.315865278244	0.22728929898278133	0.0002763517647099145	0
180	2050.002156972885	0.22728929898278133	0.0	1
181	2062.5939996242523	0.22728929898278133	0.0	2
182	2075.8649723529816	0.22785073138297873	0.0005614324001974036	0
183	2088.483116865158	0.22801486628440998	0.00016413490143124543	0
184	2101.164885997772	0.22819005954053795	0.0001751932561279701	0
185	2113.921188354492	0.22819005954053795	0.0	1
186	2126.586228609085	0.22820759760912482	1.7538068586869793e-05	0
187	2139.3049087524414	0.22866746986558184	0.00045987225645702234	0
188	2151.889917612076	0.2293645478466358	0.0006970779810539507	0
189	2164.533893108368	0.2293645478466358	0.0	1
190	2177.21187543869	0.2293645478466358	0.0	2
191	2189.946916103363	0.2293645478466358	0.0	3
192	2202.6740498542786	0.2293645478466358	0.0	4
193	2215.283073425293	0.2293645478466358	0.0	5
194	2227.9971928596497	0.22948635040236348	0.00012180255572769028	0
195	2240.7757403850555	0.2300346091693628	0.0005482587669993211	0
196	2253.5167615413666	0.2300346091693628	0.0	1
197	2266.1026611328125	0.23042730125164512	0.0003926920822823199	0
198	2278.6708931922913	0.23042730125164512	0.0	1
199	2291.35164642334	0.23042730125164512	0.0	2
200	2304.122993707657	0.23042730125164512	0.0	3
201	2316.714597463608	0.2306692462711121	0.000241945019466977	0
202	2329.3601756095886	0.2306692462711121	0.0	1
203	2342.0167078971863	0.23079790340021114	0.00012865712909904126	0
204	2354.548572540283	0.2311169355944286	0.0003190321942174723	0
205	2367.2305295467377	0.2311748513842811	5.791578985248069e-05	0
206	2379.89391541481	0.2314676701904886	0.00029281880620751766	0
207	2392.674345970154	0.2314676701904886	0.0	1
208	2405.348417520523	0.23165188684984372	0.0001842166593551131	0
209	2418.071584701538	0.23168361602736348	3.172917751975701e-05	0
210	2430.6259183883667	0.23168361602736348	0.0	1
211	2443.2703642845154	0.2320817167964466	0.0003981007690831151	0
212	2455.8716213703156	0.23256354510823374	0.00048182831178714136	0
213	2468.6166315078735	0.23256354510823374	0.0	1
214	2481.25240111351	0.23256354510823374	0.0	2
215	2494.033610343933	0.23256354510823374	0.0	3
216	2506.7848908901215	0.23256354510823374	0.0	4
217	2519.5233628749847	0.23320701818346953	0.0006434730752357953	0
218	2532.2861602306366	0.23320701818346953	0.0	1
219	2544.9304690361023	0.2338494470072933	0.0006424288238237597	0
220	2557.669360399246	0.2338494470072933	0.0	1
221	2570.4484510421753	0.23386934133547654	1.9894328183250876e-05	0
222	2583.0116872787476	0.23421654154214194	0.00034720020666539897	0
223	2595.818261384964	0.23456928431399432	0.0003527427718523768	0
224	2608.623155593872	0.23483540777000167	0.00026612345600735	0
225	2621.3914246559143	0.23483540777000167	0.0	1
226	2634.13889336586	0.23483540777000167	0.0	2
227	2646.872045278549	0.23489482299777914	5.941522777747066e-05	0
228	2659.699056863785	0.23491171845011244	1.68954523332987e-05	0
229	2672.5289011001587	0.23526280112997644	0.000351082679864001	0
230	2685.3398637771606	0.23536061267890437	9.781154892793409e-05	0
231	2698.2372241020203	0.23573849781167747	0.00037788513277309255	0
232	2710.9913051128387	0.23573849781167747	0.0	1
233	2723.8163096904755	0.23573849781167747	0.0	2
234	2736.6831583976746	0.2357493687366336	1.087092495613562e-05	0
235	2749.5048389434814	0.23596967900889726	0.0002203102722636574	0
236	2762.4471247196198	0.23596967900889726	0.0	1
237	2775.3180651664734	0.2361354204509624	0.00016574144206513153	0
238	2788.219553232193	0.23630649025279668	0.00017106980183428933	0
239	2801.2023162841797	0.2367962977163989	0.0004898074636022209	0
240	2814.0544242858887	0.2367962977163989	0.0	1
241	2827.044139146805	0.2369736865780599	0.0001773888616609931	0
242	2839.941740512848	0.2369736865780599	0.0	1
243	2852.7857229709625	0.2369736865780599	0.0	2
244	2865.6449840068817	0.2370412683873931	6.75818093331948e-05	0
245	2878.556851387024	0.23766977385905627	0.0006285054716631822	0
246	2891.527599334717	0.23785744458077432	0.00018767072171804733	0
247	2904.5148315429688	0.23785744458077432	0.0	1
248	2917.517945289612	0.23785744458077432	0.0	2
249	2930.511654853821	0.23802567616082201	0.00016823158004769523	0
250	2943.485908269882	0.23839959849336478	0.00037392233254276985	0
251	2956.4608130455017	0.23849960564782574	0.00010000715446095709	0
252	2969.470146179199	0.23849960564782574	0.0	1
253	2982.5385224819183	0.23849960564782574	0.0	2
254	2995.5347380638123	0.23849960564782574	0.0	3
255	3008.625545978546	0.23849960564782574	0.0	4
256	3021.6895096302032	0.23866837274141808	0.00016876709359234243	0
257	3034.714551925659	0.23866837274141808	0.0	1
258	3047.781475543976	0.23872923385576608	6.086111434799868e-05	0
259	3060.8382720947266	0.2388092931306893	8.005927492321652e-05	0
260	3073.9602975845337	0.2389532123958105	0.00014391926512119513	0
261	3086.945160150528	0.239202493950839	0.00024928155502851324	0
262	3100.049691915512	0.23946751960407986	0.00026502565324085237	0
263	3113.161817073822	0.23948254075900693	1.502115492707512e-05	0
264	3126.1157763004303	0.23966603447507678	0.0001834937160698491	0
265	3139.229095697403	0.23966603447507678	0.0	1
266	3152.340752840042	0.24018781209729384	0.0005217776222170567	0
267	3165.551152229309	0.24018781209729384	0.0	1
268	3178.7456007003784	0.24018781209729384	0.0	2
269	3191.828589439392	0.24018781209729384	0.0	3
270	3204.937352657318	0.24018781209729384	0.0	4
271	3218.104980945587	0.24028811378420434	0.00010030168691049779	0
272	3231.404272556305	0.24028811378420434	0.0	1
273	3244.7477836608887	0.24028811378420434	0.0	2
274	3258.0638992786407	0.24028811378420434	0.0	3
275	3271.2332830429077	0.24045902293197524	0.0001709091477709035	0
276	3284.41361284256	0.24050746013208765	4.843720011241115e-05	0
277	3297.6123056411743	0.24059978266718307	9.232253509541821e-05	0
278	3310.8246262073517	0.2407259228826223	0.00012614021543921883	0
279	3324.0494933128357	0.24076747873368612	4.15558510638292e-05	0
280	3337.325268983841	0.24092154598047819	0.00015406724679206674	0
281	3350.609823703766	0.24092154598047819	0.0	1
282	3363.8965764045715	0.24092154598047819	0.0	2
283	3377.2862288951874	0.24111400954842072	0.00019246356794253017	0
284	3390.6883561611176	0.24111400954842072	0.0	1
285	3404.7959666252136	0.24132706361215456	0.00021305406373384184	0
286	3418.1698060035706	0.24143518379681675	0.00010812018466219153	0
287	3431.5869336128235	0.24160970766101394	0.0001745238641971958	0
288	3444.8514997959137	0.24160970766101394	0.0	1
289	3458.2019186019897	0.24166336611818656	5.36584571726173e-05	0
290	3471.5646979808807	0.24193018574180195	0.00026681962361538303	0
291	3484.8566179275513	0.24193018574180195	0.0	1
292	3498.286193370819	0.24214953208968526	0.00021934634788331464	0
293	3511.6783883571625	0.24259341926683484	0.0004438871771495767	0
294	3525.6012151241302	0.24279038114855234	0.00019696188171750006	0
295	3538.8839099407196	0.2428396216189817	4.924047042936808e-05	0
296	3552.234928369522	0.2428695568261269	2.9935207145198595e-05	0
297	3565.5030064582825	0.24304804349055442	0.00017848666442751848	0
298	3579.3760554790497	0.24304919484467538	1.151354120959569e-06	0
299	3592.760094642639	0.2432653548869681	0.0002161600422927179	0
300	3606.08074092865	0.24334265626713644	7.730138016834309e-05	0
