1	33.20944571495056	0.03366924325922976	10000000000.033669	0
2	57.54057550430298	0.04203430358795211	0.008365060328722355	0
3	82.24083232879639	0.04203430358795211	0.0	1
4	107.33625888824463	0.04203430358795211	0.0	2
5	133.62758016586304	0.07393991450319762	0.031905610915245505	0
6	162.58360505104065	0.10062537700876124	0.026685462505563626	0
7	194.36236238479614	0.10255880970647488	0.0019334326977136357	0
8	233.71143054962158	0.12962872506617784	0.027069915359702962	0
9	279.2194879055023	0.12962872506617784	0.0	1
10	333.3849744796753	0.1352869677221936	0.0056582426560157495	0
11	404.96856594085693	0.14366662798971608	0.008379660267522487	0
12	487.3100082874298	0.1511035558880716	0.007436927898355511	0
13	563.4376685619354	0.1511035558880716	0.0	1
14	637.0355036258698	0.159521484375	0.008417928486928405	0
15	708.6550421714783	0.16260664223552285	0.0030851578605228525	0
16	777.9818432331085	0.1650345237537481	0.002427881518225261	0
17	840.0734488964081	0.17357197865910792	0.008537454905359815	0
18	906.9275093078613	0.17357197865910792	0.0	1
19	971.9096076488495	0.17357197865910792	0.0	2
20	1037.4941086769104	0.17463111705865816	0.0010591383995502412	0
21	1099.3284666538239	0.17463111705865816	0.0	1
22	1159.01118516922	0.1767941773742035	0.0021630603155453343	0
23	1216.729807138443	0.1812556002272301	0.004461422853026614	0
24	1272.2972421646118	0.18591599585949212	0.004660395632262004	0
25	1330.7396414279938	0.18615424343492315	0.00023824757543103314	0
26	1388.1330361366272	0.18615424343492315	0.0	1
27	1446.1718482971191	0.18615424343492315	0.0	2
28	1504.415391921997	0.18615424343492315	0.0	3
29	1560.0350289344788	0.18776785923444528	0.0016136157995221279	0
30	1617.429539680481	0.18776785923444528	0.0	1
31	1673.3704669475555	0.18776785923444528	0.0	2
32	1729.1310148239136	0.19033792429956894	0.0025700650651236667	0
33	1786.5646579265594	0.19033792429956894	0.0	1
34	1843.2987341880798	0.19033792429956894	0.0	2
35	1900.5413358211517	0.1908321169005341	0.0004941926009651432	0
36	1958.1337368488312	0.1910532709719359	0.00022115407140180232	0
37	2015.7023296356201	0.19277506632425973	0.001721795352323835	0
38	2072.491837501526	0.19334180565967016	0.0005667393354104322	0
39	2128.8471307754517	0.19334180565967016	0.0	1
40	2184.8098454475403	0.19334180565967016	0.0	2
41	2241.1994099617004	0.1937695641925131	0.00042775853284293675	0
42	2297.573477745056	0.19471594769021738	0.0009463834977042895	0
43	2357.426593065262	0.19471594769021738	0.0	1
44	2412.5932335853577	0.19471594769021738	0.0	2
45	2469.4459586143494	0.1955690672730041	0.0008531195827867211	0
46	2525.773435354233	0.1955690672730041	0.0	1
47	2582.1480317115784	0.19652368639898798	0.0009546191259838799	0
48	2637.3832507133484	0.1966196589205397	9.59725215517182e-05	0
49	2693.633022546768	0.19953671845717766	0.002917059536637956	0
50	2750.3565447330475	0.19953671845717766	0.0	1
51	2806.790068626404	0.19953671845717766	0.0	2
52	2862.955399990082	0.1997623563706428	0.00022563791346513762	0
53	2919.341548204422	0.1997623563706428	0.0	1
54	2975.236244916916	0.200102103489271	0.00033974711862819196	0
55	3031.754482984543	0.20035532160677472	0.00025321811750372847	0
56	3088.6741766929626	0.20097841094101385	0.0006230893342391297	0
57	3145.082763195038	0.20127311832365066	0.0002947073826368163	0
58	3201.4990799427032	0.2028882897418478	0.0016151714181971422	0
59	3258.031953573227	0.20305699201180658	0.00016870226995877036	0
60	3314.2203845977783	0.20305699201180658	0.0	1
61	3369.9528460502625	0.20305699201180658	0.0	2
62	3425.437074661255	0.20305699201180658	0.0	3
63	3480.951544523239	0.20320691704928784	0.0001499250374812633	0
64	3536.66472530365	0.20414590678293665	0.0009389897336488096	0
65	3591.6446104049683	0.20428065996298725	0.00013475318005060077	0
66	3646.9367337226868	0.20428065996298725	0.0	1
