1	38.39909029006958	0.006173621253608441	10000000000.006174	0
2	66.06552600860596	0.01767665760789349	0.01150303635428505	0
3	93.70651459693909	0.017734277899161034	5.762029126754262e-05	0
4	121.80962657928467	0.017755965835187522	2.1687936026488358e-05	0
5	150.02416324615479	0.018004836582699277	0.0002488707475117556	0
6	178.47633838653564	0.0182984441034336	0.00029360752073432153	0
7	206.75893640518188	0.0182984441034336	0.0	1
8	235.10596990585327	0.018743515239863767	0.0004450711364301675	0
9	263.49321484565735	0.019942255365847133	0.0011987401259833663	0
10	291.8609688282013	0.019942255365847133	0.0	1
11	320.28530073165894	0.02041812514913459	0.000475869783287456	0
12	348.72550773620605	0.020471749219580233	5.362407044564449e-05	0
13	377.1772029399872	0.020471749219580233	0.0	1
14	405.5582985877991	0.020471749219580233	0.0	2
15	433.87539172172546	0.02062456652955509	0.00015281730997485782	0
16	462.21517539024353	0.02062456652955509	0.0	1
17	490.46328997612	0.02062456652955509	0.0	2
18	518.7656171321869	0.021222899400878695	0.0005983328713236036	0
19	547.1640532016754	0.022258106771755812	0.001035207370877117	0
20	575.5849661827087	0.024707503061102747	0.002449396289346935	0
21	603.9743461608887	0.024707503061102747	0.0	1
22	632.243100643158	0.02553577658070364	0.0008282735196008945	0
23	660.153489112854	0.026337139570910575	0.0008013629902069337	0
24	687.9066438674927	0.026870980380806715	0.0005338408098961404	0
25	715.5961043834686	0.027422703888507594	0.0005517235077008784	0
26	743.1233263015747	0.029259579341292506	0.001836875452784912	0
27	770.5852153301239	0.029259579341292506	0.0	1
28	797.9926855564117	0.02985719873044953	0.0005976193891570232	0
29	825.4061307907104	0.030003155080600325	0.00014595635015079642	0
30	852.758092880249	0.030995796153465333	0.0009926410728650081	0
31	880.0991020202637	0.031005972282952283	1.017612948694957e-05	0
32	907.3779189586639	0.031052884335979008	4.691205302672502e-05	0
33	934.6575810909271	0.031585660928367426	0.0005327765923884183	0
34	961.8757705688477	0.03172300504428528	0.00013734411591785622	0
35	989.1065518856049	0.03172300504428528	0.0	1
36	1016.34987449646	0.03172300504428528	0.0	2
37	1043.5602009296417	0.03172300504428528	0.0	3
38	1070.8120062351227	0.03202286214029352	0.0002998570960082367	0
39	1098.0487439632416	0.03202286214029352	0.0	1
40	1125.3682305812836	0.03250135883519428	0.0004784966949007638	0
41	1152.6745359897614	0.03256649471217946	6.513587698517981e-05	0
42	1179.8896503448486	0.03282910179312049	0.0002626070809410297	0
43	1207.097496509552	0.03285730475822362	2.8202965103127364e-05	0
44	1234.4577972888947	0.033006460967788157	0.00014915620956453685	0
45	1261.692162513733	0.03315829333605158	0.00015183236826342428	0
46	1288.8783259391785	0.03315829333605158	0.0	1
47	1316.0707123279572	0.033449591048357735	0.0002912977123061544	0
48	1343.301595211029	0.033449591048357735	0.0	1
49	1370.6648201942444	0.033449591048357735	0.0	2
50	1397.98397898674	0.03362770934883226	0.00017811830047452515	0
51	1425.1001863479614	0.03410060869205583	0.00047289934322356647	0
52	1452.3945116996765	0.03410060869205583	0.0	1
53	1479.6612634658813	0.03410060869205583	0.0	2
54	1506.9963676929474	0.03442950475247348	0.0003288960604176522	0
55	1534.252253293991	0.03442950475247348	0.0	1
56	1561.5836310386658	0.0347787266465996	0.0003492218941261241	0
57	1588.9944341182709	0.03480129862786953	2.2571981269925434e-05	0
58	1616.3257956504822	0.03537990383740209	0.0005786052095325608	0
59	1643.6125628948212	0.03537990383740209	0.0	1
60	1670.9810242652893	0.03537990383740209	0.0	2
61	1698.3875708580017	0.03552500737216859	0.0001451035347665025	0
62	1725.795423746109	0.03552500737216859	0.0	1
63	1753.2509717941284	0.03565052017606491	0.0001255128038963188	0
64	1780.635499238968	0.0357534778147693	0.00010295763870438873	0
65	1808.050731420517	0.03584903397685677	9.555616208747203e-05	0
66	1835.365681886673	0.03595930420719437	0.00011027023033759881	0
67	1862.709178686142	0.03605790407939987	9.85998722055001e-05	0
68	1890.1103875637054	0.036715578487689166	0.0006576744082892952	0
69	1917.360188484192	0.03774456631200308	0.0010289878243139178	0
70	1944.6124238967896	0.03807609528977619	0.0003315289777731101	0
71	1971.7294018268585	0.03807609528977619	0.0	1
72	1998.8149437904358	0.03822872522059619	0.00015262993081999882	0
73	2026.125293970108	0.06024440180271431	0.022015676582118116	0
74	2053.9851660728455	0.062074644513876585	0.0018302427111622777	0
75	2082.28763794899	0.07268443182489077	0.010609787311014189	0
76	2110.807118654251	0.08032173711969141	0.007637305294800639	0
77	2140.9388144016266	0.08985288833724465	0.009531151217553241	0
78	2172.377207517624	0.1045983690210867	0.014745480683842044	0
79	2207.163969516754	0.104814518083107	0.00021614906202030437	0
80	2243.637756586075	0.10537604055968827	0.0005615224765812693	0
81	2280.4994337558746	0.11604941666851162	0.010673376108823351	0
82	2317.5456972122192	0.11665540085532529	0.0006059841868136656	0
83	2354.25687456131	0.11665540085532529	0.0	1
84	2390.8750896453857	0.11934856781595622	0.0026931669606309327	0
85	2427.2174768447876	0.12039130878977741	0.0010427409738211907	0
86	2463.211977958679	0.12496069842341677	0.004569389633639356	0
87	2498.8314089775085	0.13026836192720018	0.005307663503783408	0
88	2534.0842406749725	0.13101161335643227	0.0007432514292320946	0
89	2568.981516599655	0.13101161335643227	0.0	1
90	2603.5845811367035	0.13351677656502145	0.0025051632085891784	0
91	2637.98544549942	0.13351677656502145	0.0	1
92	2672.204405784607	0.13356375588236016	4.697931733871341e-05	0
93	2706.4095935821533	0.13370909484221866	0.0001453389598584931	0
94	2740.495764017105	0.13515166449575902	0.0014425696535403654	0
95	2774.5280549526215	0.13629969333623607	0.0011480288404770445	0
96	2808.28870177269	0.1369923620028437	0.0006926686666076376	0
97	2841.916039943695	0.138383349538267	0.0013909875354232992	0
98	2875.622718811035	0.1405743115363138	0.002190961998046803	0
99	2909.068997144699	0.14431985748575688	0.0037455459494430687	0
100	2942.4765315055847	0.14431985748575688	0.0	1
101	2975.7193927764893	0.14431985748575688	0.0	2
102	3008.6198303699493	0.14581386511960284	0.0014940076338459674	0
103	3041.2821695804596	0.14581386511960284	0.0	1
104	3073.807928800583	0.14653125822546442	0.0007173931058615801	0
105	3106.1634800434113	0.14784850485656018	0.0013172466310957531	0
106	3138.65766954422	0.14896405464352835	0.0011155497869681785	0
107	3170.3614780902863	0.14896405464352835	0.0	1
108	3202.312660217285	0.15487197525841795	0.005907920614889595	0
109	3234.75013422966	0.15487197525841795	0.0	1
110	3267.449417114258	0.15487197525841795	0.0	2
111	3299.409316301346	0.1558481822184831	0.0009762069600651457	0
112	3332.343032360077	0.1558481822184831	0.0	1
113	3364.1073389053345	0.1558481822184831	0.0	2
114	3396.7706441879272	0.1578688405877317	0.0020206583692486124	0
115	3429.3179705142975	0.16430749584268114	0.006438655254949438	0
116	3461.8358392715454	0.16430749584268114	0.0	1
117	3494.065847635269	0.16570132769758333	0.0013938318549021889	0
118	3526.784235239029	0.16570132769758333	0.0	1
119	3559.518293619156	0.1661287827911599	0.0004274550935765564	0
120	3592.08366894722	0.17065763126303773	0.004528848471877844	0
121	3624.235538959503	0.17065763126303773	0.0	1
122	3656.035173177719	0.1720365304406758	0.00137889917763806	0
123	3687.9491019248962	0.17323798636325619	0.0012014559225803911	0
124	3720.16903924942	0.17323798636325619	0.0	1
125	3752.602179288864	0.17534257137550674	0.002104585012250554	0
126	3785.5024099349976	0.17534257137550674	0.0	1
127	3818.105238199234	0.1782616887693352	0.0029191173938284687	0
128	3850.3411989212036	0.17879763158898138	0.000535942819646168	0
129	3882.431766986847	0.18016922778417363	0.001371596195192254	0
130	3914.513324022293	0.18198584466756207	0.0018166168833884389	0
131	3946.130863428116	0.18198584466756207	0.0	1
132	3977.881011247635	0.18263496449674302	0.0006491198291809497	0
133	4009.879340648651	0.18472029269738652	0.0020853282006434992	0
134	4041.6135556697845	0.18472029269738652	0.0	1
135	4073.3730154037476	0.18519296862700238	0.00047267592961586224	0
136	4105.059058189392	0.18519296862700238	0.0	1
137	4136.763630867004	0.18519296862700238	0.0	2
138	4168.469178915024	0.18557072500319793	0.0003777563761955538	0
139	4200.12481212616	0.1859880904499744	0.0004173654467764798	0
140	4231.836366176605	0.18614139542621128	0.00015330497623686212	0
141	4263.544683933258	0.1873083351475479	0.001166939721336635	0
142	4295.1975474357605	0.18755815480231824	0.0002498196547703335	0
143	4326.505938768387	0.1879824580824182	0.000424303280099958	0
144	4357.970112800598	0.1879824580824182	0.0	1
145	4389.322386741638	0.1894751876943362	0.0014927296119179867	0
146	4420.5433485507965	0.1894751876943362	0.0	1
147	4451.624406814575	0.1903077276931554	0.000832539998819215	0
148	4482.608930110931	0.1903077276931554	0.0	1
149	4513.708498477936	0.1903077276931554	0.0	2
150	4544.717394113541	0.1903077276931554	0.0	3
151	4575.670384645462	0.19043941199767778	0.00013168430452237256	0
152	4607.132600307465	0.19045499809968708	1.5586102009301772e-05	0
153	4638.306746482849	0.19045499809968708	0.0	1
154	4669.475503444672	0.19068331239299208	0.00022831429330499864	0
155	4700.53302526474	0.19068331239299208	0.0	1
156	4731.53747844696	0.19116880697863775	0.0004854945856456738	0
157	4762.698580503464	0.19116880697863775	0.0	1
158	4793.84145450592	0.19232048731033768	0.0011516803316999336	0
159	4824.900265693665	0.1924087957428071	8.830843246940279e-05	0
160	4855.682359457016	0.1924087957428071	0.0	1
161	4886.937308073044	0.1924087957428071	0.0	2
162	4917.647889614105	0.19242242157058093	1.3625827773838806e-05	0
163	4948.71931385994	0.19285348971863067	0.0004310681480497458	0
164	4979.776700019836	0.19311305308945367	0.0002595633708230016	0
165	5010.571816682816	0.1940866367413508	0.0009735836518971197	0
166	5041.452343463898	0.1940866367413508	0.0	1
167	5072.261958837509	0.19546332580588024	0.0013766890645294516	0
168	5103.252079963684	0.19546332580588024	0.0	1
169	5134.3083255290985	0.19546332580588024	0.0	2
170	5165.1013906002045	0.19677803561149484	0.0013147098056146	0
171	5195.891105890274	0.19677803561149484	0.0	1
172	5226.431770324707	0.19763967222984805	0.0008616366183532009	0
173	5256.735486984253	0.19763967222984805	0.0	1
174	5286.903319120407	0.20010417896642657	0.0024645067365785256	0
175	5317.0121331214905	0.20010417896642657	0.0	1
176	5347.173152685165	0.20099022292084856	0.0008860439544219889	0
177	5376.898797035217	0.20099022292084856	0.0	1
178	5406.911856889725	0.20099022292084856	0.0	2
179	5436.626625299454	0.20099022292084856	0.0	3
180	5466.335236310959	0.20106655830578185	7.63353849332904e-05	0
181	5496.221595287323	0.20106655830578185	0.0	1
182	5526.077478170395	0.20106655830578185	0.0	2
183	5555.655660390854	0.20151106009785688	0.0004445017920750305	0
184	5585.174480676651	0.20151106009785688	0.0	1
185	5614.732998609543	0.20162725439224424	0.00011619429438736173	0
186	5644.356178760529	0.20162725439224424	0.0	1
187	5674.07378077507	0.20254510475705512	0.0009178503648108738	0
188	5703.740032672882	0.2032787854356083	0.0007336806785531724	0
189	5733.257921457291	0.2032787854356083	0.0	1
190	5762.879797458649	0.20340433907855118	0.00012555364294289384	0
191	5792.35217499733	0.20370524117369226	0.00030090209514108124	0
192	5821.775093078613	0.20396686091062502	0.00026161973693275553	0
193	5851.082488775253	0.20427343242634902	0.00030657151572399677	0
194	5880.470928192139	0.20427343242634902	0.0	1
195	5909.829274177551	0.20436771777339904	9.428534705002711e-05	0
196	5939.094291687012	0.20474120767037626	0.00037348989697721935	0
197	5968.565912246704	0.20487594769650094	0.00013474002612468006	0
198	5997.728888511658	0.2069646775494942	0.0020887298529932707	0
199	6027.164958238602	0.2069646775494942	0.0	1
200	6056.3462703228	0.20767423916760144	0.0007095616181072295	0
201	6085.63853764534	0.20797514126274252	0.00030090209514108124	0
202	6114.866599082947	0.20797514126274252	0.0	1
203	6144.038964748383	0.2087487577242492	0.000773616461506671	0
204	6173.173040390015	0.2087487577242492	0.0	1
205	6202.229038715363	0.20895331810623055	0.00020456038198135573	0
206	6231.1137018203735	0.20908678971961467	0.0001334716133841174	0
207	6259.887864589691	0.20997021997505608	0.0008834302554414086	0
208	6288.891318798065	0.20997021997505608	0.0	1
209	6317.779670000076	0.20997021997505608	0.0	2
210	6346.548950433731	0.20997021997505608	0.0	3
211	6375.476934194565	0.20997021997505608	0.0	4
212	6404.285990953445	0.21010173131420473	0.00013151133914865443	0
213	6433.1437520980835	0.21018306347660093	8.133216239619712e-05	0
214	6461.7159168720245	0.21058749495709841	0.0004044314804974858	0
215	6490.379074573517	0.21178802839768565	0.001200533440587237	0
216	6519.070822238922	0.21178802839768565	0.0	1
217	6547.813124656677	0.21178802839768565	0.0	2
218	6576.485500335693	0.21180716989904355	1.9141501357899937e-05	0
219	6605.129648685455	0.21180716989904355	0.0	1
220	6633.786019325256	0.21276760818253826	0.0009604382834947078	0
221	6662.391609668732	0.21276760818253826	0.0	1
222	6690.914877653122	0.21276760818253826	0.0	2
223	6719.5441110134125	0.21276760818253826	0.0	3
224	6748.024408578873	0.21276760818253826	0.0	4
225	6776.687170505524	0.2128239756759948	5.636749345652725e-05	0
226	6805.151118278503	0.21292648648748375	0.00010251081148895946	0
227	6833.913817405701	0.21296436590432752	3.7879416843772384e-05	0
228	6862.57305264473	0.21308438465531152	0.00012001875098399672	0
229	6891.1563494205475	0.21308438465531152	0.0	1
230	6919.742134571075	0.2131684650453123	8.408039000079581e-05	0
231	6948.402777671814	0.2132804120788562	0.00011194703354389102	0
232	6977.0044984817505	0.2132804120788562	0.0	1
233	7005.71545624733	0.2132804120788562	0.0	2
234	7034.16862654686	0.21330685656265988	2.6444483803678143e-05	0
235	7062.952214717865	0.21330685656265988	0.0	1
236	7091.558962583542	0.21341013610914314	0.00010327954648325921	0
237	7120.1218202114105	0.21341013610914314	0.0	1
238	7148.654410362244	0.2138128763726532	0.00040274026351005965	0
239	7177.066956520081	0.2138128763726532	0.0	1
240	7205.770434379578	0.2138128763726532	0.0	2
241	7234.500743150711	0.2138128763726532	0.0	3
242	7263.187314271927	0.2138128763726532	0.0	4
243	7291.856317996979	0.2138128763726532	0.0	5
244	7320.41704916954	0.21385089031812096	3.8013945467763044e-05	0
245	7348.969117879868	0.21385532976271301	4.439444592052588e-06	0
246	7377.561816215515	0.21398382381700906	0.00012849405429604666	0
247	7406.204930067062	0.21424744226492698	0.0002636184479179182	0
248	7434.859667062759	0.21438297024442082	0.00013552797949384354	0
249	7463.429686307907	0.21438297024442082	0.0	1
250	7492.009509801865	0.21491839416794584	0.0005354239235250136	0
251	7520.720447540283	0.21491839416794584	0.0	1
252	7549.4527904987335	0.21492194956729443	3.555399348598165e-06	0
253	7577.991347312927	0.2153196930533416	0.00039774348604715293	0
254	7606.5766615867615	0.21573219625127915	0.00041250319793756374	0
255	7635.107483625412	0.21573219625127915	0.0	1
256	7663.53820681572	0.21573219625127915	0.0	2
257	7692.0533928871155	0.21580551435135983	7.331810008068262e-05	0
258	7720.56827378273	0.21580551435135983	0.0	1
259	7748.921358823776	0.21593839019512337	0.00013287584376353578	0
260	7777.436299800873	0.21593839019512337	0.0	1
261	7805.893665552139	0.21599792872043136	5.953852530798942e-05	0
262	7834.276554822922	0.21622272605113746	0.0002247973307061002	0
263	7862.897787809372	0.21622272605113746	0.0	1
264	7891.240141630173	0.21623214305481755	9.41700368009557e-06	0
265	7919.558677196503	0.21623214305481755	0.0	1
266	7947.913770437241	0.21633455777443222	0.00010241471961466853	0
267	7976.277425765991	0.21635454488428385	1.9987109851626883e-05	0
268	8004.62605881691	0.21638029750659266	2.5752622308805595e-05	0
269	8033.019728899002	0.2164900728637777	0.00010977535718503795	0
270	8061.382119178772	0.21653258390896207	4.251104518437909e-05	0
271	8089.738331079483	0.21653258390896207	0.0	1
272	8118.170685529709	0.21653258390896207	0.0	2
273	8146.568970680237	0.21663467191620417	0.00010208800724209599	0
274	8174.921411275864	0.21663467191620417	0.0	1
275	8203.350402355194	0.2167088740615283	7.420214532413705e-05	0
276	8231.63974738121	0.21695165979110087	0.0002427857295725644	0
277	8259.95469737053	0.21702743784316328	7.577805206240851e-05	0
278	8288.253665208817	0.21702743784316328	0.0	1
279	8316.657819509506	0.21702743784316328	0.0	2
280	8345.080795288086	0.217118398411363	9.096056819971055e-05	0
281	8373.302003860474	0.217118398411363	0.0	1
282	8401.819405555725	0.21711874434211043	3.4593074743627383e-07	2
283	8430.193372011185	0.21712723886379737	8.494521686941425e-06	0
284	8458.557371616364	0.21715254946348445	2.5310599687078383e-05	0
285	8486.953426361084	0.21727689234881134	0.00012434288532689464	0
286	8515.265417337418	0.21727689234881134	0.0	1
287	8543.565390825272	0.21727689234881134	0.0	2
288	8571.8748421669	0.21727689234881134	0.0	3
289	8600.223683834076	0.21729849380215097	2.160145333962582e-05	0
290	8628.532249212265	0.21736867930712991	7.018550497894793e-05	0
291	8656.791408538818	0.21736867930712991	0.0	1
292	8685.245269298553	0.21744261239520601	7.393308807610022e-05	0
293	8713.662496089935	0.21753541792739203	9.280553218601884e-05	0
294	8741.927839756012	0.21774585913207972	0.00021044120468768912	0
295	8770.34846162796	0.21779584612508363	4.998699300390319e-05	0
296	8798.707474708557	0.2178579022574979	6.205613241427876e-05	0
297	8827.088610172272	0.2178579022574979	0.0	1
298	8855.46494269371	0.2178579022574979	0.0	2
299	8883.798377037048	0.21787539097861808	1.7488721120173523e-05	0
300	8912.234058856964	0.21787539097861808	0.0	1
301	8940.608520030975	0.21798658849554256	0.00011119751692448276	0
302	8968.93273806572	0.21798658849554256	0.0	1
303	8997.379578113556	0.21808585140168063	9.92629061380701e-05	0
304	9025.744326353073	0.21808585140168063	0.0	1
305	9054.206637144089	0.21808585140168063	0.0	2
306	9082.666058063507	0.21808585140168063	0.0	3
307	9110.962787628174	0.21808585140168063	0.0	4
308	9139.405057907104	0.21815724766427558	7.139626259494714e-05	0
309	9167.767751455307	0.21815984214488132	2.594480605744298e-06	0
310	9196.049705028534	0.21820208413281772	4.2241987936397773e-05	0
311	9224.41785311699	0.21826327543836344	6.119130554571584e-05	0
312	9252.693729877472	0.21830263467007122	3.935923170778066e-05	0
313	9281.05219578743	0.21830263467007122	0.0	1
314	9309.387902259827	0.2183836977752194	8.106310514818804e-05	0
315	9337.66937327385	0.21841475466898885	3.105689376944887e-05	0
316	9366.086825847626	0.21841475466898885	0.0	1
317	9394.240805387497	0.21841475466898885	0.0	2
318	9422.51092338562	0.21841475466898885	0.0	3
319	9450.83306646347	0.21853859787656943	0.0001238432075805762	0
320	9479.229607105255	0.21853859787656943	0.0	1
321	9507.475377559662	0.21864454877715786	0.00010595090058843071	0
322	9535.762620687485	0.21864454877715786	0.0	1
323	9564.058729887009	0.21880888510056282	0.00016433632340495663	0
324	9592.422133684158	0.21880888510056282	0.0	1
325	9620.884411811829	0.21880888510056282	0.0	2
326	9649.32823729515	0.21880888510056282	0.0	3
327	9677.560435771942	0.21880888510056282	0.0	4
328	9705.911925554276	0.21891537411564724	0.0001064890150844211	0
329	9734.210270881653	0.21891537411564724	0.0	1
330	9762.615300178528	0.21891537411564724	0.0	2
331	9790.928236961365	0.2191238934828492	0.00020851936720195363	0
332	9819.419211626053	0.2191238934828492	0.0	1
333	9847.701482057571	0.21925010055053723	0.0001262070676880389	0
334	9876.018854618073	0.21925010055053723	0.0	1
335	9904.294611215591	0.21925010055053723	0.0	2
336	9932.543021678925	0.21928261804079582	3.251749025859341e-05	0
337	9960.767367839813	0.21928261804079582	0.0	1
338	9989.163936853409	0.21934017707349351	5.755903269769047e-05	0
339	10017.527181386948	0.21936197071058172	2.1793637088207696e-05	0
340	10045.790760993958	0.21936197071058172	0.0	1
341	10074.059504508972	0.21936202836570629	5.765512456346045e-08	2
342	10102.489473581314	0.21952682593010783	0.00016479756440154758	0
343	10130.851182460785	0.21957954193234147	5.271600223363815e-05	0
344	10159.106780052185	0.21957954193234147	0.0	1
345	10187.37657737732	0.21974405122112015	0.00016450928877867477	0
346	10215.739544153214	0.21974405122112015	0.0	1
347	10243.970202684402	0.21974405122112015	0.0	2
348	10272.297306060791	0.2197653259620872	2.1274740967053285e-05	0
349	10300.573405265808	0.2197653259620872	0.0	1
350	10328.907500505447	0.2197653259620872	0.0	2
351	10357.251062393188	0.21977009211905182	4.766156964625123e-06	0
352	10385.497049808502	0.21981123865962135	4.114654056952549e-05	0
353	10413.87759423256	0.21981394845047622	2.709790854871219e-06	0
354	10442.227855205536	0.21982809317437121	1.4144723894993216e-05	0
355	10470.443672895432	0.21982809317437121	0.0	1
356	10498.676321983337	0.21995468460955642	0.00012659143518520266	0
357	10527.020165205002	0.2200210648763136	6.638026675717668e-05	0
358	10555.353322505951	0.2200210648763136	0.0	1
359	10583.630278348923	0.2200210648763136	0.0	2
360	10611.94340968132	0.2200210648763136	0.0	3
361	10640.353228092194	0.22006315311725114	4.2088240937543375e-05	0
362	10668.640889644623	0.2201918777920455	0.000128724674794356	0
363	10696.920611858368	0.2201918777920455	0.0	1
364	10725.119997024536	0.2202865282882178	9.465049617229937e-05	0
365	10753.417851686478	0.2202865282882178	0.0	1
366	10781.734690904617	0.2202865282882178	0.0	2
367	10810.025629520416	0.2202865282882178	0.0	3
368	10838.19417476654	0.22042843676816426	0.0001419084799464676	0
369	10866.43838596344	0.22068742358774154	0.00025898681957728376	0
370	10894.686924219131	0.22068742358774154	0.0	1
371	10922.9890832901	0.22068742358774154	0.0	2
372	10951.352612018585	0.22070962081070175	2.219722296020743e-05	0
373	10979.744343280792	0.22070962081070175	0.0	1
374	11008.066229820251	0.22070962081070175	0.0	2
375	11036.366733312607	0.22070962081070175	0.0	3
376	11064.641672611237	0.22070962081070175	0.0	4
377	11092.824368715286	0.22078630212638248	7.668131568072667e-05	0
378	11120.953068256378	0.22078630212638248	0.0	1
379	11149.285405874252	0.22146620979208484	0.0006799076657023617	0
380	11177.493559837341	0.22162747117551262	0.0001612613834277854	0
381	11205.891184091568	0.22162747117551262	0.0	1
382	11234.043796777725	0.22182367156443106	0.00019620038891843272	0
383	11262.396891117096	0.22182367156443106	0.0	1
384	11290.695863723755	0.22182367156443106	0.0	2
385	11318.973304986954	0.22182367156443106	0.0	3
386	11347.301097154617	0.22182367156443106	0.0	4
387	11375.65059351921	0.22189404925315856	7.037768872750205e-05	0
388	11403.787653207779	0.221941672386055	4.762313289644049e-05	0
389	11431.951537847519	0.221941672386055	0.0	1
390	11460.224040746689	0.2219814736403845	3.9801254329507874e-05	0
391	11488.534352064133	0.2219814736403845	0.0	1
392	11516.848756313324	0.2220197566431003	3.8283002715799874e-05	0
393	11545.112090110779	0.2221902044097099	0.00017044776660959937	0
394	11573.44271492958	0.2221902044097099	0.0	1
395	11601.710960388184	0.2223634004039241	0.00017319599421419807	0
396	11630.178766489029	0.2223634004039241	0.0	1
397	11658.512014627457	0.2223634004039241	0.0	2
398	11686.91112279892	0.2223634004039241	0.0	3
399	11715.179644584656	0.22241638546340572	5.298505948161947e-05	0
400	11743.524260520935	0.22241638546340572	0.0	1
401	11771.946131944656	0.22246154864432044	4.516318091471461e-05	0
402	11800.359622955322	0.2225022723806431	4.072373632266202e-05	0
403	11828.696387529373	0.2225022723806431	0.0	1
404	11856.952444791794	0.2225022723806431	0.0	2
405	11885.212736606598	0.22256555848904827	6.328610840516946e-05	0
406	11913.549384355545	0.22261083698021214	4.527849116386928e-05	0
407	11942.021342515945	0.22261083698021214	0.0	1
408	11970.411578893661	0.22261083698021214	0.0	2
409	11998.755370616913	0.22261083698021214	0.0	3
410	12027.01088309288	0.22269291865922775	8.208167901560537e-05	0
411	12055.468659877777	0.22284268745449087	0.0001497687952631277	0
412	12083.782466173172	0.22284268745449087	0.0	1
413	12112.159679889679	0.2228493370121915	6.649557700633135e-06	0
414	12140.458613157272	0.2228640198505825	1.468283839098361e-05	0
415	12168.794504880905	0.2228640198505825	0.0	1
416	12197.210769176483	0.22287749193135747	1.3472080774984407e-05	0
417	12225.567115306854	0.22287749193135747	0.0	1
418	12253.928255081177	0.22297310334627266	9.561141491518099e-05	0
419	12282.34445309639	0.22297310334627266	0.0	1
420	12310.827931642532	0.22299034222851968	1.7238882247028187e-05	0
421	12339.136289596558	0.22310017524082928	0.00010983301230960141	0
422	12367.462000608444	0.22310017524082928	0.0	1
423	12395.768213510513	0.22318062335798203	8.044811715274269e-05	0
424	12424.118976831436	0.22318062335798203	0.0	1
425	12452.421093702316	0.22322240410492186	4.178074693983458e-05	0
426	12480.695058345795	0.22332914295887943	0.00010673885395756644	0
427	12508.954127788544	0.22350043633398275	0.00017129337510332632	0
428	12537.181121587753	0.2235035689290845	3.132595101734692e-06	0
429	12565.515644788742	0.2235035689290845	0.0	1
430	12593.876304626465	0.2237180459924922	0.00021447706340771422	0
431	12622.20090508461	0.2237180459924922	0.0	1
432	12650.419615507126	0.223726156146682	8.11015418980543e-06	0
433	12678.719861268997	0.22374645075053132	2.0294603849307924e-05	0
434	12706.994779586792	0.22380773814795132	6.128739742000677e-05	0
435	12735.170843839645	0.2238101404448085	2.4022968571624226e-06	0
436	12763.492765188217	0.2238139264646554	3.786019846907518e-06	0
437	12791.665105819702	0.2238139264646554	0.0	1
438	12819.853531360626	0.2239071740194631	9.324755480771829e-05	0
439	12848.056236505508	0.2239071740194631	0.0	1
440	12876.288541078568	0.2239071740194631	0.0	2
441	12904.547904491425	0.2239071740194631	0.0	3
442	12932.751878261566	0.22390959553469514	2.4215152320261613e-06	0
443	12961.073359012604	0.223939114958476	2.9519423780849374e-05	0
444	12989.334039926529	0.223939114958476	0.0	1
445	13017.54621720314	0.223939114958476	0.0	2
446	13045.862573623657	0.224000805941768	6.169098329200651e-05	0
447	13074.089042425156	0.224000805941768	0.0	1
448	13102.330893039703	0.22401821778938874	1.7411847620746324e-05	0
449	13130.523700237274	0.22401940932862988	1.1915392411354642e-06	0
450	13158.751266002655	0.2240194862021293	7.687349942719912e-08	1
451	13187.046313047409	0.2240787556701893	5.92694680600081e-05	0
452	13215.305920362473	0.22414050430860588	6.174863841656997e-05	0
453	13243.54439163208	0.22414050430860588	0.0	1
454	13271.773605108261	0.22415403404450543	1.3529735899547868e-05	0
455	13299.969133138657	0.22456215545297553	0.00040812140847010236	0
456	13328.151431322098	0.22456215545297553	0.0	1
457	13356.322449922562	0.22462180928853268	5.96538355571441e-05	0
458	13384.628125667572	0.22473535144718973	0.00011354215865705397	0
459	13412.888538837433	0.22473535144718973	0.0	1
460	13441.170925855637	0.22473535144718973	0.0	2
461	13469.295711278915	0.22473535144718973	0.0	3
462	13497.498289108276	0.22473913746703664	3.786019846907518e-06	0
463	13525.723448991776	0.2247897202296611	5.0582762624457045e-05	0
464	13553.961723804474	0.2247897202296611	0.0	1
465	13582.10994887352	0.2247897202296611	0.0	2
466	13610.35570693016	0.2248057483542921	1.6028124631001228e-05	0
467	13638.506931066513	0.2248057483542921	0.0	1
468	13666.704989910126	0.2248057483542921	0.0	2
469	13694.9032933712	0.22480816986952412	2.4215152320261613e-06	0
470	13723.20512509346	0.22480816986952412	0.0	1
471	13751.508577108383	0.2248342107674558	2.604089793167841e-05	0
472	13779.700752973557	0.224899245747973	6.503498051718681e-05	0
473	13807.881017446518	0.224899245747973	0.0	1
474	13836.056519508362	0.224899245747973	0.0	2
475	13864.181923389435	0.224899245747973	0.0	3
476	13892.35389995575	0.224899245747973	0.0	4
477	13920.557072877884	0.224899245747973	0.0	5
478	13948.777926206589	0.22495630510292436	5.705935495137204e-05	0
479	13976.95864892006	0.22495630510292436	0.0	1
480	14005.179178476334	0.2249707573208171	1.4452217892729768e-05	0
481	14033.412374258041	0.2249707573208171	0.0	1
482	14061.599105119705	0.22499939269935448	2.863537853739495e-05	0
483	14089.786709070206	0.22499939269935448	0.0	1
484	14117.889974594116	0.2250114618387649	1.2069139410403329e-05	0
485	14146.036485671997	0.2250114618387649	0.0	1
486	14174.299727916718	0.2250114618387649	0.0	2
487	14202.39037489891	0.2250285277556382	1.706591687331005e-05	0
488	14230.604224205017	0.22514051322593182	0.0001119854702936185	0
489	14258.743745088577	0.2251853689128488	4.4855686916978055e-05	0
490	14286.794646263123	0.2252313392655075	4.5970352658714075e-05	0
491	14315.04507803917	0.2252638183190164	3.2479053508893685e-05	0
492	14343.2503490448	0.22531317110565	4.9352786633594103e-05	0
493	14371.359770536423	0.22531317110565	0.0	1
494	14399.445979833603	0.22534332473580113	3.0153630151130706e-05	0
495	14427.560600280762	0.22534332473580113	0.0	1
496	14455.590506792068	0.22534332473580113	0.0	2
497	14483.748724460602	0.22534332473580113	0.0	3
498	14512.01382470131	0.2254050925925926	6.176785679146146e-05	0
499	14540.205594778061	0.2254050925925926	0.0	1
500	14568.376946210861	0.22542823151592079	2.3138923328197558e-05	0
501	14596.602787017822	0.22542823151592079	0.0	1
502	14624.775668144226	0.2254555600449679	2.732852904710481e-05	0
503	14653.023591279984	0.22550831448395126	5.2754438983365626e-05	0
504	14681.316291332245	0.2256088073660802	0.00010049288212893304	0
505	14709.431331634521	0.2256088073660802	0.0	1
506	14737.611698150635	0.2256088073660802	0.0	2
507	14765.808062076569	0.2257623237444405	0.00015351637836030774	0
508	14793.995942115784	0.22587394406561181	0.00011162032117131848	0
509	14822.089158773422	0.22587394406561181	0.0	1
510	14850.285682439804	0.22587394406561181	0.0	2
511	14878.364741325378	0.22587394406561181	0.0	3
512	14906.529559612274	0.22587394406561181	0.0	4
513	14934.786463975906	0.2258842643329102	1.0320267298385977e-05	0
514	14962.953800678253	0.22640535134879164	0.0005210870158814385	0
515	14991.081362962723	0.22640535134879164	0.0	1
516	15019.250479459763	0.22640535134879164	0.0	2
517	15047.383748054504	0.22640535134879164	0.0	3
518	15075.531290769577	0.22640535134879164	0.0	4
519	15103.630395174026	0.22652663851251623	0.00012128716372458714	0
520	15131.841410636902	0.22667905944350963	0.0001524209309934077	0
521	15160.021799325943	0.22667905944350963	0.0	1
522	15188.280924081802	0.22676694507173217	8.788562822253931e-05	0
523	15216.498444080353	0.22676694507173217	0.0	1
524	15244.64714217186	0.22676694507173217	0.0	2
525	15272.721790075302	0.22682054511920927	5.360004747709257e-05	0
526	15300.832881689072	0.22689768767588656	7.714255667728986e-05	0
527	15329.056493520737	0.22692584259505252	2.8154919165968018e-05	0
528	15357.246761083603	0.22692584259505252	0.0	1
529	15385.469528913498	0.22692584259505252	0.0	2
530	15413.582278490067	0.22692584259505252	0.0	3
531	15441.732976436615	0.22692584259505252	0.0	4
532	15469.764957904816	0.22692584259505252	0.0	5
533	15497.802273988724	0.22696504807976148	3.920548470895402e-05	0
534	15525.968494653702	0.22709646332703584	0.0001314152472743635	0
535	15554.089138031006	0.22719459234905734	9.812902202149809e-05	0
536	15582.316090583801	0.22724521354843152	5.062119937418452e-05	0
537	15610.381333589554	0.2272931249569508	4.791140851928555e-05	0
538	15638.490751743317	0.2272931249569508	0.0	1
539	15666.691571712494	0.2272931249569508	0.0	2
540	15694.788558959961	0.2272931249569508	0.0	3
541	15722.9011759758	0.22739736542217695	0.00010424046522614083	0
542	15751.14921951294	0.22739736542217695	0.0	1
543	15779.347477912903	0.22746167010444954	6.430468227258679e-05	0
544	15807.494746923447	0.2280318408497166	0.0005701707452670512	0
545	15835.618149757385	0.2280318408497166	0.0	1
546	15863.77275276184	0.2280318408497166	0.0	2
547	15891.959787845612	0.22817138546955562	0.00013954461983903266	0
548	15920.26908326149	0.22836685556022945	0.0001954700906738327	0
549	15948.410025119781	0.22836685556022945	0.0	1
550	15976.503514528275	0.22840511934457036	3.826378434090838e-05	0
551	16004.533545970917	0.22840511934457036	0.0	1
552	16032.648005962372	0.22841138453477386	6.26519020349714e-06	0
553	16060.787883996964	0.22841138453477386	0.0	1
554	16088.942989349365	0.2284655803518715	5.4195817097646426e-05	0
555	16117.101022481918	0.22850607346769589	4.049311582438042e-05	0
556	16145.27529501915	0.22850607346769589	0.0	1
557	16173.473721027374	0.2286356245326091	0.00012955106491321922	0
558	16201.500052928925	0.22865336309260242	1.773855999331886e-05	0
559	16229.747755527496	0.22871270943416183	5.9346341559407545e-05	0
560	16257.90823173523	0.22871270943416183	0.0	1
561	16285.99690914154	0.22871270943416183	0.0	2
562	16314.079820632935	0.2287206081862282	7.898752066359815e-06	0
563	16342.19730758667	0.22880830163070215	8.769344447395744e-05	0
564	16370.383560419083	0.22880830163070215	0.0	1
565	16398.542534589767	0.22880830163070215	0.0	2
566	16426.67411184311	0.22880830163070215	0.0	3
567	16454.74966955185	0.22880830163070215	0.0	4
568	16482.75714111328	0.22880830163070215	0.0	5
569	16510.87387895584	0.22880830163070215	0.0	6
570	16539.00617480278	0.22880830163070215	0.0	7
571	16567.09855031967	0.22887170304935645	6.340141865429638e-05	0
572	16595.257635831833	0.22889999249714643	2.8289447789986433e-05	0
573	16623.461884975433	0.22889999249714643	0.0	1
574	16651.546130895615	0.22890743000821623	7.437511069796621e-06	0
575	16679.712770462036	0.22890743000821623	0.0	1
576	16707.847611904144	0.22892182457098437	1.4394562768138552e-05	0
577	16735.99721288681	0.22896343235255046	4.1607781566088686e-05	0
578	16763.91188931465	0.22896343235255046	0.0	1
579	16792.070536851883	0.22898299665815522	1.956430560476341e-05	0
580	16820.121447086334	0.22898299665815522	0.0	1
581	16848.37778019905	0.22900486716874285	2.1870510587634895e-05	0
582	16876.576157808304	0.22901724380215097	1.2376633408112125e-05	0
583	16904.708202838898	0.22903023542355452	1.2991621403557474e-05	0
584	16932.922331094742	0.22903023542355452	0.0	1
585	16961.083372831345	0.22903023542355452	0.0	2
586	16989.2101085186	0.22904605214606208	1.5816722507555614e-05	0
587	17017.291121006012	0.22912790320457943	8.185105851735153e-05	0
588	17045.41842842102	0.22912790320457943	0.0	1
589	17073.576155900955	0.22912790320457943	0.0	2
590	17101.659284591675	0.22912790320457943	0.0	3
591	17129.713179826736	0.22914181730797614	1.3914103396711619e-05	0
592	17157.903791427612	0.2292191904851517	7.737317717557146e-05	0
593	17186.287353277206	0.22929656366232729	7.737317717557146e-05	0
594	17214.54336667061	0.22929656366232729	0.0	1
595	17242.797042369843	0.22929656366232729	0.0	2
596	17271.030958652496	0.22929656366232729	0.0	3
597	17299.167885303497	0.22929656366232729	0.0	4
598	17327.41885781288	0.22929656366232729	0.0	5
599	17355.6483604908	0.22929656366232729	0.0	6
600	17383.800276517868	0.22929656366232729	0.0	7
601	17411.99113368988	0.2293275436825973	3.098002027002167e-05	0
602	17440.21040725708	0.2293275436825973	0.0	1
603	17468.27281475067	0.2293275436825973	0.0	2
604	17496.459505081177	0.2293275436825973	0.0	3
605	17524.530975580215	0.2293367300657791	9.186383181786217e-06	0
606	17552.726194143295	0.22934999074443066	1.3260678651566549e-05	0
607	17580.91018462181	0.22934999074443066	0.0	1
608	17608.979006767273	0.2294010347480517	5.1044003621047995e-05	0
609	17637.08191871643	0.22940195723004486	9.22481993154145e-07	1
610	17665.268718481064	0.2294069732258826	5.015995837742704e-06	0
611	17693.554936408997	0.22943460924892745	2.7636023044841362e-05	0
612	17721.74392724037	0.22944600574521784	1.139649629039452e-05	0
613	17749.97029352188	0.2295074853263864	6.147958116856089e-05	0
614	17778.14017891884	0.22952385938176484	1.6374055378437502e-05	0
615	17806.325713157654	0.22954396180186562	2.010242010078156e-05	0
616	17834.523290395737	0.22958355165407168	3.958985220606226e-05	0
617	17862.675693511963	0.22958355165407168	0.0	1
618	17890.743276834488	0.2295863767551757	2.8251011040258955e-06	0
619	17918.864768505096	0.22959135431426378	4.977559088070738e-06	0
620	17947.072860240936	0.2296001178931987	8.763578934922744e-06	0
621	17975.320006608963	0.22963036761522412	3.0249722025421644e-05	0
622	18003.42210674286	0.22965923361425983	2.8865999035704304e-05	0
623	18031.563327550888	0.22965923361425983	0.0	1
624	18059.801530122757	0.22970937435426259	5.014074000275759e-05	0
625	18087.916417360306	0.22970937435426259	0.0	1
626	18116.097942113876	0.22970937435426259	0.0	2
627	18144.229318380356	0.2297637623551088	5.43880008462283e-05	0
628	18172.397747516632	0.22980296783981774	3.9205484708926264e-05	0
629	18200.559952020645	0.22984740072248788	4.443288267014234e-05	0
630	18228.714537382126	0.22993651632670128	8.911560421340226e-05	0
631	18256.901743888855	0.22997989219875425	4.337587205296978e-05	0
632	18285.208718299866	0.22997989219875425	0.0	1
633	18313.450120449066	0.22997989219875425	0.0	2
634	18341.72953391075	0.22998052640512456	6.342063703090872e-07	3
635	18369.791372299194	0.23000620215393394	2.5675748809378396e-05	0
636	18397.853492736816	0.23000620215393394	0.0	1
637	18425.9775223732	0.23014570833702325	0.00013950618308930518	0
638	18454.189123630524	0.23020670745882038	6.099912179713396e-05	0
639	18482.261435747147	0.23023616922747667	2.9461768656285914e-05	0
640	18510.39151287079	0.23023616922747667	0.0	1
641	18538.541540145874	0.23027777700904276	4.1607781566088686e-05	0
642	18566.670159578323	0.2302895194360806	1.1742427037830794e-05	0
643	18594.725759267807	0.2303719662642185	8.244682813790538e-05	0
644	18622.88963866234	0.23047119073360686	9.922446938837037e-05	0
645	18651.01523756981	0.23062935795868264	0.00015816722507577818	0
646	18679.21530175209	0.23062935795868264	0.0	1
647	18707.3392329216	0.2306696781091333	4.0320150450662284e-05	0
648	18735.457803487778	0.23074497570182428	7.529759269098157e-05	0
649	18763.510929107666	0.23074497570182428	0.0	1
650	18791.662655353546	0.23080199662002596	5.702091820167232e-05	0
651	18819.78769516945	0.2308345333286594	3.2536708633457145e-05	0
652	18847.928098917007	0.23090988857647496	7.535524781554503e-05	0
653	18875.997420310974	0.23090988857647496	0.0	1
654	18904.17628145218	0.23094899796930962	3.910939283466308e-05	0
655	18932.143181085587	0.2310183570841697	6.935911486008473e-05	0
656	18960.295691013336	0.2310183570841697	0.0	1
657	18988.43744659424	0.2310183570841697	0.0	2
658	19016.498227357864	0.23105890785511865	4.055077094894388e-05	0
659	19044.682064533234	0.23107426333662964	1.535548151099242e-05	0
660	19072.923563480377	0.23119284070949933	0.00011857737286968817	0
661	19101.109721660614	0.23134887469496593	0.00015603398546659708	0
662	19129.13518834114	0.23134887469496593	0.0	1
663	19157.287500858307	0.2315490148507301	0.00020014015576416688	0
664	19185.286602973938	0.2315490148507301	0.0	1
665	19213.32162618637	0.23173108973412837	0.0001820748833982755	0
666	19241.40912461281	0.23173108973412837	0.0	1
667	19269.55649995804	0.23173108973412837	0.0	2
668	19297.74244594574	0.23185991050079702	0.00012882076666864695	0
669	19325.918625593185	0.23185991050079702	0.0	1
670	19353.933213949203	0.23185991050079702	0.0	2
671	19381.851382493973	0.23187363242044515	1.3721919648129743e-05	0
672	19409.923263311386	0.23188007057602233	6.438155577187521e-06	0
673	19438.067790031433	0.2319249839180639	4.491334204156927e-05	0
674	19466.14887857437	0.2319465084979041	2.152457984019862e-05	0
675	19494.20133447647	0.2319465084979041	0.0	1
676	19522.279205799103	0.2319465084979041	0.0	2
677	19550.32231593132	0.23196626498725742	1.975648935331753e-05	0
678	19578.423458337784	0.23196626498725742	0.0	1
679	19606.459906816483	0.23196626498725742	0.0	2
680	19634.51400899887	0.2319871745791022	2.0909591844781028e-05	0
681	19662.57896924019	0.23200047369450347	1.329911540126627e-05	0
682	19690.66326069832	0.23200047369450347	0.0	1
683	19718.787064790726	0.23204394565843073	4.3471963927260715e-05	0
684	19746.839546442032	0.23204394565843073	0.0	1
685	19774.896943330765	0.2320614728163006	1.7527157869873244e-05	0
686	19802.836714744568	0.2320614728163006	0.0	1
687	19830.942848682404	0.2320614728163006	0.0	2
688	19858.971294641495	0.23207536770132245	1.389488502184788e-05	0
689	19887.041124105453	0.23215035780001572	7.499009869327278e-05	0
690	19915.125824451447	0.23215035780001572	0.0	1
691	19943.260139226913	0.23215035780001572	0.0	2
692	19971.3494617939	0.23215035780001572	0.0	3
693	19999.359397888184	0.23215083825938715	4.804593714269334e-07	4
694	20027.446532726288	0.23218116485491203	3.03265955248766e-05	0
695	20055.556067228317	0.23218116485491203	0.0	1
696	20083.676432609558	0.23218116485491203	0.0	2
697	20111.764748573303	0.23218116485491203	0.0	3
698	20139.871323108673	0.23218116485491203	0.0	4
699	20167.9680685997	0.23219027436459438	9.109509682359018e-06	0
700	20196.112540960312	0.23221297126530088	2.2696900706498102e-05	0
701	20224.15164208412	0.23221297126530088	0.0	1
702	20252.293417215347	0.23221596933177863	2.9980664777440325e-06	0
703	20280.383830308914	0.2322310173192919	1.5047987513283623e-05	0
704	20308.492761850357	0.23224771808704292	1.6700767751010037e-05	0
705	20336.633568286896	0.23224771808704292	0.0	1
706	20364.724090099335	0.2322840215971484	3.630351010547317e-05	0
707	20392.764006853104	0.2322840215971484	0.0	1
708	20420.86479949951	0.23246259873632263	0.00017857713917424078	0
709	20448.934436559677	0.23246259873632263	0.0	1
710	20476.987112522125	0.23246259873632263	0.0	2
711	20505.037667751312	0.23246259873632263	0.0	3
712	20533.139888763428	0.23246259873632263	0.0	4
713	20561.159051418304	0.23246913298377414	6.534247451506214e-06	0
714	20589.205149173737	0.23247849233232964	9.359348555504354e-06	0
715	20617.277866840363	0.23255496224588695	7.646991355730881e-05	0
716	20645.427277088165	0.23255496224588695	0.0	1
717	20673.468482017517	0.23255496224588695	0.0	2
718	20701.541259527206	0.23255496224588695	0.0	3
719	20729.66241312027	0.232577851330342	2.2889084455052222e-05	0
720	20757.74528861046	0.232577851330342	0.0	1
721	20785.8344745636	0.23261250206020975	3.4650729867746755e-05	0
722	20813.866784095764	0.23264098369174832	2.848163153856831e-05	0
723	20841.963854312897	0.23267794062659894	3.695693485061824e-05	0
724	20870.045125961304	0.23267794062659894	0.0	1
725	20898.051723241806	0.23267794062659894	0.0	2
726	20926.233182907104	0.23267794062659894	0.0	3
727	20954.42548108101	0.23267794062659894	0.0	4
728	20982.47049689293	0.23281727384431453	0.00013933321771558704	0
729	21010.428504943848	0.23281727384431453	0.0	1
730	21038.380955457687	0.23281727384431453	0.0	2
731	21066.352502822876	0.23281727384431453	0.0	3
732	21094.282722234726	0.23281727384431453	0.0	4
733	21122.178861141205	0.23281727384431453	0.0	5
734	21150.017412900925	0.2328324755788267	1.5201734512165777e-05	0
735	21177.83067536354	0.2328324755788267	0.0	1
736	21205.77298426628	0.2328324755788267	0.0	2
737	21233.701534748077	0.2328324755788267	0.0	3
738	21261.634469032288	0.23285188613743257	1.9410558605881256e-05	0
739	21289.589015245438	0.23288080979159284	2.8923654160267764e-05	0
740	21317.593873500824	0.23288080979159284	0.0	1
741	21345.601254940033	0.23288080979159284	0.0	2
742	21373.566838502884	0.23288080979159284	0.0	3
743	21401.55189204216	0.2329285674531133	4.7757661520458905e-05	0
744	21429.4732568264	0.2329285674531133	0.0	1
745	21457.419248580933	0.2329285674531133	0.0	2
746	21485.389499425888	0.23292948993510645	9.22481993154145e-07	3
747	21513.284381866455	0.23292948993510645	0.0	4
748	21541.183004140854	0.23297471077114573	4.522083603927807e-05	0
749	21569.025684595108	0.23299938716446253	2.4676393316797052e-05	0
750	21597.02050924301	0.2330112449017495	1.1857737286957715e-05	0
751	21624.93919444084	0.2330112449017495	0.0	1
752	21652.923119068146	0.2330112449017495	0.0	2
753	21680.892313957214	0.2330112449017495	0.0	3
754	21708.779745817184	0.23317116099893728	0.00015991609718779554	0
755	21736.637211322784	0.23317116099893728	0.0	1
756	21764.554369688034	0.23317116099893728	0.0	2
757	21792.529392957687	0.23320323646657415	3.2075467636866195e-05	0
758	21820.396624088287	0.2332084446461605	5.208179586352335e-06	0
759	21848.327486038208	0.2333335370481068	0.0001250924019463029	0
760	21876.31603908539	0.2333335370481068	0.0	1
761	21904.154980897903	0.2333335370481068	0.0	2
762	21932.14176607132	0.2333641134825048	3.057643439799418e-05	0
763	21960.116267442703	0.2333641134825048	0.0	1
764	21987.980479002	0.2333641134825048	0.0	2
765	22015.9167304039	0.2333641134825048	0.0	3
766	22043.88476920128	0.23340650921744005	4.239573493525217e-05	0
767	22071.82448863983	0.23340650921744005	0.0	1
768	22099.758214235306	0.23340650921744005	0.0	2
769	22127.792796611786	0.23356940416273073	0.00016289494529067583	0
770	22155.71323633194	0.23356940416273073	0.0	1
771	22183.733669757843	0.23377033227186403	0.0002009281091333026	0
772	22211.661779403687	0.23377033227186403	0.0	1
773	22239.619126319885	0.2338406907422167	7.035847035266607e-05	0
774	22267.70351290703	0.2338809532375428	4.0262495326098824e-05	0
775	22295.50828719139	0.2338809532375428	0.0	1
776	22323.42444372177	0.2338809532375428	0.0	2
777	22351.30287528038	0.23389352205469946	1.2568817156666245e-05	0
778	22379.34475851059	0.23402462980797614	0.00013110775327668245	0
779	22407.396322965622	0.23402462980797614	0.0	1
780	22435.425422906876	0.23402462980797614	0.0	2
781	22463.431769371033	0.23404871043167236	2.4080623696215442e-05	0
782	22491.32701945305	0.2344175494819341	0.0003688390502617489	0
783	22519.287051677704	0.2344175494819341	0.0	1
784	22547.16937804222	0.2344175494819341	0.0	2
785	22575.18953061104	0.2344175494819341	0.0	3
786	22603.18826031685	0.2344175494819341	0.0	4
787	22631.174395799637	0.2344175494819341	0.0	5
788	22659.154935836792	0.23442079738728497	3.247905350861613e-06	0
789	22687.19787144661	0.23459574225361118	0.00017494486632621542	0
790	22715.138837099075	0.23459574225361118	0.0	1
791	22743.062072515488	0.23459574225361118	0.0	2
792	22771.091173171997	0.23459574225361118	0.0	3
793	22799.018783569336	0.23459574225361118	0.0	4
794	22826.962084770203	0.2346154218694651	1.9679615853918087e-05	0
795	22854.940445661545	0.23463481320969612	1.9391340231017518e-05	0
796	22882.95876955986	0.2347926729407742	0.0001578597310780694	0
797	22910.964469909668	0.2347926729407742	0.0	1
798	22938.94555568695	0.2347926729407742	0.0	2
799	22966.89593577385	0.23481554280685438	2.2869866080188483e-05	0
800	22994.90104675293	0.23481554280685438	0.0	1
801	23022.805671215057	0.23481554280685438	0.0	2
802	23050.812813282013	0.23493215990548863	0.00011661709863425296	0
803	23078.837490797043	0.23493215990548863	0.0	1
804	23106.86054635048	0.23495224310721452	2.0083201725890065e-05	0
805	23134.82665205002	0.23495224310721452	0.0	1
806	23162.761768102646	0.23499129484492462	3.905173771009962e-05	0
807	23190.744532346725	0.23499129484492462	0.0	1
808	23218.714561462402	0.2350698787797162	7.858393479157066e-05	0
809	23246.678838014603	0.2350698787797162	0.0	1
810	23274.67258810997	0.2350698787797162	0.0	2
811	23302.604653835297	0.2350698787797162	0.0	3
812	23330.554064035416	0.23506991721646592	3.843674972747735e-08	4
813	23358.45905470848	0.23506991721646592	0.0	5
814	23386.40202999115	0.23506991721646592	0.0	6
815	23414.35476207733	0.23508287040111975	1.2953184653829997e-05	0
816	23442.289969921112	0.2351042412339611	2.1370832841344223e-05	0
817	23470.206132650375	0.23516258822002792	5.83469860668262e-05	0
818	23498.176493883133	0.23516258822002792	0.0	1
819	23526.166003227234	0.23534006991183531	0.00017748169180739626	0
820	23554.16271328926	0.23534006991183531	0.0	1
821	23582.100321769714	0.235445713318426	0.00010564340659069416	0
822	23610.049525737762	0.235445713318426	0.0	1
823	23637.995600938797	0.2354510368082615	5.323489835479256e-06	0
824	23665.880268096924	0.2354510368082615	0.0	1
825	23693.74009156227	0.23545468829948438	3.6514912228891028e-06	0
826	23721.74463891983	0.23545468829948438	0.0	1
827	23749.74602508545	0.23545468829948438	0.0	2
828	23777.729840278625	0.23568738438225684	0.00023269608277246	0
829	23805.654767274857	0.23568738438225684	0.0	1
830	23833.584642648697	0.2357717914846302	8.440710237336835e-05	0
831	23861.552931785583	0.2357717914846302	0.0	1
832	23889.54575443268	0.2357717914846302	0.0	2
833	23917.505698680878	0.2357717914846302	0.0	3
834	23945.543696165085	0.2357767882620931	4.996777462906721e-06	0
835	23973.60840368271	0.23583630756902624	5.951930693312568e-05	0
836	24001.53603887558	0.23586557715393394	2.9269584907704038e-05	0
837	24029.538950443268	0.23586557715393394	0.0	1
838	24057.417835235596	0.23586557715393394	0.0	2
839	24085.415609121323	0.23593537829141573	6.980113748178418e-05	0
840	24113.366619825363	0.23593537829141573	0.0	1
841	24141.25385260582	0.23595517321751877	1.9794926103045007e-05	0
842	24169.163365125656	0.23596378304945487	8.609831936096102e-06	0
843	24197.18766617775	0.23601377004245874	4.9986993003875435e-05	0
844	24225.17337989807	0.23601377004245874	0.0	1
845	24253.258524656296	0.23601377004245874	0.0	2
846	24281.25320291519	0.23601377004245874	0.0	3
847	24309.19095301628	0.23603867705627385	2.4907013815106405e-05	0
848	24337.17212820053	0.23604649893484078	7.821878566932616e-06	0
849	24365.170224905014	0.23620960528225488	0.0001631063474140937	0
850	24393.134041547775	0.23620960528225488	0.0	1
851	24421.034395456314	0.23620960528225488	0.0	2
852	24449.03275871277	0.23620960528225488	0.0	3
853	24476.99498963356	0.23620960528225488	0.0	4
854	24504.897688388824	0.23620960528225488	0.0	5
855	24532.970019340515	0.23620960528225488	0.0	6
856	24560.886194229126	0.23626391640960168	5.43111273468011e-05	0
857	24588.852708101273	0.23626391640960168	0.0	1
858	24616.812331676483	0.2362865940919333	2.2677682331634363e-05	0
859	24644.782741069794	0.23633652342981262	4.9929337879311975e-05	0
860	24672.794239282608	0.2363914687635297	5.4945333717082434e-05	0
861	24700.735346078873	0.23639594664487149	4.477881341780066e-06	0
862	24728.622792243958	0.23651904033583263	0.0001230936909611402	0
863	24756.59801673889	0.23663085284075253	0.00011181250491990036	0
864	24784.49117398262	0.2366480725046247	1.7219663872164448e-05	0
865	24812.35924935341	0.23676628472837208	0.00011821222374738816	0
866	24840.28763103485	0.23676628472837208	0.0	1
867	24868.227152109146	0.23676628472837208	0.0	2
868	24896.161950588226	0.23676628472837208	0.0	3
869	24924.01694703102	0.23676628472837208	0.0	4
870	24951.90625	0.23676628472837208	0.0	5
871	24979.790449380875	0.23679295983267404	2.667510430195974e-05	0
872	25007.593065977097	0.23686591278363245	7.295295095841037e-05	0
873	25035.552735328674	0.23686591278363245	0.0	1
874	25063.44499731064	0.23686591278363245	0.0	2
875	25091.279057502747	0.2368900702808281	2.415749719564264e-05	0
876	25119.31782436371	0.2369501469206321	6.007663980400757e-05	0
877	25147.221795082092	0.2369501469206321	0.0	1
878	25175.164219856262	0.2369501469206321	0.0	2
879	25203.1030523777	0.23705117791725702	0.00010103099662492343	0
880	25231.131878376007	0.237168640624385	0.0001174627071279799	0
881	25259.072860240936	0.237168640624385	0.0	1
882	25287.02331018448	0.237168640624385	0.0	2
883	25314.922820568085	0.237168640624385	0.0	3
884	25342.897938489914	0.237168640624385	0.0	4
885	25370.742961883545	0.23717603969870507	7.399074320069143e-06	0
886	25398.598284721375	0.2372119972780631	3.5957579358036895e-05	0
887	25426.653227567673	0.23721914651351003	7.149235446923807e-06	0
888	25454.516337633133	0.237231945951165	1.2799437654975598e-05	0
889	25482.483891010284	0.237231945951165	0.0	1
890	25510.406265974045	0.2372480317309206	1.6085779755592444e-05	0
891	25538.412826299667	0.23732690394133504	7.887221041444348e-05	0
892	25566.337816476822	0.23732690394133504	0.0	1
893	25594.225397348404	0.23732690394133504	0.0	2
894	25622.239662647247	0.23739036301511393	6.34590737788876e-05	0
895	25650.199244737625	0.23743812067663436	4.775766152043115e-05	0
896	25678.07052874565	0.23743812067663436	0.0	1
897	25706.10954451561	0.23743812067663436	0.0	2
898	25733.96046423912	0.23744767220893845	9.55153230408623e-06	0
899	25761.877495527267	0.23744767220893845	0.0	1
900	25789.799524068832	0.23744767220893845	0.0	2
901	25817.772018909454	0.23746135569183688	1.3683482898430022e-05	0
902	25845.702982902527	0.23746135569183688	0.0	1
903	25873.5082821846	0.23746910069690438	7.745005067505417e-06	0
904	25901.487694740295	0.23746910069690438	0.0	1
905	25929.485530376434	0.23746910069690438	0.0	2
906	25957.355002641678	0.23748126592818905	1.2165231284666511e-05	0
907	25985.279849290848	0.23750728760774587	2.602167955681467e-05	0
908	26013.329880952835	0.23751216907495964	4.8814672137798e-06	0
909	26041.240030050278	0.23751216907495964	0.0	1
910	26069.16877770424	0.2375271786257232	1.5009550763556145e-05	0
911	26097.18584752083	0.23756407790544926	3.689927972605478e-05	0
912	26125.180049180984	0.23756407790544926	0.0	1
913	26153.101331949234	0.23768684488403785	0.00012276697858859542	0
914	26180.86202645302	0.2376977609209568	1.0916036918939831e-05	0
915	26208.790890216827	0.23782890711098317	0.00013114619002638217	0
916	26236.7170689106	0.23782890711098317	0.0	1
917	26264.507839918137	0.2378302523972232	1.345286240017618e-06	0
918	26292.352803707123	0.2378302523972232	0.0	1
919	26320.260569810867	0.23783503777256265	4.7853753394611065e-06	0
920	26348.199639320374	0.23783503777256265	0.0	1
921	26376.017607688904	0.23795661321191008	0.0001215754393474322	0
922	26403.882420539856	0.23795661321191008	0.0	1
923	26431.764192581177	0.23795661321191008	0.0	2
924	26459.60001206398	0.23795661321191008	0.0	3
925	26487.50237941742	0.23795661321191008	0.0	4
926	26515.364807367325	0.23795661321191008	0.0	5
927	26543.356064796448	0.2380137878771106	5.717466520052672e-05	0
928	26571.192442655563	0.23811691367659502	0.00010312579948440481	0
929	26598.97404050827	0.23811691367659502	0.0	1
930	26626.821041345596	0.23811691367659502	0.0	2
931	26654.70214366913	0.23816684301447433	4.9929337879311975e-05	0
932	26682.59064412117	0.23816684301447433	0.0	1
933	26710.50604724884	0.23822209584218915	5.5252827714818986e-05	0
934	26738.37432527542	0.23822209584218915	0.0	1
935	26766.1895840168	0.23829118589980122	6.909005761207565e-05	0
936	26793.96648454666	0.23849376678917225	0.00020258088937102903	0
937	26821.8972094059	0.23849376678917225	0.0	1
938	26849.626245498657	0.23849376678917225	0.0	2
939	26877.516405582428	0.23849376678917225	0.0	3
940	26905.48876976967	0.2385382381085921	4.447131941984206e-05	0
941	26933.430794000626	0.23854433033342187	6.092224829779003e-06	0
942	26961.283636808395	0.23854433033342187	0.0	1
943	26989.132865428925	0.23854433033342187	0.0	2
944	27017.073160409927	0.23856249169766205	1.816136424018233e-05	0
945	27045.07729125023	0.23856846861224268	5.976914580624326e-06	0
946	27072.99236869812	0.23856848783061751	1.92183748359831e-08	1
947	27100.833068609238	0.2386185709154957	5.008308487819413e-05	0
948	27128.810441732407	0.2386185709154957	0.0	1
949	27156.676166296005	0.2386257393693175	7.168453821787546e-06	0
950	27184.507724523544	0.2386257393693175	0.0	1
951	27212.38160777092	0.2386282569764238	2.517607106317099e-06	0
952	27240.159070253372	0.23864222873494506	1.3971758521247324e-05	0
953	27268.05855345726	0.23868791081198093	4.568207703586902e-05	0
954	27295.91332268715	0.23868791081198093	0.0	1
955	27323.810569047928	0.23871199143567715	2.4080623696215442e-05	0
956	27351.71782231331	0.23871199143567715	0.0	1
957	27379.626403570175	0.23871283704417087	8.456084937269459e-07	2
958	27407.435117721558	0.23871283704417087	0.0	3
959	27435.347985982895	0.2387649380584091	5.2101014238220555e-05	0
960	27463.021223068237	0.2387649380584091	0.0	1
961	27490.867317914963	0.2387649380584091	0.0	2
962	27518.68974351883	0.23878354144527097	1.8603386861881788e-05	0
963	27546.51835823059	0.2387932082878242	9.66684255321315e-06	0
964	27574.34498143196	0.2387932082878242	0.0	1
965	27602.12102651596	0.238802394671006	9.186383181813973e-06	0
966	27629.963656187057	0.23882092118436846	1.852651336245459e-05	0
967	27657.859127283096	0.23883141441704056	1.0493232672104114e-05	0
968	27685.676278829575	0.23883141441704056	0.0	1
969	27713.52702522278	0.23883779491749318	6.3805004526240605e-06	0
970	27741.313044786453	0.23883779491749318	0.0	1
971	27769.08864927292	0.238957160243732	0.0001193653262388239	0
972	27796.92094373703	0.238957160243732	0.0	1
973	27824.754045009613	0.238957160243732	0.0	2
974	27852.578373670578	0.238957160243732	0.0	3
975	27880.49114203453	0.238957160243732	0.0	4
976	27908.3703622818	0.238968614395147	1.1454151414985736e-05	0
977	27936.214847564697	0.238968614395147	0.0	1
978	27964.029575824738	0.23906620530267247	9.759090752547994e-05	0
979	27991.883581399918	0.23907391187099025	7.70656831777794e-06	0
980	28019.763137817383	0.23907391187099025	0.0	1
981	28047.58458852768	0.23911503919318494	4.112732219468951e-05	0
982	28075.427359580994	0.23911503919318494	0.0	1
983	28103.239872932434	0.2391281653432125	1.3126150027548134e-05	0
984	28130.891933918	0.23912853049233476	3.6514912227225693e-07	1
985	28158.5921189785	0.2391566661931259	2.8135700791132034e-05	0
986	28186.459852695465	0.239213225870331	5.655967720510913e-05	0
987	28214.25240945816	0.239213225870331	0.0	1
988	28242.104684829712	0.239213225870331	0.0	2
989	28269.83297419548	0.239213225870331	0.0	3
990	28297.69428229332	0.239213225870331	0.0	4
991	28325.537583827972	0.23924174593861927	2.852006828826803e-05	0
992	28353.309293985367	0.2392724376832664	3.06917446471211e-05	0
993	28381.094896793365	0.2392724376832664	0.0	1
994	28409.028759479523	0.23932325106638916	5.08133831227664e-05	0
995	28436.88833284378	0.23932325106638916	0.0	1
996	28464.668071508408	0.23932325106638916	0.0	2
997	28492.47990846634	0.23932325106638916	0.0	3
998	28520.322098731995	0.2394545510034144	0.00013129993702523657	0
999	28548.22649717331	0.2394545510034144	0.0	1
1000	28576.068151712418	0.2394545510034144	0.0	2
1001	28604.01171541214	0.23951168723186522	5.7136228450827e-05	0
1002	28631.77897834778	0.23951168723186522	0.0	1
1003	28659.670404434204	0.23951168723186522	0.0	2
1004	28687.540604114532	0.23953234698483683	2.0659752971607936e-05	0
1005	28715.37709379196	0.23953234698483683	0.0	1
1006	28743.203907966614	0.23953234698483683	0.0	2
1007	28771.09873509407	0.23953234698483683	0.0	3
1008	28798.85531759262	0.2395620009372417	2.965395240486779e-05	0
1009	28826.693603992462	0.2395838714478293	2.187051058760714e-05	0
1010	28854.554929494858	0.23961285275711416	2.898130928485898e-05	0
1011	28882.368903398514	0.23962236585266852	9.513095554358753e-06	0
1012	28910.117439985275	0.23962236585266852	0.0	1
1013	28937.875864505768	0.23971889974957686	9.653389690833514e-05	0
1014	28965.645393133163	0.23971918802519973	2.882756228728134e-07	1
1015	28993.403017044067	0.23971918802519973	0.0	2
1016	29021.114169359207	0.23978283928272717	6.365125752744172e-05	0
1017	29048.904493570328	0.23978283928272717	0.0	1
1018	29076.751546144485	0.23978283928272717	0.0	2
1019	29104.545828819275	0.23982850214138818	4.566285866100528e-05	0
1020	29132.34961128235	0.23982850214138818	0.0	1
1021	29160.217608213425	0.23987576012516235	4.725798377416823e-05	0
1022	29187.988125562668	0.23987576012516235	0.0	1
1023	29215.81342601776	0.2399733125959381	9.755247077575246e-05	0
1024	29243.543726682663	0.2399733125959381	0.0	1
1025	29271.346569299698	0.24002754684978547	5.42342538473739e-05	0
1026	29299.18737077713	0.24002754684978547	0.0	1
1027	29327.001878976822	0.240054279609212	2.67327594265232e-05	0
1028	29354.765394449234	0.24005902654780176	4.746938589761385e-06	0
1029	29382.556580543518	0.24007355563919391	1.4529091392156968e-05	0
1030	29410.41294002533	0.2401385329645865	6.49773253925956e-05	0
1031	29438.182649374008	0.240222248205465	8.37152408784958e-05	0
1032	29465.986859321594	0.240222248205465	0.0	1
1033	29493.84337759018	0.240222248205465	0.0	2
1034	29521.613721370697	0.240222248205465	0.0	3
1035	29549.412231445312	0.240222248205465	0.0	4
1036	29577.358862876892	0.24023245316251424	1.02049570492313e-05	0
1037	29605.20146894455	0.24023245316251424	0.0	1
1038	29633.014117717743	0.24027869257242096	4.623940990672315e-05	0
1039	29660.919230937958	0.24028793661072734	9.244038306377433e-06	0
1040	29688.75263118744	0.24028793661072734	0.0	1
1041	29716.660624027252	0.24036169673342975	7.376012270240984e-05	0
1042	29744.56391453743	0.2403697876692447	8.090935814941691e-06	0
1043	29772.338645219803	0.2403697876692447	0.0	1
1044	29800.214570999146	0.2403697876692447	0.0	2
1045	29828.059255361557	0.2404003064485181	3.051877927340296e-05	0
1046	29855.81871843338	0.2404003064485181	0.0	1
1047	29883.633468151093	0.24044418199831738	4.3875549799288205e-05	0
1048	29911.465958356857	0.24044648820330025	2.3062049828714848e-06	0
1049	29939.24662041664	0.24046760919726845	2.1120993968198887e-05	0
1050	29967.072175741196	0.24049105561459438	2.344641732593411e-05	0
1051	29994.758744955063	0.24049105561459438	0.0	1
1052	30022.595802783966	0.24050631500423109	1.525938963670148e-05	0
1053	30050.355576992035	0.24054304131858345	3.67263143523644e-05	0
1054	30078.23733329773	0.24056272093443734	1.967961585389033e-05	0
1055	30106.08974504471	0.24069298307922027	0.00013026214478292775	0
1056	30133.92427301407	0.24069298307922027	0.0	1
1057	30161.743066072464	0.24069298307922027	0.0	2
1058	30189.483986854553	0.24069298307922027	0.0	3
1059	30217.39734339714	0.24069298307922027	0.0	4
1060	30245.20233774185	0.2407316504494332	3.866737021293587e-05	0
1061	30272.96749997139	0.24074393099096703	1.2280541533821188e-05	0
1062	30300.810329675674	0.24079459062709094	5.0659636123912e-05	0
1063	30328.677480459213	0.24079459062709094	0.0	1
1064	30356.56328725815	0.2408711181957728	7.652756868187227e-05	0
1065	30384.463413238525	0.2408711181957728	0.0	1
1066	30412.30851626396	0.2408748081237454	3.6899279725888245e-06	0
1067	30440.151621103287	0.2408748081237454	0.0	1
1068	30467.918460845947	0.2408748081237454	0.0	2
1069	30495.668140888214	0.2409718993535246	9.709122977918927e-05	0
1070	30523.46417450905	0.2409718993535246	0.0	1
1071	30551.16054058075	0.2409718993535246	0.0	2
1072	30578.907594919205	0.2410086064495021	3.670709597750066e-05	0
1073	30606.60817837715	0.24105815141988426	4.954497038217598e-05	0
1074	30634.475289583206	0.24105815141988426	0.0	1
1075	30662.270542144775	0.24105815141988426	0.0	2
1076	30690.06950354576	0.24109608849185263	3.79370719683636e-05	0
1077	30717.88038086891	0.24109608849185263	0.0	1
1078	30745.614983081818	0.24109608849185263	0.0	2
1079	30773.438037872314	0.24111332737409963	1.723888224700043e-05	0
1080	30801.321192741394	0.24113883015753532	2.5502783435688015e-05	0
1081	30829.16863822937	0.24113883015753532	0.0	1
1082	30857.018032073975	0.24113883015753532	0.0	2
1083	30884.82622241974	0.24115072633157197	1.1896174036657436e-05	0
1084	30912.524228334427	0.24118099527197226	3.0268940400285382e-05	0
1085	30940.241353034973	0.2411996755323336	1.8680260361336742e-05	0
1086	30967.97760462761	0.24121973951568462	2.0063983351026327e-05	0
1087	30995.790800094604	0.241287311321683	6.757180599836765e-05	0
1088	31023.503363370895	0.24142210900293223	0.00013479768124924352	0
1089	31051.31326651573	0.2415107441477742	8.863514484197532e-05	0
1090	31079.023154497147	0.24153515148384302	2.4407336068815733e-05	0
1091	31106.681484222412	0.24153515148384302	0.0	1
1092	31134.463629722595	0.2415494691731117	1.4317689268683598e-05	0
1093	31162.295233011246	0.2415494691731117	0.0	1
1094	31190.06015610695	0.24161010314578657	6.06339726748617e-05	0
1095	31217.858196735382	0.24166610549012082	5.6002344334254994e-05	0
1096	31245.61240196228	0.24166610549012082	0.0	1
1097	31273.397280931473	0.24167996193839295	1.3856448272120403e-05	0
1098	31301.141043424606	0.24172499059068364	4.502865229069619e-05	0
1099	31328.866450548172	0.24180983971567874	8.484912499509556e-05	0
1100	31356.638420581818	0.241855195080342	4.535536466326873e-05	0
1101	31384.302074432373	0.241855195080342	0.0	1
1102	31412.09601187706	0.24189272856643837	3.7533486096363866e-05	0
1103	31439.850095510483	0.2418967259884087	3.997421970325377e-06	0
1104	31467.599937438965	0.24199523937792733	9.851338951863409e-05	0
1105	31495.42549753189	0.24199523937792733	0.0	1
1106	31523.209563732147	0.24199523937792733	0.0	2
1107	31550.987595319748	0.2420404986507163	4.525927278897779e-05	0
1108	31578.797577619553	0.2420404986507163	0.0	1
1109	31606.450006246567	0.2421888068494903	0.00014830819877398316	0
1110	31634.233961820602	0.2421888068494903	0.0	1
1111	31662.035237550735	0.24243695450564803	0.00024814765615774337	0
1112	31689.72261786461	0.242509830583107	7.287607745895541e-05	0
1113	31717.459007024765	0.242693423718119	0.00018359313501201124	0
1114	31745.206968545914	0.242693423718119	0.0	1
1115	31773.00457262993	0.24281588320270986	0.00012245948459085887	0
1116	31800.691566944122	0.24281588320270986	0.0	1
1117	31828.410239458084	0.2429831215007183	0.00016723829800843748	0
1118	31856.067358016968	0.2429831215007183	0.0	1
1119	31883.8333735466	0.24300282033494705	1.969883422875407e-05	0
1120	31911.484302043915	0.24300282033494705	0.0	1
1121	31939.282445907593	0.24300282033494705	0.0	2
1122	31967.09513568878	0.24303812448955994	3.5304154612891825e-05	0
1123	31994.920885801315	0.2430701615204471	3.203703088716647e-05	0
1124	32022.629443883896	0.2430701615204471	0.0	1
1125	32050.331419229507	0.2430701615204471	0.0	2
1126	32078.018600702286	0.24307638827390088	6.226753453769662e-06	0
1127	32105.721068382263	0.24308355672772267	7.168453821787546e-06	0
1128	32133.384984731674	0.24321141657564843	0.00012785984792576532	0
1129	32161.20781826973	0.2433871878320935	0.00017577125644507863	0
1130	32188.954323768616	0.2433871878320935	0.0	1
1131	32216.711291074753	0.2433871878320935	0.0	2
1132	32244.51749897003	0.24352188942146846	0.00013470158937495258	0
1133	32272.23083114624	0.24352740509505252	5.5156735840611315e-06	0
1134	32299.939966201782	0.2436769240514425	0.00014951895638998236	0
1135	32327.6908223629	0.2436769240514425	0.0	1
1136	32355.442856788635	0.2436769240514425	0.0	2
1137	32383.183095932007	0.2436769240514425	0.0	3
1138	32410.91237425804	0.2436991597111524	2.2235659709907152e-05	0
1139	32438.614062309265	0.2436991597111524	0.0	1
1140	32466.36088824272	0.24414364228485258	0.00044448257370016675	0
1141	32494.168761253357	0.24414364228485258	0.0	1
1142	32521.795413017273	0.2443868892554217	0.00024324697056912759	0
1143	32549.511990070343	0.2443868892554217	0.0	1
1144	32577.125301599503	0.2443868892554217	0.0	2
1145	32604.884036064148	0.2443868892554217	0.0	3
1146	32632.601492404938	0.24440412813766874	1.7238882247028187e-05	0
1147	32660.393039941788	0.24440412813766874	0.0	1
1148	32688.175163030624	0.24446887484256305	6.4746704894314e-05	0
1149	32715.834911346436	0.24452310909641042	5.42342538473739e-05	0
1150	32743.587274074554	0.24452310909641042	0.0	1
1151	32771.33554458618	0.24452310909641042	0.0	2
1152	32799.03871059418	0.24454084765640371	1.7738559993291103e-05	0
1153	32826.68141913414	0.24454084765640371	0.0	1
1154	32854.304938554764	0.24461683711058957	7.598945418585412e-05	0
1155	32882.04995012283	0.24463563268120003	1.8795570610463663e-05	0
1156	32909.857629299164	0.24463563268120003	0.0	1
1157	32937.60509824753	0.24468066133349076	4.502865229072395e-05	0
1158	32965.28592252731	0.24468066133349076	0.0	1
1159	32993.03016972542	0.24468066133349076	0.0	2
1160	33020.75616812706	0.2447459845896308	6.532325614003187e-05	0
1161	33048.483743429184	0.2447459845896308	0.0	1
1162	33076.216262340546	0.244766298411855	2.0313822224199418e-05	0
1163	33103.966923475266	0.24490094234610538	0.00013464393425038912	0
1164	33131.72439575195	0.24491118573990434	1.0243393798958778e-05	0
1165	33159.410192251205	0.24491118573990434	0.0	1
1166	33187.09113240242	0.24491118573990434	0.0	2
1167	33214.87654328346	0.24494698957226352	3.58038323591825e-05	0
1168	33242.579302072525	0.24496845649697915	2.146692471563516e-05	0
1169	33270.31844305992	0.24496845649697915	0.0	1
1170	33297.995012521744	0.24500668184457036	3.822534759120866e-05	0
1171	33325.75181674957	0.24500668184457036	0.0	1
1172	33353.50244951248	0.24503191557075804	2.523372618767894e-05	0
1173	33381.333923101425	0.24503191557075804	0.0	1
1174	33409.050822257996	0.24503191557075804	0.0	2
1175	33436.706402778625	0.2450570147683217	2.5099197563660525e-05	0
1176	33464.39744138718	0.24511520800738967	5.81932390679718e-05	0
1177	33492.045279979706	0.24527377881833745	0.00015857081094777792	0
1178	33519.78757762909	0.24528525218812727	1.1473369789821719e-05	0
1179	33547.42303276062	0.24528525218812727	0.0	1
1180	33575.09219479561	0.24539423959194315	0.00010898740381587446	0
1181	33602.68563246727	0.24539423959194315	0.0	1
1182	33630.38422513008	0.24540607811085527	1.1838518912121732e-05	0
1183	33658.03445959091	0.24540607811085527	0.0	1
1184	33685.78838419914	0.24540607811085527	0.0	2
1185	33713.45224261284	0.24540607811085527	0.0	3
1186	33741.093823194504	0.245456084322234	5.0006211378739174e-05	0
1187	33768.870782613754	0.24545833287209232	2.2485498583080243e-06	0
1188	33796.592824697495	0.24545833287209232	0.0	1
1189	33824.2993850708	0.24545833287209232	0.0	2
1190	33851.99607515335	0.24551744859315344	5.911572106112595e-05	0
1191	33879.62897658348	0.24551744859315344	0.0	1
1192	33907.237840890884	0.24551744859315344	0.0	2
1193	33935.01320242882	0.2455522722883949	3.482369524146489e-05	0
1194	33962.65515041351	0.24600111743318767	0.0004488451447927644	0
1195	33990.40251469612	0.2460031353625477	2.017929360026427e-06	0
1196	34018.01337623596	0.2460031353625477	0.0	1
1197	34045.75865626335	0.24602984890359939	2.6713541051687217e-05	0
1198	34073.51602458954	0.24606628694232888	3.6438038729491584e-05	0
1199	34101.24822807312	0.24615096310195023	8.467615962134967e-05	0
1200	34128.86694264412	0.24615096310195023	0.0	1
1201	34156.58856892586	0.24615096310195023	0.0	2
1202	34184.20667219162	0.24615096310195023	0.0	3
1203	34211.877252578735	0.24617535121964418	2.4388117693951994e-05	0
1204	34239.50867509842	0.24623050795548468	5.515673584050029e-05	0
1205	34267.234936237335	0.24623590831881959	5.400363334906455e-06	0
1206	34294.843321084976	0.24623590831881959	0.0	1
1207	34322.581856012344	0.24623590831881959	0.0	2
1208	34350.27380490303	0.24623590831881959	0.0	3
1209	34377.95881867409	0.24637627932877748	0.00014037100995789586	0
1210	34405.72771143913	0.24637627932877748	0.0	1
1211	34433.405377388	0.24637627932877748	0.0	2
1212	34461.04991173744	0.24637627932877748	0.0	3
1213	34488.71088433266	0.24637627932877748	0.0	4
1214	34516.30518293381	0.24639820749448968	2.1928165712198355e-05	0
1215	34544.04734039307	0.24639820749448968	0.0	1
1216	34571.687113285065	0.24646295419938402	6.474670489434176e-05	0
1217	34599.2999560833	0.24646295419938402	0.0	1
1218	34627.05109214783	0.24646295419938402	0.0	2
1219	34654.71991276741	0.24647715657840358	1.4202379019556677e-05	0
1220	34682.29279088974	0.2465541838248317	7.702724642813519e-05	0
1221	34709.992227077484	0.2465541838248317	0.0	1
1222	34737.646708250046	0.2465541838248317	0.0	2
1223	34765.33948421478	0.24659313947066752	3.895564583580868e-05	0
1224	34793.00003910065	0.2466221015615775	2.8962090909967486e-05	0
1225	34820.534032821655	0.2466221015615775	0.0	1
1226	34848.20115685463	0.24662571461605068	3.613054473189381e-06	0
1227	34875.91980433464	0.24662571461605068	0.0	1
1228	34903.5725710392	0.24662571461605068	0.0	2
1229	34931.16561603546	0.246629039394901	3.3247788503165676e-06	0
1230	34958.74032688141	0.24667633581542486	4.7296420523867955e-05	0
1231	34986.38694047928	0.24674629069990553	6.995488448066634e-05	0
1232	35014.086844444275	0.24674629069990553	0.0	1
1233	35041.73132228851	0.24674629069990553	0.0	2
1234	35069.30199599266	0.24677421499857322	2.792429866768642e-05	0
1235	35096.98780965805	0.24677421499857322	0.0	1
