1	41.037057399749756	0.06396684296392036	10000000000.063967	0
2	70.89209365844727	0.06396684296392036	0.0	1
3	101.7608551979065	0.06469549730620848	0.0007286543422881236	0
4	135.0122776031494	0.06984723505223231	0.0051517377460238295	0
5	168.05877900123596	0.0755237129522571	0.00567647790002479	0
6	202.51405668258667	0.09501266972256182	0.019488956770304725	0
7	237.38336038589478	0.09501266972256182	0.0	1
8	271.6656725406647	0.09501266972256182	0.0	2
9	306.8330283164978	0.09501266972256182	0.0	3
10	342.15228390693665	0.11365605474156325	0.018643385019001424	0
11	377.8904459476471	0.11365605474156325	0.0	1
12	413.4683139324188	0.11365605474156325	0.0	2
13	448.2192463874817	0.11365605474156325	0.0	3
14	483.43665313720703	0.11704371428221305	0.003387659540649804	0
15	517.4852020740509	0.11704371428221305	0.0	1
16	552.4010965824127	0.13084101602146384	0.013797301739250784	0
17	585.3402810096741	0.13084101602146384	0.0	1
18	616.6816959381104	0.13378171890858553	0.002940702887121699	0
19	647.5842876434326	0.13378171890858553	0.0	1
20	678.060361623764	0.13378171890858553	0.0	2
21	709.2682890892029	0.13846767360069892	0.0046859546921133866	0
22	741.4613711833954	0.13978147814691363	0.001313804546214714	0
23	774.6842205524445	0.13978147814691363	0.0	1
24	806.2749900817871	0.14299898487238188	0.00321750672546825	0
25	838.3327009677887	0.15112973720214753	0.00813075232976565	0
26	870.6058864593506	0.15121826577349373	8.852857134619696e-05	0
27	902.8308916091919	0.15121826577349373	0.0	1
28	933.948539018631	0.15121826577349373	0.0	2
29	964.1224539279938	0.15285360023398575	0.0016353344604920217	0
30	995.313939332962	0.15434839277167142	0.0014947925376856686	0
31	1025.0850026607513	0.15434839277167142	0.0	1
32	1053.5463118553162	0.15491250899252054	0.0005641162208491202	0
33	1081.2113404273987	0.15621916142133005	0.0013066524288095072	0
34	1109.1767647266388	0.15685198302197706	0.00063282160064701	0
35	1138.3939261436462	0.15685198302197706	0.0	1
36	1166.2496588230133	0.15882710500668942	0.0019751219847123636	0
37	1195.160143852234	0.1599980586788095	0.0011709536721200842	0
38	1223.367116689682	0.1599980586788095	0.0	1
39	1251.9896304607391	0.16087467174596903	0.0008766130671595262	0
40	1282.0350177288055	0.16103763865421433	0.00016296690824529891	0
41	1310.4597325325012	0.16122664602772074	0.00018900737350641128	0
42	1339.3266429901123	0.1684399900631747	0.007213344035453956	0
43	1367.7157447338104	0.1684399900631747	0.0	1
44	1396.3428754806519	0.17388344972550285	0.005443459662328148	0
45	1424.3260900974274	0.17388344972550285	0.0	1
46	1452.2401068210602	0.17421810124100387	0.0003346515155010221	0
47	1479.5265271663666	0.17421810124100387	0.0	1
48	1506.3337321281433	0.18042943925957858	0.006211338018574708	0
49	1533.3562636375427	0.18042943925957858	0.0	1
50	1560.1105570793152	0.18083886700728916	0.0004094277477105779	0
51	1586.1123292446136	0.18083886700728916	0.0	1
52	1612.6877381801605	0.18083886700728916	0.0	2
53	1639.1522991657257	0.18083886700728916	0.0	3
54	1665.7129142284393	0.18550694703747808	0.004668080030188926	0
55	1692.392261505127	0.18591942710616005	0.0004124800686819696	0
56	1718.741331577301	0.18593841682260911	1.8989716449063776e-05	0
57	1745.0798697471619	0.18593841682260911	0.0	1
58	1771.5526463985443	0.18593841682260911	0.0	2
59	1798.21160197258	0.18593841682260911	0.0	3
60	1825.0651905536652	0.18694643737601493	0.0010080205534058195	0
61	1852.2322850227356	0.18694643737601493	0.0	1
62	1878.8152604103088	0.1888307105749158	0.0018842731989008599	0
63	1905.7102463245392	0.1888307105749158	0.0	1
64	1932.9012432098389	0.18944767362232423	0.0006169630474084364	0
65	1959.9661962985992	0.18944767362232423	0.0	1
66	1987.1355850696564	0.19276877904998616	0.0033211054276619245	0
67	2014.0645263195038	0.19276877904998616	0.0	1
68	2041.0210394859314	0.19276877904998616	0.0	2
69	2067.946389198303	0.193293440361748	0.0005246613117618482	0
70	2094.822429895401	0.193293440361748	0.0	1
71	2121.5846445560455	0.19420634338525328	0.0009129030235052737	0
72	2148.1718289852142	0.19420634338525328	0.0	1
73	2175.0585536956787	0.19420634338525328	0.0	2
74	2201.8177485466003	0.1952982633442517	0.001091919958998433	0
75	2228.3797080516815	0.1952982633442517	0.0	1
76	2255.0791001319885	0.19548282176283677	0.00018455841858505684	0
77	2281.8655734062195	0.19548282176283677	0.0	1
78	2308.235557794571	0.19589320688059375	0.00041038511775698394	0
79	2334.6986196041107	0.19703563092533216	0.0011424240447384104	0
80	2361.085289955139	0.1978398442906325	0.0008042133653003436	0
81	2387.2933673858643	0.1978398442906325	0.0	1
82	2413.4661123752594	0.2004998688065141	0.0026600245158815983	0
83	2439.451062440872	0.2004998688065141	0.0	1
84	2465.5348834991455	0.2004998688065141	0.0	2
85	2491.4192564487457	0.2004998688065141	0.0	3
86	2517.3939695358276	0.2013408902343029	0.0008410214277888017	0
87	2543.2424137592316	0.2020262996084379	0.0006854093741349987	0
88	2569.249238014221	0.2020262996084379	0.0	1
89	2595.336987257004	0.20338831055228132	0.001362010943843417	0
90	2621.072801589966	0.20338831055228132	0.0	1
91	2647.0293209552765	0.20338831055228132	0.0	2
92	2672.9449484348297	0.20338831055228132	0.0	3
93	2698.8750989437103	0.2042615897190441	0.0008732791667627748	0
94	2724.9053630828857	0.20462746276123361	0.00036587304218951844	0
95	2751.0321271419525	0.20462746276123361	0.0	1
96	2777.2465302944183	0.20488304677408192	0.0002555840128483089	0
97	2803.489035129547	0.20500126508004243	0.0001182183059605102	0
98	2829.5603833198547	0.20534463429455388	0.0003433692145114464	0
99	2855.7654972076416	0.20534463429455388	0.0	1
100	2881.789734840393	0.20534463429455388	0.0	2
101	2908.0712349414825	0.2062059519673256	0.0008613176727717275	0
102	2934.168895483017	0.2062956068563734	8.965488904780217e-05	0
103	2960.4388024806976	0.20672020610352462	0.0004245992471512139	0
104	2986.4888417720795	0.20672020610352462	0.0	1
105	3012.5860776901245	0.20672020610352462	0.0	2
106	3038.7725870609283	0.20692172686669588	0.000201520763171259	0
107	3064.939494371414	0.20697979980739067	5.8072940694792186e-05	0
108	3091.1464388370514	0.20697979980739067	0.0	1
109	3117.326496362686	0.20703647611413545	5.6676306744773974e-05	0
110	3143.3592290878296	0.2075358178039652	0.0004993416898297631	0
111	3169.4799406528473	0.2075358178039652	0.0	1
112	3195.6775665283203	0.2075358178039652	0.0	2
113	3221.858241081238	0.20798623225283724	0.00045041444887203297	0
114	3247.724854707718	0.20822496655286954	0.000238734300032295	0
115	3273.7872738838196	0.20822496655286954	0.0	1
116	3299.776742696762	0.20822496655286954	0.0	2
117	3325.6996705532074	0.20826997420822568	4.500765535614404e-05	0
118	3351.713452577591	0.20849618385541613	0.00022620964719044512	0
119	3377.6942286491394	0.20878148012923278	0.00028529627381665423	0
120	3403.7117857933044	0.20878148012923278	0.0	1
121	3429.49543094635	0.20895058546895184	0.00016910533971906117	0
122	3455.4136283397675	0.20947653078289352	0.0005259453139416781	0
123	3481.4226768016815	0.20947653078289352	0.0	1
124	3507.394786596298	0.20987520219655378	0.00039867141366026204	0
125	3533.539802789688	0.2105381753220728	0.000662973125519023	0
126	3559.520266532898	0.21087393062892137	0.00033575530684856747	0
127	3585.4721817970276	0.21087393062892137	0.0	1
128	3611.3238608837128	0.21133475225335624	0.0004608216244348651	0
