1	1.0267565250396729	0.04210306480354855	10000000000.042103	0
2	1.821460247039795	0.05002086542495129	0.007917800621402737	0
3	2.641018867492676	0.05532900345518187	0.005308138030230586	0
4	3.4629526138305664	0.06706284485568074	0.011733841400498872	0
5	4.320663213729858	0.07548988113227122	0.008427036276590472	0
6	5.184139013290405	0.08337543302540415	0.007885551893132933	0
7	6.034655570983887	0.08337543302540415	0.0	1
8	6.9113099575042725	0.08337543302540415	0.0	2
9	7.760438919067383	0.08337543302540415	0.0	3
10	8.668907880783081	0.08532811752918411	0.0019526845037799584	0
11	9.53585934638977	0.08532811752918411	0.0	1
12	10.430968523025513	0.08532811752918411	0.0	2
13	11.320449829101562	0.09743149120868216	0.012103373679498056	0
14	13.121907234191895	0.09743149120868216	0.0	1
15	14.967904329299927	0.09871526458246878	0.0012837733737866147	0
16	16.48133111000061	0.1005958750947243	0.0018806105122555206	0
17	17.400176525115967	0.10386608379267104	0.0032702086979467387	0
18	18.330264806747437	0.10386608379267104	0.0	1
19	19.249097108840942	0.10441969063210432	0.0005536068394332849	0
20	20.190358877182007	0.11260229555618956	0.008182604924085235	0
21	21.110318422317505	0.11260229555618956	0.0	1
22	22.0509135723114	0.12166894996414009	0.009066654407950528	0
23	23.001577377319336	0.12166894996414009	0.0	1
24	23.910168170928955	0.12166894996414009	0.0	2
25	24.859915256500244	0.12377257490268205	0.0021036249385419648	0
26	25.75950860977173	0.1332963674778751	0.009523792575193049	0
27	26.702885150909424	0.1332963674778751	0.0	1
28	27.620670795440674	0.1332963674778751	0.0	2
29	28.553525924682617	0.1332963674778751	0.0	3
30	29.49710750579834	0.1363724935412682	0.0030761260633931087	0
31	30.465717792510986	0.1363724935412682	0.0	1
32	31.403017282485962	0.13752722795235367	0.0011547344110854618	0
33	32.34559082984924	0.13950336447488904	0.0019761365225353655	0
34	33.301230669021606	0.14198347272278256	0.00248010824789352	0
35	34.28755450248718	0.14198347272278256	0.0	1
36	35.237619400024414	0.1427012789332013	0.0007178062104187533	0
37	36.226545095443726	0.1427012789332013	0.0	1
38	37.429701805114746	0.14270313782724992	1.8588940486063965e-06	0
39	39.38784217834473	0.14501260664942084	0.0023094688221709236	0
40	41.293680906295776	0.14930422036256857	0.004291613713147735	0
41	43.2006676197052	0.14930422036256857	0.0	1
42	45.12814950942993	0.14930422036256857	0.0	2
43	46.07126069068909	0.15376308168054453	0.0044588613179759595	0
44	47.05238223075867	0.15376308168054453	0.0	1
45	48.00356578826904	0.15376308168054453	0.0	2
46	49.003143310546875	0.154061808597133	0.00029872691658847095	0
47	49.98795199394226	0.15662443940689053	0.0025626308097575212	0
48	50.96576142311096	0.15662443940689053	0.0	1
49	51.95704460144043	0.15662443940689053	0.0	2
50	52.913063764572144	0.1592309084004673	0.002606468993576777	0
51	53.89821195602417	0.15953201399664405	0.0003011055961767428	0
52	54.88069462776184	0.15986605109023166	0.00033403709358761913	0
53	55.86486840248108	0.16291356251917039	0.0030475114289387206	0
54	56.84677529335022	0.16291356251917039	0.0	1
55	57.826369762420654	0.1640958543737821	0.0011822918546117167	0
56	58.80398941040039	0.16515919462913178	0.0010633402553496818	0
57	59.767720222473145	0.1657624277727158	0.0006032331435840144	0
58	60.74814987182617	0.16602314867543844	0.0002607209027226387	0
59	61.73689246177673	0.16602314867543844	0.0	1
60	62.7066433429718	0.16707094822414478	0.0010477995487063463	0
61	63.68235182762146	0.16721906067317407	0.00014811244902929177	0
62	64.63517999649048	0.1697836825258462	0.0025646218526721165	0
63	65.61993646621704	0.1697836825258462	0.0	1
64	66.57274866104126	0.17260277023491627	0.0028190877090700783	0
65	68.40323138237	0.17468194763324552	0.002079177398329246	0
66	70.2828323841095	0.17468194763324552	0.0	1
67	72.14435815811157	0.17468194763324552	0.0	2
68	74.09127044677734	0.17468194763324552	0.0	3
69	75.6771559715271	0.18056572612383623	0.005883778490590713	0
70	76.65195631980896	0.18056572612383623	0.0	1
71	77.64436388015747	0.18090716355392067	0.0003414374300844403	0
72	78.62621092796326	0.18090716355392067	0.0	1
73	79.5948224067688	0.1838219094221366	0.00291474586821594	0
74	80.5750744342804	0.1838219094221366	0.0	1
75	81.56522583961487	0.19093752678217019	0.007115617360033577	0
76	82.54543852806091	0.19093752678217019	0.0	1
77	83.52054452896118	0.19093752678217019	0.0	2
78	84.50199484825134	0.19236612650318455	0.001428599721014362	0
79	85.4744017124176	0.19236612650318455	0.0	1
80	86.46121096611023	0.19236612650318455	0.0	2
81	87.44176054000854	0.19649618382266706	0.004130057319482516	0
82	88.41048097610474	0.19649618382266706	0.0	1
83	89.40588402748108	0.19649618382266706	0.0	2
84	90.3908953666687	0.19743770044339998	0.0009415166207329129	0
85	91.35913062095642	0.19857476214613706	0.0011370617027370855	0
86	92.31967806816101	0.1991883381409678	0.0006135759948307506	0
87	93.3046064376831	0.1991883381409678	0.0	1
88	94.28553867340088	0.20194947416732822	0.0027611360263604112	0
89	95.26398921012878	0.20194947416732822	0.0	1
90	96.23141527175903	0.2037003761626281	0.0017509019952998695	0
91	97.4156289100647	0.20491595191162673	0.0012155757489986374	0
92	99.3292076587677	0.20491595191162673	0.0	1
93	101.21665501594543	0.20503370536117024	0.00011775344954351175	0
94	103.09395503997803	0.21102126476120453	0.005987559400034287	0
95	105.01307463645935	0.2119006185553641	0.0008793537941595708	0
96	105.95470952987671	0.2119006185553641	0.0	1
97	106.91675472259521	0.2124913768459963	0.0005907582906322095	0
98	107.87982821464539	0.2124913768459963	0.0	1
99	108.85543203353882	0.2124913768459963	0.0	2
100	109.82855343818665	0.21523626737176133	0.0027448905257650147	0
101	110.79008746147156	0.21591302814439592	0.0006767607726345937	0
102	111.76677656173706	0.21610311107327151	0.00019008292887559564	0
103	112.73408770561218	0.21657438916917762	0.00047127809590610803	0
104	113.70597171783447	0.21881091181730838	0.002236522648130762	0
105	114.68043613433838	0.21881091181730838	0.0	1
106	115.64100480079651	0.21933681144450057	0.0005258996271921834	0
107	116.61146092414856	0.21933681144450057	0.0	1
108	117.5682761669159	0.2205010781937879	0.0011642667492873238	0
109	118.54443621635437	0.22433854030406503	0.0038374621102771345	0
110	119.477210521698	0.22433854030406503	0.0	1
111	120.45953583717346	0.22586278056437645	0.0015242402603114213	0
112	121.43520188331604	0.22586278056437645	0.0	1
113	122.4001030921936	0.22819316414707527	0.002330383582698825	0
114	123.37755465507507	0.22819316414707527	0.0	1
115	124.3109188079834	0.22982023384499495	0.0016270696979196753	0
116	125.28180313110352	0.22982023384499495	0.0	1
117	126.25514197349548	0.22982023384499495	0.0	2
118	128.071697473526	0.23062151408911302	0.0008012802441180744	0
119	129.969979763031	0.2312524808747113	0.0006309667855982914	0
120	131.84622383117676	0.2315089201541751	0.00025643927946378264	0
121	133.77127861976624	0.23161714126551675	0.0001082211113416498	0
122	135.33003544807434	0.23175898104837253	0.0001418397828557849	0
123	136.31384181976318	0.23458270277767754	0.0028237217293050065	0
124	137.30144381523132	0.23680135889912313	0.002218656121445589	0
125	138.2851586341858	0.2380469060109339	0.0012455471118107686	0
126	139.26395058631897	0.2380469060109339	0.0	1
127	140.2393298149109	0.2380469060109339	0.0	2
128	141.22422647476196	0.2408330269828955	0.0027861209719615976	0
129	142.20971488952637	0.2408330269828955	0.0	1
130	143.19142365455627	0.24286459554976184	0.002031568566866343	0
131	144.176203250885	0.24286459554976184	0.0	1
132	145.1368477344513	0.24412156032359628	0.0012569647738344403	0
133	146.12587428092957	0.24549767051502958	0.0013761101914332996	0
134	147.11496758460999	0.24549767051502958	0.0	1
135	148.09516644477844	0.24673883028448867	0.0012411597694590992	0
136	149.09781551361084	0.24673883028448867	0.0	1
137	150.05179595947266	0.24788237609158487	0.0011435458070961912	0
138	151.04295015335083	0.24829513866961966	0.00041276257803479766	0
139	152.02164101600647	0.24829513866961966	0.0	1
140	153.0251545906067	0.2496130505004601	0.0013179118308404292	0
141	154.0457193851471	0.2496130505004601	0.0	1
142	155.02588963508606	0.2505159091729215	0.0009028586724613985	0
143	156.02140140533447	0.2525491340055752	0.002033224832653724	0
144	157.21289801597595	0.2544424748585901	0.001893340853014902	0
145	159.11963534355164	0.2544424748585901	0.0	1
146	161.01719689369202	0.25495308045702225	0.0005106055984321345	0
147	162.94198298454285	0.2567543928397445	0.0018013123827222421	0
148	164.872540473938	0.2568823305618956	0.00012793772215108357	0
149	165.83220529556274	0.25729326067565494	0.00041093011375936683	0
150	166.82754826545715	0.2588546964367873	0.0015614357611323793	0
151	167.78967475891113	0.2590485323934577	0.0001938359566703851	0
152	168.76903772354126	0.2606722190804074	0.0016236866869496769	0
153	169.75951719284058	0.2606722190804074	0.0	1
154	170.73935627937317	0.2624216057687103	0.001749386688302934	0
155	171.71729230880737	0.2624216057687103	0.0	1
156	172.66303420066833	0.26321953824155603	0.0007979324728457082	0
157	173.64847230911255	0.26321953824155603	0.0	1
158	174.63399815559387	0.26567565706530566	0.002456118823749631	0
159	175.63205981254578	0.26567565706530566	0.0	1
160	176.62035417556763	0.2658546571092848	0.00017900004397913838	0
161	177.58529353141785	0.26703490506143546	0.0011802479521506593	0
162	178.58836126327515	0.26703490506143546	0.0	1
163	179.56854915618896	0.2673579297495219	0.00032302468808642626	0
164	180.57151818275452	0.2674028603639669	4.4930614444993466e-05	0
165	181.56295609474182	0.26751525737947457	0.00011239701550769254	0
166	182.5456702709198	0.2698525655627526	0.002337308183278042	0
167	183.54215717315674	0.2706326843684595	0.0007801188057068864	0
168	184.5141670703888	0.2706326843684595	0.0	1
169	185.50829029083252	0.27122365409727733	0.0005909697288178362	0
170	186.4909656047821	0.27178741877954493	0.0005637646822675979	0
171	188.36436438560486	0.27208070116285366	0.0002932823833087239	0
172	190.32074236869812	0.27208070116285366	0.0	1
173	192.2500569820404	0.27521955388798175	0.003138852725128094	0
174	194.20278644561768	0.27521955388798175	0.0	1
175	195.8632514476776	0.27521955388798175	0.0	2
176	196.83231329917908	0.27563282744163176	0.0004132735536500065	0
177	197.82429671287537	0.27563282744163176	0.0	1
178	198.80418944358826	0.27695167312445873	0.0013188456828269746	0
179	199.78879761695862	0.2784344538805391	0.0014827807560803818	0
180	200.7701337337494	0.2784344538805391	0.0	1
181	201.767436504364	0.27960464089902387	0.0011701870184847585	0
182	202.76038646697998	0.280494355164279	0.0008897142652551371	0
183	203.75547218322754	0.28362275931906755	0.0031284041547885444	0
184	204.76854705810547	0.28362275931906755	0.0	1
185	205.74323868751526	0.28362275931906755	0.0	2
186	206.7473976612091	0.28362275931906755	0.0	3
187	207.73668384552002	0.2840873594922777	0.0004646001732101501	0
188	208.7162835597992	0.2840873594922777	0.0	1
189	209.7358362674713	0.28427901058769667	0.0001916510954189654	0
190	210.72116565704346	0.2857110461792274	0.0014320355915307115	0
191	211.72594833374023	0.2857110461792274	0.0	1
192	212.71671605110168	0.2857110461792274	0.0	2
193	213.6857340335846	0.28578305850128105	7.20123220536717e-05	0
194	214.68730640411377	0.287820529717496	0.0020374712162149478	0
195	215.68982100486755	0.28837261244000795	0.0005520827225119485	0
196	216.70968508720398	0.2895327561446756	0.00116014370466766	0
197	217.88014197349548	0.2895327561446756	0.0	1
198	219.7668628692627	0.2895327561446756	0.0	2
199	221.69430589675903	0.29040213710441326	0.0008693809597376534	0
200	223.64018893241882	0.29205207736607786	0.0016499402616645953	0
201	225.59403443336487	0.29424805674211535	0.0021959793760374935	0
202	226.57291340827942	0.29424805674211535	0.0	1
203	227.5568585395813	0.29424805674211535	0.0	2
204	228.54500460624695	0.294647128697631	0.0003990719555156397	0
205	229.54102683067322	0.294647128697631	0.0	1
206	230.54045295715332	0.2961867687057953	0.0015396400081643113	0
207	231.54002356529236	0.3002537117268692	0.00406694302107391	0
208	232.54820227622986	0.3002537117268692	0.0	1
209	233.51447010040283	0.3007444597557015	0.0004907480288323107	0
210	234.51084280014038	0.3007444597557015	0.0	1
211	235.48543977737427	0.3007444597557015	0.0	2
212	236.47789645195007	0.3007444597557015	0.0	3
213	237.47557735443115	0.3007444597557015	0.0	4
214	238.47547936439514	0.3007444597557015	0.0	5
215	239.45075225830078	0.3016187918929525	0.000874332137250966	0
216	240.4451286792755	0.3016187918929525	0.0	1
217	241.43968152999878	0.30296272824047343	0.0013439363475209465	0
218	242.4584038257599	0.30296272824047343	0.0	1
219	243.45443844795227	0.3039515541552396	0.0009888259147661782	0
220	244.46146059036255	0.3039515541552396	0.0	1
221	245.4244511127472	0.3050369016017429	0.001085347446503293	0
222	246.43747925758362	0.3053814753649141	0.0003445737631712076	0
223	247.42213582992554	0.3053814753649141	0.0	1
224	249.2955813407898	0.3053814753649141	0.0	2
225	251.25266098976135	0.30676241339491916	0.0013809380300050522	0
226	253.1923418045044	0.3071949806830074	0.00043256728808821476	0
227	255.12785816192627	0.3085659811182881	0.0013710004352807115	0
228	256.7506446838379	0.3085659811182881	0.0	1
229	257.74305057525635	0.3085659811182881	0.0	2
230	258.7595601081848	0.30929953066361143	0.000733549545323342	0
231	259.75815868377686	0.3109499114214961	0.0016503807578846508	0
232	260.7558205127716	0.3109499114214961	0.0	1
233	261.75560307502747	0.3109499114214961	0.0	2
234	262.7797532081604	0.3138975359275765	0.0029476245060804374	0
235	263.79185366630554	0.3151468536870309	0.0012493177594543603	0
236	264.7986180782318	0.31544018892988596	0.00029333524285507506	0
237	265.79463028907776	0.31551070356479144	7.051463490548304e-05	0
238	266.7769730091095	0.3161308517632253	0.0006201481984338675	0
239	267.7728364467621	0.3161308517632253	0.0	1
240	268.7707600593567	0.31772322797885394	0.0015923762156286325	0
241	269.7823317050934	0.31772322797885394	0.0	1
242	270.7932894229889	0.3202004377616195	0.002477209782765555	0
243	271.77765583992004	0.3202004377616195	0.0	1
244	272.7898836135864	0.3202004377616195	0.0	2
245	273.7939615249634	0.3202004377616195	0.0	3
246	274.81987404823303	0.3202004377616195	0.0	4
247	275.81565856933594	0.32077695921441973	0.0005765214528002383	0
248	276.8229866027832	0.32077695921441973	0.0	1
249	277.8291480541229	0.32153450699381136	0.0007575477793916319	0
250	279.0130412578583	0.32224130960865327	0.000706802614841906	0
251	280.95860171318054	0.32586003891590287	0.003618729307249602	0
252	282.87761974334717	0.32586003891590287	0.0	1
253	284.8216986656189	0.32586003891590287	0.0	2
254	286.7914869785309	0.32586003891590287	0.0	3
255	287.7592887878418	0.32586003891590287	0.0	4
256	288.7630703449249	0.32586003891590287	0.0	5
257	289.7527995109558	0.32586003891590287	0.0	6
258	290.7654347419739	0.32586003891590287	0.0	7
259	291.78660106658936	0.32586003891590287	0.0	8
260	292.8058252334595	0.3270816230333429	0.0012215841174400555	0
261	293.80951714515686	0.3273272084859447	0.000245585452601782	0
262	294.8066027164459	0.3273272084859447	0.0	1
263	295.82200598716736	0.3279461232949625	0.0006189148090177676	0
264	296.811092376709	0.3287616756166101	0.0008155523216476501	0
265	297.81328558921814	0.3292787829392501	0.0005171073226399869	0
266	298.84270000457764	0.32970261078233254	0.00042382784308242494	0
267	299.83448243141174	0.3308119564629042	0.0011093456805716384	0
268	300.86468148231506	0.33083436891058027	2.2412447676090075e-05	0
269	301.86142206192017	0.33083436891058027	0.0	1
270	302.89176321029663	0.33270309483481886	0.00186872592423859	0
271	303.8914403915405	0.33270309483481886	0.0	1
272	304.91927337646484	0.3329836380674437	0.0002805432326248303	0
273	305.9381275177002	0.3329836380674437	0.0	1
274	306.93710589408875	0.33417512748313005	0.0011914894156863642	0
275	307.9528033733368	0.3346980141161771	0.0005228866330470594	0
276	308.9683430194855	0.3349166412001119	0.0002186270839347748	0
277	310.8259286880493	0.33543209225696446	0.0005154510568525783	0
278	312.75803112983704	0.3354428051250361	1.0712868071638404e-05	0
279	314.715788602829	0.33581423153778145	0.00037142641274534594	0
280	316.63937520980835	0.3365434113606019	0.0007291798228204471	0
281	318.2748053073883	0.33656554189069715	2.2130530095254564e-05	0
282	319.27251076698303	0.33760817882370453	0.0010426369330073793	0
283	320.2887930870056	0.3384030454428587	0.0007948666191541776	0
284	321.2946217060089	0.3384030454428587	0.0	1
285	322.32442831993103	0.3384030454428587	0.0	2
286	323.3267855644226	0.3408943863443634	0.0024913409015047128	0
287	324.357084274292	0.3408943863443634	0.0	1
288	325.3882546424866	0.3408943863443634	0.0	2
289	326.39751839637756	0.34171568273672054	0.0008212963923571182	0
290	327.404993057251	0.34171568273672054	0.0	1
291	328.38533997535706	0.34390794432466076	0.002192261587940225	0
292	329.38899183273315	0.34390794432466076	0.0	1
293	330.40821409225464	0.34390794432466076	0.0	2
294	331.4136619567871	0.34390794432466076	0.0	3
295	332.4324321746826	0.34390794432466076	0.0	4
296	333.42016792297363	0.34390794432466076	0.0	5
297	334.43063592910767	0.34436627183169743	0.000458327507036671	0
298	335.42854952812195	0.34597958042770277	0.0016133085960053362	0
299	336.45669507980347	0.3480335262025476	0.0020539457748448564	0
300	337.4798834323883	0.3480335262025476	0.0	1
301	338.4923520088196	0.3480335262025476	0.0	2
302	339.52503418922424	0.34985763866961966	0.0018241124670720366	0
303	340.703901052475	0.34985763866961966	0.0	1
304	342.65198254585266	0.3500948018344941	0.00023716316487443212	0
305	344.6112356185913	0.3500948018344941	0.0	1
306	346.56768894195557	0.3500948018344941	0.0	2
307	348.53693437576294	0.35073517761935263	0.0006403757848585379	0
308	349.5270390510559	0.35073517761935263	0.0	1
309	350.5512681007385	0.350937559202692	0.00020238158333935052	0
310	351.5493097305298	0.35096698435019125	2.9425147499262394e-05	0
311	352.58358573913574	0.35106294204676675	9.595769657549935e-05	0
312	353.58969616889954	0.35170039293672417	0.0006374508899574249	0
313	354.61512422561646	0.35170039293672417	0.0	1
314	355.63193559646606	0.3518843441582167	0.00018395122149250653	0
315	356.62907814979553	0.35200451152704604	0.0001201673688293603	0
316	357.65195059776306	0.35269496292219976	0.0006904513951537239	0
317	358.6498484611511	0.3530257227239102	0.00033075980171043406	0
318	359.6883866786957	0.3530257227239102	0.0	1
319	360.7217855453491	0.3533483773951718	0.00032265467126157965	0
320	361.7299551963806	0.3536737807628464	0.00032540336767461486	0
321	362.76239013671875	0.3543431235791354	0.0006693428162889981	0
322	363.7898962497711	0.3559487851607607	0.001605661581625284	0
323	364.80585837364197	0.3559487851607607	0.0	1
324	365.8252053260803	0.3559487851607607	0.0	2
325	366.8280963897705	0.3559992484077295	5.046324696883486e-05	0
326	367.86798644065857	0.3559992484077295	0.0	1
327	368.88251876831055	0.3559992484077295	0.0	2
328	369.90724325180054	0.35615423259779155	0.00015498419006204633	0
329	370.89553475379944	0.35615423259779155	0.0	1
330	372.78803634643555	0.3575033139411627	0.001349081343371139	0
331	374.7354655265808	0.3578420731542292	0.0003387592130665307	0
332	376.65515327453613	0.35825272135040775	0.0004106481961785313	0
333	378.6083426475525	0.3586580483522481	0.00040532700184037207	0
334	380.28803753852844	0.3593276730861179	0.0006696247338697781	0
335	381.30392813682556	0.36020750261619516	0.0008798295300772585	0
336	382.3343997001648	0.36020750261619516	0.0	1
337	383.34769654273987	0.36189583652839924	0.0016883339122040764	0
338	384.36984515190125	0.36189583652839924	0.0	1
339	385.39940667152405	0.36189583652839924	0.0	2
340	386.41934633255005	0.36189583652839924	0.0	3
341	387.45324993133545	0.36189583652839924	0.0	4
342	388.4665710926056	0.3636270571525873	0.0017312206241880679	0
343	389.50256514549255	0.3636270571525873	0.0	1
344	390.5186195373535	0.3636270571525873	0.0	2
345	391.53882026672363	0.3636771327628825	5.0075610295186035e-05	0
346	392.5501563549042	0.3636771327628825	0.0	1
347	393.56661581993103	0.3647817563239752	0.001104623561092699	0
348	394.5933692455292	0.3647817563239752	0.0	1
349	395.61831879615784	0.36516777197152855	0.0003860156475533616	0
350	396.64927077293396	0.36516777197152855	0.0	1
351	397.65407633781433	0.3658994890525765	0.0007317170810479667	0
352	398.6771113872528	0.3658994890525765	0.0	1
353	399.70920991897583	0.3658994890525765	0.0	2
354	400.7422184944153	0.3658994890525765	0.0	3
355	401.76107120513916	0.3664211070565098	0.0005216180039332996	0
356	403.00510454177856	0.36693585331941037	0.000514746262900545	0
357	404.96682357788086	0.36706151808106596	0.00012566476165559726	0
358	406.9017460346222	0.36706151808106596	0.0	1
359	408.8220913410187	0.367385194703558	0.00032367662249205287	0
360	410.8171100616455	0.3678546227153399	0.00046942801178190274	0
361	411.8042149543762	0.36810789042201936	0.00025326770667943865	0
362	412.82199716567993	0.3694398100326573	0.0013319196106379438	0
363	413.8241546154022	0.3701107386353385	0.0006709286026811978	0
364	414.8533568382263	0.3701107386353385	0.0	1
365	415.85714077949524	0.3701107386353385	0.0	2
366	416.8712158203125	0.37066460096257936	0.0005538623272408616	0
367	417.8996367454529	0.37066460096257936	0.0	1
368	418.90416646003723	0.37066460096257936	0.0	2
369	419.91287088394165	0.37123876135564016	0.0005741603930607964	0
370	420.93769907951355	0.37123876135564016	0.0	1
371	421.94502115249634	0.3733482801336064	0.002109518777966224	0
372	422.98072385787964	0.3733482801336064	0.0	1
373	423.99197340011597	0.3733482801336064	0.0	2
374	425.02340030670166	0.3733482801336064	0.0	3
375	426.0437161922455	0.37392614069491553	0.0005778605613091514	0
376	427.0774667263031	0.3741535777032513	0.00022743700833577352	0
377	428.1090507507324	0.37514222741952946	0.000988649716278156	0
378	429.1419701576233	0.37514222741952946	0.0	1
379	430.17451548576355	0.3764618836154013	0.0013196561958718211	0
380	431.19658732414246	0.3764618836154013	0.0	1
381	432.21406722068787	0.3770008395505557	0.000538955935154406	0
382	433.23813581466675	0.3776004430052865	0.0005996034547308127	0
383	435.11837816238403	0.3781911308165235	0.0005906878112370006	0
384	437.0799822807312	0.37831288397174506	0.00012175315522156005	0
385	439.0527045726776	0.37831288397174506	0.0	1
386	441.0196466445923	0.3797267711190098	0.0014138871472647585	0
387	442.64618134498596	0.3797267711190098	0.0	1
388	443.6881351470947	0.3797267711190098	0.0	2
389	444.7159435749054	0.3797267711190098	0.0	3
390	445.74125361442566	0.3797267711190098	0.0	4
391	446.76386642456055	0.3805288971158704	0.000802125996860581	0
392	447.7855808734894	0.3805288971158704	0.0	1
393	448.8154397010803	0.38081479678253105	0.0002858996666606495	0
394	449.86347579956055	0.38081479678253105	0.0	1
395	450.899484872818	0.38259648065368795	0.0017816838711569027	0
396	451.93189549446106	0.38259648065368795	0.0	1
397	452.92904448509216	0.3842818896709909	0.0016854090173029634	0
398	453.964097738266	0.3842818896709909	0.0	1
399	454.9750943183899	0.3842818896709909	0.0	2
400	456.0109865665436	0.3842818896709909	0.0	3
401	457.0486261844635	0.3842818896709909	0.0	4
402	458.0798604488373	0.3850200203770027	0.0007381307060118081	0
403	459.12044286727905	0.3850200203770027	0.0	1
404	460.13531613349915	0.3850200203770027	0.0	2
405	461.1842622756958	0.3850200203770027	0.0	3
406	462.2174401283264	0.38505526007460666	3.52396976039393e-05	0
407	463.26738715171814	0.3861319033158018	0.0010766432411951632	0
408	464.29961228370667	0.3861319033158018	0.0	1
409	465.57156324386597	0.3862232798516888	9.13765358869778e-05	0
410	467.5428657531738	0.3862232798516888	0.0	1
411	469.50061225891113	0.3868813812044421	0.0006581013527532931	0
412	471.4851050376892	0.38803608037583	0.0011546991713878851	0
413	473.4772663116455	0.38803608037583	0.0	1
414	474.4842483997345	0.38803608037583	0.0	2
415	475.5320327281952	0.38803608037583	0.0	3
416	476.5646517276764	0.38803608037583	0.0	4
417	477.6004636287689	0.38899914607164765	0.0009630656958176664	0
418	478.6335258483887	0.38899914607164765	0.0	1
419	479.66761779785156	0.38899914607164765	0.0	2
420	480.7072238922119	0.38939379544511404	0.0003946493734663936	0
421	481.68417596817017	0.38992461101012194	0.0005308155650078916	0
422	482.73236203193665	0.38992461101012194	0.0	1
423	483.7334940433502	0.3905246021015264	0.0005999910914044615	0
424	484.7857003211975	0.3905246021015264	0.0	1
425	485.81812262535095	0.3905246021015264	0.0	2
426	486.8350269794464	0.3905805979810191	5.599587949267626e-05	0
427	487.88494658470154	0.3906766261569897	9.602817597065272e-05	0
428	488.9196467399597	0.3907456254848982	6.899932790849217e-05	0
429	489.96232891082764	0.3907456254848982	0.0	1
430	491.005108833313	0.39284446663449046	0.0020988411495922454	0
431	492.04893469810486	0.39284446663449046	0.0	1
432	493.1041407585144	0.39284446663449046	0.0	2
433	494.1287269592285	0.39284446663449046	0.0	3
434	495.1558518409729	0.39284446663449046	0.0	4
435	496.1863977909088	0.39390317286960524	0.0010587062351147813	0
436	498.07869815826416	0.39390317286960524	0.0	1
437	500.06683015823364	0.39390317286960524	0.0	2
438	502.0352637767792	0.39397516757181006	7.199470220481397e-05	0
439	503.9770140647888	0.3943300313266816	0.0003548637548715372	0
440	505.64065408706665	0.3943300313266816	0.0	1
441	506.6880986690521	0.3943300313266816	0.0	2
442	507.72968673706055	0.3943300313266816	0.0	3
443	508.750066280365	0.3943300313266816	0.0	4
444	509.80897092819214	0.3946895467216368	0.0003595153949552121	0
445	510.8268346786499	0.39479653444356233	0.0001069877219255222	0
446	511.8938157558441	0.39613236566063437	0.0013358312170720366	0
447	512.9217739105225	0.39613236566063437	0.0	1
448	513.9529066085815	0.39613236566063437	0.0	2
449	515.0009021759033	0.3964015264709332	0.00026916081029881855	0
450	516.0184588432312	0.3964015264709332	0.0	1
451	517.0604376792908	0.3975516797213301	0.0011501532503969125	0
452	518.0790429115295	0.3975516797213301	0.0	1
453	519.1267914772034	0.3975516797213301	0.0	2
454	520.1740617752075	0.3975516797213301	0.0	3
455	521.1931915283203	0.3980442602144378	0.000492580493107686	0
456	522.2309765815735	0.39882302229178695	0.000778762077349171	0
457	523.2528619766235	0.39882302229178695	0.0	1
458	524.2915942668915	0.39891880378987443	9.578149808747716e-05	0
459	525.3286120891571	0.3996523885748953	0.000733584785020891	0
460	526.3648653030396	0.39965774500893114	5.356434035819202e-06	0
461	527.4007084369659	0.39987665401044675	0.00021890900151561032	0
462	528.6411893367767	0.39987665401044675	0.0	1
463	530.5946607589722	0.4004150813501371	0.0005384273396903394	0
464	532.5394296646118	0.4004150813501371	0.0	1
465	534.4939002990723	0.4010475634427324	0.0006324820925953101	0
466	536.4943299293518	0.4010475634427324	0.0	1
467	537.4900214672089	0.40133793855098876	0.0002903751082563577	0
468	538.53941655159	0.40133793855098876	0.0	1
469	539.5613994598389	0.40133793855098876	0.0	2
470	540.5856332778931	0.40133793855098876	0.0	3
471	541.6280312538147	0.40133793855098876	0.0	4
472	542.65722823143	0.40150853392708935	0.00017059537610059072	0
473	543.6948902606964	0.40178051391319647	0.00027197998610711815	0
474	544.7012343406677	0.40178051391319647	0.0	1
475	545.7370507717133	0.4024130312454893	0.000632517332292859	0
476	546.7624871730804	0.4024130312454893	0.0	1
477	547.793967962265	0.4025647029039766	0.0001516716584872846	0
478	548.8268308639526	0.4025647029039766	0.0	1
479	549.8442919254303	0.40343984555427254	0.0008751426502959236	0
480	550.8755578994751	0.40343984555427254	0.0	1
481	551.8989486694336	0.40343984555427254	0.0	2
482	552.9264378547668	0.4037197544723405	0.0002799089180679504	0
483	553.9488906860352	0.4044340631427721	0.000714308670431596	0
484	554.9707677364349	0.4044340631427721	0.0	1
485	555.9919586181641	0.4044340631427721	0.0	2
486	557.0034601688385	0.40481310133019993	0.0003790381874278492	0
487	558.0317800045013	0.40481310133019993	0.0	1
488	559.0713472366333	0.40481310133019993	0.0	2
489	561.007030248642	0.40481310133019993	0.0	3
490	562.9495348930359	0.40597858384905455	0.0011654825188546214	0
491	564.9098980426788	0.40597858384905455	0.0	1
492	566.8633344173431	0.40597858384905455	0.0	2
493	568.5213687419891	0.40597858384905455	0.0	3
494	569.558057308197	0.40597858384905455	0.0	4
495	570.5903313159943	0.40597858384905455	0.0	5
496	571.6098718643188	0.4066372842766671	0.0006587004276125685	0
497	572.6334683895111	0.4066372842766671	0.0	1
498	573.6537435054779	0.4066372842766671	0.0	2
499	574.673656463623	0.4073892289441397	0.0007519446674725816	0
500	575.7023189067841	0.4079073229783126	0.0005180940341729112	0
501	576.7242202758789	0.4085439633552252	0.0006366403769125784	0
502	577.7652676105499	0.4085439633552252	0.0	1
503	578.766996383667	0.4085439633552252	0.0	2
504	579.8220880031586	0.4085439633552252	0.0	3
505	580.8328886032104	0.408571556038449	2.759268322383157e-05	0
506	581.8668718338013	0.409675087168916	0.0011035311304669615	0
507	582.8949947357178	0.4106861140931726	0.0010110269242566416	0
508	583.9256930351257	0.4106861140931726	0.0	1
509	584.9689197540283	0.4106861140931726	0.0	2
510	585.9852285385132	0.4106861140931726	0.0	3
511	587.029994726181	0.4106861140931726	0.0	4
512	588.0662889480591	0.4108376447928695	0.00015153069969686683	0
513	589.1028101444244	0.4108376447928695	0.0	1
514	590.1506145000458	0.4111635415163106	0.0003258967234411325	0
515	591.3235800266266	0.4111635415163106	0.0	1
516	593.2932913303375	0.41121164370353996	4.8102187229337456e-05	0
517	595.2878518104553	0.41190713437545107	0.0006954906719111031	0
518	597.2531850337982	0.41190713437545107	0.0	1
519	599.2336459159851	0.41233705868621895	0.00042992431076788185	0
520	600.2289216518402	0.41233705868621895	0.0	1
521	601.2661299705505	0.4127676877909389	0.0004306291047199706	0
522	602.277191400528	0.4127676877909389	0.0	1
523	603.3143332004547	0.4127676877909389	0.0	2
524	604.3549761772156	0.4127676877909389	0.0	3
525	605.3914318084717	0.4127676877909389	0.0	4
526	606.4321162700653	0.4127676877909389	0.0	5
527	607.4615390300751	0.4127676877909389	0.0	6
528	608.5013010501862	0.4129610127719941	0.00019332498105517626	0
529	609.4982738494873	0.4132806368292617	0.0003196240572675979	0
530	610.5303211212158	0.4132833150462796	2.6782170178818454e-06	0
531	611.5545992851257	0.4132833150462796	0.0	1
532	612.5853312015533	0.4137179614765264	0.00043464643024682115	0
533	613.623619556427	0.4137179614765264	0.0	1
534	614.651495218277	0.4138329838495056	0.00011502237297922324	0
535	615.6942446231842	0.41412103313772014	0.00028804928821452025	0
536	616.7250666618347	0.41412103313772014	0.0	1
537	617.7610671520233	0.41444714129934684	0.00032610816162670364	0
538	618.7886891365051	0.41453939882767393	9.225752832708878e-05	0
539	619.8116478919983	0.41453939882767393	0.0	1
540	620.851499080658	0.41453939882767393	0.0	2
541	621.9022347927094	0.41531911237685837	0.0007797135491844354	0
542	623.7903065681458	0.41531911237685837	0.0	1
543	625.7747101783752	0.41531911237685837	0.0	2
544	627.7313010692596	0.41531911237685837	0.0	3
545	629.6996011734009	0.41628115612144556	0.0009620437445871932	0
546	631.3191163539886	0.41628115612144556	0.0	1
547	632.3470878601074	0.41628115612144556	0.0	2
548	633.367954492569	0.41628115612144556	0.0	3
549	634.3946621417999	0.41628115612144556	0.0	4
550	635.4254050254822	0.41700194889623626	0.0007207927747907017	0
551	636.4321007728577	0.41700194889623626	0.0	1
552	637.4714877605438	0.41709050625631494	8.85573600786782e-05	0
553	638.4930124282837	0.4171592236666426	6.871741032765666e-05	0
554	639.5362749099731	0.4171592236666426	0.0	1
555	640.5861864089966	0.4171592236666426	0.0	2
556	641.6171028614044	0.4171592236666426	0.0	3
557	642.6414449214935	0.4173324267803659	0.0001732031137233192	0
558	643.6635360717773	0.4173324267803659	0.0	1
559	644.6965510845184	0.41802858700653145	0.000696160226165532	0
560	645.7221505641937	0.41802858700653145	0.0	1
561	646.746018409729	0.41802858700653145	0.0	2
562	647.8038527965546	0.41802858700653145	0.0	3
563	648.8129315376282	0.41844223057700636	0.00041364357047490863	0
564	649.8483242988586	0.4186526115717018	0.00021038099469544713	0
565	650.8782503604889	0.4186526115717018	0.0	1
566	651.9141368865967	0.4186526115717018	0.0	2
567	652.9484462738037	0.4186526115717018	0.0	3
568	654.1553876399994	0.4186526115717018	0.0	4
569	656.1125860214233	0.4193331606118288	0.0006805490401269876	0
570	658.059088230133	0.4195411100673896	0.00020794945556079636	0
571	660.01686835289	0.4195411100673896	0.0	1
572	662.0011224746704	0.4195411100673896	0.0	2
573	663.0163683891296	0.4203593758457527	0.0008182657783631364	0
574	664.0548648834229	0.4203593758457527	0.0	1
575	665.087256193161	0.4203593758457527	0.0	2
576	666.1354386806488	0.4203593758457527	0.0	3
577	667.164076089859	0.4203593758457527	0.0	4
578	668.1927065849304	0.4208633740008841	0.0005039981551313577	0
579	669.233612537384	0.4210340398563799	0.0001706658554957996	0
580	670.2399797439575	0.42131447736991195	0.00028043751353207247	0
581	671.2771928310394	0.421482006892321	0.00016752952240906005	0
582	672.3082721233368	0.4214900415433747	8.034651053701047e-06	0
583	673.332380771637	0.4214900415433747	0.0	1
584	674.3625936508179	0.4214900415433747	0.0	2
585	675.3838841915131	0.4237914757144919	0.002301434171117167	0
586	676.4327986240387	0.4237914757144919	0.0	1
587	677.4672548770905	0.4237914757144919	0.0	2
588	678.5284278392792	0.4241119807641996	0.0003205050497077089	0
589	679.5872855186462	0.42512536874819573	0.001013387983996139	0
590	680.6202878952026	0.42512536874819573	0.0	1
591	681.6726083755493	0.42512536874819573	0.0	2
592	682.699857711792	0.42512536874819573	0.0	3
593	683.7366945743561	0.4252928982706048	0.00016752952240906005	0
594	684.7641315460205	0.4252928982706048	0.0	1
595	686.6751463413239	0.4252928982706048	0.0	2
596	688.6563453674316	0.42593341501425375	0.0006405167436489556	0
597	690.6058156490326	0.42593341501425375	0.0	1
598	692.5592131614685	0.42596756228123195	3.4147266978201696e-05	0
599	694.1990795135498	0.4261009445366628	0.00013338225543085835	0
600	695.2292673587799	0.42645573781213914	0.00035479327547632833	0
601	696.276867389679	0.42645573781213914	0.0	1
602	697.3044464588165	0.42645573781213914	0.0	2
603	698.3509342670441	0.42645573781213914	0.0	3
604	699.3771331310272	0.42645573781213914	0.0	4
605	700.4148519039154	0.42645573781213914	0.0	5
606	701.4540765285492	0.4267703225926494	0.00031458478051027416	0
607	702.4893553256989	0.4267703225926494	0.0	1
608	703.5345377922058	0.4267703225926494	0.0	2
609	704.5545170307159	0.4270049837389939	0.00023466114634451696	0
610	705.5861501693726	0.4273573807150332	0.000352396976039282	0
611	706.6196217536926	0.4273573807150332	0.0	1
612	707.6487572193146	0.4273573807150332	0.0	2
613	708.7034955024719	0.4278397416958357	0.0004823609808025098	0
614	709.7216498851776	0.4278397416958357	0.0	1
615	710.7747962474823	0.4278397416958357	0.0	2
616	711.8009049892426	0.4278397416958357	0.0	3
617	712.8500218391418	0.42824485725949046	0.00040511556365474544	0
618	713.8903431892395	0.42851211512611864	0.00026725786662817885	0
619	714.9431321620941	0.4285249776157441	1.2862489625453666e-05	0
620	715.983155965805	0.4285249776157441	0.0	1
621	717.2313988208771	0.4285249776157441	0.0	2
622	719.1825017929077	0.4293995916705759	0.0008746140548318015	0
623	721.1211569309235	0.4293995916705759	0.0	1
624	723.1190621852875	0.4293995916705759	0.0	2
625	725.1498508453369	0.42967971202682953	0.0002801203562536325	0
626	726.1818990707397	0.42967971202682953	0.0	1
627	727.2365508079529	0.42967971202682953	0.0	2
628	728.2657396793365	0.4299090519788359	0.0002293399520063577	0
629	729.2983586788177	0.42993847712633515	2.9425147499262394e-05	0
630	730.3405680656433	0.42993847712633515	0.0	1
631	731.3899335861206	0.430328192942137	0.0003897158158018277	0
632	732.4234099388123	0.430328192942137	0.0	1
633	733.4480748176575	0.430328192942137	0.0	2
634	734.490983247757	0.430328192942137	0.0	3
635	735.5246374607086	0.43055971775539476	0.0002315248132577774	0
636	736.5637817382812	0.43083444643791496	0.0002747286825202089	0
637	737.595561504364	0.43083444643791496	0.0	1
638	738.630978345871	0.43083444643791496	0.0	2
639	739.6785342693329	0.43133058614048064	0.0004961397025656789	0
640	740.7111077308655	0.43193579270713045	0.0006052065666498074	0
641	741.7497520446777	0.431986995987749	5.120328061852808e-05	0
642	742.7848687171936	0.4320345695795143	4.7573591765326384e-05	0
643	743.8470208644867	0.4320345695795143	0.0	1
644	744.8947379589081	0.4320345695795143	0.0	2
645	745.9000661373138	0.43204570532395714	1.113574444283616e-05	0
646	746.9572253227234	0.43256016966927685	0.0005144643453197095	0
647	747.9826793670654	0.43256016966927685	0.0	1
648	749.8746671676636	0.4331417303988344	0.000581560729557562	0
649	751.8870420455933	0.4331417303988344	0.0	1
650	753.8218283653259	0.4331417303988344	0.0	2
651	755.7692949771881	0.4331417303988344	0.0	3
652	757.4161691665649	0.4331417303988344	0.0	4
653	758.4540996551514	0.4334004954983401	0.0002587650995056756	0
654	759.4919471740723	0.4334004954983401	0.0	1
655	760.5194759368896	0.43365637094264214	0.0002558754443020561	0
656	761.5551755428314	0.4342964648099199	0.0006400938672777579	0
657	762.598441362381	0.4345658722981019	0.0002694074881819941	0
658	763.6367390155792	0.4345658722981019	0.0	1
659	764.6857862472534	0.4345658722981019	0.0	2
660	765.7324380874634	0.4345658722981019	0.0	3
661	766.776967048645	0.4350543297465899	0.0004884574484880222	0
662	767.776207447052	0.4350543297465899	0.0	1
663	768.8272404670715	0.4350543297465899	0.0	2
664	769.8453254699707	0.43572060670918733	0.0006662769625974119	0
665	770.8858506679535	0.43572060670918733	0.0	1
666	771.9363701343536	0.43572060670918733	0.0	2
667	772.9684600830078	0.4362064211803551	0.0004858144711677448	0
668	774.0103552341461	0.43644383102311274	0.0002374098427576632	0
669	775.0357887744904	0.43644383102311274	0.0	1
670	776.0709936618805	0.43644383102311274	0.0	2
671	777.1205995082855	0.43644383102311274	0.0	3
672	778.1670358181	0.43644383102311274	0.0	4
673	779.216212272644	0.43644383102311274	0.0	5
674	780.4751286506653	0.43651586096501516	7.20299419024184e-05	0
675	782.4448506832123	0.43651586096501516	0.0	1
676	784.4238955974579	0.43660290301809684	8.704205308168733e-05	0
677	786.385906457901	0.43660290301809684	0.0	1
678	788.4430272579193	0.43660290301809684	0.0	2
679	789.4629602432251	0.43660290301809684	0.0	3
680	790.5082206726074	0.43660290301809684	0.0	4
681	791.5177931785583	0.43660290301809684	0.0	5
682	792.5564024448395	0.437088682249567	0.00048577923147014035	0
683	793.5930161476135	0.437088682249567	0.0	1
684	794.624892950058	0.437088682249567	0.0	2
685	795.6498320102692	0.4372674532355117	0.00017877098594470953	0
686	796.6802470684052	0.43751219293537097	0.00024473969985927546	0
687	797.716808795929	0.43751219293537097	0.0	1
688	798.7508015632629	0.43751219293537097	0.0	2
689	799.7895238399506	0.4375523661906394	4.0173255268449726e-05	0
690	800.8072352409363	0.4375523661906394	0.0	1
691	801.8380596637726	0.4375523661906394	0.0	2
692	802.8794374465942	0.4382434166606524	0.0006910504700129994	0
693	803.9040853977203	0.4382434166606524	0.0	1
694	804.9223465919495	0.4382434166606524	0.0	2
695	805.9614911079407	0.4382434166606524	0.0	3
696	806.9932773113251	0.43914692726751947	0.0009035106068670529	0
697	808.0472433567047	0.43914692726751947	0.0	1
698	809.0598044395447	0.43914692726751947	0.0	2
699	810.073712348938	0.43914692726751947	0.0	3
700	811.0934958457947	0.43914692726751947	0.0	4
701	812.9897375106812	0.43933052609203593	0.00018359882451646214	0
702	814.9479560852051	0.43933052609203593	0.0	1
703	816.9453136920929	0.4399044398072135	0.0005739137151775653	0
704	818.9110090732574	0.4404216880886439	0.0005172482814304047	0
705	820.5666358470917	0.44083494402244516	0.0004132559338012598	0
706	821.6015560626984	0.44083494402244516	0.0	1
707	822.5997266769409	0.44163985395541644	0.0008049099329712761	0
708	823.6169195175171	0.44163985395541644	0.0	1
709	824.6400172710419	0.44163985395541644	0.0	2
710	825.6701171398163	0.4419655744803695	0.0003257205249530548	0
711	826.7203261852264	0.44212302544926385	0.00015745096889435706	0
712	827.7516634464264	0.44301589366745453	0.0008928682181906789	0
713	828.7757406234741	0.44301589366745453	0.0	1
714	829.8133945465088	0.44301589366745453	0.0	2
715	830.8215529918671	0.443120308891455	0.00010441522400045367	0
716	831.8574388027191	0.44322363168482964	0.00010332279337466055	0
717	832.8878087997437	0.44358959594444647	0.00036596425961682444	0
718	833.9177088737488	0.4438426169732426	0.00025302102879615207	0
719	834.9537692070007	0.4438426169732426	0.0	1
720	835.9652428627014	0.44468583245750937	0.0008432154842667461	0
721	836.9958508014679	0.44468583245750937	0.0	1
722	838.0039491653442	0.44468583245750937	0.0	2
723	839.0265755653381	0.44468583245750937	0.0	3
724	840.0699155330658	0.4453199355761944	0.0006341031186850588	0
725	841.0873284339905	0.44548263726003173	0.00016270168383730743	0
726	842.1137726306915	0.44548263726003173	0.0	1
727	843.359678030014	0.44548263726003173	0.0	2
728	845.3262548446655	0.4456724735110241	0.00018983625099239232	0
729	847.2655942440033	0.4456724735110241	0.0	1
730	849.2229607105255	0.4457702284321774	9.775492115327022e-05	0
731	851.21058177948	0.446138694710324	0.0003684662781466286	0
732	852.2089924812317	0.446138694710324	0.0	1
733	853.2491827011108	0.446138694710324	0.0	2
734	854.269778251648	0.4462884281854431	0.00014973347511909596	0
735	855.2965054512024	0.44679503407819715	0.0005066058927540307	0
736	856.3343589305878	0.4473178854715466	0.000522851393349455	0
737	857.3615062236786	0.4473178854715466	0.0	1
738	858.4058787822723	0.4473178854715466	0.0	2
739	859.4198958873749	0.4473178854715466	0.0	3
740	860.4553492069244	0.4475339400575563	0.00021605458600970628	0
741	861.4687623977661	0.4475339400575563	0.0	1
742	862.5093350410461	0.4476614020437897	0.00012746198623336813	0
743	863.5313937664032	0.4476614020437897	0.0	1
744	864.5587909221649	0.4476614020437897	0.0	2
745	865.579375743866	0.4476614020437897	0.0	3
746	866.6001768112183	0.4476614020437897	0.0	4
747	867.6359326839447	0.4476614020437897	0.0	5
748	868.653388261795	0.447917524165975	0.0002561221221853427	0
749	869.6699569225311	0.4480727197942227	0.00015519562824767297	0
750	870.7137184143066	0.4480727197942227	0.0	1
751	871.7204411029816	0.4480727197942227	0.0	2
752	872.7440774440765	0.4480727197942227	0.0	3
753	873.757860660553	0.44838427396073904	0.00031155416651634793	0
754	875.6908812522888	0.44838427396073904	0.0	1
755	877.6516132354736	0.44838427396073904	0.0	2
756	879.6076838970184	0.4487734964207744	0.00038922246003536554	0
757	881.5575022697449	0.4491927078634707	0.00041921144269629895	0
758	883.2092745304108	0.4491927078634707	0.0	1
759	884.2258937358856	0.4491927078634707	0.0	2
760	885.227029800415	0.44964825143439663	0.00045554357092592035	0
761	886.2366142272949	0.44964825143439663	0.0	1
762	887.2751989364624	0.44992823083185984	0.00027997939746321476	0
763	888.2754015922546	0.44992823083185984	0.0	1
764	889.3094062805176	0.44992823083185984	0.0	2
765	890.348664522171	0.44999486910002884	6.663826816899476e-05	0
766	891.3427057266235	0.4508568673431185	0.0008619982430896345	0
767	892.3728005886078	0.4508568673431185	0.0	1
768	893.3700559139252	0.4508568673431185	0.0	2
769	894.387834072113	0.4508568673431185	0.0	3
770	895.4036560058594	0.4508568673431185	0.0	4
771	896.4265577793121	0.4508568673431185	0.0	5
772	897.4553790092468	0.4508781873601689	2.132001705040798e-05	0
773	898.4821429252625	0.4508781873601689	0.0	1
774	899.5119483470917	0.4508781873601689	0.0	2
775	900.5343060493469	0.4508781873601689	0.0	3
776	901.5526304244995	0.4508781873601689	0.0	4
777	902.5977773666382	0.4508781873601689	0.0	5
778	903.6436767578125	0.4508781873601689	0.0	6
779	904.668520450592	0.45147821369127095	0.0006000263311020659	0
780	905.8567705154419	0.45147821369127095	0.0	1
781	907.8127677440643	0.45147821369127095	0.0	2
782	909.793178319931	0.4517662629794854	0.00028804928821446474	0
783	911.7423129081726	0.45201160175420396	0.0002453387747185509	0
784	913.7380201816559	0.45201160175420396	0.0	1
785	914.7341797351837	0.45201160175420396	0.0	2
786	915.7672584056854	0.4520329217712543	2.132001705035247e-05	0
787	916.7780373096466	0.4520329217712543	0.0	1
788	917.8018267154694	0.4520329217712543	0.0	2
789	918.8160090446472	0.4520329217712543	0.0	3
790	919.839784860611	0.4520329217712543	0.0	4
791	920.8601639270782	0.4522912287546911	0.0002583069834367624	0
792	921.8716866970062	0.4522912287546911	0.0	1
793	922.9061751365662	0.4522912287546911	0.0	2
794	923.9184401035309	0.45249163691496463	0.00020040816027355746	0
795	924.9583292007446	0.45249163691496463	0.0	1
796	925.9804661273956	0.45249163691496463	0.0	2
797	926.9976835250854	0.45249163691496463	0.0	3
798	928.023542881012	0.45249163691496463	0.0	4
799	929.0212297439575	0.45249163691496463	0.0	5
800	930.0386211872101	0.45249163691496463	0.0	6
801	931.0671200752258	0.45249163691496463	0.0	7
802	932.0947861671448	0.45249163691496463	0.0	8
803	933.1224131584167	0.4529316750189449	0.0004400381039802448	0
804	934.1185705661774	0.4529316750189449	0.0	1
805	935.1377348899841	0.45315044306167	0.00021876804272513706	0
806	936.1499741077423	0.45315044306167	0.0	1
807	938.0650353431702	0.45315044306167	0.0	2
808	940.0077176094055	0.4536807300312139	0.0005302869695438805	0
809	941.9468252658844	0.4536807300312139	0.0	1
810	943.8823065757751	0.4536807300312139	0.0	2
811	945.524245262146	0.4536807300312139	0.0	3
812	946.5509214401245	0.4536807300312139	0.0	4
813	947.5775759220123	0.4541981192714348	0.000517389240220878	0
814	948.5853002071381	0.4541981192714348	0.0	1
815	949.6096935272217	0.4541981192714348	0.0	2
816	950.6131887435913	0.4541981192714348	0.0	3
817	951.6511316299438	0.4541981192714348	0.0	4
818	952.6830201148987	0.4541981192714348	0.0	5
819	953.7278797626495	0.4541981192714348	0.0	6
820	954.7537999153137	0.4541981192714348	0.0	7
821	955.7543985843658	0.45424068882614027	4.256955470549606e-05	0
822	956.7739481925964	0.45440099421054053	0.0001603053844002611	0
823	957.7991189956665	0.45440099421054053	0.0	1
824	958.8168714046478	0.4546806564507253	0.0002796622401847748	0
825	959.8489003181458	0.4546806564507253	0.0	1
826	960.8764884471893	0.4551606563717884	0.0004799999210630679	0
827	961.9079439640045	0.4551747874905276	1.4131118739213466e-05	0
828	962.9278917312622	0.45524339918176243	6.861169123484334e-05	0
829	963.951456785202	0.45524339918176243	0.0	1
830	964.9781827926636	0.45524339918176243	0.0	2
831	965.9892141819	0.45541716613064737	0.0001737669488849347	0
832	967.0202934741974	0.45585949481497184	0.0004423286843244778	0
833	968.2550890445709	0.45585949481497184	0.0	1
834	970.198557138443	0.45618274856109264	0.0003232537461207996	0
835	972.1389982700348	0.45629474032007794	0.00011199175898529701	0
836	974.0982465744019	0.45629474032007794	0.0	1
837	976.0723383426666	0.45629474032007794	0.0	2
838	977.0771052837372	0.45629474032007794	0.0	3
839	978.0991685390472	0.45629474032007794	0.0	4
840	979.1119766235352	0.4565211553771832	0.0002264150571052448	0
841	980.1326797008514	0.4565211553771832	0.0	1
842	981.1819407939911	0.4565211553771832	0.0	2
843	982.1910071372986	0.4565531177829099	3.1962405726726484e-05	0
844	983.2180540561676	0.4565531177829099	0.0	1
845	984.213457107544	0.4566119328382109	5.881505530097586e-05	0
846	985.2491686344147	0.4568969515124314	0.0002850186742205385	0
847	986.2598724365234	0.4568969515124314	0.0	1
848	987.2856864929199	0.4568969515124314	0.0	2
849	988.3239071369171	0.4568969515124314	0.0	3
850	989.3325655460358	0.4568969515124314	0.0	4
851	990.3501627445221	0.4568969515124314	0.0	5
852	991.3719716072083	0.4573052738885681	0.00040832237613669387	0
853	992.3917834758759	0.4573052738885681	0.0	1
854	993.4338994026184	0.45784662612315963	0.0005413522345915078	0
855	994.450855255127	0.45784662612315963	0.0	1
856	995.4927794933319	0.45784662612315963	0.0	2
857	996.4850585460663	0.45786798137990764	2.135525674801242e-05	0
858	997.5306394100189	0.4578759807912637	7.999411356041097e-06	0
859	998.5439167022705	0.4578813372252995	5.356434035819202e-06	0
860	1000.4327390193939	0.4580653589261872	0.0001840217008877154	0
861	1002.3897471427917	0.4580653589261872	0.0	1
862	1004.3605079650879	0.45901739459665486	0.0009520356704676436	0
863	1006.3015196323395	0.45901739459665486	0.0	1
864	1007.9525835514069	0.45901739459665486	0.0	2
865	1008.9757235050201	0.45901739459665486	0.0	3
866	1010.0027923583984	0.45901739459665486	0.0	4
867	1011.0259366035461	0.45901739459665486	0.0	5
868	1012.0324125289917	0.45909731823082056	7.99236341657017e-05	0
869	1013.0332822799683	0.45909731823082056	0.0	1
870	1014.0667471885681	0.45909731823082056	0.0	2
871	1015.1059286594391	0.45909731823082056	0.0	3
872	1016.1260480880737	0.45909731823082056	0.0	4
873	1017.1522965431213	0.45909731823082056	0.0	5
874	1018.172981262207	0.45909731823082056	0.0	6
875	1019.1876056194305	0.45909731823082056	0.0	7
876	1020.2215051651001	0.45909731823082056	0.0	8
877	1021.2354447841644	0.45909731823082056	0.0	9
878	1022.2550666332245	0.4592386646579099	0.00014134642708935052	0
879	1023.2658245563507	0.4592386646579099	0.0	1
880	1024.3006229400635	0.4592386646579099	0.0	2
881	1025.3112115859985	0.46044950066758084	0.0012108360096709236	0
882	1026.339868068695	0.46044950066758084	0.0	1
883	1027.3712186813354	0.46044950066758084	0.0	2
884	1028.3973333835602	0.46044950066758084	0.0	3
885	1029.4321496486664	0.460454821861919	5.321194338159252e-06	0
886	1030.6179795265198	0.460454821861919	0.0	1
887	1032.5941650867462	0.460454821861919	0.0	2
888	1034.552339553833	0.460454821861919	0.0	3
889	1036.4938578605652	0.46063359284786376	0.00017877098594476504	0
890	1038.4977753162384	0.46063359284786376	0.0	1
891	1039.507524728775	0.460673695623737	4.010277587324085e-05	0
892	1040.5283210277557	0.460673695623737	0.0	1
893	1041.5558433532715	0.460673695623737	0.0	2
894	1042.5880179405212	0.460673695623737	0.0	3
895	1043.6281220912933	0.46071104970319715	3.7354079460150125e-05	0
896	1044.6580624580383	0.46071104970319715	0.0	1
897	1045.69575381279	0.46071104970319715	0.0	2
898	1046.7018811702728	0.46071633565783776	5.285954640610324e-06	0
899	1047.7277700901031	0.46071633565783776	0.0	1
900	1048.7511186599731	0.46071633565783776	0.0	2
901	1049.7833907604218	0.46071633565783776	0.0	3
902	1050.82497048378	0.46294306167003463	0.002226726012196867	0
903	1051.8362348079681	0.46294306167003463	0.0	1
904	1052.874397277832	0.46294306167003463	0.0	2
905	1053.878090620041	0.46294306167003463	0.0	3
906	1054.9166560173035	0.46302044804597287	7.73863759382376e-05	0
907	1055.941684961319	0.4630657310573939	4.5283011421037855e-05	0
908	1056.974389076233	0.4630657310573939	0.0	1
909	1058.0123891830444	0.4630657310573939	0.0	2
910	1058.9964513778687	0.4630657310573939	0.0	3
911	1060.0163547992706	0.46409779608112006	0.0010320650237261586	0
912	1061.0413739681244	0.4641830761493216	8.52800682015209e-05	0
913	1062.9315438270569	0.4651378605162024	0.0009547843668807898	0
914	1064.9313197135925	0.4651378605162024	0.0	1
915	1066.876634836197	0.4651378605162024	0.0	2
916	1068.835524559021	0.4651378605162024	0.0	3
917	1070.4751880168915	0.4651378605162024	0.0	4
918	1071.5023045539856	0.4651378605162024	0.0	5
919	1072.5441100597382	0.4651378605162024	0.0	6
920	1073.560819864273	0.4651378605162024	0.0	7
921	1074.5944027900696	0.46526056514325925	0.0001227046270568799	0
922	1075.602749824524	0.46526056514325925	0.0	1
923	1076.6073746681213	0.4662925949272878	0.0010320297840285542	0
924	1077.624950170517	0.4662925949272878	0.0	1
925	1078.6256213188171	0.4662925949272878	0.0	2
926	1079.6404938697815	0.4662925949272878	0.0	3
927	1080.6451127529144	0.4663992654919349	0.00010667056464708224	0
928	1081.6591296195984	0.4664152995543447	1.6034062409797656e-05	0
929	1082.6730077266693	0.4664152995543447	0.0	1
930	1083.698780298233	0.4664152995543447	0.0	2
931	1084.7207005023956	0.4664152995543447	0.0	3
932	1085.7327167987823	0.4664152995543447	0.0	4
933	1086.763514995575	0.4664152995543447	0.0	5
934	1087.7795250415802	0.4664152995543447	0.0	6
935	1088.8095042705536	0.46872476837651555	0.002309468822170868	0
936	1089.8244183063507	0.46872476837651555	0.0	1
937	1090.8403494358063	0.46872476837651555	0.0	2
938	1091.873168706894	0.46872476837651555	0.0	3
939	1093.0593967437744	0.46872476837651555	0.0	4
940	1094.9967494010925	0.46872476837651555	0.0	5
941	1096.9499011039734	0.46872476837651555	0.0	6
942	1098.8967673778534	0.46872476837651555	0.0	7
943	1100.8327939510345	0.46897571026315316	0.0002509418866376012	0
944	1101.8389773368835	0.46897571026315316	0.0	1
945	1102.8584280014038	0.46897571026315316	0.0	2
946	1103.8564054965973	0.46922104903787165	0.0002453387747184954	0
947	1104.872214794159	0.46922104903787165	0.0	1
948	1105.9007804393768	0.46922104903787165	0.0	2
949	1106.930993795395	0.46922104903787165	0.0	3
950	1107.9668283462524	0.46922104903787165	0.0	4
951	1108.9672417640686	0.46922104903787165	0.0	5
952	1109.9744477272034	0.46922104903787165	0.0	6
953	1110.9764239788055	0.4692983296947171	7.728065684542429e-05	0
954	1111.9938070774078	0.471285179085324	0.0019868493906069484	0
955	1113.011260509491	0.471285179085324	0.0	1
956	1114.024943113327	0.471285179085324	0.0	2
957	1115.0402073860168	0.4715305178600426	0.0002453387747185509	0
958	1116.0459558963776	0.4715305178600426	0.0	1
959	1117.0669753551483	0.4715305178600426	0.0	2
960	1118.0839493274689	0.4715305178600426	0.0	3
961	1119.085372686386	0.4715305178600426	0.0	4
962	1120.1205818653107	0.4715305178600426	0.0	5
963	1121.1172366142273	0.4715305178600426	0.0	6
964	1122.147703886032	0.471607798516888	7.728065684542429e-05	0
965	1123.1461038589478	0.471607798516888	0.0	1
966	1124.9999916553497	0.471607798516888	0.0	2
967	1127.000991821289	0.471607798516888	0.0	3
968	1128.9644479751587	0.472685252271128	0.0010774537542400098	0
969	1130.916963815689	0.472685252271128	0.0	1
970	1132.5394434928894	0.472685252271128	0.0	2
971	1133.5552923679352	0.47289559802612585	0.0002103457549978427	0
972	1134.5800409317017	0.47289559802612585	0.0	1
973	1135.587541103363	0.47289559802612585	0.0	2
974	1136.6174216270447	0.47289559802612585	0.0	3
975	1137.6255955696106	0.47289559802612585	0.0	4
976	1138.6413221359253	0.47289559802612585	0.0	5
977	1139.6617131233215	0.47319421922362154	0.0002986211974956854	0
978	1140.677261352539	0.47319421922362154	0.0	1
979	1141.7006034851074	0.47319421922362154	0.0	2
980	1142.6891951560974	0.4740503324372113	0.0008561132135897487	0
981	1143.6895706653595	0.4740503324372113	0.0	1
982	1144.707823753357	0.4740503324372113	0.0	2
983	1145.7284708023071	0.4740503324372113	0.0	3
984	1146.7607462406158	0.4741275778543591	7.724541714781985e-05	0
985	1147.7751233577728	0.4741275778543591	0.0	1
986	1148.7810487747192	0.4741275778543591	0.0	2
987	1149.8011820316315	0.47462632529454746	0.0004987474401883518	0
988	1150.7994449138641	0.47462632529454746	0.0	1
989	1151.8129732608795	0.4755117931762413	0.0008854678816938577	0
990	1152.8260436058044	0.4755117931762413	0.0	1
991	1153.8558511734009	0.4755117931762413	0.0	2
992	1155.0892894268036	0.4755117931762413	0.0	3
993	1157.0298476219177	0.4755117931762413	0.0	4
994	1158.9992001056671	0.4755117931762413	0.0	5
995	1160.9914047718048	0.4755117931762413	0.0	6
996	1162.9560356140137	0.4755837526387485	7.195946250720953e-05	0
997	1163.9444181919098	0.4755837526387485	0.0	1
998	1164.9537332057953	0.4755837526387485	0.0	2
999	1165.9442920684814	0.4756424267352591	5.8674096510558105e-05	0
1000	1166.9646725654602	0.4756424267352591	0.0	1
1001	1167.9835216999054	0.47665017636763857	0.0010077496323794843	0
1002	1168.9988236427307	0.47665017636763857	0.0	1
1003	1170.0432229042053	0.47665017636763857	0.0	2
1004	1171.0356812477112	0.4773121893268259	0.0006620129591873303	0
1005	1172.0447671413422	0.4773121893268259	0.0	1
1006	1173.0582256317139	0.4773121893268259	0.0	2
1007	1174.068316936493	0.47789322146091945	0.0005810321340935509	0
1008	1175.1005284786224	0.47789322146091945	0.0	1
1009	1176.1178693771362	0.47789322146091945	0.0	2
1010	1177.1466200351715	0.4783973253351436	0.000504103874224171	0
1011	1178.151006937027	0.4783973253351436	0.0	1
1012	1179.1787905693054	0.4783973253351436	0.0	2
1013	1180.2058532238007	0.4783973253351436	0.0	3
1014	1181.2020258903503	0.4783973253351436	0.0	4
1015	1182.237384557724	0.4783973253351436	0.0	5
1016	1183.2245376110077	0.4783973253351436	0.0	6
1017	1184.2578353881836	0.4783973253351436	0.0	7
1018	1185.279644727707	0.4783973253351436	0.0	8
1019	1187.15052652359	0.4785572078431726	0.00015988250802900783	0
1020	1189.1132769584656	0.4785572078431726	0.0	1
1021	1191.051506280899	0.4785572078431726	0.0	2
1022	1193.0297183990479	0.4785572078431726	0.0	3
1023	1194.6538140773773	0.47864520136808963	8.799352491700718e-05	0
1024	1195.6783759593964	0.4790532770663431	0.0004080756982534628	0
1025	1196.7255673408508	0.4790532770663431	0.0	1
1026	1197.7402708530426	0.4790532770663431	0.0	2
1027	1198.781653881073	0.4790532770663431	0.0	3
1028	1199.7827138900757	0.4790532770663431	0.0	4
1029	1200.7972812652588	0.4790532770663431	0.0	5
1030	1201.8314001560211	0.4790532770663431	0.0	6
1031	1202.8282399177551	0.4790532770663431	0.0	7
1032	1203.8390934467316	0.4790532770663431	0.0	8
1033	1204.840663909912	0.47919730171045033	0.00014402464410723237	0
1034	1205.85160946846	0.47971194225425806	0.0005146405438077317	0
1035	1206.8538711071014	0.47971194225425806	0.0	1
1036	1207.8781569004059	0.47971194225425806	0.0	2
1037	1208.8866484165192	0.47971194225425806	0.0	3
1038	1209.8917319774628	0.47971194225425806	0.0	4
1039	1210.8970556259155	0.48020529802071305	0.0004933557664549837	0
1040	1211.8992915153503	0.48020529802071305	0.0	1
1041	1212.9158391952515	0.48020801147742853	2.7134567154862843e-06	0
1042	1213.9163467884064	0.48029596976264793	8.795828521940274e-05	0
1043	1214.937867641449	0.48029596976264793	0.0	1
1044	1215.963972568512	0.48035203612153576	5.6066358887829626e-05	0
1045	1217.2143561840057	0.4803733913782838	2.135525674801242e-05	0
1046	1219.1553354263306	0.4803733913782838	0.0	1
1047	1221.0784120559692	0.4803733913782838	0.0	2
1048	1223.045124053955	0.4805014524393764	0.0001280610610926436	0
1049	1225.0901827812195	0.4805014524393764	0.0	1
1050	1226.088842868805	0.48150677053262125	0.0010053180932448336	0
1051	1227.1017169952393	0.48150677053262125	0.0	1
1052	1228.1034336090088	0.48150677053262125	0.0	2
1053	1229.1150410175323	0.48176807289035434	0.0002613023577330842	0
1054	1230.1208798885345	0.48176807289035434	0.0	1
1055	1231.1006920337677	0.48176807289035434	0.0	2
1056	1232.1264698505402	0.48176807289035434	0.0	3
1057	1233.0991568565369	0.4818080699471348	3.999705678048304e-05	0
1058	1234.108870267868	0.4818080699471348	0.0	1
1059	1235.129808664322	0.4826615049437067	0.0008534349965718668	0
1060	1236.1017529964447	0.4829201643241195	0.0002586593804128068	0
1061	1237.1421613693237	0.4829201643241195	0.0	1
1062	1238.139882326126	0.4829201643241195	0.0	2
1063	1239.1743021011353	0.4829201643241195	0.0	3
1064	1240.2045109272003	0.4829228073014398	2.6429773203329177e-06	0
1065	1241.2289831638336	0.4829228073014398	0.0	1
1066	1242.251226425171	0.4829228073014398	0.0	2
1067	1243.2562906742096	0.4834775858608184	0.000554778559378577	0
1068	1244.2961313724518	0.4834775858608184	0.0	1
1069	1245.2907576560974	0.48362161050492564	0.00014402464410723237	0
1070	1246.314703464508	0.48374685239021004	0.0001252418852843995	0
1071	1247.3198850154877	0.48374685239021004	0.0	1
1072	1249.1885125637054	0.48374685239021004	0.0	2
1073	1251.1067831516266	0.48374685239021004	0.0	3
1074	1253.028979063034	0.48374685239021004	0.0	4
1075	1254.9736816883087	0.48374685239021004	0.0	5
1076	1256.6141691207886	0.48374685239021004	0.0	6
1077	1257.6102442741394	0.48389369621012557	0.00014684381991553197	0
1078	1258.6404402256012	0.48389369621012557	0.0	1
1079	1259.6379539966583	0.48389369621012557	0.0	2
1080	1260.6828980445862	0.48389369621012557	0.0	3
1081	1261.6777429580688	0.48389369621012557	0.0	4
1082	1262.698292016983	0.48389369621012557	0.0	5
1083	1263.7056021690369	0.48389369621012557	0.0	6
1084	1264.7184410095215	0.48389369621012557	0.0	7
1085	1265.7249405384064	0.48389369621012557	0.0	8
1086	1266.7211256027222	0.48389369621012557	0.0	9
1087	1267.7296214103699	0.48504300370778003	0.0011493074976544615	0
1088	1268.7367541790009	0.48504300370778003	0.0	1
1089	1269.7475094795227	0.48504300370778003	0.0	2
1090	1270.7653665542603	0.48504300370778003	0.0	3
1091	1271.7655801773071	0.48504300370778003	0.0	4
1092	1272.7792222499847	0.48504300370778003	0.0	5
1093	1273.7743816375732	0.48504300370778003	0.0	6
1094	1274.7778866291046	0.48504300370778003	0.0	7
1095	1275.8042364120483	0.48504300370778003	0.0	8
1096	1276.804571390152	0.485048430621211	5.426913430972569e-06	0
1097	1277.826720237732	0.4850644294439232	1.5998822712193217e-05	0
1098	1278.9830956459045	0.4850644294439232	0.0	1
1099	1280.933807849884	0.48517370774619295	0.00010927830226975521	0
1100	1282.901510477066	0.48517370774619295	0.0	1
1101	1284.8364272117615	0.48517899370083356	5.285954640610324e-06	0
1102	1286.8081181049347	0.48517899370083356	0.0	1
1103	1287.7849304676056	0.48517899370083356	0.0	2
1104	1288.808140039444	0.48517899370083356	0.0	3
1105	1289.7937273979187	0.4852556752828197	7.668158198614883e-05	0
1106	1290.794991493225	0.4852556752828197	0.0	1
1107	1291.8010594844818	0.4852556752828197	0.0	2
1108	1292.8206555843353	0.4852556752828197	0.0	3
1109	1293.8440849781036	0.48555965291435116	0.0003039776315314491	0
1110	1294.821613073349	0.48557565173706335	1.5998822712193217e-05	0
1111	1295.8309755325317	0.48557565173706335	0.0	1
1112	1296.8362596035004	0.48557565173706335	0.0	2
1113	1297.8224368095398	0.48557565173706335	0.0	3
1114	1298.8534524440765	0.48557565173706335	0.0	4
1115	1299.8531737327576	0.48557565173706335	0.0	5
1116	1300.8964359760284	0.48557565173706335	0.0	6
1117	1301.8803102970123	0.4858157045571413	0.0002400528200779406	0
1118	1302.908671617508	0.4858157045571413	0.0	1
1119	1303.9271626472473	0.4858157045571413	0.0	2
1120	1304.9230933189392	0.48594101692182085	0.00012531236467955287	0
1121	1305.9349076747894	0.48594101692182085	0.0	1
1122	1306.922889471054	0.48594101692182085	0.0	2
1123	1307.9312374591827	0.4859809787389037	3.9961817082878603e-05	0
1124	1308.930413722992	0.4859809787389037	0.0	1
1125	1310.7862477302551	0.4859809787389037	0.0	2
1126	1312.7203314304352	0.4860956839546045	0.00011470521570078329	0
1127	1314.650733947754	0.4860956839546045	0.0	1
1128	1316.6055977344513	0.4860956839546045	0.0	2
1129	1318.234875202179	0.4860956839546045	0.0	3
1130	1319.2313661575317	0.48620767571358975	0.0001119917589852415	0
1131	1320.2322824001312	0.4865250796699083	0.00031740395631857377	0
1132	1321.2322750091553	0.4865250796699083	0.0	1
1133	1322.233803987503	0.4865250796699083	0.0	2
1134	1323.2142415046692	0.4865250796699083	0.0	3
1135	1324.2158298492432	0.4865250796699083	0.0	4
1136	1325.2152299880981	0.4865250796699083	0.0	5
1137	1326.2058494091034	0.4865250796699083	0.0	6
1138	1327.2177293300629	0.4865250796699083	0.0	7
1139	1328.2081899642944	0.4865250796699083	0.0	8
1140	1329.2171630859375	0.4865250796699083	0.0	9
1141	1330.2030186653137	0.486791667982282	0.0002665883123736945	0
1142	1331.1989116668701	0.48679698917662023	5.321194338214763e-06	0
1143	1332.2035150527954	0.48679698917662023	0.0	1
1144	1333.2006487846375	0.48679698917662023	0.0	2
1145	1334.2168083190918	0.48679698917662023	0.0	3
1146	1335.1840016841888	0.48679698917662023	0.0	4
1147	1336.182894706726	0.48679698917662023	0.0	5
1148	1337.1887698173523	0.48679698917662023	0.0	6
1149	1338.1893365383148	0.48679698917662023	0.0	7
1150	1339.2039368152618	0.48679698917662023	0.0	8
1151	1340.3803489208221	0.48679698917662023	0.0	9
1152	1342.3300614356995	0.486839629210721	4.264003410076045e-05	0
1153	1344.2361314296722	0.486839629210721	0.0	1
1154	1346.1804251670837	0.48690683131405166	6.720210333066579e-05	0
1155	1348.1516830921173	0.48690683131405166	0.0	1
1156	1349.1249959468842	0.4879143695082455	0.0010075381941938577	0
1157	1350.1443586349487	0.4879143695082455	0.0	1
1158	1351.1330919265747	0.4879143695082455	0.0	2
1159	1352.149032831192	0.4879143695082455	0.0	3
1160	1353.162897825241	0.4881037828828666	0.00018941337462108354	0
1161	1354.1650366783142	0.4881037828828666	0.0	1
1162	1355.1703724861145	0.4881037828828666	0.0	2
1163	1356.150084733963	0.4881037828828666	0.0	3
1164	1357.1549978256226	0.4881172092076537	1.3426324787124688e-05	0
1165	1358.1521306037903	0.4881172092076537	0.0	1
1166	1359.1590657234192	0.4881172092076537	0.0	2
1167	1360.1871886253357	0.4881172092076537	0.0	3
1168	1361.1819472312927	0.4881172092076537	0.0	4
1169	1362.1793565750122	0.48846918330732175	0.00035197409966802873	0
1170	1363.169302225113	0.48846918330732175	0.0	1
1171	1364.1759831905365	0.48846918330732175	0.0	2
1172	1365.1844816207886	0.48846918330732175	0.0	3
1173	1366.1797857284546	0.48846918330732175	0.0	4
1174	1367.2069439888	0.4885944251926061	0.000125241885284344	0
1175	1368.1922307014465	0.48872255673309395	0.00012813154048785247	0
1176	1369.2052822113037	0.48872255673309395	0.0	1
1177	1370.2023768424988	0.48872255673309395	0.0	2
1178	1372.0924363136292	0.48872255673309395	0.0	3
1179	1374.0303962230682	0.4892026271335522	0.00048007040045827676	0
1180	1375.9654557704926	0.4892026271335522	0.0	1
1181	1377.8981308937073	0.4892451966882578	4.256955470555157e-05	0
1182	1379.5070326328278	0.489477214857282	0.00023201816902423955	0
1183	1380.5115416049957	0.489477214857282	0.0	1
1184	1381.5319693088531	0.489477214857282	0.0	2
1185	1382.535781621933	0.489477214857282	0.0	3
1186	1383.5475494861603	0.4914534218592126	0.0019762070019305744	0
1187	1384.547001361847	0.4914534218592126	0.0	1
1188	1385.5748550891876	0.4914534218592126	0.0	2
1189	1386.5698823928833	0.4914534218592126	0.0	3
1190	1387.5818400382996	0.4914534218592126	0.0	4
1191	1388.5632283687592	0.4914534218592126	0.0	5
1192	1389.5586030483246	0.49166401429209367	0.00021059243288107377	0
1193	1390.5783412456512	0.49166401429209367	0.0	1
1194	1391.577487707138	0.49166401429209367	0.0	2
1195	1392.5806396007538	0.49194927964419743	0.0002852653521037696	0
1196	1393.5823757648468	0.4919947388541065	4.545920990906005e-05	0
1197	1394.5752861499786	0.4919947388541065	0.0	1
1198	1395.5750653743744	0.4919947388541065	0.0	2
1199	1396.5642759799957	0.4919947388541065	0.0	3
1200	1397.579829454422	0.4919947388541065	0.0	4
1201	1398.5845215320587	0.4920000248087471	5.285954640610324e-06	0
1202	1399.598619222641	0.4920000248087471	0.0	1
1203	1400.612850189209	0.4920000248087471	0.0	2
1204	1401.7906110286713	0.4920000248087471	0.0	3
1205	1403.7420880794525	0.4920000248087471	0.0	4
1206	1405.7041442394257	0.4920000248087471	0.0	5
1207	1407.6288578510284	0.4921969089992602	0.00019688419051311357	0
1208	1409.582290649414	0.4921969089992602	0.0	1
1209	1410.5438077449799	0.4921969089992602	0.0	2
1210	1411.5373423099518	0.49313611741980007	0.0009392084205398499	0
1211	1412.5174221992493	0.49313611741980007	0.0	1
1212	1413.5136771202087	0.4931494380254944	1.3320605694311372e-05	0
1213	1414.5146489143372	0.4931494380254944	0.0	1
1214	1415.5108416080475	0.4931494380254944	0.0	2
1215	1416.5083317756653	0.4946962140724235	0.0015467760469290992	0
1216	1417.4911913871765	0.4946962140724235	0.0	1
1217	1418.48423910141	0.4946962140724235	0.0	2
1218	1419.4839301109314	0.4946962140724235	0.0	3
1219	1420.4772152900696	0.4946962140724235	0.0	4
1220	1421.4743428230286	0.4946962140724235	0.0	5
1221	1422.459297657013	0.4947708517519486	7.463767952514688e-05	0
1222	1423.4759964942932	0.49595754856876084	0.001186696816812216	0
1223	1424.4570899009705	0.49595754856876084	0.0	1
1224	1425.4734268188477	0.49595754856876084	0.0	2
1225	1426.4795506000519	0.49595754856876084	0.0	3
1226	1427.4792783260345	0.4960268650539477	6.931648518687661e-05	0
1227	1428.4724740982056	0.4960268650539477	0.0	1
1228	1429.4608807563782	0.4960268650539477	0.0	2
1229	1430.473560810089	0.4960268650539477	0.0	3
1230	1431.4655187129974	0.4960268650539477	0.0	4
1231	1433.3264453411102	0.4960268650539477	0.0	5
1232	1435.2700777053833	0.49602964899005847	2.7839361107506733e-06	0
1233	1437.188328742981	0.49602964899005847	0.0	1
1234	1439.126461982727	0.49602964899005847	0.0	2
1235	1440.7422633171082	0.49602964899005847	0.0	3
1236	1441.7314310073853	0.49602964899005847	0.0	4
1237	1442.7421011924744	0.49630980458600965	0.00028015559595118145	0
1238	1443.7193808555603	0.49630980458600965	0.0	1
1239	1444.7159097194672	0.49630980458600965	0.0	2
1240	1445.714215040207	0.49630980458600965	0.0	3
1241	1446.7178571224213	0.49630980458600965	0.0	4
1242	1447.7249600887299	0.49630980458600965	0.0	5
1243	1448.709533214569	0.49630980458600965	0.0	6
1244	1449.709231853485	0.49630980458600965	0.0	7
1245	1450.683138847351	0.49630980458600965	0.0	8
1246	1451.679280281067	0.497509927727609	0.0012001231415993407	0
1247	1452.6618201732635	0.497509927727609	0.0	1
1248	1453.6587972640991	0.497509927727609	0.0	2
1249	1454.6489343643188	0.497509927727609	0.0	3
1250	1455.6384620666504	0.497509927727609	0.0	4
1251	1456.6316072940826	0.497509927727609	0.0	5
1252	1457.6129055023193	0.49752317785390804	1.3250126299046983e-05	0
1253	1458.6473758220673	0.49752317785390804	0.0	1
1254	1459.6517357826233	0.4976565601093389	0.00013338225543085835	0
1255	1460.6569979190826	0.4976565601093389	0.0	1
1256	1461.6564121246338	0.49972340361350676	0.002066843504167859	0
1257	1462.8168153762817	0.49972340361350676	0.0	1
1258	1464.7675018310547	0.49972340361350676	0.0	2
1259	1466.721388578415	0.49983264667607896	0.00010924306257220628	0
1260	1468.6650664806366	0.4998379678704171	5.321194338159252e-06	0
1261	1470.6054103374481	0.4998379678704171	0.0	1
1262	1471.5836300849915	0.4998379678704171	0.0	2
1263	1472.5812883377075	0.4998379678704171	0.0	3
1264	1473.575232744217	0.4999926349032008	0.0001546670327836619	0
1265	1474.5828366279602	0.4999926349032008	0.0	1
1266	1475.574286699295	0.4999926349032008	0.0	2
1267	1476.5755274295807	0.49999802657693415	5.39167373336813e-06	0
1268	1477.5770101547241	0.49999802657693415	0.0	1
1269	1478.5748250484467	0.49999802657693415	0.0	2
1270	1479.5766336917877	0.49999802657693415	0.0	3
1271	1480.5454626083374	0.49999802657693415	0.0	4
1272	1481.5581662654877	0.5001020894039586	0.00010406282702446479	0
1273	1482.5534346103668	0.5001020894039586	0.0	1
1274	1483.5506677627563	0.5001020894039586	0.0	2
1275	1484.5428621768951	0.5003422831828269	0.00024019377886830284	0
1276	1485.5344071388245	0.5007450376867422	0.00040275450391524803	0
1277	1486.5255246162415	0.5007450376867422	0.0	1
1278	1487.545875787735	0.5007450376867422	0.0	2
1279	1488.545021057129	0.5007450376867422	0.0	3
1280	1489.56498336792	0.5007450376867422	0.0	4
1281	1490.5636940002441	0.5007450376867422	0.0	5
1282	1491.5759150981903	0.5007450376867422	0.0	6
1283	1492.5690925121307	0.5007450376867422	0.0	7
1284	1494.438039779663	0.5007450376867422	0.0	8
1285	1496.3708941936493	0.5008569942060299	0.00011195651928774808	0
1286	1498.2950801849365	0.5008569942060299	0.0	1
1287	1500.226001739502	0.5008569942060299	0.0	2
1288	1501.8569030761719	0.5008783847024755	2.1390496445561347e-05	0
1289	1502.8421320915222	0.5008783847024755	0.0	1
1290	1503.8490979671478	0.5013583141441433	0.000479929441667859	0
1291	1504.8408553600311	0.5013583141441433	0.0	1
1292	1505.8493218421936	0.5013583141441433	0.0	2
1293	1506.8315494060516	0.5013583141441433	0.0	3
1294	1507.8351247310638	0.5013583141441433	0.0	4
1295	1508.847267150879	0.5013583141441433	0.0	5
1296	1509.8337008953094	0.5013583141441433	0.0	6
1297	1510.8454101085663	0.5018971291205073	0.0005388149763639882	0
1298	1511.8128445148468	0.5038224499990979	0.0019253208785905418	0
1299	1512.797400712967	0.5039957235922163	0.00017327359311847257	0
1300	1513.7750689983368	0.5039957235922163	0.0	1
1301	1514.7683181762695	0.5039957235922163	0.0	2
1302	1515.7638268470764	0.506102352714979	0.0021066291227627154	0
1303	1516.7554874420166	0.506102352714979	0.0	1
1304	1517.7471306324005	0.506102352714979	0.0	2
1305	1518.7292761802673	0.506102352714979	0.0	3
1306	1519.7431313991547	0.506102352714979	0.0	4
1307	1520.7366292476654	0.506102352714979	0.0	5
1308	1521.7312684059143	0.506102352714979	0.0	6
1309	1522.7454957962036	0.506102352714979	0.0	7
1310	1523.9766323566437	0.506102352714979	0.0	8
1311	1525.944980621338	0.5071532004975281	0.001050847782549047	0
1312	1527.8900971412659	0.5071532004975281	0.0	1
1313	1529.8377287387848	0.5071532004975281	0.0	2
1314	1531.8183453083038	0.5071532004975281	0.0	3
1315	1532.7703166007996	0.5071585216918664	5.321194338270274e-06	0
1316	1533.7761466503143	0.5071585216918664	0.0	1
1317	1534.7557981014252	0.5071585216918664	0.0	2
1318	1535.771211862564	0.5072572633245526	9.874163268619451e-05	0
1319	1536.7633712291718	0.5072572633245526	0.0	1
1320	1537.770708322525	0.5072572633245526	0.0	2
1321	1538.7680349349976	0.5077288761975859	0.00047161287303332244	0
1322	1539.760086774826	0.5077288761975859	0.0	1
1323	1540.773601770401	0.5077288761975859	0.0	2
1324	1541.7912685871124	0.5077288761975859	0.0	3
1325	1542.7876465320587	0.5077288761975859	0.0	4
1326	1543.7954337596893	0.5077288761975859	0.0	5
1327	1544.793552160263	0.5083132561029517	0.0005843799053658616	0
1328	1545.7877826690674	0.5083132561029517	0.0	1
1329	1546.7740969657898	0.5083132561029517	0.0	2
1330	1547.7844777107239	0.5083132561029517	0.0	3
1331	1548.7910134792328	0.5088115806667689	0.0004983245638171541	0
1332	1549.7776718139648	0.5088115806667689	0.0	1
1333	1550.7805874347687	0.5088836106086714	7.202994190247392e-05	0
1334	1551.7560238838196	0.5088836106086714	0.0	1
1335	1552.7608988285065	0.5089503193562356	6.670874756420364e-05	0
1336	1553.7434298992157	0.5089503193562356	0.0	1
1337	1555.593186378479	0.5089503193562356	0.0	2
1338	1557.5485405921936	0.5089503193562356	0.0	3
1339	1559.468290090561	0.5089556053108761	5.285954640554813e-06	0
1340	1561.3870086669922	0.5089556053108761	0.0	1
1341	1562.9780118465424	0.5089556053108761	0.0	2
1342	1563.9647009372711	0.5089556053108761	0.0	3
1343	1564.970428943634	0.5089982805846746	4.26752737984204e-05	0
1344	1565.9473214149475	0.5089982805846746	0.0	1
1345	1566.9429862499237	0.5090995594755882	0.00010127889091360309	0
1346	1567.9216496944427	0.5090995594755882	0.0	1
1347	1568.9175260066986	0.5090995594755882	0.0	2
1348	1569.9340558052063	0.5090995594755882	0.0	3
1349	1570.9310534000397	0.5090995594755882	0.0	4
1350	1571.924641609192	0.5090995594755882	0.0	5
1351	1572.8916881084442	0.5090995594755882	0.0	6
1352	1573.8986356258392	0.5111478316591188	0.0020482721835306528	0
1353	1574.8673033714294	0.5111478316591188	0.0	1
1354	1575.873461008072	0.5111930794308422	4.5247771723433416e-05	0
1355	1576.8714182376862	0.5111930794308422	0.0	1
1356	1577.8621385097504	0.5113077494068454	0.00011466997600317885	0
1357	1578.8543910980225	0.5113930999544422	8.535054759672978e-05	0
1358	1579.855288028717	0.5113930999544422	0.0	1
1359	1580.8450202941895	0.5113930999544422	0.0	2
1360	1581.8700902462006	0.5113930999544422	0.0	3
1361	1582.8540377616882	0.5113930999544422	0.0	4
1362	1583.8422739505768	0.5113930999544422	0.0	5
1363	1585.049997329712	0.5113930999544422	0.0	6
1364	1586.9685688018799	0.5113930999544422	0.0	7
1365	1588.8694036006927	0.5113930999544422	0.0	8
1366	1590.7716388702393	0.5113930999544422	0.0	9
1367	1592.7281222343445	0.5113930999544422	0.0	10
1368	1593.7091135978699	0.5113930999544422	0.0	11
1369	1594.6980121135712	0.5125478343655275	0.0011547344110853786	0
1370	1595.6797122955322	0.5125478343655275	0.0	1
1371	1596.6861271858215	0.5125478343655275	0.0	2
1372	1597.6847732067108	0.5125478343655275	0.0	3
1373	1598.6624240875244	0.5125478343655275	0.0	4
1374	1599.6610927581787	0.5125478343655275	0.0	5
1375	1600.6350257396698	0.5126944315075599	0.0001465971420323564	0
1376	1601.644721031189	0.5134225541394523	0.0007281226318923695	0
1377	1602.6329820156097	0.5140304741628176	0.0006079200233652937	0
1378	1603.6278448104858	0.5140304741628176	0.0	1
1379	1604.6233744621277	0.5140304741628176	0.0	2
1380	1605.6238181591034	0.5141025745841151	7.210042129757177e-05	0
1381	1606.6192243099213	0.5141025745841151	0.0	1
1382	1607.6090636253357	0.5152573089952006	0.0011547344110854896	0
1383	1608.6011991500854	0.5152573089952006	0.0	1
1384	1609.5946583747864	0.5152573089952006	0.0	2
1385	1610.5742990970612	0.5163399429849884	0.0010826339897878068	0
1386	1611.5756649971008	0.5163399429849884	0.0	1
1387	1612.5441310405731	0.5163399429849884	0.0	2
1388	1613.5440559387207	0.5163399429849884	0.0	3
1389	1614.5322713851929	0.5163399429849884	0.0	4
1390	1616.4550931453705	0.5169454314692191	0.0006054884842306985	0
1391	1618.3696501255035	0.5169454314692191	0.0	1
1392	1620.2918510437012	0.5169454314692191	0.0	2
1393	1622.2344930171967	0.5169827150692841	3.728360006494125e-05	0
1394	1623.8400473594666	0.5174946773960739	0.0005119623267898499	0
1395	1624.8231053352356	0.5175667778173715	7.210042129757177e-05	0
1396	1625.8389098644257	0.5175667778173715	0.0	1
1397	1626.817803144455	0.5175667778173715	0.0	2
1398	1627.80140542984	0.5178388635225715	0.000272085705199987	0
1399	1628.790729522705	0.5178388635225715	0.0	1
1400	1629.771716117859	0.5178388635225715	0.0	2
1401	1630.7683894634247	0.5184415680706914	0.0006027045481199478	0
1402	1631.75248336792	0.5184415680706914	0.0	1
1403	1632.7520320415497	0.5184415680706914	0.0	2
1404	1633.727225780487	0.5184415680706914	0.0	3
1405	1634.7154915332794	0.5184415680706914	0.0	4
1406	1635.6983132362366	0.5184415680706914	0.0	5
1407	1636.707436323166	0.5184415680706914	0.0	6
1408	1637.6979758739471	0.5184415680706914	0.0	7
1409	1638.67959856987	0.5184415680706914	0.0	8
1410	1639.6977775096893	0.5184415680706914	0.0	9
1411	1640.667394399643	0.5184415680706914	0.0	10
1412	1641.6719069480896	0.5184415680706914	0.0	11
1413	1642.6752333641052	0.5184415680706914	0.0	12
1414	1643.6511542797089	0.5184415680706914	0.0	13
1415	1644.6510348320007	0.5184415680706914	0.0	14
1416	1645.8321981430054	0.5184415680706914	0.0	15
1417	1647.773678302765	0.5184415680706914	0.0	16
1418	1649.6885306835175	0.5184415680706914	0.0	17
1419	1651.5986139774323	0.5184415680706914	0.0	18
1420	1653.54611992836	0.5184415680706914	0.0	19
1421	1654.5195748806	0.5184415680706914	0.0	20
1422	1655.5156788825989	0.5184415680706914	0.0	21
1423	1656.481763124466	0.5184415680706914	0.0	22
1424	1657.4771769046783	0.5184415680706914	0.0	23
1425	1658.4730784893036	0.5184415680706914	0.0	24
1426	1659.4519889354706	0.5192175462119298	0.0007759781412384203	0
1427	1660.4633357524872	0.5200948384837796	0.0008772922718497389	0
1428	1661.4230437278748	0.5201483323447423	5.34938609627611e-05	0
1429	1662.4112424850464	0.5201483323447423	0.0	1
1430	1663.3733975887299	0.5201483323447423	0.0	2
1431	1664.3693118095398	0.5207510368928623	0.0006027045481199478	0
1432	1665.3729739189148	0.5224578011669132	0.0017067642740509203	0
1433	1666.3351204395294	0.5224578011669132	0.0	1
1434	1667.3348736763	0.5224578011669132	0.0	2
1435	1668.3169887065887	0.5224578011669132	0.0	3
1436	1669.3188564777374	0.5224578011669132	0.0	4
1437	1670.3147287368774	0.5224578011669132	0.0	5
1438	1671.3056948184967	0.5224578011669132	0.0	6
1439	1672.3137335777283	0.5224578011669132	0.0	7
1440	1673.2733926773071	0.5224578011669132	0.0	8
1441	1674.2652945518494	0.5224578011669132	0.0	9
1442	1675.2590341567993	0.5224578011669132	0.0	10
1443	1677.1416335105896	0.5224578011669132	0.0	11
1444	1679.0658965110779	0.5224578011669132	0.0	12
1445	1680.9716238975525	0.5224578011669132	0.0	13
1446	1682.887081861496	0.5224578011669132	0.0	14
1447	1684.498564004898	0.5230605057150332	0.0006027045481199478	0
1448	1685.4822101593018	0.5230605057150332	0.0	1
1449	1686.4579725265503	0.5230605057150332	0.0	2
1450	1687.4431307315826	0.5230605057150332	0.0	3
1451	1688.4248797893524	0.5230605057150332	0.0	4
1452	1689.3847329616547	0.5230605057150332	0.0	5
1453	1690.3813235759735	0.5230605057150332	0.0	6
1454	1691.3578116893768	0.5230925033604575	3.1997645424386434e-05	0
1455	1692.3218839168549	0.5230925033604575	0.0	1
1456	1693.313723564148	0.5230925033604575	0.0	2
1457	1694.2643275260925	0.5230925033604575	0.0	3
1458	1695.253734111786	0.5230925033604575	0.0	4
1459	1696.2135663032532	0.5230925033604575	0.0	5
1460	1697.2009990215302	0.5230925033604575	0.0	6
1461	1698.168461561203	0.5230925033604575	0.0	7
1462	1699.1579728126526	0.5230925033604575	0.0	8
1463	1700.143295288086	0.5230925033604575	0.0	9
1464	1701.1213054656982	0.523159458785905	6.695542544743471e-05	0
1465	1702.0977699756622	0.5237650177495309	0.0006055589636259073	0
1466	1703.08961892128	0.5244953252426746	0.0007303074931437337	0
1467	1704.0717751979828	0.5244953252426746	0.0	1
1468	1705.0528018474579	0.5244953252426746	0.0	2
1469	1706.302972793579	0.5244953252426746	0.0	3
1470	1708.2270877361298	0.5244953252426746	0.0	4
1471	1710.1796112060547	0.5245006111973153	5.285954640665835e-06	0
1472	1712.1076736450195	0.5245006111973153	0.0	1
1473	1714.0367758274078	0.5245006111973153	0.0	2
1474	1714.9963274002075	0.5245006111973153	0.0	3
1475	1715.983938217163	0.5245006111973153	0.0	4
1476	1716.966420173645	0.5245006111973153	0.0	5
1477	1717.9437572956085	0.5245006111973153	0.0	6
1478	1718.94172000885	0.5245006111973153	0.0	7
1479	1719.9170088768005	0.5245006111973153	0.0	8
1480	1720.9157347679138	0.5245006111973153	0.0	9
1481	1721.87722158432	0.5245006111973153	0.0	10
1482	1722.8617067337036	0.5245006111973153	0.0	11
1483	1723.8435258865356	0.5245006111973153	0.0	12
1484	1724.814130783081	0.5245006111973153	0.0	13
1485	1725.800633430481	0.5245006111973153	0.0	14
1486	1726.77716588974	0.5245006111973153	0.0	15
1487	1727.758555173874	0.5245006111973153	0.0	16
1488	1728.7291324138641	0.5245006111973153	0.0	17
1489	1729.7101213932037	0.5245006111973153	0.0	18
1490	1730.6983046531677	0.5245006111973153	0.0	19
1491	1731.6667385101318	0.5245006111973153	0.0	20
1492	1732.649297952652	0.5245006111973153	0.0	21
1493	1733.6145193576813	0.5245006111973153	0.0	22
1494	1734.6049966812134	0.5245006111973153	0.0	23
1495	1735.578295469284	0.5245006111973153	0.0	24
1496	1737.4119329452515	0.5259084371165921	0.001407825919276795	0
1497	1739.3729162216187	0.5259084371165921	0.0	1
1498	1741.2983672618866	0.5259084371165921	0.0	2
1499	1743.2315530776978	0.5259084371165921	0.0	3
1500	1744.8391919136047	0.5259084371165921	0.0	4
1501	1745.8067436218262	0.5259084371165921	0.0	5
1502	1746.8049492835999	0.5259084371165921	0.0	6
1503	1747.7688174247742	0.5259084371165921	0.0	7
1504	1748.7645983695984	0.5259084371165921	0.0	8
1505	1749.7254300117493	0.5259084371165921	0.0	9
1506	1750.7309212684631	0.5261244917026018	0.00021605458600970628	0
1507	1751.7201552391052	0.5261244917026018	0.0	1
1508	1752.7067556381226	0.5261244917026018	0.0	2
1509	1753.7007234096527	0.5261244917026018	0.0	3
1510	1754.6801645755768	0.5261244917026018	0.0	4
1511	1755.6657593250275	0.5261244917026018	0.0	5
1512	1756.6283128261566	0.5261244917026018	0.0	6
1513	1757.6132910251617	0.5261244917026018	0.0	7
1514	1758.604177236557	0.5261244917026018	0.0	8
1515	1759.574844121933	0.5261244917026018	0.0	9
1516	1760.5568945407867	0.5261244917026018	0.0	10
1517	1761.5269894599915	0.5261244917026018	0.0	11
1518	1762.514149427414	0.5261244917026018	0.0	12
1519	1763.4982645511627	0.5266391322464095	0.0005146405438076762	0
1520	1764.4742975234985	0.5270631715276776	0.0004240392812681071	0
1521	1765.4676196575165	0.5270631715276776	0.0	1
1522	1766.6089720726013	0.5270631715276776	0.0	2
1523	1768.5423593521118	0.5270631715276776	0.0	3
1524	1770.4268805980682	0.5272792261136872	0.00021605458600959526	0
1525	1772.3683545589447	0.5272792261136872	0.0	1
1526	1774.3079538345337	0.5272792261136872	0.0	2
1527	1775.2732059955597	0.5272792261136872	0.0	3
1528	1776.2639536857605	0.5272792261136872	0.0	4
1529	1777.2376520633698	0.5272792261136872	0.0	5
1530	1778.220558643341	0.5272792261136872	0.0	6
1531	1779.2066156864166	0.5272792261136872	0.0	7
1532	1780.1952748298645	0.5272792261136872	0.0	8
1533	1781.1818962097168	0.5272792261136872	0.0	9
1534	1782.1578550338745	0.5272792261136872	0.0	10
1535	1783.1346507072449	0.5272792261136872	0.0	11
1536	1784.108232975006	0.5272792261136872	0.0	12
1537	1785.096566438675	0.5272792261136872	0.0	13
1538	1786.1030280590057	0.5277832947482137	0.0005040686345265666	0
1539	1787.0754318237305	0.5277832947482137	0.0	1
1540	1788.0633261203766	0.5277832947482137	0.0	2
1541	1789.029534816742	0.5277832947482137	0.0	3
1542	1790.0257658958435	0.5277832947482137	0.0	4
1543	1791.009073972702	0.5277832947482137	0.0	5
1544	1791.9835412502289	0.5284339605247727	0.000650665776558923	0
1545	1792.9800016880035	0.5284339605247727	0.0	1
1546	1793.949030160904	0.5284339605247727	0.0	2
1547	1794.9426250457764	0.5284339605247727	0.0	3
1548	1795.9149084091187	0.5284339605247727	0.0	4
1549	1797.7589192390442	0.5284339605247727	0.0	5
1550	1799.6981835365295	0.5284339605247727	0.0	6
1551	1801.6054866313934	0.5284339605247727	0.0	7
