1	9.25899338722229	0.07322999700446362	10000000000.07323	0
2	15.94236421585083	0.07322999700446362	0.0	1
3	22.613335847854614	0.10540429746293649	0.032174300458472874	0
4	29.420459985733032	0.10540429746293649	0.0	1
5	36.698182106018066	0.10540429746293649	0.0	2
6	43.98427224159241	0.10540429746293649	0.0	3
7	52.08740782737732	0.10635584510284185	0.0009515476399053618	0
8	60.32923436164856	0.12181635149841492	0.015460506395573073	0
9	68.55163502693176	0.12181635149841492	0.0	1
10	76.62466287612915	0.12181635149841492	0.0	2
11	84.42210698127747	0.12181635149841492	0.0	3
12	92.21451234817505	0.1244725382952429	0.0026561867968279695	0
13	100.40427756309509	0.12991978819294195	0.005447249897699055	0
14	108.42140436172485	0.12991978819294195	0.0	1
15	116.45853424072266	0.14051556113539942	0.010595772942457476	0
16	124.1486701965332	0.14051556113539942	0.0	1
17	132.0662486553192	0.14069383450117118	0.0001782733657717528	0
18	139.6796956062317	0.14574972080366214	0.005055886302490958	0
19	147.6304488182068	0.14574972080366214	0.0	1
20	155.40386033058167	0.14574972080366214	0.0	2
21	163.35995268821716	0.1478426093297289	0.0020928885260667607	0
22	171.1799976825714	0.1498210247850504	0.001978415455321514	0
23	179.08659768104553	0.15038674829380833	0.0005657235087579149	0
24	186.85849523544312	0.15406455741023387	0.00367780911642554	0
25	194.88329362869263	0.15406455741023387	0.0	1
26	202.6061635017395	0.1575808309776678	0.0035162735674339474	0
27	210.5285885334015	0.1575808309776678	0.0	1
28	218.48855066299438	0.1575808309776678	0.0	2
29	226.38753867149353	0.1575808309776678	0.0	3
30	234.48682737350464	0.1578719514023461	0.00029112042467829835	0
31	242.5633647441864	0.15959767359412627	0.0017257221917801602	0
32	250.35813522338867	0.1596672705754252	6.95969812989361e-05	0
33	258.3503484725952	0.1596672705754252	0.0	1
34	266.1167447566986	0.16004623238542293	0.0003789618099977188	0
35	274.0301082134247	0.1603855084827476	0.00033927609732467556	0
36	281.76293540000916	0.16100903349709325	0.0006235250143456494	0
37	289.60870933532715	0.16331142951464667	0.0023023960175534153	0
38	297.54449558258057	0.1667936486985438	0.0034822191838971284	0
39	305.45972418785095	0.1667936486985438	0.0	1
40	313.2966823577881	0.1667936486985438	0.0	2
41	321.28962898254395	0.1667936486985438	0.0	3
42	329.26202917099	0.17157717342480058	0.004783524726256788	0
43	336.9990451335907	0.17157717342480058	0.0	1
44	344.82365560531616	0.17205577209582895	0.0004785986710283685	0
45	352.4833929538727	0.1728583053965514	0.0008025333007224411	0
46	360.31096148490906	0.1728583053965514	0.0	1
47	368.104704618454	0.17546341521132788	0.0026051098147764906	0
48	375.91805601119995	0.17546341521132788	0.0	1
49	383.64413571357727	0.17546341521132788	0.0	2
50	391.52168917655945	0.1770433842741101	0.0015799690627822105	0
51	399.41988134384155	0.1770433842741101	0.0	1
52	407.0658612251282	0.1770433842741101	0.0	2
53	414.7326645851135	0.1770433842741101	0.0	3
54	422.5982804298401	0.1770433842741101	0.0	4
55	430.51557183265686	0.17753732441276904	0.0004939401386589437	0
56	438.4089698791504	0.177721587381472	0.00018426296870296954	0
57	446.20735216140747	0.17853608151504177	0.0008144941335697653	0
58	453.86859798431396	0.17853608151504177	0.0	1
59	461.71211981773376	0.1815040951245955	0.0029680136095537324	0
60	469.3802282810211	0.1815040951245955	0.0	1
61	477.12467098236084	0.1815040951245955	0.0	2
62	484.79842829704285	0.18322445239595875	0.0017203572713632431	0
63	492.65320587158203	0.18322445239595875	0.0	1
64	500.3151869773865	0.18376403110419176	0.0005395787082330128	0
65	508.2261996269226	0.18376403110419176	0.0	1
66	515.8845291137695	0.18391926470899495	0.00015523360480318438	0
67	523.4004571437836	0.18537484845937124	0.0014555837503762992	0
68	531.092369556427	0.18537484845937124	0.0	1
69	539.0198273658752	0.18621425640145245	0.0008394079420812051	0
70	546.8654577732086	0.18623733290845124	2.307650699878705e-05	0
71	554.4873566627502	0.18640665861585642	0.00016932570740518793	0
72	562.3039102554321	0.1880436942636213	0.0016370356477648784	0
73	569.9251174926758	0.1880436942636213	0.0	1
74	577.7160420417786	0.18847275928586882	0.00042906502224751564	0
75	585.5028247833252	0.18847275928586882	0.0	1
76	593.2918753623962	0.18894575418728363	0.00047299490141480827	0
77	600.959615945816	0.18949165321272013	0.0005458990254365026	0
78	608.7829692363739	0.18949165321272013	0.0	1
79	616.6275589466095	0.18949165321272013	0.0	2
80	624.2263314723969	0.18949165321272013	0.0	3
81	632.1162078380585	0.19056504150243642	0.0010733882897162872	0
82	639.9325244426727	0.19056504150243642	0.0	1
83	647.8680744171143	0.191083491243274	0.0005184497408375899	0
84	655.6793074607849	0.1934275572591342	0.00234406601586018	0
85	663.5030386447906	0.1934275572591342	0.0	1
86	671.2745132446289	0.1934275572591342	0.0	2
87	678.891881942749	0.1943398325792068	0.0009122753200726252	0
88	686.7525873184204	0.1943398325792068	0.0	1
89	694.4071981906891	0.1943398325792068	0.0	2
90	702.363312959671	0.1943398325792068	0.0	3
91	710.2342088222504	0.1943398325792068	0.0	4
92	718.0204474925995	0.19475500760201875	0.00041517502281193663	0
93	725.8001670837402	0.19475500760201875	0.0	1
94	733.6974368095398	0.19475500760201875	0.0	2
95	741.5233726501465	0.1955662497119111	0.0008112421098923628	0
96	749.3274877071381	0.1955662497119111	0.0	1
97	757.1209216117859	0.19704048207264072	0.0014742323607296048	0
98	765.0210709571838	0.19740663789109536	0.0003661558184546443	0
99	772.6148760318756	0.1992998852347983	0.0018932473437029418	0
100	780.3995509147644	0.20015022512087974	0.000850339886081436	0
101	787.9502155780792	0.20015022512087974	0.0	1
102	795.6753942966461	0.20089664723340608	0.0007464221125263459	0
103	803.379246711731	0.20161804529933022	0.0007213980659241392	0
104	811.074024438858	0.2032860027315529	0.001667957432222672	0
105	818.6601762771606	0.20378418703670606	0.0004981843051531654	0
106	826.3352789878845	0.20378418703670606	0.0	1
107	834.1160142421722	0.20378418703670606	0.0	2
108	841.7624180316925	0.20379140763165074	7.220594944679082e-06	0
109	849.3856608867645	0.2041718392828586	0.00038043165120785205	0
110	857.0151958465576	0.20433848253005532	0.0001666432471967294	0
111	864.5079584121704	0.20465822811230058	0.00031974558224526217	0
112	872.2477736473083	0.2050003520269698	0.000342123914669229	0
113	879.6377894878387	0.20565862041291955	0.000658268385949734	0
114	887.1904163360596	0.2059235776640578	0.0002649572511382592	0
115	894.6806013584137	0.2059235776640578	0.0	1
116	902.3768591880798	0.2067925294144623	0.0008689517504044952	0
117	910.0468552112579	0.20689393008494505	0.00010140067048275414	0
118	917.6551079750061	0.2080312380942862	0.0011373080093411425	0
119	925.2922766208649	0.2080312380942862	0.0	1
120	932.9687731266022	0.2080312380942862	0.0	2
121	940.5978593826294	0.2080312380942862	0.0	3
122	948.0513987541199	0.20912180515314568	0.0010905670588594873	0
123	955.6988122463226	0.20912180515314568	0.0	1
124	963.4395360946655	0.20912180515314568	0.0	2
125	971.0083107948303	0.20912180515314568	0.0	3
126	978.7226634025574	0.20930454316159317	0.00018273800844748056	0
127	986.4696469306946	0.20930454316159317	0.0	1
128	993.9749312400818	0.20957831945999209	0.00027377629839892004	0
129	1001.487598657608	0.20957831945999209	0.0	1
130	1008.983729839325	0.20983432905276378	0.00025600959277169433	0
131	1016.4780068397522	0.2103005810576272	0.00046625200486341556	0
132	1024.1248371601105	0.2103005810576272	0.0	1
133	1031.8392441272736	0.21218036098124246	0.0018797799236152657	0
134	1039.250280380249	0.21218036098124246	0.0	1
135	1046.8867137432098	0.21218036098124246	0.0	2
136	1054.3596918582916	0.2126945114365405	0.0005141504552980403	0
137	1062.0951557159424	0.2126945114365405	0.0	1
138	1069.5421040058136	0.2126945114365405	0.0	2
139	1076.9422869682312	0.21372053409326083	0.0010260226567203323	0
140	1084.5694806575775	0.21372053409326083	0.0	1
141	1092.2626190185547	0.21372053409326083	0.0	2
142	1099.737314939499	0.21372053409326083	0.0	3
143	1107.3138074874878	0.21421471308111642	0.0004941789878555869	0
144	1114.7995326519012	0.21421471308111642	0.0	1
145	1122.394257068634	0.21421471308111642	0.0	2
146	1129.9882938861847	0.21421471308111642	0.0	3
147	1137.6668555736542	0.2148899030139976	0.0006751899328811817	0
148	1145.3151109218597	0.2148899030139976	0.0	1
149	1152.9596440792084	0.21510655760836844	0.0002166545943708409	0
150	1160.5856702327728	0.21510655760836844	0.0	1
151	1168.1572546958923	0.21551282171884406	0.00040626411047561817	0
152	1175.8640098571777	0.21559965258833158	8.683086948751972e-05	0
153	1183.480369091034	0.21600350983382563	0.0004038572454940492	0
154	1190.9526226520538	0.2165630232634708	0.0005595134296451643	0
155	1198.602373123169	0.21694255463693746	0.00037953137346666277	0
156	1206.2662951946259	0.2182579522818991	0.0013153976449616356	0
157	1213.9090733528137	0.2182579522818991	0.0	1
158	1221.564246416092	0.2182579522818991	0.0	2
159	1229.159240245819	0.2182579522818991	0.0	3
160	1236.8038828372955	0.22021826113081353	0.0019603088489144327	0
161	1244.3914041519165	0.22021826113081353	0.0	1
162	1251.9977452754974	0.22021826113081353	0.0	2
163	1259.6139278411865	0.22030207882582029	8.38176950067604e-05	0
164	1267.0060925483704	0.22044762985165187	0.00014555102583158064	0
165	1274.5461857318878	0.22119840636876317	0.0007507765171113068	0
166	1281.8536641597748	0.22155210528296207	0.00035369891419889665	0
167	1289.3895599842072	0.22155210528296207	0.0	1
168	1296.7876040935516	0.2221541522426249	0.0006020469596628442	0
169	1304.315566778183	0.22255439000413907	0.000400237761514155	0
170	1311.739126443863	0.2234166723500527	0.0008622823459136231	0
171	1319.4191081523895	0.2234166723500527	0.0	1
172	1327.1146202087402	0.2234166723500527	0.0	2
173	1334.7828629016876	0.2237121288063008	0.00029545645624809436	0
174	1342.4594597816467	0.22380098070745222	8.885190115143216e-05	0
175	1350.105528831482	0.2241415429158357	0.0003405622083834936	0
176	1357.8137946128845	0.2245370220664321	0.0003954791505964006	0
177	1365.4990985393524	0.22555843309635573	0.001021411029923619	0
178	1372.988980770111	0.22555843309635573	0.0	1
179	1380.4355130195618	0.22556357754059114	5.144444235410939e-06	0
180	1387.9153997898102	0.22566113825091247	9.756071032132607e-05	0
181	1395.5439584255219	0.2257603525325952	9.921428168271906e-05	0
182	1402.9680316448212	0.2263283726682439	0.0005680201356487169	0
183	1410.6369502544403	0.22687932427284016	0.0005509516045962559	0
184	1418.0747916698456	0.22749843976355547	0.0006191154907153051	0
185	1425.66441488266	0.22750727718383126	8.837420275797925e-06	0
186	1432.9891550540924	0.22777497201422336	0.0002676948303921012	0
187	1440.5749731063843	0.22805718152656532	0.00028220951234195213	0
188	1447.8940877914429	0.22805718152656532	0.0	1
189	1455.3473358154297	0.22805718152656532	0.0	2
190	1462.923222541809	0.22840198790144303	0.00034480637487771526	0
191	1470.3988289833069	0.22939865047999133	0.0009966625785483019	0
192	1477.633962392807	0.22939865047999133	0.0	1
193	1484.9604713916779	0.22939865047999133	0.0	2
194	1492.4781613349915	0.22939865047999133	0.0	3
195	1499.9824171066284	0.22944500559715533	4.635511716399865e-05	0
196	1507.4608271121979	0.2298239306611228	0.0003789250639674724	0
197	1514.8828611373901	0.2300112619233519	0.00018733126222908458	0
198	1522.1425895690918	0.2300904312455317	7.916932217980066e-05	0
199	1529.376255273819	0.23067662229314043	0.0005861910476087362	0
200	1536.8329071998596	0.23068051737234724	3.895079206811536e-06	0
201	1544.338846206665	0.23096103656729755	0.00028051919495031274	0
202	1551.8560132980347	0.23105707231736342	9.603575006586484e-05	0
203	1559.103965997696	0.23145598722178845	0.0003989149044250351	0
204	1566.592169046402	0.23190842271927678	0.00045243549748832934	0
205	1573.806913614273	0.23190842271927678	0.0	1
206	1581.1469049453735	0.23190842271927678	0.0	2
207	1588.7183139324188	0.2321650018755174	0.00025657915624061056	0
208	1596.1646056175232	0.2329645220017591	0.0007995201262417095	0
209	1603.5781404972076	0.2329645220017591	0.0	1
210	1611.1019349098206	0.2332660782990292	0.0003015562972701058	0
211	1618.422280073166	0.2335091900351821	0.0002431117361529067	0
212	1625.950144290924	0.23369475748795907	0.0001855674527769524	0
213	1633.4486799240112	0.23417037973053695	0.0004756222425778833	0
214	1640.793926000595	0.23417037973053695	0.0	1
215	1648.304570198059	0.23417037973053695	0.0	2
216	1655.7523264884949	0.23496598640455674	0.0007956066740197887	0
217	1663.3270516395569	0.2353988362679203	0.00043284986336356024	0
218	1670.602233171463	0.2353988362679203	0.0	1
219	1678.149525642395	0.2353988362679203	0.0	2
220	1685.434534072876	0.23552474654058173	0.00012591027266142807	0
221	1692.679147720337	0.23619293635469973	0.0006681898141180087	0
222	1699.9532544612885	0.23619293635469973	0.0	1
223	1707.4701356887817	0.23619293635469973	0.0	2
224	1714.7229907512665	0.23643064642440548	0.00023771006970574327	0
225	1722.027595758438	0.2376476933193953	0.0012170468949898317	0
226	1729.3207640647888	0.2376476933193953	0.0	1
227	1736.8302500247955	0.2376476933193953	0.0	2
228	1744.0938074588776	0.2381436912357484	0.0004959979163531025	0
229	1751.5028297901154	0.2381436912357484	0.0	1
230	1758.7559859752655	0.2388913810863185	0.0007476898505700824	0
231	1766.1878600120544	0.23918209730466397	0.000290716218345477	0
232	1773.4261221885681	0.23918209730466397	0.0	1
233	1780.915798664093	0.23918209730466397	0.0	2
234	1788.2309885025024	0.23975517001947247	0.000573072714808498	0
235	1795.4606058597565	0.2401100080606092	0.0003548380411367291	0
236	1802.6763026714325	0.2401100080606092	0.0	1
237	1810.0871770381927	0.24043539415849827	0.0003253860978890688	0
238	1817.3215930461884	0.24043539415849827	0.0	1
239	1824.7837147712708	0.24102015211092714	0.0005847579524288771	0
240	1832.2529547214508	0.24109410349681104	7.395138588389694e-05	0
241	1839.7249691486359	0.24338856237182985	0.0022944588750188066	0
242	1847.15438580513	0.24338856237182985	0.0	1
243	1854.3372519016266	0.24393798901617061	0.0005494266443407669	0
244	1861.4549667835236	0.24393798901617061	0.0	1
245	1868.7296018600464	0.24393798901617061	0.0	2
246	1876.1708295345306	0.24427930451817428	0.00034131550200366956	0
247	1883.5947737693787	0.24558838184593243	0.0013090773277581458	0
248	1890.9713912010193	0.24733784197325595	0.001749460127323521	0
249	1898.4066243171692	0.24733784197325595	0.0	1
250	1905.8394467830658	0.24733784197325595	0.0	2
251	1913.0100824832916	0.24733784197325595	0.0	3
252	1920.3090028762817	0.24733784197325595	0.0	4
253	1927.4489607810974	0.24733784197325595	0.0	5
254	1934.5454943180084	0.24825698880098584	0.0009191468277298942	0
255	1941.6728336811066	0.24883425056324315	0.0005772617622573084	0
256	1948.760912179947	0.24883425056324315	0.0	1
257	1956.0788662433624	0.24883425056324315	0.0	2
258	1963.0833995342255	0.24883425056324315	0.0	3
259	1970.1360125541687	0.2491553006295624	0.00032105006631924504	0
260	1977.2460582256317	0.24934095994741495	0.00018565931785255452	0
261	1984.2534387111664	0.25131909062100205	0.0019781306735870974	0
262	1991.4789419174194	0.25131909062100205	0.0	1
263	1998.4861233234406	0.25131909062100205	0.0	2
264	2005.6797094345093	0.25131909062100205	0.0	3
265	2012.852011680603	0.25131909062100205	0.0	4
266	2020.1678416728973	0.25426479939019225	0.002945708769190203	0
267	2027.469439983368	0.25426479939019225	0.0	1
268	2034.49747133255	0.25426479939019225	0.0	2
269	2041.5415410995483	0.2550990261420078	0.0008342267518155477	0
270	2048.5656032562256	0.2550990261420078	0.0	1
271	2055.6000394821167	0.2568300397621444	0.0017310136201366122	0
272	2062.605390071869	0.2568300397621444	0.0	1
273	2069.571893930435	0.2568300397621444	0.0	2
274	2076.549216747284	0.2582773740287289	0.001447334266584499	0
275	2083.4657592773438	0.2582773740287289	0.0	1
276	2090.3739500045776	0.26137078346652054	0.0030934094377916277	0
277	2097.336774110794	0.26137078346652054	0.0	1
278	2104.555687904358	0.26137078346652054	0.0	2
279	2111.454773902893	0.26398800109826537	0.002617217631744828	0
280	2118.2812888622284	0.26398800109826537	0.0	1
281	2125.2745068073273	0.26398800109826537	0.0	2
282	2132.2009048461914	0.26618243727893587	0.0021944361806705004	0
283	2139.2887806892395	0.26618243727893587	0.0	1
284	2146.3917722702026	0.26618243727893587	0.0	2
285	2153.554754257202	0.26618243727893587	0.0	3
286	2160.423311471939	0.26618243727893587	0.0	4
287	2167.29244017601	0.26618243727893587	0.0	5
288	2174.206637620926	0.26618243727893587	0.0	6
289	2181.041176557541	0.26618243727893587	0.0	7
290	2187.937043428421	0.26656863805689346	0.00038620077795759045	0
291	2195.0398626327515	0.2670684391873777	0.0004998011304842565	0
292	2201.9286041259766	0.2670684391873777	0.0	1
293	2208.912316083908	0.2670684391873777	0.0	2
294	2215.8426876068115	0.2670684391873777	0.0	3
295	2222.7120621204376	0.2670684391873777	0.0	4
296	2229.5967168807983	0.2670684391873777	0.0	5
297	2236.375935316086	0.2672065675150982	0.000138128327720477	0
298	2243.497266769409	0.267290532194226	8.396467912780148e-05	0
299	2250.367472887039	0.26754562313624136	0.00025509094201536797	0
300	2257.262895345688	0.26784956792547787	0.0003039447892365099	0
301	2264.154681444168	0.2681908466814513	0.0003412787559734509	0
302	2271.2995100021362	0.2687336774133617	0.0005428307319103598	0
303	2278.157004594803	0.2687336774133617	0.0	1
304	2285.1243526935577	0.2694560308760724	0.000722353462710712	0
305	2291.91867685318	0.2694560308760724	0.0	1
306	2298.9584856033325	0.2694560308760724	0.0	2
307	2306.0120210647583	0.2694560308760724	0.0	3
308	2313.093169927597	0.27065815888277955	0.0012021280067071594	0
309	2320.1994531154633	0.27086586581878386	0.0002077069360043038	0
310	2327.0344727039337	0.27101900489986264	0.00015313908107877916	0
311	2334.0164988040924	0.27113773132360963	0.00011872642374699538	0
312	2340.8827917575836	0.2720423818424048	0.0009046505187951803	0
313	2347.7243423461914	0.27214218406057156	9.980221816674462e-05	0
314	2354.4967637062073	0.27214218406057156	0.0	1
315	2361.649598836899	0.27214218406057156	0.0	2
316	2368.603045940399	0.27214218406057156	0.0	3
317	2375.55526804924	0.27339178793836544	0.0012496038777938812	0
318	2382.4010701179504	0.2735791743196399	0.00018738638127446805	0
319	2389.2112929821014	0.2740373421978477	0.0004581678782077936	0
320	2396.087319135666	0.2742405109991157	0.00020316880126802772	0
321	2402.9411146640778	0.2742405109991157	0.0	1
322	2409.9810950756073	0.2743199559165224	7.944491740669024e-05	0
323	2417.0234863758087	0.2743199559165224	0.0	1
324	2423.945601463318	0.2751928762381942	0.0008729203216717996	0
325	2430.8413162231445	0.27525126568026603	5.838944207181562e-05	0
326	2437.8103272914886	0.27563452677580336	0.0003832610955373239	0
327	2444.645363330841	0.27563452677580336	0.0	1
328	2451.5794439315796	0.27574838435054183	0.00011385757473847402	0
329	2458.6056747436523	0.27674576347668006	0.0009973791261382314	0
330	2465.67848944664	0.27706256937650514	0.0003168058998250789	0
331	2472.666355609894	0.2770862521930031	2.3682816497949677e-05	0
332	2479.6775743961334	0.2770862521930031	0.0	1
333	2486.633455991745	0.27711193766814984	2.568547514675279e-05	0
334	2493.604954957962	0.27731472063610024	0.00020278296795039896	0
335	2500.5796160697937	0.27810492564367284	0.0007902050075725975	0
336	2507.4353528022766	0.2785399802688516	0.0004350546251787324	0
337	2514.4457733631134	0.2785399802688516	0.0	1
338	2521.4048013687134	0.2787604380773536	0.00022045780850205032	0
339	2528.2918677330017	0.27932605134802074	0.0005656132706671202	0
340	2535.2746345996857	0.2797035984358538	0.00037754708783305224	0
341	2542.2957088947296	0.28040548435971363	0.0007018859238598352	0
342	2549.42507147789	0.2809661185432815	0.0005606341835678874	0
343	2556.3322439193726	0.2809661185432815	0.0	1
344	2563.1881465911865	0.2822116068656871	0.0012454883224055635	0
345	2570.0614597797394	0.2822116068656871	0.0	1
346	2576.9615375995636	0.28225906436375864	4.745749807155697e-05	0
347	2583.883329153061	0.28240114288973134	0.00014207852597269977	0
348	2590.752893447876	0.2825432030426889	0.00014206015295753494	0
349	2597.6796972751617	0.2825432030426889	0.0	1
350	2604.7339720726013	0.2826471391892591	0.0001039361465702271	0
351	2611.5811264514923	0.2832795934889562	0.000632454299697105	0
352	2618.6006875038147	0.2832795934889562	0.0	1
353	2625.354024887085	0.2834095274519303	0.00012993396297411586	0
354	2632.1380577087402	0.2834095274519303	0.0	1
355	2638.9178717136383	0.2844868659398988	0.0010773384879684822	0
356	2645.8788142204285	0.2844868659398988	0.0	1
357	2652.632395505905	0.28457610367436786	8.923773446906091e-05	0
358	2659.4197115898132	0.2854359791552999	0.0008598754809320264	0
359	2666.298689365387	0.2863969797114878	0.0009610005561879187	0
360	2673.119179725647	0.28675003557015727	0.0003530558586694599	0
361	2680.0594396591187	0.28675003557015727	0.0	1
362	2686.7612714767456	0.28729843332565097	0.0005483977554937014	0
363	2693.5123975276947	0.287868970564372	0.000570537238721025	0
364	2700.2186176776886	0.287868970564372	0.0	1
365	2707.126871109009	0.28826830804814496	0.00039933748377296574	0
366	2713.860721349716	0.28885365393705786	0.0005853458889129026	0
367	2720.5627398490906	0.28885365393705786	0.0	1
368	2727.2419064044952	0.2907628674309057	0.0019092134938478167	0
369	2733.9188027381897	0.2907628674309057	0.0	1
370	2740.602468252182	0.2907628674309057	0.0	2
371	2747.2971165180206	0.2907628674309057	0.0	3
372	2753.9873988628387	0.2912363216576987	0.0004734542267930131	0
373	2760.570919752121	0.2922768957423992	0.0010405740847004852	0
374	2767.4237027168274	0.2922768957423992	0.0	1
375	2774.1125173568726	0.2922768957423992	0.0	2
376	2780.958326816559	0.29233234550205073	5.544975965154908e-05	0
377	2787.6033391952515	0.2926029432688328	0.0002705977667820658	0
378	2794.5041658878326	0.2926029432688328	0.0	1
379	2801.155336380005	0.2926029432688328	0.0	2
380	2808.0940985679626	0.2926502721557985	4.7328886965680717e-05	0
381	2814.754739046097	0.2938935373433737	0.0012432651875752265	0
382	2821.4460849761963	0.2938935373433737	0.0	1
383	2828.127299785614	0.2938935373433737	0.0	2
384	2834.8756573200226	0.294351631729521	0.0004580943861473008	0
385	2841.540463447571	0.294351631729521	0.0	1
386	2848.215727329254	0.29490620281809715	0.0005545710885761501	0
387	2855.1304285526276	0.29514778959399457	0.00024158677589741773	0
388	2861.8561220169067	0.29514778959399457	0.0	1
389	2868.579283952713	0.29545077898644456	0.0003029893924499927	0
390	2875.29007768631	0.29545077898644456	0.0	1
391	2882.1946380138397	0.29545077898644456	0.0	2
392	2888.8190484046936	0.29625266923163757	0.0008018902451930043	0
393	2895.691572189331	0.2962645749454395	1.190571380194072e-05	0
394	2902.5280838012695	0.29675395857634707	0.0004893836309075583	0
395	2909.322662115097	0.29707295086497215	0.0003189922886250862	0
396	2916.0036087036133	0.29707295086497215	0.0	1
397	2922.9048793315887	0.29707295086497215	0.0	2
398	2929.713711500168	0.2972027929628706	0.00012984209789845824	0
399	2936.6755859851837	0.29764949607963953	0.0004467031167689206	0
400	2943.601291179657	0.2979580524956728	0.00030855641603327877	0
401	2950.4769673347473	0.2981460268134313	0.00018797431775846585	0
402	2957.343804359436	0.29822400188962783	7.797507619655697e-05	0
403	2964.1816885471344	0.29822400188962783	0.0	1
404	2971.0430269241333	0.30079826341200705	0.0025742615223792176	0
405	2977.9027931690216	0.30079826341200705	0.0	1
406	2984.594992876053	0.30087842487700367	8.01614649966198e-05	0
407	2991.2635505199432	0.3013990426336262	0.0005206177566225434	0
408	2997.947643518448	0.30273926222202363	0.0013402195883974177	0
409	3004.6371262073517	0.30273926222202363	0.0	1
410	3011.3441305160522	0.30273926222202363	0.0	2
411	3018.007898569107	0.30273926222202363	0.0	3
412	3024.6867797374725	0.3031830991484328	0.00044383692640914685	0
413	3031.4082686901093	0.3039752333225937	0.0007921341741609078	0
414	3038.13657951355	0.3039752333225937	0.0	1
415	3044.840927839279	0.3039752333225937	0.0	2
416	3051.535556077957	0.30420746823379174	0.00023223491119805928	0
417	3058.1876266002655	0.30432452271316224	0.00011705447937049307	0
418	3064.7989230155945	0.30432452271316224	0.0	1
419	3071.4559559822083	0.30509277196765877	0.0007682492544965336	0
420	3078.1758925914764	0.30509277196765877	0.0	1
421	3084.89413690567	0.30509277196765877	0.0	2
422	3091.4530844688416	0.30509277196765877	0.0	3
423	3097.997533798218	0.30509277196765877	0.0	4
424	3104.649856567383	0.3053696533056141	0.000276881337955337	0
425	3111.4811668395996	0.30593096729074165	0.0005613139851275428	0
426	3118.0828976631165	0.30593096729074165	0.0	1
427	3124.986018896103	0.3060840696257902	0.00015310233504856052	0
428	3131.5773556232452	0.3063973111606807	0.0003132415348904849	0
429	3138.42933511734	0.3063973111606807	0.0	1
430	3145.2609856128693	0.3066146271835961	0.00021731602291541474	0
431	3152.124794483185	0.30681805320707595	0.00020342602347983574	0
432	3158.6980278491974	0.3073363192177623	0.0005182660106863302	0
433	3165.277569770813	0.3073759865574202	3.96673396579339e-05	0
434	3172.021835565567	0.3090271694268325	0.0016511828694122932	0
435	3178.618156671524	0.3090271694268325	0.0	1
436	3185.2204484939575	0.3090271694268325	0.0	2
437	3191.8726575374603	0.3090271694268325	0.0	3
438	3198.6575565338135	0.31009012184395696	0.001062952417124452	0
439	3205.4123451709747	0.31009012184395696	0.0	1
440	3212.19269490242	0.3104397603218129	0.00034963847785596247	0
441	3218.7862837314606	0.3114967231360062	0.001056962814193263	0
442	3225.5336163043976	0.3114967231360062	0.0	1
443	3232.0479130744934	0.3119777286720161	0.00048100553600993745	0
444	3238.6813535690308	0.31198555557645996	7.826904443841709e-06	0
445	3245.228991985321	0.3129206318083045	0.0009350762318445227	0
446	3251.922950029373	0.31353359233895245	0.0006129605306479657	0
447	3258.416738510132	0.31353359233895245	0.0	1
448	3264.886724472046	0.31473768625827814	0.0012040939193256883	0
449	3271.2559401988983	0.31473768625827814	0.0	1
450	3277.699021100998	0.31473768625827814	0.0	2
451	3284.1106662750244	0.31473768625827814	0.0	3
452	3290.5947308540344	0.3149727506138057	0.0002350643555275589	0
453	3297.025885820389	0.31590966414716287	0.0009369135333571754	0
454	3303.4663422107697	0.31590966414716287	0.0	1
455	3309.9328157901764	0.31590966414716287	0.0	2
456	3316.3911900520325	0.31600461588933626	9.495174217338809e-05	0
457	3322.8285932540894	0.3163472358754139	0.00034261998607765243	0
458	3329.2461698055267	0.3168556906960227	0.0005084548206087947	0
459	3335.760491371155	0.3168556906960227	0.0	1
460	3342.2089240550995	0.3170107221976595	0.00015503150163681534	0
461	3348.7225670814514	0.31707712227432644	6.640007666691705e-05	0
462	3355.1703939437866	0.3171223566375677	4.52343632412755e-05	0
463	3361.8317732810974	0.3189017464065322	0.0017793897689644678	0
464	3368.300684452057	0.3189017464065322	0.0	1
465	3374.816176891327	0.31917432845894794	0.0002725820524157596	0
466	3381.3045830726624	0.31918101623645395	6.68777750600924e-06	0
467	3387.837081670761	0.3197268050237997	0.0005457887873457357	0
468	3394.2405858039856	0.3197268050237997	0.0	1
469	3400.74533700943	0.3197268050237997	0.0	2
470	3407.324850797653	0.3202721161127521	0.0005453110889523938	0
471	3413.7246799468994	0.321147810759708	0.0008756946469559157	0
472	3420.1633954048157	0.321147810759708	0.0	1
473	3426.5610847473145	0.32123794877191825	9.01380122102502e-05	0
474	3433.0804381370544	0.32156818534580073	0.00033023657388248084	0
475	3439.5796842575073	0.32156818534580073	0.0	1
476	3446.2159864902496	0.32156818534580073	0.0	2
477	3452.711893081665	0.3219901032651641	0.0004219179193633571	0
478	3459.1765897274017	0.3224198848350015	0.00042978156983741744	0
479	3465.6307718753815	0.3224198848350015	0.0	1
480	3472.031576156616	0.3224198848350015	0.0	2
481	3478.7057247161865	0.3231154504416579	0.0006955656066564009	0
482	3485.170110464096	0.3236298213731374	0.0005143709314794909	0
483	3491.6648893356323	0.32381502136561185	0.00018519999247446073	0
484	3498.159641981125	0.3254600309019416	0.0016450095363297335	0
485	3504.663585662842	0.3254600309019416	0.0	1
486	3511.0704984664917	0.3256080071657699	0.00014797626382828666	0
487	3517.550958633423	0.3267471341036085	0.0011391269378386304	0
488	3524.122030735016	0.3267471341036085	0.0	1
489	3530.5257256031036	0.3267471341036085	0.0	2
490	3536.9887340068817	0.32693644965147123	0.00018931554786272287	0
491	3543.4862360954285	0.3278157086633617	0.0008792590118904542	0
492	3549.8834249973297	0.3278157086633617	0.0	1
493	3556.487529039383	0.3278157086633617	0.0	2
494	3562.8885328769684	0.3278157086633617	0.0	3
495	3569.3401584625244	0.3278157086633617	0.0	4
496	3575.948608160019	0.3283260375315134	0.0005103288681517215	0
497	3582.3610837459564	0.3283260375315134	0.0	1
498	3588.7660512924194	0.3283260375315134	0.0	2
499	3595.305492401123	0.32871631711882904	0.00039027958731563395	0
500	3601.739994287491	0.32916112781503987	0.0004448106962108289	0
