1	27.48874592781067	0.002815788900546755	10000000000.002815	0
2	47.45186448097229	0.004067844702116727	0.001252055801569972	0
3	67.97903895378113	0.004471576213367471	0.00040373151125074405	0
4	87.89542627334595	0.004650958722563079	0.00017938250919560805	0
5	107.83436512947083	0.006561443854209715	0.0019104851316466363	0
6	127.83050107955933	0.014100403920271724	0.007538960066062009	0
7	147.5186743736267	0.0157427125460011	0.0016423086257293766	0
8	167.1187162399292	0.020112264713280294	0.004369552167279193	0
9	186.63930773735046	0.020112264713280294	0.0	1
10	205.9109809398651	0.020112264713280294	0.0	2
11	225.16201972961426	0.02289380256609891	0.002781537852818615	0
12	244.51767539978027	0.02289380256609891	0.0	1
13	263.7310428619385	0.027139614824562373	0.004245812258463464	0
14	283.11548829078674	0.02956766910863025	0.002428054284067876	0
15	302.363609790802	0.03281843079048097	0.0032507616818507196	0
16	321.74086475372314	0.03281843079048097	0.0	1
17	340.9914903640747	0.034861906175278956	0.002043475384797988	0
18	360.27708864212036	0.0351122471284673	0.00025034095318834243	0
19	379.60324263572693	0.03519340632548977	8.115919702247204e-05	0
20	398.99755001068115	0.044327676481567574	0.009134270156077803	0
21	418.55250668525696	0.04849049178591283	0.004162815304345258	0
22	438.24745774269104	0.04849049178591283	0.0	1
23	457.99861192703247	0.04849049178591283	0.0	2
24	477.82229566574097	0.050419713932184036	0.0019292221462712048	0
25	497.68474674224854	0.05120284348924509	0.0007831295570610505	0
26	517.5109333992004	0.052668705813112525	0.0014658623238674381	0
27	537.4444932937622	0.05471199862334937	0.002043292810236845	0
28	557.2510054111481	0.05610051659760351	0.0013885179742541415	0
29	577.1179306507111	0.05779179124017249	0.0016912746425689767	0
30	597.0000116825104	0.05779179124017249	0.0	1
31	616.7348062992096	0.062278277609271064	0.004486486369098576	0
32	636.4955894947052	0.06825031072268468	0.00597203311341362	0
33	656.251193523407	0.07061026950003935	0.002359958777354662	0
34	675.9439744949341	0.07088688917854823	0.0002766196785088798	0
35	695.5863606929779	0.07088688917854823	0.0	1
36	715.1166143417358	0.07392708233397784	0.00304019315542961	0
37	734.670182466507	0.07440964611745778	0.000482563783479939	0
38	754.229823589325	0.07604713813798854	0.001637492020530762	0
39	773.7619161605835	0.0793811466128306	0.003334008474842068	0
40	793.4332439899445	0.07941028166911432	2.913505628371338e-05	0
41	812.9439463615417	0.08064793059614475	0.0012376489270304325	0
42	832.4403274059296	0.08766519346292359	0.0070172628667788395	0
43	851.8214426040649	0.08868061551688511	0.0010154220539615177	0
44	871.2688422203064	0.08868061551688511	0.0	1
45	890.7030062675476	0.08868061551688511	0.0	2
46	910.1054272651672	0.09193393084029498	0.003253315323409875	0
47	929.6831934452057	0.09201075629378713	7.68254534921492e-05	0
48	949.2035284042358	0.09503560357689317	0.003024847283106036	0
49	968.8195567131042	0.09553981685964989	0.0005042132827567242	0
50	988.3822548389435	0.09936165975727652	0.0038218428976266317	0
51	1008.0543732643127	0.10105936294623528	0.0016977031889587602	0
52	1027.6270205974579	0.10110506424164599	4.5701295410705e-05	0
53	1047.2963733673096	0.10126862222086924	0.00016355797922325277	0
54	1066.9223473072052	0.10534215856481481	0.004073536343945569	0
55	1086.6285994052887	0.10534215856481481	0.0	1
56	1106.387358903885	0.10762390816568759	0.0022817496008727817	0
57	1126.2194015979767	0.10939657262577733	0.0017726644600897373	0
58	1146.113088130951	0.10939657262577733	0.0	1
59	1166.0345895290375	0.10939657262577733	0.0	2
60	1185.8225564956665	0.11197373747576947	0.002577164849992139	0
61	1205.6665153503418	0.11197373747576947	0.0	1
62	1225.5493140220642	0.1131655842109212	0.0011918467351517276	0
63	1245.6751255989075	0.11457887467036643	0.0014132904594452295	0
64	1265.606820821762	0.11473455311589817	0.00015567844553174282	0
65	1285.5781779289246	0.11894367509446215	0.004209121978563976	0
66	1305.6156044006348	0.11894367509446215	0.0	1
67	1325.6304755210876	0.11894367509446215	0.0	2
68	1345.7157492637634	0.11894367509446215	0.0	3
69	1365.8757891654968	0.11904921279999113	0.00010553770552898523	0
70	1385.8951728343964	0.12101974003842444	0.0019705272384333145	0
71	1405.966739654541	0.12101974003842444	0.0	1
72	1426.1357161998749	0.12102525571200849	5.515673584047254e-06	0
73	1446.321469783783	0.12457512977784173	0.003549874065833236	0
74	1466.6500713825226	0.12457512977784173	0.0	1
75	1486.899104833603	0.12457512977784173	0.0	2
76	1506.9859306812286	0.12483078220938126	0.0002556524315395353	0
77	1527.3785202503204	0.1257172970139873	0.0008865148046060256	0
78	1547.5014026165009	0.1257172970139873	0.0	1
79	1567.7514007091522	0.12647984369157614	0.000762546677588849	0
80	1587.8066308498383	0.12680441321535402	0.00032456952377787895	0
81	1608.0853126049042	0.12819584277339904	0.0013914295580450264	0
82	1628.3121540546417	0.12819584277339904	0.0	1
83	1648.5717558860779	0.12872405980635257	0.0005282170329535263	0
84	1668.8942260742188	0.12892845683214763	0.0002043970257950556	0
85	1689.2842736244202	0.12896961298190457	4.115614975694348e-05	0
86	1709.528461933136	0.1289779345382178	8.321556313223288e-06	0
87	1729.8322930335999	0.12918319639088144	0.00020526185266364627	0
88	1750.6622903347015	0.13569818703076414	0.006514990639882701	0
89	1771.668336391449	0.13723991388938087	0.0015417268586167265	0
90	1792.8754603862762	0.13723991388938087	0.0	1
91	1814.6134901046753	0.14186747754371334	0.004627563654332478	0
92	1836.2843356132507	0.14186747754371334	0.0	1
93	1858.1464998722076	0.14307306541688805	0.0012055878731747072	0
94	1879.9776656627655	0.1477463880217558	0.004673322604867747	0
95	1901.8947460651398	0.15373313280112272	0.00598674477936692	0
96	1923.918579339981	0.15373313280112272	0.0	1
97	1945.9338772296906	0.15373313280112272	0.0	2
98	1967.480616569519	0.15373313280112272	0.0	3
99	1989.049034357071	0.15438169529743279	0.0006485624963100678	0
100	2010.6367931365967	0.15998700338181898	0.005605308084386196	0
101	2032.4328200817108	0.15998700338181898	0.0	1
102	2054.2463748455048	0.15998700338181898	0.0	2
103	2075.927909851074	0.15998700338181898	0.0	3
104	2097.672441959381	0.16199921527531783	0.0020122118934988442	0
105	2119.4290764331818	0.16199921527531783	0.0	1
106	2141.3088603019714	0.16229379452513085	0.00029457924981302064	0
107	2162.9878029823303	0.16494193283347108	0.0026481383083402366	0
108	2184.72265291214	0.16494193283347108	0.0	1
109	2206.495857000351	0.16633019135966465	0.0013882585261935643	0
110	2228.327024459839	0.16931405545838743	0.0029838640987227827	0
111	2250.2736988067627	0.16931405545838743	0.0	1
112	2272.2999935150146	0.17165846657048253	0.0023444111120951017	0
113	2294.253790140152	0.17165846657048253	0.0	1
114	2316.267766714096	0.17165846657048253	0.0	2
115	2338.33047413826	0.1716681141946609	9.647624178377168e-06	0
116	2360.2446155548096	0.17254041701105993	0.0008723028163990232	0
117	2382.230895757675	0.1727819343278919	0.00024151731683197397	0
118	2404.2427220344543	0.1727819343278919	0.0	1
119	2426.342165708542	0.17388410812595936	0.0011021737980674573	0
120	2448.383772134781	0.17388410812595936	0.0	1
121	2470.504891395569	0.1744474947849018	0.0005633866589424275	0
122	2492.538360118866	0.1744474947849018	0.0	1
123	2514.5908377170563	0.1744474947849018	0.0	2
124	2536.606077671051	0.1744474947849018	0.0	3
125	2558.5975573062897	0.1744474947849018	0.0	4
126	2580.6098737716675	0.1744474947849018	0.0	5
127	2602.5378029346466	0.17461803864338565	0.00017054385848386255	0
128	2624.5781433582306	0.1746640474327941	4.600878940844155e-05	0
129	2646.6873087882996	0.17508271972906086	0.00041867229626676994	0
130	2668.7564384937286	0.1754805593069823	0.00039783957792144387	0
131	2690.74902677536	0.17612437486470262	0.0006438155577203064	0
132	2712.691666841507	0.17612437486470262	0.0	1
133	2734.6579575538635	0.17612437486470262	0.0	2
134	2756.7759840488434	0.17612887196441923	4.497099716616049e-06	0
135	2778.800682067871	0.17721052053813907	0.00108164857371984	0
136	2800.83221244812	0.17721052053813907	0.0	1
137	2822.9252729415894	0.1773109365467686	0.00010041600862953359	0
138	2845.076555967331	0.1773109365467686	0.0	1
139	2867.170214653015	0.1773109365467686	0.0	2
140	2889.410581588745	0.1773109365467686	0.0	3
141	2911.611438035965	0.17757951333539967	0.0002685767886310697	0
142	2933.766436100006	0.17757951333539967	0.0	1
143	2955.936012506485	0.17955633459159875	0.0019768212561990794	0
144	2978.115291595459	0.17955633459159875	0.0	1
145	3000.2784156799316	0.17955633459159875	0.0	2
146	3022.411609888077	0.17966045974657574	0.00010412515497698616	0
147	3044.5918147563934	0.17966045974657574	0.0	1
148	3066.777760744095	0.18032201386428937	0.0006615541177136253	0
149	3089.0814769268036	0.18032201386428937	0.0	1
150	3111.31023812294	0.18032201386428937	0.0	2
151	3133.5490901470184	0.18032201386428937	0.0	3
152	3155.7188062667847	0.18032201386428937	0.0	4
153	3177.9722628593445	0.18032201386428937	0.0	5
154	3200.1469674110413	0.18102004445748218	0.0006980305931928166	0
155	3222.469438314438	0.18102004445748218	0.0	1
156	3244.823523044586	0.18102004445748218	0.0	2
157	3267.0216760635376	0.18138129224967528	0.0003612477921930979	0
158	3289.341212749481	0.18138129224967528	0.0	1
159	3311.5595903396606	0.18138129224967528	0.0	2
160	3333.925568819046	0.1816989335493171	0.00031764129964181875	0
161	3356.2559876441956	0.1816989335493171	0.0	1
162	3378.602289915085	0.18193639578905418	0.00023746223973708513	0
163	3400.932200193405	0.18221633063722595	0.0002799348481717645	0
164	3423.3040068149567	0.1822778102183945	6.147958116856089e-05	0
165	3445.6040346622467	0.1822778102183945	0.0	1
166	3468.021469593048	0.18243355592823826	0.00015574570984375202	0
167	3490.384304523468	0.18285935824157712	0.00042580231333885776	0
168	3512.77197098732	0.18315866521160507	0.00029930697002794604	0
169	3535.140221118927	0.18481605785930058	0.0016573926476955159	0
170	3557.7018966674805	0.18481605785930058	0.0	1
171	3580.1492943763733	0.18508769036953396	0.0002716325102333772	0
172	3602.5626707077026	0.18508769036953396	0.0	1
173	3625.1303100585938	0.18515899054025464	7.130017072068395e-05	0
174	3647.6595327854156	0.18515899054025464	0.0	1
175	3669.9831738471985	0.185440731915663	0.0002817413754083453	0
176	3692.4256749153137	0.185440731915663	0.0	1
177	3714.86434674263	0.185440731915663	0.0	2
178	3737.3350081443787	0.18554847012511314	0.00010773820945014778	0
179	3759.956651687622	0.185655977714065	0.00010750758895186618	0
180	3782.3013229370117	0.18602279883496672	0.0003668211209017225	0
181	3804.777244567871	0.18602279883496672	0.0	1
182	3827.199137210846	0.18602279883496672	0.0	2
183	3849.5889146327972	0.1861880768587397	0.00016527802377297451	0
184	3872.0399074554443	0.1862380638517436	4.998699300390319e-05	0
185	3894.5165836811066	0.1865112722687153	0.00027320841697170417	0
186	3917.0021460056305	0.1865112722687153	0.0	1
187	3939.473012447357	0.18655053540854882	3.926313983351748e-05	0
188	3961.8546941280365	0.18655053540854882	0.0	1
189	3984.312240123749	0.1866021944001653	5.165899161646559e-05	0
190	4006.7758224010468	0.18670897169087258	0.00010677729070729391	0
191	4029.2712585926056	0.18692296829490887	0.00021399660403628729	0
192	4051.767745256424	0.1869448772422462	2.1908947337334617e-05	0
193	4074.1538434028625	0.18697134094442475	2.646370217854188e-05	0
194	4096.58563041687	0.18697134094442475	0.0	1
195	4118.964099645615	0.1873678160177313	0.0003964750733065625	0
196	4141.452208280563	0.18755498377046678	0.00018716775273547315	0
197	4163.9586436748505	0.18773830784823078	0.00018332407776400217	0
198	4186.387977361679	0.1879977751271795	0.0002594672789487107	0
199	4208.885634660721	0.1879977751271795	0.0	1
200	4231.45401763916	0.1879977751271795	0.0	2
201	4253.904140949249	0.18811421926044003	0.00011644413326053482	0
202	4276.512653827667	0.18811421926044003	0.0	1
203	4299.047766447067	0.189060205326042	0.0009459860656019781	0
204	4322.0555675029755	0.189060205326042	0.0	1
205	4344.927452325821	0.1964411182818711	0.0073809129558291	0
206	4367.557564973831	0.1964411182818711	0.0	1
207	4390.721290111542	0.19665542237990513	0.00021430409803402384	0
208	4413.588100194931	0.1975992175507734	0.0009437951708682613	0
209	4436.72239279747	0.1976123629191758	1.3145368402411872e-05	0
210	4459.478746652603	0.19766233069380484	4.996777462903945e-05	0
211	4483.149310827255	0.19766233069380484	0.0	1
212	4506.159176826477	0.19771560402890934	5.327333510449228e-05	0
213	4530.053483724594	0.2600367001773625	0.06232109614845319	0
214	4554.706436395645	0.2600367001773625	0.0	1
215	4581.313329696655	0.26400831187025225	0.003971611692889732	0
216	4609.336862325668	0.26400831187025225	0.0	1
217	4638.668034076691	0.28331495672329476	0.01930664485304251	0
218	4669.113369226456	0.2851038030550143	0.0017888463317195513	0
219	4700.690917730331	0.2851038030550143	0.0	1
220	4733.700551748276	0.2851038030550143	0.0	2
221	4767.218672275543	0.2851038030550143	0.0	3
222	4800.9700050354	0.28652963350405397	0.0014258304490396556	0
223	4835.003739595413	0.2872190734836856	0.000689439979631612	0
224	4868.7630960941315	0.2876583478777994	0.00043927439411384217	0
225	4901.88280081749	0.2880801143324182	0.00042176645461877715	0
226	4935.077483892441	0.289750537038267	0.001670422705848773	0
227	4968.990660667419	0.2910796414066497	0.0013291043683827386	0
228	5003.057803869247	0.2922391243985417	0.0011594829918920024	0
229	5037.201683282852	0.2922391243985417	0.0	1
230	5071.121727228165	0.29340729409586924	0.0011681696973275257	0
231	5105.674722194672	0.29340729409586924	0.0	1
232	5140.384412527084	0.29340729409586924	0.0	2
233	5175.242842674255	0.2937625841918565	0.0003552900959872818	0
234	5210.017313241959	0.294110994109645	0.0003484099177884503	0
235	5244.845255851746	0.2941683033034695	5.730919382451738e-05	0
236	5279.565224409103	0.2957946198390207	0.001626316535551231	0
237	5314.08377456665	0.2957946198390207	0.0	1
238	5348.610939741135	0.297061283707492	0.001266663868471296	0
239	5383.1743376255035	0.297061283707492	0.0	1
240	5417.606924772263	0.297061283707492	0.0	2
241	5451.930631399155	0.29712825974386975	6.697603637773053e-05	0
242	5486.1002514362335	0.29716587010346557	3.761035959581882e-05	0
243	5520.39299082756	0.29757237716844764	0.00040650706498207567	0
244	5554.517783641815	0.29757237716844764	0.0	1
245	5588.727370738983	0.29757237716844764	0.0	2
246	5622.968599796295	0.29792030662686464	0.00034792945841699563	0
247	5657.314260959625	0.29792030662686464	0.0	1
248	5691.634707689285	0.29807910805831067	0.00015880143144603176	0
249	5725.995048284531	0.29807910805831067	0.0	1
250	5760.274871349335	0.29807910805831067	0.0	2
251	5794.488168478012	0.29807910805831067	0.0	3
252	5828.7841992378235	0.29842988183620656	0.00035077377789588526	0
253	5862.828004837036	0.29864908661982914	0.0002192047836225841	0
254	5897.031106233597	0.29864908661982914	0.0	1
255	5931.452604293823	0.29864908661982914	0.0	2
256	5965.911661863327	0.29864908661982914	0.0	3
257	6000.29988861084	0.2992540618419628	0.0006049752221336524	0
258	6034.572428226471	0.2992540618419628	0.0	1
259	6068.616805076599	0.2992540618419628	0.0	2
260	6102.943086385727	0.2992540618419628	0.0	3
261	6137.306468486786	0.2992540618419628	0.0	4
262	6171.750079154968	0.2992954197846558	4.135794269299886e-05	0
263	6206.219220399857	0.29951902557612076	0.00022360579146496473	0
264	6240.496197462082	0.29951902557612076	0.0	1
265	6274.876331806183	0.29951902557612076	0.0	2
266	6309.3725073337555	0.3002630265219723	0.0007440009458515306	0
267	6343.860653162003	0.3002630265219723	0.0	1
268	6378.084996461868	0.3002630265219723	0.0	2
269	6412.34579873085	0.3002630265219723	0.0	3
270	6446.6611914634705	0.3002630265219723	0.0	4
271	6481.019144773483	0.3002630265219723	0.0	5
272	6515.563794374466	0.3002630265219723	0.0	6
273	6549.872738361359	0.3002630265219723	0.0	7
274	6584.452386140823	0.30029379514011884	3.07686181465483e-05	0
275	6618.877637147903	0.3003659409193332	7.214577921438314e-05	0
276	6653.619623661041	0.3003659409193332	0.0	1
277	6688.192399263382	0.3006231596484236	0.00025721872909040266	0
278	6722.537200450897	0.300629847642874	6.6879944503606126e-06	0
279	6756.889892101288	0.30067278149230525	4.293384943127032e-05	0
280	6791.306777715683	0.30067278149230525	0.0	1
281	6825.712651491165	0.300933997643366	0.00026121615106072804	0
282	6860.213188409805	0.3009668995011217	3.29018577557294e-05	0
283	6894.580082654953	0.30101556042626043	4.8660925138721556e-05	0
284	6929.124367713928	0.30109683493353206	8.127450727163366e-05	0
285	6963.638751983643	0.3012127217339217	0.00011588680038965293	0
286	6998.122596740723	0.3012127217339217	0.0	1
287	7032.620971918106	0.3012127217339217	0.0	2
288	7067.173642873764	0.30127904434555436	6.632261163264097e-05	0
289	7101.750344276428	0.30139904387816346	0.00011999953260910523	0
290	7136.372228860855	0.3014476471481776	4.8603270014158095e-05	0
291	7170.882222414017	0.3014476471481776	0.0	1
292	7205.404445409775	0.30179653752533747	0.0003488903771598495	0
293	7239.95843911171	0.30183560848142243	3.907095608496336e-05	0
294	7274.5507299900055	0.30183560848142243	0.0	1
295	7308.926084756851	0.30183560848142243	0.0	2
296	7343.501737833023	0.30183560848142243	0.0	3
297	7378.067037820816	0.30183560848142243	0.0	4
298	7412.691908359528	0.30185872818637577	2.311970495333382e-05	0
299	7447.258324623108	0.3021333011079623	0.00027457292158655777	0
300	7481.797138929367	0.3021333011079623	0.0	1
301	7516.372702360153	0.3021333011079623	0.0	2
302	7550.951169252396	0.3021333011079623	0.0	3
303	7585.520219326019	0.3021401236310367	6.822523074379028e-06	0
304	7620.117811918259	0.30220450518680875	6.438155577204174e-05	0
305	7654.66269159317	0.30220450518680875	0.0	1
306	7689.238511800766	0.30224519048638165	4.0685299572906786e-05	0
307	7723.810144662857	0.30230203843920966	5.6847952828009696e-05	0
308	7758.51797580719	0.30230203843920966	0.0	1
309	7793.220789194107	0.30236782293634623	6.578449713656731e-05	0
310	7827.926509857178	0.3024085466726689	4.0723736322689774e-05	0
311	7862.54762339592	0.3024085466726689	0.0	1
312	7897.171396493912	0.3026358039553568	0.00022725728268785383	0
313	7931.874765396118	0.30273441343674967	9.860948139289727e-05	0
314	7966.5349633693695	0.30273441343674967	0.0	1
315	8001.111428976059	0.30273441343674967	0.0	2
316	8035.7546553611755	0.30273441343674967	0.0	3
317	8070.416137218475	0.30348694734103787	0.0007525339042881996	0
318	8105.084102630615	0.303639675766029	0.00015272842499114425	0
319	8139.678199291229	0.303639675766029	0.0	1
320	8174.175627231598	0.30406895660521704	0.00042928083918802873	0
321	8208.687139987946	0.30406895660521704	0.0	1
322	8243.348824262619	0.30406895660521704	0.0	2
323	8278.000789880753	0.3041447538756543	7.579727043727225e-05	0
324	8312.55791091919	0.3041447538756543	0.0	1
325	8347.288488388062	0.30417594529804776	3.119142239343953e-05	0
326	8381.886633872986	0.30417594529804776	0.0	1
327	8416.522976636887	0.30417594529804776	0.0	2
328	8451.181717157364	0.30421071133816463	3.4766040116873675e-05	0
329	8485.792702436447	0.30428414474849447	7.34334103298373e-05	0
330	8520.354032039642	0.30428414474849447	0.0	1
331	8554.973682880402	0.30428414474849447	0.0	2
332	8589.544257164001	0.30447104344398196	0.00018689869548749183	0
333	8624.236787080765	0.30447104344398196	0.0	1
334	8658.941263198853	0.30447104344398196	0.0	2
335	8693.647873163223	0.30447104344398196	0.0	3
336	8728.368207216263	0.3045809148930413	0.00010987144905932889	0
337	8763.089054107666	0.3045809148930413	0.0	1
338	8797.77949166298	0.3045809148930413	0.0	2
339	8832.41175365448	0.3045809148930413	0.0	3
340	8867.063842773438	0.3045809148930413	0.0	4
341	8901.719552993774	0.3047792869583186	0.0001983720652772858	0
342	8936.418402194977	0.3047792869583186	0.0	1
343	8971.153751373291	0.3048368652093911	5.75782510724987e-05	0
344	9005.84187746048	0.30488489192815954	4.802671876846798e-05	0
345	9040.498985052109	0.30492217557538276	3.728364722321853e-05	0
346	9075.07099890709	0.30492217557538276	0.0	1
347	9109.680604219437	0.3049716821090152	4.95065336324485e-05	0
348	9144.420461416245	0.30529449315149365	0.0003228110424784436	0
349	9179.084802627563	0.30529449315149365	0.0	1
350	9213.75668668747	0.3054010590400775	0.00010656588858387606	0
351	9248.493252277374	0.3055076825837859	0.000106623543708384	0
352	9283.287803649902	0.30580372243008813	0.0002960398463022207	0
353	9317.889115333557	0.30580372243008813	0.0	1
354	9352.56056523323	0.3058562078118235	5.248538173535655e-05	0
355	9387.261893033981	0.3060977635654052	0.00024155575358170145	0
356	9421.976699590683	0.3061526896807474	5.492611534219094e-05	0
357	9456.625619888306	0.3062220487956075	6.935911486011248e-05	0
358	9491.238350391388	0.306230600972419	8.552176811504886e-06	0
359	9525.841670274734	0.3062714400189908	4.0839046571816695e-05	0
360	9560.337501525879	0.3064376405247569	0.0001662005057661009	0
361	9594.944261789322	0.3064376405247569	0.0	1
362	9629.488471269608	0.3064376405247569	0.0	2
363	9664.05573296547	0.3064658338806726	2.8193355915695495e-05	0
364	9698.600791931152	0.3064658338806726	0.0	1
365	9733.176584005356	0.30696973966943164	0.0005039057887590292	0
366	9767.813153982162	0.3073915061240504	0.00042176645461877715	0
367	9802.437477350235	0.3073915061240504	0.0	1
368	9837.125117301941	0.3073915061240504	0.0	2
369	9871.872070789337	0.30746565061424996	7.414449019954583e-05	0
370	9906.45115852356	0.3088773939945192	0.0014117433802692259	0
371	9940.896289110184	0.309160692058291	0.00028329806377180855	0
372	9975.28752732277	0.309160692058291	0.0	1
373	10009.391799926758	0.3091886740120833	2.7981953792277636e-05	0
374	10043.680493354797	0.3092122549580332	2.3580945949897014e-05	0
375	10077.808848619461	0.30932485541632226	0.0001126004582890916	0
376	10112.000522851944	0.30932485541632226	0.0	1
377	10146.357661485672	0.3093456496979179	2.079428159562635e-05	0
378	10180.589648246765	0.30972922924169516	0.0003835795437772682	0
379	10214.890222787857	0.30974706389356277	1.7834651867609796e-05	0
380	10249.171804189682	0.3100030142099126	0.00025595031634984	0
381	10283.453180074692	0.3100030142099126	0.0	1
382	10317.750726222992	0.3100030142099126	0.0	2
383	10352.165369987488	0.3100030142099126	0.0	3
384	10386.506964683533	0.31005392368490964	5.090947499702958e-05	0
385	10420.717391490936	0.31005392368490964	0.0	1
386	10454.976824045181	0.31005392368490964	0.0	2
387	10489.299963235855	0.3100644361359566	1.0512451046940097e-05	0
388	10523.473102331161	0.3100992021760735	3.4766040116929187e-05	0
389	10557.827746391296	0.3101691378421793	6.99356661058026e-05	0
390	10592.129423856735	0.31039258988664536	0.00022345204446605482	0
391	10626.404071807861	0.31039258988664536	0.0	1
392	10660.765595197678	0.31039258988664536	0.0	2
393	10695.095976114273	0.31039258988664536	0.0	3
394	10729.3962829113	0.3107359645902212	0.0003433747035758161	0
395	10763.671875	0.3107359645902212	0.0	1
396	10798.001355171204	0.3107359645902212	0.0	2
397	10832.30703163147	0.3107359645902212	0.0	3
398	10866.646435022354	0.3107359645902212	0.0	4
399	10901.04368185997	0.3107359645902212	0.0	5
400	10935.399507761002	0.3107359645902212	0.0	6
401	10969.783715963364	0.31079248583067653	5.6521240455353894e-05	0
402	11004.206894159317	0.31079248583067653	0.0	1
403	11038.50627374649	0.31079248583067653	0.0	2
404	11072.83619427681	0.3108357271741055	4.324134342897912e-05	0
405	11107.252407073975	0.3108357271741055	0.0	1
406	11141.674853086472	0.31084504808591135	9.320911805832388e-06	0
407	11176.153846263885	0.31084504808591135	0.0	1
408	11210.488852977753	0.3108733951888259	2.8347102914549893e-05	0
409	11244.862157344818	0.3108733951888259	0.0	1
410	11279.247476100922	0.3110028885986145	0.000129493409788628	0
411	11313.670756101608	0.3110028885986145	0.0	1
412	11347.994672060013	0.3110028885986145	0.0	2
413	11382.489589691162	0.3110028885986145	0.0	3
414	11416.859983444214	0.3110028885986145	0.0	4
415	11451.298783063889	0.3110028885986145	0.0	5
416	11485.718297481537	0.3110028885986145	0.0	6
417	11520.129805803299	0.3110028885986145	0.0	7
418	11554.48448896408	0.3110028885986145	0.0	8
419	11588.84856724739	0.3111444703661884	0.00014158176757389507	0
420	11623.181412220001	0.3111444703661884	0.0	1
421	11657.531280755997	0.31121413697504624	6.966660885782128e-05	0
422	11691.908867359161	0.3112199985793777	5.86160433146965e-06	0
423	11726.321843385696	0.3112199985793777	0.0	1
424	11760.731276512146	0.3112199985793777	0.0	2
425	11795.166969060898	0.31125780112272206	3.7802543344345185e-05	0
426	11829.548597574234	0.3112644506804227	6.649557700633135e-06	0
427	11863.992491006851	0.3112644506804227	0.0	1
428	11898.469247102737	0.3112858791683886	2.142848796593544e-05	0
429	11932.882636785507	0.3112858791683886	0.0	1
430	11967.288362503052	0.31129829423854644	1.2415070157811847e-05	0
431	12001.645074129105	0.31129829423854644	0.0	1
432	12036.061342716217	0.31139002354174045	9.172930319401029e-05	0
433	12070.453551054	0.31139002354174045	0.0	1
434	12104.80053782463	0.3115292030124572	0.00013917947071673265	0
435	12139.180764198303	0.3115292030124572	0.0	1
436	12173.533962011337	0.3115292030124572	0.0	2
437	12207.824967861176	0.3115292030124572	0.0	3
438	12242.083409786224	0.3115292030124572	0.0	4
439	12276.39851307869	0.3115292030124572	0.0	5
440	12310.840023756027	0.3117426615019975	0.0002134584895402969	0
441	12345.156738519669	0.3117426615019975	0.0	1
442	12379.498522758484	0.3117426615019975	0.0	2
443	12413.853219509125	0.3117426615019975	0.0	3
444	12448.215149641037	0.3118716167972901	0.00012895529529260985	0
445	12482.502100467682	0.3118716167972901	0.0	1
446	12516.972125291824	0.31203464627120475	0.0001630294739146665	0
447	12551.313581943512	0.31203464627120475	0.0	1
448	12585.571372270584	0.3120875352388121	5.2888967607356285e-05	0
449	12619.855511903763	0.31215020635922186	6.267112040975187e-05	0
450	12654.133915901184	0.31215020635922186	0.0	1
451	12688.452590942383	0.3121522627253316	2.0563661097261487e-06	0
452	12722.857247114182	0.3121522627253316	0.0	1
453	12757.216107606888	0.3121522627253316	0.0	2
454	12791.65390086174	0.3121522627253316	0.0	3
455	12825.9940097332	0.3121522627253316	0.0	4
456	12860.382863759995	0.3121594888342779	7.226108946323251e-06	0
457	12894.709160804749	0.31222561926216197	6.61304278840591e-05	0
458	12929.018216848373	0.31222561926216197	0.0	1
459	12963.344408750534	0.31222773328339626	2.114021234289609e-06	0
460	12997.638490438461	0.31222773328339626	0.0	1
461	13031.886120080948	0.31222773328339626	0.0	2
462	13066.235969543457	0.31222773328339626	0.0	3
463	13100.523374080658	0.3123151192338725	8.738595047624864e-05	0
464	13134.946430206299	0.31264680916553506	0.0003316899316625488	0
465	13169.200807332993	0.31264680916553506	0.0	1
466	13203.539086580276	0.31264680916553506	0.0	2
467	13237.8594789505	0.31265126782850194	4.458662966888571e-06	0
468	13272.007434606552	0.31276732759426534	0.00011605976576339883	0
469	13306.285586833954	0.31296001102058485	0.00019268342631950652	0
470	13340.604667186737	0.31296001102058485	0.0	1
471	13374.839870929718	0.3129905297998583	3.0518779273458474e-05	0
472	13409.189330816269	0.3129905297998583	0.0	1
473	13443.475528240204	0.3130023298820207	1.1800082162394254e-05	0
474	13477.847940206528	0.3130023298820207	0.0	1
475	13512.113366365433	0.3130158788362951	1.3548954274411606e-05	0
476	13546.462653875351	0.31306290619957095	4.7027363275831124e-05	0
477	13580.716097593307	0.31306290619957095	0.0	1
478	13615.047760009766	0.31306290619957095	0.0	2
479	13649.319699048996	0.31306290619957095	0.0	3
480	13683.618622779846	0.31306290619957095	0.0	4
481	13717.879145622253	0.3130940399668398	3.113376726887607e-05	0
482	13752.177118778229	0.3130963653901976	2.325423357762979e-06	0
483	13786.51619887352	0.3130963653901976	0.0	1
484	13820.84619307518	0.31321530791218954	0.00011894252199196043	0
485	13855.04117178917	0.31321530791218954	0.0	1
486	13889.390643119812	0.3132291835788365	1.3875666646956386e-05	0
487	13923.855090618134	0.313234910654544	5.727075707506746e-06	0
488	13958.139395236969	0.31327159853214664	3.668787760263692e-05	0
489	13992.345819473267	0.31327159853214664	0.0	1
490	14026.63534450531	0.31327159853214664	0.0	2
491	14060.852107048035	0.31331293725646475	4.133872431810737e-05	0
492	14095.157610654831	0.313355602048648	4.266479218323349e-05	0
493	14129.375594854355	0.31339100229513517	3.540024648718276e-05	0
494	14163.778166770935	0.31339872808182784	7.725786692669434e-06	0
495	14197.894594430923	0.3137305141053646	0.0003317860235367842	0
496	14232.217697143555	0.3137305141053646	0.0	1
497	14266.547157287598	0.3137305141053646	0.0	2
498	14300.929647684097	0.3137305141053646	0.0	3
499	14335.044960260391	0.31381617040210374	8.565629673912278e-05	0
500	14369.18549990654	0.3139343441891014	0.00011817378699763292	0
501	14403.50401520729	0.3139343441891014	0.0	1
502	14437.81432723999	0.3139343441891014	0.0	2
503	14472.111116409302	0.313937630531202	3.286342100616846e-06	0
504	14506.231297492981	0.313937630531202	0.0	1
505	14540.567571163177	0.3140215187374542	8.388820625221394e-05	0
506	14574.874374389648	0.31421789209174633	0.0001963733542921231	0
507	14609.187494277954	0.31421789209174633	0.0	1
508	14643.51554775238	0.31421789209174633	0.0	2
509	14677.722598791122	0.31421789209174633	0.0	3
510	14712.002574205399	0.31421789209174633	0.0	4
511	14746.267046451569	0.31421789209174633	0.0	5
512	14780.649869203568	0.31424264535856256	2.475326681622425e-05	0
513	14814.93361878395	0.31428133194715036	3.868658858779961e-05	0
514	14849.35851430893	0.31428133194715036	0.0	1
515	14883.599891901016	0.31428133194715036	0.0	2
516	14917.818044900894	0.314291882834947	1.0550887796667574e-05	0
517	14951.989826440811	0.314291882834947	0.0	1
518	14986.277771234512	0.3143182504452513	2.63676103042787e-05	0
519	15020.505086660385	0.3143182504452513	0.0	1
520	15054.75033378601	0.3143182504452513	0.0	2
521	15089.005200862885	0.31435574549459794	3.749504934663639e-05	0
522	15123.322976827621	0.31438199779465303	2.6252300055096267e-05	0
523	15157.509603500366	0.31438199779465303	0.0	1
524	15191.88614988327	0.31438199779465303	0.0	2
525	15226.18247127533	0.31438199779465303	0.0	3
526	15260.546775341034	0.3143820938865273	9.60918742909378e-08	4
527	15294.734130859375	0.3145157192469103	0.0001336253603829718	0
528	15329.042510509491	0.3145157192469103	0.0	1
529	15363.294941425323	0.3145157192469103	0.0	2
530	15397.482444763184	0.31461490527954894	9.91860326386429e-05	0
531	15431.634343862534	0.3146563593141162	4.145403456723429e-05	0
532	15465.89556145668	0.31471739687266304	6.103755854686144e-05	0
533	15500.078440666199	0.31471739687266304	0.0	1
534	15534.396595954895	0.3147920794773586	7.468260469556398e-05	0
535	15568.5573387146	0.3147920794773586	0.0	1
536	15602.839871883392	0.3147920794773586	0.0	2
537	15637.141645669937	0.31485480825289286	6.272877553425982e-05	0
538	15671.313310861588	0.31500150210817884	0.00014669385528598422	0
539	15705.42549777031	0.3150198556561676	1.835354798873645e-05	0
540	15739.785299777985	0.3150198556561676	0.0	1
541	15773.990794420242	0.3150198556561676	0.0	2
542	15808.189987897873	0.3152267991166312	0.00020694346046362666	0
543	15842.35367321968	0.3152267991166312	0.0	1
544	15876.561580657959	0.3152267991166312	0.0	2
545	15910.688394069672	0.3153166450190892	8.984590245797452e-05	0
546	15944.89175415039	0.3153166450190892	0.0	1
547	15979.062980413437	0.31538340965334355	6.676463425436818e-05	0
548	16013.222966432571	0.315428745799632	4.5336146288432744e-05	0
549	16047.399504899979	0.315428745799632	0.0	1
550	16081.627066612244	0.315428745799632	0.0	2
551	16115.797711849213	0.31565048740873575	0.00022174160910376495	0
552	16150.10048866272	0.31565048740873575	0.0	1
553	16184.241057872772	0.31565048740873575	0.0	2
554	16218.483746767044	0.31565048740873575	0.0	3
555	16252.653897285461	0.31565048740873575	0.0	4
556	16286.777346611023	0.31565048740873575	0.0	5
557	16321.381613016129	0.31565296657909236	2.4791703566173773e-06	0
558	16355.643426418304	0.31577738633791863	0.00012441975882626632	0
559	16389.75487446785	0.31581222925153496	3.484291361632863e-05	0
560	16423.950643777847	0.31584457377641983	3.234452488487527e-05	0
561	16458.02288556099	0.31584457377641983	0.0	1
562	16492.211489200592	0.31586992281285664	2.534903643680586e-05	0
563	16526.292393922806	0.3159248873649486	5.496455209197393e-05	0
564	16560.569676160812	0.3159248873649486	0.0	1
565	16594.747017621994	0.3159248873649486	0.0	2
566	16628.917625665665	0.3161497423507793	0.0002248549858306914	0
567	16663.03517627716	0.3161497423507793	0.0	1
568	16697.192523002625	0.316256327457738	0.00010658510695871204	0
569	16731.362596273422	0.316256327457738	0.0	1
570	16765.589326381683	0.31629370719683547	3.737973909745396e-05	0
571	16799.71925520897	0.31629370719683547	0.0	1
572	16833.852135896683	0.31629370719683547	0.0	2
573	16867.994797468185	0.3164160129344275	0.00012230573759203223	0
574	16902.09948658943	0.3164160129344275	0.0	1
575	16936.245657920837	0.31646665335217655	5.064041774904826e-05	0
576	16970.352320432663	0.31646665335217655	0.0	1
577	17004.429000854492	0.31646665335217655	0.0	2
578	17038.483525514603	0.3164734182201263	6.764867949760056e-06	0
579	17072.67006611824	0.3164734182201263	0.0	1
580	17106.75791287422	0.3164734182201263	0.0	2
581	17140.90404009819	0.3165383571087692	6.493888864289588e-05	0
582	17175.039079666138	0.3165679534060495	2.9596297280276573e-05	0
583	17209.252610206604	0.3166598556746172	9.190226856770067e-05	0
584	17243.310970306396	0.3166598556746172	0.0	1
585	17277.3861618042	0.3166598556746172	0.0	2
586	17311.589054584503	0.31669141224613295	3.1556571515767295e-05	0
587	17345.654809713364	0.31669141224613295	0.0	1
588	17379.805369138718	0.316715781145452	2.43688993190605e-05	0
589	17413.88639163971	0.3167612710387393	4.548989328728714e-05	0
590	17448.087776184082	0.3167936540003739	3.238296163460275e-05	0
591	17482.16774725914	0.3167936540003739	0.0	1
592	17516.355085611343	0.31680508893341397	1.1434933040066486e-05	0
593	17550.567583322525	0.31682534510051363	2.0256167099663713e-05	0
594	17584.692830085754	0.31682534510051363	0.0	1
595	17618.82124710083	0.31686036097950365	3.501587899001901e-05	0
596	17652.998672246933	0.3169609691718817	0.00010060819237805996	0
597	17687.11007475853	0.3169609691718817	0.0	1
598	17721.322301864624	0.3169609691718817	0.0	2
599	17755.481026649475	0.316989892826042	2.892365416029552e-05	0
600	17789.729867458344	0.3170401104395442	5.0217613502212544e-05	0
601	17823.83891105652	0.3170401104395442	0.0	1
602	17857.979918718338	0.3170401104395442	0.0	2
603	17892.0975754261	0.3172203403589562	0.0001802299194119672	0
604	17926.258457660675	0.3172203403589562	0.0	1
605	17960.392141103745	0.31730468980620496	8.434944724877713e-05	0
606	17994.54997944832	0.31730468980620496	0.0	1
607	18028.64272069931	0.31730468980620496	0.0	2
608	18062.75710749626	0.31730468980620496	0.0	3
609	18096.920731306076	0.317328117005156	2.3427198951042616e-05	0
610	18130.927667617798	0.317355599281202	2.7482276045986964e-05	0
611	18165.050424575806	0.317355599281202	0.0	1
612	18199.22581267357	0.3175434204586826	0.00018782117748061822	0
613	18233.332976818085	0.3175434204586826	0.0	1
614	18267.466141700745	0.3175434204586826	0.0	2
615	18301.692079544067	0.3175434204586826	0.0	3
616	18335.92136502266	0.3175434204586826	0.0	4
617	18370.016223669052	0.3175434204586826	0.0	5
618	18404.199192762375	0.3175801659914098	3.674553272720038e-05	0
619	18438.342495679855	0.3176049000398512	2.4734048441388268e-05	0
620	18472.44619822502	0.3176049000398512	0.0	1
621	18506.459129810333	0.3176049000398512	0.0	2
622	18540.690957784653	0.3176757197512004	7.081971134920151e-05	0
623	18574.711691617966	0.3176757197512004	0.0	1
624	18608.810983657837	0.31768046668979016	4.746938589761385e-06	0
625	18642.80597281456	0.31768046668979016	0.0	1
626	18676.87258219719	0.31768046668979016	0.0	2
627	18710.909883737564	0.3176952648384303	1.4798148640138287e-05	0
628	18745.071753501892	0.31770929425207617	1.4029413645866295e-05	0
629	18779.174680948257	0.31770929425207617	0.0	1
630	18813.260241031647	0.31771552100552997	6.226753453797418e-06	0
631	18847.34468960762	0.31771552100552997	0.0	1
632	18881.431660175323	0.31771552100552997	0.0	2
633	18915.51394867897	0.3177497489311508	3.4227925620855526e-05	0
634	18949.612650871277	0.3177497489311508	0.0	1
635	18983.633101463318	0.3177497489311508	0.0	2
636	19017.737599611282	0.31775935811857947	9.60918742864969e-06	0
637	19051.79828476906	0.31775935811857947	0.0	1
638	19085.938188552856	0.3177702165003739	1.0858381794431882e-05	0
639	19120.043571949005	0.3178194731951332	4.9256694759303166e-05	0
640	19154.144671678543	0.3178194731951332	0.0	1
641	19188.197801351547	0.3178194731951332	0.0	2
642	19222.397371530533	0.3178384225127425	1.894931760931806e-05	0
643	19256.55717229843	0.3180103308758413	0.00017190836309877167	0
644	19290.68590736389	0.31802678180471916	1.64509288778647e-05	0
645	19324.705850601196	0.31805026665879477	2.3484854075606076e-05	0
646	19358.762341737747	0.31809181678523635	4.155012644158074e-05	0
647	19392.89483809471	0.31820568565626595	0.00011386887102959875	0
648	19427.01957345009	0.3183929302825009	0.0001872446262349281	0
649	19461.07594680786	0.3183944677524894	1.5374699885439824e-06	0
650	19495.213217496872	0.3184191249274314	2.4657174941988824e-05	0
651	19529.23134446144	0.31877157070393985	0.00035244577650844766	0
652	19563.777623414993	0.31877157070393985	0.0	1
653	19597.848259449005	0.3189624668213976	0.0001908961174577617	0
654	19632.000422239304	0.3189922937391762	2.9826917778585926e-05	0
655	19666.03155040741	0.3189922937391762	0.0	1
656	19700.19736289978	0.3191008199019955	0.00010852616281931127	0
657	19734.388184309006	0.3191008199019955	0.0	1
658	19768.515179872513	0.3191008199019955	0.0	2
659	19802.615103960037	0.31910349125610066	2.6713541051437417e-06	0
660	19836.749442100525	0.31910349125610066	0.0	1
661	19870.81055855751	0.3192869690808635	0.00018347782476285657	0
662	19904.8249669075	0.31928844889572755	1.4798148640360331e-06	0
663	19938.901936769485	0.3192957134414236	7.264545696050728e-06	0
664	19972.99452328682	0.3192957134414236	0.0	1
665	20007.036355495453	0.3192957134414236	0.0	2
666	20041.095742464066	0.3193194289159975	2.371547457391543e-05	0
667	20075.149723529816	0.31934910208677725	2.9673170779731528e-05	0
668	20109.257014274597	0.31934910208677725	0.0	1
669	20143.342682361603	0.3193564819427224	7.379855945177649e-06	0
670	20177.52839064598	0.3193564819427224	0.0	1
671	20211.581297636032	0.3194786147149407	0.00012213277221828633	0
672	20245.71460556984	0.3194786147149407	0.0	1
673	20279.84244966507	0.31951295795081075	3.434323587003796e-05	0
674	20313.882924318314	0.3196150075213032	0.00010204957049242402	0
675	20347.872378110886	0.31961510361317746	9.60918742909378e-08	1
676	20381.994571447372	0.31961510361317746	0.0	2
677	20416.16463446617	0.31968165684530836	6.655323213089481e-05	0
678	20450.27946662903	0.3197014325530365	1.9775707728153513e-05	0
679	20484.320956230164	0.31971250233695436	1.106978391784974e-05	0
680	20518.35954976082	0.3197530146711536	4.0512334199216404e-05	0
681	20552.39104294777	0.3197530146711536	0.0	1
682	20586.536517858505	0.31983638398128467	8.336931013108728e-05	0
683	20620.63568353653	0.31983638398128467	0.0	1
684	20654.77032518387	0.3198685171040461	3.213312276145741e-05	0
685	20688.887053966522	0.3198685171040461	0.0	1
686	20723.201107501984	0.31994896522119887	8.044811715274269e-05	0
687	20757.33814406395	0.3199708357317865	2.187051058760714e-05	0
688	20791.441401720047	0.32001376958121774	4.293384943127032e-05	0
689	20825.48903632164	0.32001376958121774	0.0	1
690	20859.544211387634	0.32001376958121774	0.0	2
691	20893.531125307083	0.32001376958121774	0.0	3
692	20927.662354946136	0.32001376958121774	0.0	4
693	20961.74424958229	0.3200906815173968	7.691193617903602e-05	0
694	20995.874064683914	0.32009366036549963	2.978848102852538e-06	0
695	21029.950705766678	0.3201608093672511	6.714900175147642e-05	0
696	21064.02388191223	0.3201608093672511	0.0	1
697	21098.027000427246	0.320195844464616	3.5035097364910506e-05	0
698	21132.03029847145	0.3202090859248927	1.324146027670281e-05	0
699	21166.010476112366	0.3202090859248927	0.0	1
700	21200.10371184349	0.3202090859248927	0.0	2
701	21234.121499061584	0.3202090859248927	0.0	3
702	21268.191376447678	0.3202090859248927	0.0	4
703	21302.310176372528	0.32021952150244026	1.0435577547540653e-05	0
704	21336.41170811653	0.32021952150244026	0.0	1
705	21370.4444334507	0.3203037940761896	8.427257374932218e-05	0
706	21404.55263400078	0.3203037940761896	0.0	1
707	21438.622299432755	0.32033462034946075	3.082627327116727e-05	0
708	21472.777844190598	0.3204182587168398	8.36383673790686e-05	0
709	21506.79641199112	0.3204182587168398	0.0	1
710	21540.88151359558	0.3204182587168398	0.0	2
711	21574.886331558228	0.3205233832273094	0.0001051245104695675	0
712	21609.089196920395	0.32056708581173493	4.370258442554231e-05	0
713	21643.097290992737	0.3205811920988802	1.4106287145265739e-05	0
714	21677.099494218826	0.3207250224163124	0.0001438303174322031	0
715	21711.25814652443	0.3207250224163124	0.0	1
716	21745.294373512268	0.3208262071599362	0.00010118474362380558	0
717	21779.324012041092	0.3208262071599362	0.0	1
718	21813.345978975296	0.3210794284670563	0.0002532213071200773	0
719	21847.33869457245	0.3210794284670563	0.0	1
720	21881.378506422043	0.32108309917665406	3.670709597780597e-06	0
721	21915.416564941406	0.32108309917665406	0.0	1
722	21949.54055905342	0.32108309917665406	0.0	2
723	21983.547511816025	0.32108909530960955	5.996132955488065e-06	0
724	22017.620172023773	0.32108909530960955	0.0	1
725	22051.627039909363	0.32108909530960955	0.0	2
726	22085.749842643738	0.3211106775445743	2.1582234964734326e-05	0
727	22119.82042145729	0.3214192093345338	0.0003085317899594875	0
728	22153.91152739525	0.3214629119189593	4.370258442554231e-05	0
729	22187.977649450302	0.32148393682105325	2.1024902093935705e-05	0
730	22222.112030506134	0.3214864352097847	2.4983887314533604e-06	0
731	22256.119803905487	0.32150019556618253	1.3760356397829465e-05	0
732	22290.20341348648	0.32150019556618253	0.0	1
733	22324.266583442688	0.32150019556618253	0.0	2
734	22358.431056022644	0.3215030014489117	2.805882729162157e-06	0
735	22392.571481704712	0.3215030014489117	0.0	1
736	22426.640763282776	0.3215030014489117	0.0	2
737	22460.63050675392	0.3215030014489117	0.0	3
738	22494.66965174675	0.3215030014489117	0.0	4
739	22528.645505428314	0.3215030014489117	0.0	5
740	22562.76076221466	0.3215030014489117	0.0	6
741	22596.73871421814	0.3216756593286299	0.00017265787971820767	0
742	22630.902327299118	0.3216756593286299	0.0	1
743	22664.930683612823	0.3216756593286299	0.0	2
744	22698.985119104385	0.3216756593286299	0.0	3
745	22733.03277516365	0.32171682508757427	4.1165758944361475e-05	0
746	22767.11523270607	0.3217290864107332	1.2261323158957449e-05	0
747	22801.131797790527	0.3217290864107332	0.0	1
748	22835.165667057037	0.3217388301267859	9.743716052668105e-06	0
749	22869.132266759872	0.3217476897975951	8.859670809213682e-06	0
750	22903.181819200516	0.32177849685249144	3.080705489633129e-05	0
751	22937.104135751724	0.3219140056136104	0.00013550876111895205	0
752	22970.991297721863	0.3219140056136104	0.0	1
753	23004.97273516655	0.3219140056136104	0.0	2
754	23039.03672862053	0.32193109074885856	1.708513524817379e-05	0
755	23073.058208465576	0.32193180182872827	7.110798697085308e-07	1
756	23107.03589987755	0.3220291044606309	9.730263190260713e-05	0
757	23141.102707624435	0.3220291044606309	0.0	1
758	23175.142570734024	0.3220357732367064	6.6687760755246295e-06	0
759	23209.229021549225	0.32206271739825637	2.6944161549968815e-05	0
760	23243.255789518356	0.32206271739825637	0.0	1
761	23277.31068134308	0.32206271739825637	0.0	2
762	23311.33928656578	0.32206271739825637	0.0	3
763	23345.406208753586	0.32206271739825637	0.0	4
764	23379.500520944595	0.32206271739825637	0.0	5
765	23413.53057408333	0.3220679255778427	5.2081795863245794e-06	0
766	23447.578580617905	0.322088892824812	2.0967246969316733e-05	0
767	23481.698055505753	0.322088892824812	0.0	1
768	23515.833941698074	0.32285074764090604	0.0007618548160940319	0
769	23549.926629304886	0.3228595496565907	8.802015684650222e-06	0
770	23584.02927660942	0.32291332266944145	5.37730128507552e-05	0
771	23618.002057552338	0.32291332266944145	0.0	1
772	23652.063407421112	0.32291332266944145	0.0	2
773	23686.09372472763	0.32291332266944145	0.0	3
774	23720.170095443726	0.3229184731939032	5.150524461761119e-06	0
775	23754.25813126564	0.3229923486268548	7.387543295156451e-05	0
776	23788.26074886322	0.3230619191438383	6.957051698353034e-05	0
777	23822.393084526062	0.3231213423588971	5.942321505880699e-05	0
778	23856.385971307755	0.3232216238389026	0.00010028148000551518	0
779	23890.31655025482	0.32325863842887786	3.701458997523721e-05	0
780	23924.34074115753	0.32325863842887786	0.0	1
781	23958.4453496933	0.3232606755766127	2.0371477348346545e-06	0
782	23992.52586388588	0.3232606755766127	0.0	1
783	24026.49168896675	0.32330164915180853	4.097357519583511e-05	0
784	24060.52067065239	0.32336622289132916	6.457373952062362e-05	0
785	24094.491937160492	0.32336622289132916	0.0	1
786	24128.547191619873	0.32336622289132916	0.0	2
787	24162.580712795258	0.32337198840378634	5.765512457178712e-06	0
788	24196.59744167328	0.32345789453939855	8.590613561221261e-05	0
789	24230.554639577866	0.32351316658548823	5.5272046089682725e-05	0
790	24264.574603557587	0.3235184324201991	5.26583471088804e-06	0
791	24298.560084104538	0.3235184324201991	0.0	1
792	24332.631862163544	0.3235184324201991	0.0	2
793	24366.596171617508	0.3236269393646436	0.00010850694444447528	0
794	24400.495009183884	0.3236269393646436	0.0	1
795	24434.461725473404	0.3236269393646436	0.0	2
796	24468.59882211685	0.32376838660359347	0.00014144723894987665	0
797	24502.613044977188	0.32403452265861765	0.0002661360550241798	0
798	24536.50062274933	0.32403452265861765	0.0	1
799	24570.546104192734	0.32403452265861765	0.0	2
800	24604.452108860016	0.32403452265861765	0.0	3
801	24638.42772603035	0.3241253871349431	9.086447632544736e-05	0
802	24672.43602705002	0.3241253871349431	0.0	1
803	24706.42864561081	0.3241253871349431	0.0	2
804	24740.474902629852	0.3241253871349431	0.0	3
805	24774.464128255844	0.32428789771273664	0.00016251057779353983	0
806	24808.49444794655	0.324293240420947	5.342708210342995e-06	0
807	24842.428514003754	0.32430085089739047	7.610476443487002e-06	0
808	24876.487210989	0.32430085089739047	0.0	1
809	24910.445080280304	0.324363272178927	6.242128153655102e-05	0
810	24944.43798303604	0.32437979998130434	1.6527802377319656e-05	0
811	24978.425713539124	0.324537313781635	0.00015751380033063311	0
812	25012.497419834137	0.324537313781635	0.0	1
813	25046.48660159111	0.324537313781635	0.0	2
814	25080.46649622917	0.3246043474731373	6.70336915023495e-05	0
815	25114.52874803543	0.3246043474731373	0.0	1
816	25148.664665699005	0.3246043474731373	0.0	2
817	25182.769921064377	0.3246060386901247	1.6912169873983807e-06	0
818	25216.718383550644	0.3246060386901247	0.0	1
819	25250.720169067383	0.3246826815690557	7.664287893099919e-05	0
820	25284.80064535141	0.3246826815690557	0.0	1
821	25318.777920484543	0.3246826815690557	0.0	2
822	25352.81788253784	0.3247678574064234	8.51758373676681e-05	0
823	25386.71021771431	0.3247678574064234	0.0	1
824	25420.683837652206	0.3247678574064234	0.0	2
825	25454.69713330269	0.3247678574064234	0.0	3
826	25488.80134344101	0.3247678574064234	0.0	4
827	25522.72640323639	0.3248126746565907	4.481725016730609e-05	0
828	25556.7747194767	0.3248126746565907	0.0	1
829	25590.805733919144	0.3248126746565907	0.0	2
830	25624.835016965866	0.3251057164364151	0.00029304177982442114	0
831	25658.882571220398	0.3251057164364151	0.0	1
832	25692.924312353134	0.3251057164364151	0.0	2
833	25726.997816324234	0.3251057164364151	0.0	3
834	25761.029237508774	0.32511724746132953	1.1531024914412935e-05	0
835	25795.036541700363	0.3252116865553784	9.443909404888151e-05	0
836	25828.994977235794	0.3252116865553784	0.0	1
837	25863.013383626938	0.3252116865553784	0.0	2
838	25897.065061092377	0.3252116865553784	0.0	3
839	25930.979917287827	0.3252116865553784	0.0	4
840	25965.004464626312	0.32531923258108	0.0001075460257015659	0
841	25998.959376096725	0.32531923258108	0.0	1
842	26032.907890319824	0.3253358756937064	1.6643112626446577e-05	0
843	26066.85348391533	0.3253358756937064	0.0	1
844	26100.91263985634	0.3253358756937064	0.0	2
845	26134.882673740387	0.3253785404858897	4.2664792183289e-05	0
846	26168.857333660126	0.3255172587156098	0.00013871822972011394	0
847	26202.783098459244	0.32554977620586845	3.251749025862116e-05	0
848	26236.768872499466	0.32554977620586845	0.0	1
849	26270.817793130875	0.3255718004634549	2.2024257586461538e-05	0
850	26304.816360235214	0.3255718004634549	0.0	1
851	26338.809648036957	0.32558682923259336	1.502876913844764e-05	0
852	26372.93107318878	0.3255872520368402	4.228042468357174e-07	1
853	26406.97389960289	0.3256136580838942	2.6406047054006176e-05	0
854	26440.991441249847	0.3256136580838942	0.0	1
855	26474.976304769516	0.3256136580838942	0.0	2
856	26509.005669116974	0.32562926340427834	1.5605320384137755e-05	0
857	26542.91014933586	0.32589228608257564	0.00026302267829730885	0
858	26577.070853948593	0.32592376578059196	3.147969801631234e-05	0
859	26610.986344575882	0.32592376578059196	0.0	1
860	26644.98742198944	0.32592376578059196	0.0	2
861	26678.981600284576	0.32592376578059196	0.0	3
862	26712.95575761795	0.32592376578059196	0.0	4
863	26746.892119646072	0.32594951840290076	2.5752622308805595e-05	0
864	26780.86212491989	0.3260197807813791	7.026237847834738e-05	0
865	26814.97626066208	0.3260197807813791	0.0	1
866	26848.92312145233	0.3260455334036879	2.5752622308805595e-05	0
867	26882.941636800766	0.3260455334036879	0.0	1
868	26917.011276483536	0.32609650053380956	5.096713012164855e-05	0
869	26950.949248552322	0.32609650053380956	0.0	1
870	26984.99549150467	0.32613585976551734	3.935923170778066e-05	0
871	27018.993203878403	0.3261894790313693	5.361926585195631e-05	0
872	27053.000340938568	0.3261894790313693	0.0	1
873	27087.005126714706	0.3261894790313693	0.0	2
874	27121.030359506607	0.32619805042655564	8.571395186340869e-06	0
875	27154.98605322838	0.32619939571279566	1.345286240017618e-06	0
876	27189.017073392868	0.32625658959637105	5.719388357539046e-05	0
877	27222.921026945114	0.32633761426476954	8.102466839848832e-05	0
878	27256.945270061493	0.32633761426476954	0.0	1
879	27290.98525762558	0.32633761426476954	0.0	2
880	27324.98947954178	0.32633761426476954	0.0	3
881	27358.863007307053	0.32633761426476954	0.0	4
882	27392.93393778801	0.3264155639931908	7.794972842128933e-05	0
883	27426.780012845993	0.3264155639931908	0.0	1
884	27460.735745429993	0.3264385876062699	2.3023613079098393e-05	0
885	27494.658778190613	0.326463494620085	2.490701381507865e-05	0
886	27528.616179943085	0.3265083887437517	4.489412366670553e-05	0
887	27562.515325069427	0.3265083887437517	0.0	1
888	27596.394066810608	0.3265083887437517	0.0	2
889	27630.28479528427	0.32654006062551655	3.1671881764838705e-05	0
890	27664.171837568283	0.32654006062551655	0.0	1
891	27698.208343982697	0.32654006062551655	0.0	2
892	27732.158849954605	0.3265797273512221	3.966672570554497e-05	0
893	27766.094518899918	0.3266345765930649	5.4849241842791496e-05	0
894	27800.134861707687	0.32682556880239694	0.00019099220933205263	0
895	27834.052667856216	0.32682556880239694	0.0	1
896	27868.00198841095	0.32705953329791	0.00023396449551305043	0
897	27901.85095691681	0.32705953329791	0.0	1
898	27935.79869222641	0.32706964216308493	1.0108865174940362e-05	0
899	27969.81934118271	0.3270775601335262	7.91797044125131e-06	0
900	28003.65338397026	0.3270775601335262	0.0	1
901	28037.683629989624	0.3271188796394694	4.131950594321587e-05	0
902	28071.772087335587	0.3271292959986421	1.041635917270467e-05	0
903	28105.81684088707	0.32719671405764156	6.741805899945774e-05	0
904	28139.806606292725	0.32719671405764156	0.0	1
905	28173.59475183487	0.32719671405764156	0.0	2
906	28207.49552464485	0.3271986358951273	1.9218374857632448e-06	0
907	28241.402730703354	0.3271986358951273	0.0	1
908	28275.315470457077	0.3271986358951273	0.0	2
909	28309.29054570198	0.3271986358951273	0.0	3
910	28343.248846054077	0.3276012608483882	0.0004026249532608772	0
911	28377.13733458519	0.327627013470697	2.5752622308805595e-05	0
912	28411.076370477676	0.327627013470697	0.0	1
913	28445.130613803864	0.32770400228037544	7.698880967843547e-05	0
914	28478.949383735657	0.32770400228037544	0.0	1
915	28512.86140179634	0.3277505876210296	4.6585340654159424e-05	0
916	28546.70832800865	0.3277505876210296	0.0	1
917	28580.57840704918	0.327759428073464	8.840452434377699e-06	0
918	28614.417578458786	0.32776438641417716	4.958340713179243e-06	0
919	28648.341434955597	0.32776438641417716	0.0	1
920	28682.21932077408	0.3277668848029086	2.4983887314533604e-06	0
921	28716.073578834534	0.3278090499173456	4.216511443699833e-05	0
922	28750.00901699066	0.32781823630052737	9.186383181758462e-06	0
923	28783.837386369705	0.32784521889882706	2.6982598299696292e-05	0
924	28817.746259450912	0.32784521889882706	0.0	1
925	28851.703824281693	0.32784521889882706	0.0	2
926	28885.526305675507	0.3278894211609989	4.4202262171832984e-05	0
927	28919.39046883583	0.3278894211609989	0.0	1
928	28953.39133477211	0.3278894211609989	0.0	2
929	28987.327841997147	0.3278894211609989	0.0	3
930	29021.348196983337	0.3278909586309875	1.5374699885994936e-06	0
931	29055.273065328598	0.32793081754044157	3.9858909454071334e-05	0
932	29089.23267006874	0.32793081754044157	0.0	1
933	29123.095646619797	0.32793081754044157	0.0	2
934	29156.970947027206	0.3279571467139961	2.6329173554551222e-05	0
935	29190.892053604126	0.3279571467139961	0.0	1
936	29224.807574510574	0.3279571467139961	0.0	2
937	29258.76935863495	0.3279782869263392	2.1140212343062625e-05	0
938	29292.761481046677	0.3279782869263392	0.0	1
939	29326.533597946167	0.3279782869263392	0.0	2
940	29360.438878297806	0.32807637751161095	9.809058527177061e-05	0
941	29394.291726112366	0.32807637751161095	0.0	1
942	29428.1666328907	0.32807637751161095	0.0	2
943	29462.028345823288	0.3281919952547526	0.00011561774314167161	0
944	29496.019360542297	0.3281919952547526	0.0	1
945	29529.910536050797	0.3281919952547526	0.0	2
946	29563.915833234787	0.3281919952547526	0.0	3
947	29597.854031085968	0.32825164909030974	5.965383555711634e-05	0
948	29631.837456703186	0.32825164909030974	0.0	1
949	29665.720866441727	0.32825164909030974	0.0	2
950	29699.508912563324	0.3282776707698665	2.6021679556786914e-05	0
951	29733.28682899475	0.3282899705297752	1.2299759908684926e-05	0
952	29767.206829309464	0.3282899705297752	0.0	1
953	29801.113063573837	0.3282967738344747	6.8033046994875335e-06	0
954	29834.97202849388	0.32846724081945916	0.0001704669849844631	0
955	29868.899861097336	0.32846724081945916	0.0	1
956	29902.787325382233	0.32846724081945916	0.0	2
957	29936.67305612564	0.32846724081945916	0.0	3
958	29970.425063610077	0.32869232642578816	0.00022508560632900076	0
959	30004.29209470749	0.32976893978529537	0.0010766133595072058	0
960	30038.14965558052	0.32991561442220646	0.00014667463691109273	0
961	30071.97013616562	0.32991561442220646	0.0	1
962	30105.743101119995	0.33004180227151964	0.00012618784931317517	0
963	30139.57717204094	0.33004180227151964	0.0	1
964	30173.43929219246	0.33004180227151964	0.0	2
965	30207.237215042114	0.33004530001574367	3.4977442240347045e-06	0
966	30241.141422986984	0.3301061838272917	6.088381154800704e-05	0
967	30275.016887664795	0.3301061838272917	0.0	1
968	30308.91954779625	0.3301061838272917	0.0	2
969	30342.6324095726	0.33014308310701773	3.689927972605478e-05	0
970	30376.37148499489	0.33018328794721924	4.020484020150761e-05	0
971	30410.21655845642	0.3301886690921793	5.381144960070472e-06	0
972	30444.093093156815	0.3303250426801669	0.0001363735879875705	0
973	30477.910722732544	0.3303250426801669	0.0	1
974	30511.803559541702	0.3303250426801669	0.0	2
975	30545.748035907745	0.3303250426801669	0.0	3
976	30580.004339694977	0.33034372294052816	1.868026036128123e-05	0
977	30613.82988858223	0.33034372294052816	0.0	1
978	30647.672847747803	0.33034372294052816	0.0	2
979	30681.51407957077	0.33053317767987167	0.00018945473934350865	0
980	30715.380460977554	0.33053317767987167	0.0	1
981	30749.25998902321	0.33053317767987167	0.0	2
982	30783.17297267914	0.33053629105659854	3.1133767268709533e-06	0
983	30816.95082616806	0.33053629105659854	0.0	1
984	30850.89433145523	0.33053786696333687	1.575906738326971e-06	0
985	30884.719356298447	0.33053786696333687	0.0	1
986	30918.574775218964	0.33054732240376666	9.455440429795292e-06	0
987	30952.366999149323	0.33056438832063995	1.7065916873282294e-05	0
988	30986.275267362595	0.33061001274255125	4.562442191130556e-05	0
989	31019.99969983101	0.33061001274255125	0.0	1
990	31053.790209054947	0.33061001274255125	0.0	2
991	31087.66004562378	0.33061001274255125	0.0	3
992	31121.401510953903	0.3306408774525721	3.086471002083924e-05	0
993	31155.316385269165	0.3306408774525721	0.0	1
994	31189.12974023819	0.330719557479238	7.868002666588936e-05	0
995	31222.889758586884	0.330719557479238	0.0	1
996	31256.687739610672	0.33071994184673514	3.843674971637512e-07	2
997	31290.545499801636	0.33071994184673514	0.0	3
998	31324.36067056656	0.33071994184673514	0.0	4
999	31358.124540805817	0.33071994184673514	0.0	5
1000	31392.130044937134	0.33071994184673514	0.0	6
1001	31425.910229206085	0.3307287438624198	8.802015684650222e-06	0
1002	31459.875100135803	0.3307391217848427	1.0377922422921682e-05	0
1003	31493.69619321823	0.3307422735983193	3.1518134765984307e-06	0
1004	31527.544401407242	0.33111049766058565	0.0003682240622663313	0
1005	31561.302207946777	0.33111049766058565	0.0	1
1006	31595.14135313034	0.3311249883152281	1.449065464242949e-05	0
1007	31628.896456241608	0.3311323297344236	7.341419195505683e-06	0
1008	31662.719383955002	0.3312820408745621	0.00014971114013850872	0
1009	31696.545752048492	0.3312820408745621	0.0	1
1010	31730.406228780746	0.3312820408745621	0.0	2
1011	31764.254229545593	0.3312820408745621	0.0	3
1012	31798.002339839935	0.3313255897119888	4.3548837426687914e-05	0
1013	31831.734092473984	0.3313255897119888	0.0	1
1014	31865.6490046978	0.3313255897119888	0.0	2
1015	31899.497619390488	0.3313255897119888	0.0	3
1016	31933.422065734863	0.3313255897119888	0.0	4
1017	31967.10633945465	0.33133596763441175	1.0377922422977193e-05	0
1018	32000.778044223785	0.3313422328246152	6.265190203469384e-06	0
1019	32034.55708384514	0.33135560881351594	1.3375988900721225e-05	0
1020	32068.39322400093	0.3314798363885937	0.00012422757507773996	0
1021	32102.25836610794	0.3315255376840044	4.5701295410705e-05	0
1022	32136.02254629135	0.33156804872918877	4.251104518437909e-05	0
1023	32169.823934555054	0.33156804872918877	0.0	1
1024	32203.6675658226	0.3316163637235801	4.831499439134079e-05	0
1025	32237.46011543274	0.3316187083653127	2.344641732598962e-06	0
1026	32271.349704504013	0.3316187083653127	0.0	1
1027	32305.1812915802	0.33188476754683743	0.00026605918152472485	0
1028	32339.00640463829	0.33188476754683743	0.0	1
1029	32372.869616270065	0.33188476754683743	0.0	2
1030	32406.62342619896	0.33188476754683743	0.0	3
1031	32440.354091644287	0.33188476754683743	0.0	4
1032	32474.14457464218	0.33188476754683743	0.0	5
1033	32507.905244588852	0.33189791291523985	1.3145368402411872e-05	0
1034	32541.682136535645	0.33189791291523985	0.0	1
1035	32575.521850585938	0.33189791291523985	0.0	2
1036	32609.18798494339	0.33189791291523985	0.0	3
1037	32642.90775823593	0.33194038552367455	4.2472608434707126e-05	0
1038	32676.65223789215	0.33194038552367455	0.0	1
1039	32710.502595186234	0.3319488800453615	8.494521686941425e-06	0
1040	32744.35277581215	0.3319488800453615	0.0	1
1041	32778.106108903885	0.3319488800453615	0.0	2
1042	32811.980050086975	0.3319488800453615	0.0	3
1043	32845.712311029434	0.3319488800453615	0.0	4
1044	32879.63972234726	0.33198789334632184	3.901330096034439e-05	0
1045	32913.50159192085	0.33198789334632184	0.0	1
1046	32947.312761068344	0.33198789334632184	0.0	2
1047	32981.130177497864	0.33200430583845003	1.6412492128192735e-05	0
1048	33014.89551782608	0.33207994936188845	7.564352343841785e-05	0
1049	33048.72203063965	0.33238313844363754	0.000303189081749089	0
1050	33082.51841521263	0.33258600760863144	0.00020286916499390184	0
1051	33116.348044633865	0.33258600760863144	0.0	1
1052	33150.211874723434	0.33258600760863144	0.0	2
1053	33183.92403507233	0.33258600760863144	0.0	3
1054	33217.69746351242	0.33259934516078243	1.3337552150993748e-05	0
1055	33251.46058821678	0.33259934516078243	0.0	1
1056	33285.29621529579	0.33259934516078243	0.0	2
1057	33319.08039474487	0.3326043035014956	4.958340713179243e-06	0
1058	33352.823914289474	0.33267110657249965	6.680307100404015e-05	0
1059	33386.598001241684	0.33267110657249965	0.0	1
1060	33420.38487267494	0.3326880571791238	1.6950606624155373e-05	0
1061	33454.10200715065	0.3326880571791238	0.0	1
1062	33487.900572776794	0.33286217565533116	0.0001741184762073522	0
1063	33521.665768146515	0.33286217565533116	0.0	1
1064	33555.48973488808	0.33286217565533116	0.0	2
1065	33589.23642921448	0.33286217565533116	0.0	3
1066	33623.121869802475	0.33328075185972367	0.00041857620439250676	0
1067	33656.894099235535	0.33328075185972367	0.0	1
1068	33690.78764820099	0.33328075185972367	0.0	2
1069	33724.70242977142	0.33328075185972367	0.0	3
1070	33758.400374889374	0.33328075185972367	0.0	4
1071	33792.21904087067	0.3333490924007163	6.834054099263964e-05	0
1072	33826.017706632614	0.3333540507414295	4.958340713179243e-06	0
1073	33859.86450982094	0.3333540507414295	0.0	1
1074	33893.77691936493	0.33336592769709134	1.1876955661849209e-05	0
1075	33927.60582661629	0.333377958399752	1.2030702660648096e-05	0
1076	33961.40156912804	0.333377958399752	0.0	1
1077	33995.123227119446	0.3334247359241547	4.67775244027413e-05	0
1078	34028.948772192	0.33348116107273584	5.642514858111847e-05	0
1079	34062.728099823	0.33348615785019875	4.996777462906721e-06	0
1080	34096.57227611542	0.3335051456045578	1.898775435904554e-05	0
1081	34130.36555099487	0.3335051456045578	0.0	1
1082	34164.15045642853	0.33355964891565315	5.450331109535522e-05	0
1083	34198.014395952225	0.33360146809934266	4.1819183689506545e-05	0
1084	34231.85499668121	0.33360146809934266	0.0	1
1085	34265.59890937805	0.333681839342996	8.037124365334325e-05	0
1086	34299.390520095825	0.333737611066832	5.57717238359734e-05	0
1087	34333.108180999756	0.333737611066832	0.0	1
1088	34366.831179142	0.3337411856845554	3.574617723434148e-06	0
1089	34400.56193733215	0.3337411856845554	0.0	1
1090	34434.29723453522	0.3337411856845554	0.0	2
1091	34468.062062978745	0.33374856554050064	7.37985594523316e-06	0
1092	34501.83530187607	0.33378853976020384	3.9974219703198255e-05	0
1093	34535.59797692299	0.33378853976020384	0.0	1
1094	34569.38281297684	0.33378853976020384	0.0	2
1095	34603.13954114914	0.3338377387998386	4.9199039634739705e-05	0
1096	34636.9929625988	0.33405471425197775	0.00021697545213916758	0
1097	34670.67433786392	0.33405471425197775	0.0	1
1098	34704.43494486809	0.33405471425197775	0.0	2
1099	34738.16817355156	0.33405471425197775	0.0	3
1100	34771.923060417175	0.33405471425197775	0.0	4
1101	34805.68385887146	0.33412670628419333	7.199203221558426e-05	0
1102	34839.53677082062	0.33412670628419333	0.0	1
1103	34873.3164396286	0.33412670628419333	0.0	2
1104	34907.071338415146	0.3341535351354941	2.6828851300786383e-05	0
1105	34940.66237330437	0.3341535351354941	0.0	1
1106	34974.57142663002	0.3341535351354941	0.0	2
1107	35008.37172603607	0.3341535351354941	0.0	3
1108	35042.167075634	0.3341535351354941	0.0	4
1109	35075.87038898468	0.3341883588307356	3.482369524149265e-05	0
1110	35109.732167482376	0.3341883588307356	0.0	1
