1	10.289502143859863	0.08730761063291624	10000000000.087307	0
2	17.582163333892822	0.09014215094938564	0.0028345403164694027	0
3	25.250364780426025	0.09806088982773709	0.007918738878351442	0
4	33.01186227798462	0.09806088982773709	0.0	1
5	41.350942611694336	0.09806088982773709	0.0	2
6	49.63207221031189	0.10844805499422633	0.010387165166489243	0
7	58.09225797653198	0.10864653378105604	0.00019847878682971443	0
8	66.59938287734985	0.10864653378105604	0.0	1
9	75.2339677810669	0.12878632930905384	0.0201397955279978	0
10	83.75512790679932	0.12878632930905384	0.0	1
11	92.85646796226501	0.12878632930905384	0.0	2
12	102.1511082649231	0.12878632930905384	0.0	3
13	111.49754357337952	0.134210969779563	0.005424640470509168	0
14	120.94825291633606	0.1372546312715385	0.003043661491975491	0
15	130.77942371368408	0.14196626694042744	0.004711635668888936	0
16	141.07679104804993	0.14196626694042744	0.0	1
17	151.194331407547	0.14196626694042744	0.0	2
18	161.27013731002808	0.14196626694042744	0.0	3
19	171.63944840431213	0.14422904316327312	0.0022627762228456805	0
20	181.79230380058289	0.1561998891500072	0.011970845986734091	0
21	191.8212559223175	0.1561998891500072	0.0	1
22	201.84241127967834	0.1561998891500072	0.0	2
23	211.90294194221497	0.1580334106163395	0.001833521466332283	0
24	221.98889470100403	0.1580334106163395	0.0	1
25	231.88680171966553	0.1580334106163395	0.0	2
26	241.5669960975647	0.1580334106163395	0.0	3
27	251.20270538330078	0.1580334106163395	0.0	4
28	261.0866882801056	0.1690702724677035	0.011036861851364016	0
29	270.9762074947357	0.1690702724677035	0.0	1
30	280.95468258857727	0.1690702724677035	0.0	2
31	291.01095032691956	0.1690702724677035	0.0	3
32	300.9420986175537	0.1690702724677035	0.0	4
33	310.83817768096924	0.1690702724677035	0.0	5
34	320.65153527259827	0.1690702724677035	0.0	6
35	330.70489525794983	0.1690702724677035	0.0	7
36	340.78647351264954	0.17135234242498737	0.002282069957283861	0
37	350.7883024215698	0.17135234242498737	0.0	1
38	361.0394494533539	0.17465049620313403	0.0032981537781466563	0
39	371.14091062545776	0.17636899529648709	0.0017184990933530597	0
40	381.23243498802185	0.17806421856957275	0.001695223273085661	0
41	391.3193576335907	0.17806421856957275	0.0	1
42	401.43967390060425	0.17806421856957275	0.0	2
43	411.4142279624939	0.17806421856957275	0.0	3
44	421.471227645874	0.17806421856957275	0.0	4
45	431.6859152317047	0.17896034645979178	0.0008961278902190339	0
46	441.9724278450012	0.1790422258971745	8.18794373827203e-05	0
47	452.3107097148895	0.18013136161117024	0.0010891357139957425	0
48	462.7269492149353	0.18013136161117024	0.0	1
49	472.92848801612854	0.18013136161117024	0.0	2
50	483.2068474292755	0.18013136161117024	0.0	3
51	493.66867208480835	0.18383411997735638	0.0037027583661861374	0
52	503.87629437446594	0.18645655255394775	0.002622432576591366	0
53	514.1104409694672	0.18645655255394775	0.0	1
54	524.2137503623962	0.18645655255394775	0.0	2
55	534.326404094696	0.18737845828296407	0.0009219057290163202	0
56	544.5131714344025	0.18737845828296407	0.0	1
57	554.6336925029755	0.18776052708438581	0.0003820688014217477	0
58	564.5664391517639	0.1901093234090827	0.0023487963246968946	0
59	574.761883020401	0.1901093234090827	0.0	1
60	584.8651056289673	0.1901093234090827	0.0	2
61	594.7333383560181	0.1901093234090827	0.0	3
62	604.6266746520996	0.19195713457279337	0.001847811163710661	0
63	614.5262217521667	0.19207090593650764	0.00011377136371426566	0
64	624.5442371368408	0.19242721451898095	0.0003563085824733192	0
65	634.5021359920502	0.19625334706647843	0.003826132547497474	0
66	644.5306057929993	0.19625334706647843	0.0	1
67	654.4434111118317	0.19625334706647843	0.0	2
68	664.3538846969604	0.1992509767034588	0.002997629636980359	0
69	674.1891577243805	0.1992509767034588	0.0	1
70	683.8999247550964	0.1992509767034588	0.0	2
71	693.7725832462311	0.1992509767034588	0.0	3
72	703.5316812992096	0.20000739681252705	0.0007564201090682621	0
73	713.5240778923035	0.20018689021227265	0.00017949339974560052	0
74	723.3623950481415	0.20142709850989643	0.0012402082976237794	0
75	733.3228607177734	0.20404831531692047	0.0026212168070240405	0
76	743.0417082309723	0.2040522621630521	3.946846131641646e-06	0
77	752.8630814552307	0.2061498170636818	0.0020975549006296834	0
78	762.4855408668518	0.2061498170636818	0.0	1
79	772.2794330120087	0.2061498170636818	0.0	2
80	781.9781000614166	0.2061498170636818	0.0	3
81	791.5988392829895	0.2072979792711641	0.0011481622074823172	0
82	801.3005225658417	0.2090222048153778	0.0017242255442136978	0
83	811.0433838367462	0.21100900134643835	0.0019867965310605418	0
84	820.7892904281616	0.2121905531674004	0.0011815518209620512	0
85	830.5346744060516	0.21274512028859338	0.0005545671211929781	0
86	840.18599152565	0.21274512028859338	0.0	1
87	849.7446987628937	0.21274512028859338	0.0	2
88	859.4856452941895	0.21274512028859338	0.0	3
89	869.2823557853699	0.2154144921423932	0.0026693718537998123	0
90	878.9695026874542	0.2154144921423932	0.0	1
91	888.6603140830994	0.21875814037014651	0.003343648227753321	0
92	898.4414842128754	0.21875814037014651	0.0	1
93	908.1525852680206	0.21875814037014651	0.0	2
94	917.8320195674896	0.21875814037014651	0.0	3
95	927.3633460998535	0.21919264584160292	0.0004345054714564034	0
96	936.8800303936005	0.21932891775223728	0.00013627191063436683	0
97	946.5791184902191	0.22004095346217342	0.0007120357099361374	0
98	956.1967520713806	0.22004095346217342	0.0	1
99	965.9744930267334	0.22004095346217342	0.0	2
100	975.7098262310028	0.22061351044899322	0.0005725569868197944	0
101	985.2118525505066	0.2219606712288449	0.0013471607798516971	0
102	994.9650504589081	0.2219606712288449	0.0	1
103	1004.5320613384247	0.22246997295846566	0.0005093017296207425	0
104	1014.3274252414703	0.22475817462313258	0.0022882016646669223	0
105	1024.0177028179169	0.22512900196101868	0.00037082733788609823	0
106	1033.7062394618988	0.22641836963679993	0.00128936767578125	0
107	1043.3202896118164	0.22912373884170215	0.0027053692049022193	0
108	1053.0108325481415	0.2293397053284678	0.00021596648676566743	0
109	1062.4674310684204	0.23192066078097937	0.002580955452511552	0
110	1071.9489092826843	0.23192066078097937	0.0	1
111	1081.5553748607635	0.2342601538255088	0.0023394930445294337	0
112	1090.7822239398956	0.2342601538255088	0.0	1
113	1100.0833058357239	0.2342601538255088	0.0	2
114	1109.5355484485626	0.2342601538255088	0.0	3
115	1118.7392003536224	0.23489941955989282	0.0006392657343840258	0
116	1128.070687532425	0.23530823529179598	0.000408815731903156	0
117	1137.3801002502441	0.23530823529179598	0.0	1
118	1146.528974533081	0.238606265731001	0.003298030439205013	0
119	1155.842796087265	0.238606265731001	0.0	1
120	1165.0484564304352	0.238606265731001	0.0	2
121	1174.3016760349274	0.238606265731001	0.0	3
122	1183.6194913387299	0.2392830088837868	0.0006767431527858192	0
123	1192.8448395729065	0.23951425177946375	0.0002312428956769419	0
124	1202.172328710556	0.2417951588267267	0.0022809070472629422	0
125	1211.3107368946075	0.2417951588267267	0.0	1
126	1220.596070766449	0.2417951588267267	0.0	2
127	1229.7620759010315	0.2417951588267267	0.0	3
128	1238.9944581985474	0.2422612038275386	0.00046604500081190436	0
129	1248.2461564540863	0.2431282237275368	0.0008670198999982115	0
130	1257.523680448532	0.24485318930540018	0.0017249655778633632	0
131	1266.726063489914	0.24485318930540018	0.0	1
132	1275.9476821422577	0.24485318930540018	0.0	2
133	1285.124924659729	0.24490400494934506	5.081564394487925e-05	0
134	1294.133773803711	0.2449225057905871	1.8500841242052868e-05	0
135	1303.3367733955383	0.24561040230766454	0.0006878965170774298	0
136	1312.3177073001862	0.24811087029084872	0.002500467983184179	0
137	1321.5517928600311	0.24838759001628355	0.0002767197254348319	0
138	1330.7445244789124	0.24838759001628355	0.0	1
139	1339.9486558437347	0.24854445953016743	0.00015686951388388382	0
140	1349.2067503929138	0.24854445953016743	0.0	1
141	1358.3741071224213	0.25054008360547775	0.001995624075310315	0
142	1367.6013867855072	0.25181634211375037	0.0012762585082726208	0
143	1376.6272814273834	0.2521487405613994	0.0003323984476490405	0
144	1385.6880161762238	0.2521487405613994	0.0	1
145	1394.709067106247	0.2529449991486089	0.0007962585872094974	0
146	1403.5238530635834	0.2529449991486089	0.0	1
147	1412.479636669159	0.25586617626163755	0.002921177113028639	0
148	1421.483008146286	0.25586617626163755	0.0	1
149	1430.734052181244	0.25586617626163755	0.0	2
150	1439.906105041504	0.25721710768913286	0.0013509314274953166	0
151	1448.8448283672333	0.25721710768913286	0.0	1
152	1458.0112855434418	0.25721710768913286	0.0	2
153	1467.0640709400177	0.25721710768913286	0.0	3
154	1476.3450853824615	0.25721710768913286	0.0	4
155	1485.6154613494873	0.25854610240486975	0.0013289947157368864	0
156	1494.872351884842	0.25854610240486975	0.0	1
157	1504.0704081058502	0.2585617664504547	1.5664045584951047e-05	0
158	1512.990549325943	0.2613563449498412	0.002794578499386524	0
159	1521.8410217761993	0.2613563449498412	0.0	1
160	1530.788004398346	0.2613563449498412	0.0	2
161	1539.9980301856995	0.2620732613578955	0.0007169164080542689	0
162	1548.9524910449982	0.2620732613578955	0.0	1
163	1557.91951918602	0.2620732613578955	0.0	2
164	1566.9237234592438	0.2620732613578955	0.0	3
165	1575.8028054237366	0.2620732613578955	0.0	4
166	1584.7911744117737	0.26321458706404266	0.001141325706147167	0
167	1593.9511806964874	0.26321458706404266	0.0	1
168	1602.8737001419067	0.26321458706404266	0.0	2
169	1611.7528321743011	0.2636064172617007	0.0003918301976580385	0
170	1621.0768702030182	0.26438798089500937	0.0007815636333086684	0
171	1630.2908504009247	0.26438798089500937	0.0	1
172	1639.4647462368011	0.2648713285873448	0.00048334769233543406	0
173	1648.6503460407257	0.2656548656437193	0.000783537056374517	0
174	1657.870274066925	0.2663035756170612	0.0006487099733418766	0
175	1666.9955401420593	0.2663035756170612	0.0	1
176	1676.1800911426544	0.2668500552276541	0.0005464796105928982	0
177	1685.370189666748	0.2668500552276541	0.0	1
178	1694.5984225273132	0.26811325742796444	0.0012632022003103427	0
179	1703.7405951023102	0.26811325742796444	0.0	1
180	1712.8147614002228	0.26811325742796444	0.0	2
181	1721.8182680606842	0.26811325742796444	0.0	3
182	1730.7499759197235	0.26860960856871574	0.0004963511407513055	0
183	1739.5301053524017	0.26860960856871574	0.0	1
184	1748.3357388973236	0.26894107316437826	0.00033146459566252284	0
185	1757.2472994327545	0.26955871934428227	0.0006176461799040078	0
186	1765.986831188202	0.26955871934428227	0.0	1
187	1774.8918306827545	0.26955871934428227	0.0	2
188	1783.8835487365723	0.2700153201061363	0.0004566007618540535	0
189	1792.7774920463562	0.271549145564196	0.00153382545805969	0
190	1801.4794874191284	0.271549145564196	0.0	1
