1	4.009447813034058	0.037504039538436805	10000000000.037504	0
2	6.969948053359985	0.07517211598693543	0.03766807644849863	0
3	10.11139965057373	0.08068919177424053	0.005517075787305092	0
4	13.174161434173584	0.08830441722880432	0.007615225454563793	0
5	16.108425617218018	0.08871076449760103	0.00040634726879670846	0
6	19.224665880203247	0.09160863915411918	0.002897874656518154	0
7	22.343562602996826	0.10534505779000969	0.013736418635890507	0
8	25.51561403274536	0.10534505779000969	0.0	1
9	28.680108785629272	0.11214888397233691	0.006803826182327222	0
10	31.841247081756592	0.11214888397233691	0.0	1
11	35.00245118141174	0.11663864538400766	0.004489761411670748	0
12	38.176398038864136	0.11846618596027865	0.0018275405762709918	0
13	41.35196304321289	0.12273286888796942	0.004266682927690765	0
14	44.57104277610779	0.1300074057641516	0.0072745368761821805	0
15	47.76931667327881	0.13596778893563158	0.005960383171479983	0
16	50.95747971534729	0.13596778893563158	0.0	1
17	54.190998792648315	0.13596778893563158	0.0	2
18	57.40580487251282	0.13658128292451904	0.0006134939888874646	0
19	60.609968423843384	0.13775366702012018	0.0011723840956011367	0
20	63.80245065689087	0.14186068315043135	0.00410701613031117	0
21	67.05176663398743	0.14186068315043135	0.0	1
22	70.24928784370422	0.1430241017571277	0.0011634186066963592	0
23	73.5233724117279	0.14396484735421664	0.0009407455970889267	0
24	76.81296014785767	0.14567895647475895	0.0017141091205423176	0
25	80.0466058254242	0.15032149161947544	0.004642535144716492	0
26	83.3556272983551	0.15136169106961617	0.001040199450140722	0
27	86.64452171325684	0.15136169106961617	0.0	1
28	90.99725008010864	0.15287346847824207	0.0015117774086259028	0
29	95.32047176361084	0.15287346847824207	0.0	1
30	99.64595055580139	0.15521999372505882	0.0023465252468167497	0
31	102.89614796638489	0.15521999372505882	0.0	1
32	106.22102355957031	0.15556798084214685	0.00034798711708802776	0
33	109.52149724960327	0.1557489575704408	0.00018097672829395228	0
34	112.78588247299194	0.15783707174697822	0.0020881141765374256	0
35	116.09973740577698	0.16030745815144054	0.002470386404462316	0
36	119.38766980171204	0.16030745815144054	0.0	1
37	122.6539695262909	0.16030745815144054	0.0	2
38	125.99834442138672	0.16030745815144054	0.0	3
39	129.23650312423706	0.16070343766579395	0.0003959795143534117	0
40	132.54253721237183	0.16133806137476356	0.0006346237089696061	0
41	135.84990096092224	0.16254424626458988	0.0012061848898263228	0
42	139.16235303878784	0.16428806764610052	0.0017438213815106351	0
43	142.49929332733154	0.16428806764610052	0.0	1
44	145.86160516738892	0.16428806764610052	0.0	2
45	149.20999765396118	0.16428806764610052	0.0	3
46	152.56370425224304	0.1655431910400616	0.0012551233939610829	0
47	155.88284873962402	0.1655431910400616	0.0	1
48	159.27964401245117	0.16639488995966162	0.0008516989196000191	0
49	162.58547520637512	0.16944357292483622	0.003048682965174604	0
50	165.97581887245178	0.16944357292483622	0.0	1
51	169.31900238990784	0.16944357292483622	0.0	2
52	172.7034523487091	0.16944357292483622	0.0	3
53	176.08452153205872	0.16944357292483622	0.0	4
54	179.43888640403748	0.1709250298609349	0.0014814569360986907	0
55	182.77062892913818	0.1709250298609349	0.0	1
56	186.13608264923096	0.1715813351856604	0.0006563053247254924	0
57	189.4713900089264	0.1723118535837447	0.0007305183980843011	0
58	192.82365345954895	0.17354051977489504	0.001228666191150335	0
59	196.170645236969	0.17354051977489504	0.0	1
60	199.56904649734497	0.17354051977489504	0.0	2
61	202.87604475021362	0.17354051977489504	0.0	3
62	206.25680232048035	0.17483434344508328	0.0012938236701882377	0
63	209.61076474189758	0.17483434344508328	0.0	1
64	213.01795649528503	0.17483434344508328	0.0	2
65	216.36289024353027	0.17483434344508328	0.0	3
66	219.7346248626709	0.1757884809596443	0.0009541375145610265	0
67	223.12413263320923	0.1757884809596443	0.0	1
68	226.47956228256226	0.1757884809596443	0.0	2
69	229.86870884895325	0.1757884809596443	0.0	3
70	234.28515315055847	0.17703796150192033	0.001249480542276027	0
71	238.6779751777649	0.17703796150192033	0.0	1
72	243.15199494361877	0.17756130502197132	0.0005233435200509839	0
73	246.5407350063324	0.17756130502197132	0.0	1
74	249.90865683555603	0.17848263290188457	0.0009213278799132529	0
75	253.29356694221497	0.17891244699999423	0.00042981409810965987	0
76	256.68782591819763	0.17925124336463716	0.0003387963646429293	0
77	260.08521366119385	0.17968352409851332	0.0004322807338761614	0
78	263.495582818985	0.17968352409851332	0.0	1
79	266.91942858695984	0.17975982085962008	7.629676110676442e-05	0
80	270.3150975704193	0.18149685054539005	0.0017370296857699696	0
81	273.72193121910095	0.18149685054539005	0.0	1
82	277.09728741645813	0.18149685054539005	0.0	2
83	280.4915680885315	0.18209861956700382	0.0006017690216137683	0
84	283.8746728897095	0.18209861956700382	0.0	1
85	287.2498414516449	0.18260797422120087	0.0005093546541970473	0
86	290.59672832489014	0.18260797422120087	0.0	1
87	294.0078556537628	0.18331476110531233	0.0007067868841114655	0
88	297.4033203125	0.18331476110531233	0.0	1
89	300.76604413986206	0.18331476110531233	0.0	2
90	304.1364827156067	0.18391362422725596	0.0005988631219436269	0
91	307.4937403202057	0.18446028252373017	0.0005466582964742117	0
92	310.8354403972626	0.18446028252373017	0.0	1
93	314.2234172821045	0.18507403556568902	0.0006137530419588477	0
94	317.61216855049133	0.18554774226463025	0.00047370669894122863	0
95	321.017560005188	0.18554774226463025	0.0	1
96	324.39507150650024	0.18557189051615267	2.414825152241562e-05	0
97	327.801287651062	0.18609701361817219	0.0005251231020195202	0
98	331.19703936576843	0.18609701361817219	0.0	1
99	334.602632522583	0.1861457268587666	4.871324059441129e-05	0
100	337.98502111434937	0.18713128863720244	0.0009855617784358395	0
101	341.3627655506134	0.1874122373246909	0.00028094868748845814	0
102	344.7655141353607	0.1874122373246909	0.0	1
103	348.15179085731506	0.1877327760793908	0.000320538754699895	0
104	351.5977511405945	0.1883744280108184	0.0006416519314276226	0
105	354.9443323612213	0.18875909929544774	0.0003846712846293232	0
106	358.3675820827484	0.18882833404456542	6.92347491176859e-05	0
107	361.7377805709839	0.18882833404456542	0.0	1
108	365.13309621810913	0.1891734152619833	0.00034508121741788633	0
109	368.5267562866211	0.18925491561087146	8.150034888815272e-05	0
110	371.9205446243286	0.18968124938728317	0.00042633377641171366	0
111	375.34406781196594	0.18968124938728317	0.0	1
112	379.75132298469543	0.1897878215682091	0.00010657218092591236	0
113	384.2378304004669	0.19068272603484268	0.0008949044666335948	0
114	388.6678981781006	0.19068272603484268	0.0	1
115	392.0451753139496	0.19090416009497832	0.00022143406013563904	0
116	395.4488911628723	0.19090416009497832	0.0	1
117	398.84171199798584	0.19090416009497832	0.0	2
118	402.24825859069824	0.1913914501854009	0.0004872900904225874	0
119	405.6257429122925	0.1916884151106062	0.00029696492520528417	0
120	409.0503158569336	0.19201279460866857	0.00032437949806238264	0
121	412.39906120300293	0.19201279460866857	0.0	1
122	415.7930290699005	0.19201279460866857	0.0	2
123	419.1719923019409	0.19201279460866857	0.0	3
124	422.5804376602173	0.19288852914802085	0.0008757345393522742	0
125	425.9775986671448	0.19288852914802085	0.0	1
126	429.35705494880676	0.19342585027074877	0.0005373211227279184	0
127	432.7381739616394	0.19342585027074877	0.0	1
128	436.13922810554504	0.19408215559547426	0.0006563053247254924	0
129	439.53023290634155	0.19408215559547426	0.0	1
130	442.9314064979553	0.19408215559547426	0.0	2
131	446.33934569358826	0.19408215559547426	0.0	3
132	449.74742102622986	0.19448334996078612	0.0004011943653118577	0
133	453.10304379463196	0.19448334996078612	0.0	1
134	456.5236165523529	0.1945373456314011	5.399567061498134e-05	0
135	459.8885109424591	0.1945373456314011	0.0	1
136	463.2648684978485	0.1946911330503783	0.0001537874189772026	0
137	466.6646294593811	0.19480757177437028	0.00011643872399197397	0
138	470.0702168941498	0.19517265639416867	0.0003650846197983948	0
139	473.4427194595337	0.195301281875692	0.0001286254815233423	0
140	476.85594177246094	0.19630237557523297	0.0010010936995409614	0
141	480.279025554657	0.19630237557523297	0.0	1
142	483.7709901332855	0.19630237557523297	0.0	2
143	487.15322613716125	0.1966160550551301	0.0003136794798971332	0
144	490.59084391593933	0.19692743684691594	0.0003113817917858308	0
145	493.96283769607544	0.19780314885991418	0.0008757120129982421	0
146	497.3670036792755	0.19780314885991418	0.0	1
147	500.7574863433838	0.1987868071614343	0.0009836583015201128	0
148	504.18667006492615	0.1987868071614343	0.0	1
149	507.58909583091736	0.1987868071614343	0.0	2
150	510.95832991600037	0.19917025075976888	0.0003834435983345874	0
151	514.35005402565	0.19917025075976888	0.0	1
152	517.7477738857269	0.19917135455111645	1.103791347573102e-06	0
153	521.143682718277	0.1993248941801993	0.00015353962908284946	0
154	525.6159460544586	0.1998693786835094	0.0005444845033100998	0
155	530.0669205188751	0.19991267433595913	4.329565244973188e-05	0
156	534.5829846858978	0.20004954446305823	0.0001368701270990924	0
157	537.9873371124268	0.2002601883996125	0.00021064393655426117	0
158	541.4159083366394	0.2002601883996125	0.0	1
159	544.8303551673889	0.2002817461204212	2.1557720808723646e-05	0
160	548.2422595024109	0.20035241129301992	7.066517259871063e-05	0
161	551.6577365398407	0.20068397669801855	0.00033156540499862386	0
162	555.1053235530853	0.20088403324817772	0.00020005655015917223	0
163	558.5081164836884	0.20088403324817772	0.0	1
164	561.9359614849091	0.20088403324817772	0.0	2
165	565.3604302406311	0.20121451738818277	0.0003304841400050551	0
166	568.7849831581116	0.20133640748985052	0.00012189010166774317	0
167	572.2094609737396	0.20160453868189473	0.00026813119204421865	0
168	575.6172640323639	0.2017054792743126	0.00010094059241785858	0
169	579.0584335327148	0.2017054792743126	0.0	1
170	582.517561674118	0.20176787727498155	6.239800066895618e-05	0
171	585.9259569644928	0.20214719855052823	0.0003793212755466846	0
172	589.3653106689453	0.20250579558036538	0.0003585970298371488	0
173	592.8166909217834	0.20250579558036538	0.0	1
174	596.3216059207916	0.20250579558036538	0.0	2
175	599.7510256767273	0.20298330923313804	0.00047751365277265423	0
176	603.1934132575989	0.20298330923313804	0.0	1
177	606.6082866191864	0.20298330923313804	0.0	2
178	610.0763158798218	0.20304681102515454	6.350179201650152e-05	0
179	613.5244281291962	0.20304681102515454	0.0	1
180	616.9485120773315	0.20304681102515454	0.0	2
181	620.3846487998962	0.20336812693906856	0.0003213159139140165	0
182	623.816742181778	0.20336812693906856	0.0	1
183	627.2432851791382	0.2035105160229055	0.00014238908383695792	0
184	630.6665594577789	0.20397273428129037	0.00046221825838485553	0
185	634.1111130714417	0.20397273428129037	0.0	1
186	637.5787529945374	0.20397273428129037	0.0	2
187	641.0065994262695	0.20425440381210785	0.00028166953081748547	0
188	644.4178471565247	0.20462347559656993	0.0003690717844620772	0
189	647.8566899299622	0.20462347559656993	0.0	1
190	651.2892348766327	0.20462347559656993	0.0	2
191	654.6935040950775	0.20462347559656993	0.0	3
192	658.1092844009399	0.20472403324096927	0.00010055764439934056	0
193	661.5427701473236	0.20517708327326306	0.00045305003229378915	0
194	664.9505596160889	0.20517708327326306	0.0	1
195	668.3674511909485	0.2054868656939126	0.0003097824206495514	0
196	672.8644132614136	0.20555870223692102	7.18365430084078e-05	0
197	677.376297712326	0.20555870223692102	0.0	1
198	681.8915717601776	0.20555870223692102	0.0	2
199	685.2542791366577	0.2055845174386418	2.5815201720791325e-05	0
200	688.6707594394684	0.2059395553045419	0.00035503786590007635	0
201	692.0829501152039	0.2063341269217683	0.0003945716172264191	0
202	695.4937424659729	0.2063341269217683	0.0	1
203	698.9120142459869	0.2063341269217683	0.0	2
204	702.3293788433075	0.20638577985156395	5.165292979564251e-05	0
205	705.751752614975	0.20638577985156395	0.0	1
206	709.1980073451996	0.2064283997133927	4.2619861828741e-05	0
207	712.6375007629395	0.20687539015645184	0.00044699044305915314	0
208	716.0404121875763	0.20687539015645184	0.0	1
209	719.4773235321045	0.20705992604868287	0.00018453589223102473	0
210	722.8753046989441	0.2071317175389832	7.17914903003436e-05	0
211	726.2815165519714	0.2072542609049179	0.0001225433659346742	0
212	729.7307453155518	0.20778993760380143	0.0005356766988835471	0
213	733.1817474365234	0.20778993760380143	0.0	1
214	736.5879521369934	0.2081590093882635	0.0003690717844620772	0
215	740.0155794620514	0.20834282443716554	0.00018381504890202516	0
216	743.455911397934	0.20834282443716554	0.0	1
217	746.862832069397	0.20834282443716554	0.0	2
218	750.2783319950104	0.2084578440008535	0.00011501956368795141	0
219	753.7214307785034	0.20851429504405794	5.645104320445293e-05	0
220	757.1420044898987	0.20856579028937536	5.149524531741778e-05	0
221	760.6106281280518	0.20859392570556146	2.813541618609805e-05	0
222	764.0247421264648	0.20891274119417788	0.00031881548861642517	0
223	767.4468040466309	0.20891274119417788	0.0	1
224	770.8540053367615	0.20891274119417788	0.0	2
225	774.2786364555359	0.20892062541808912	7.884223911236443e-06	0
226	777.6864485740662	0.20931235871470752	0.00039173329661840173	0
227	781.1438145637512	0.20931580524687443	3.446532166911931e-06	0
228	784.5461187362671	0.20953687888534556	0.00022107363847112538	0
229	787.9905872344971	0.20980737534456312	0.0002704964592175618	0
230	791.4112577438354	0.20986725039358045	5.987504901733276e-05	0
231	794.8685836791992	0.21021746761971766	0.00035021722613720607	0
232	798.2841718196869	0.21021746761971766	0.0	1
233	801.7545549869537	0.21021746761971766	0.0	2
234	805.1587209701538	0.2104020035119487	0.0001845358922310525	0
235	808.6009798049927	0.2106867591532686	0.00028475564131988373	0
236	812.0274882316589	0.21075967696127054	7.29178080019488e-05	0
237	815.4634935855865	0.21084052404589176	8.08470846212217e-05	0
238	819.9167053699493	0.2117480657971374	0.000907541751245633	0
239	824.4162521362305	0.2117480657971374	0.0	1
240	828.9459419250488	0.2117480657971374	0.0	2
241	832.3571989536285	0.21191597724009273	0.0001679114429553319	0
242	835.8089463710785	0.21191597724009273	0.0	1
243	839.2346425056458	0.21233726511320122	0.0004212878731084946	0
244	842.6640515327454	0.21233726511320122	0.0	1
245	846.0988855361938	0.21265572018015316	0.00031845506695193926	0
246	849.6049013137817	0.2128666344329558	0.00021091425280264642	0
247	853.0335228443146	0.2132625801577782	0.00039594572482237744	0
248	856.5126187801361	0.2132625801577782	0.0	1
249	859.9429519176483	0.2132625801577782	0.0	2
250	863.4068927764893	0.21370999860156395	0.0004474184437857631	0
251	866.8649938106537	0.21370999860156395	0.0	1
252	870.3114144802094	0.21380368570798347	9.368710641952105e-05	0
253	873.7469284534454	0.21403784715814725	0.00023416145016377787	0
254	877.2020103931427	0.21463267806271913	0.0005948309045718803	0
255	880.6454720497131	0.21510510075948053	0.0004724226967613987	0
256	884.0945620536804	0.21510510075948053	0.0	1
257	887.5510809421539	0.2151071957104055	2.0949509249856835e-06	0
258	891.017397403717	0.21530371562298165	0.00019651991257613188	0
259	894.468492269516	0.21530371562298165	0.0	1
260	897.9168655872345	0.21530371562298165	0.0	2
261	901.375522851944	0.21548825151521267	0.00018453589223102473	0
262	904.829891204834	0.21548825151521267	0.0	1
263	908.23841547966	0.21552309978490036	3.4848269687692834e-05	0
264	911.7093713283539	0.2160850196862313	0.0005619199013309484	0
265	915.1420154571533	0.2160850196862313	0.0	1
266	918.6509523391724	0.2166113930008996	0.0005263733146682881	0
267	922.0871489048004	0.2166113930008996	0.0	1
268	925.5626609325409	0.2170055140910454	0.00039412109014580476	0
269	929.0106551647186	0.2170055140910454	0.0	1
270	932.4664282798767	0.2170055140910454	0.0	2
271	935.8994941711426	0.2170055140910454	0.0	3
272	939.3617563247681	0.2170055140910454	0.0	4
273	942.8141283988953	0.2170055140910454	0.0	5
274	946.292284488678	0.21719004998327643	0.00018453589223102473	0
275	949.7796583175659	0.21719004998327643	0.0	1
276	953.242137670517	0.21719004998327643	0.0	2
277	956.7170071601868	0.2173498969914883	0.00015984700821186637	0
278	960.184229850769	0.21741378173152334	6.38847400350473e-05	0
279	963.6218204498291	0.21741378173152334	0.0	1
280	968.1166522502899	0.21741378173152334	0.0	2
281	972.6412360668182	0.21741378173152334	0.0	3
282	977.2409155368805	0.2175983176237544	0.0001845358922310525	0
283	980.7022376060486	0.2175983176237544	0.0	1
284	984.1951375007629	0.21774365765996956	0.00014534003621516356	0
285	987.6666345596313	0.2181519253004475	0.0004082676404779384	0
286	991.174821138382	0.2181519253004475	0.0	1
287	994.6198108196259	0.2181519253004475	0.0	2
288	998.0558223724365	0.21831274094188272	0.0001608156414352191	0
289	1001.4905812740326	0.21831274094188272	0.0	1
290	1004.9739382266998	0.21831274094188272	0.0	2
291	1008.4076471328735	0.21860215953848727	0.00028941859660455704	0
292	1011.8863744735718	0.21860215953848727	0.0	1
293	1015.3436336517334	0.2186794925118795	7.733297339221346e-05	0
294	1018.8393733501434	0.2187502027371863	7.07102253068026e-05	0
295	1022.2879550457001	0.2187502027371863	0.0	1
296	1025.808794260025	0.2187502027371863	0.0	2
297	1029.299069404602	0.2187502027371863	0.0	3
298	1032.8067190647125	0.21893473862941734	0.0001845358922310525	0
299	1036.3006916046143	0.21893473862941734	0.0	1
300	1039.8025963306427	0.21902968721166266	9.494858224531888e-05	0
301	1043.2765204906464	0.2190905984729655	6.0911261302837305e-05	0
302	1046.7499952316284	0.21912170736788383	3.1108894918335794e-05	0
303	1050.2152950763702	0.219282477956611	0.00016077058872715488	0
304	1053.694256067276	0.219282477956611	0.0	1
305	1057.1625969409943	0.21935314312920973	7.066517259873839e-05	0
306	1060.6426141262054	0.21935314312920973	0.0	1
307	1064.1167469024658	0.21935314312920973	0.0	2
308	1067.610592365265	0.21993312916647445	0.0005799860372647236	0
309	1071.1068422794342	0.21993312916647445	0.0	1
310	1074.599838733673	0.21993312916647445	0.0	2
311	1078.0825080871582	0.21993312916647445	0.0	3
312	1081.5778040885925	0.22008518205619118	0.0001520528897167306	0
313	1085.0569474697113	0.22027582259036493	0.0001906405341737527	0
314	1088.5540308952332	0.22027582259036493	0.0	1
315	1092.0434784889221	0.22030220095093653	2.637836057159393e-05	0
316	1095.5100855827332	0.22030220095093653	0.0	1
317	1099.0039341449738	0.22030220095093653	0.0	2
318	1102.4949836730957	0.22045425384065326	0.0001520528897167306	0
319	1105.9479763507843	0.22048545284098772	3.119900033446421e-05	0
320	1109.426017522812	0.22048545284098772	0.0	1
321	1112.8965575695038	0.22048545284098772	0.0	2
322	1117.386426448822	0.2205190396348496	3.358679386186725e-05	0
323	1121.9317979812622	0.2205190396348496	0.0	1
324	1126.5621182918549	0.2206712727353986	0.00015223310054901518	0
325	1130.0281715393066	0.22069992625772744	2.8653522328836445e-05	0
326	1133.500039100647	0.22085337578139416	0.00015344952366672104	0
327	1136.9806880950928	0.22085337578139416	0.0	1
328	1140.4905169010162	0.22085337578139416	0.0	2
329	1143.963753938675	0.22093381739164283	8.044161024867158e-05	0
330	1147.476488351822	0.22111977244417788	0.0001859550525350473	0
331	1150.9616508483887	0.22111977244417788	0.0	1
332	1154.43461227417	0.2213986487070954	0.0002788762629175323	0
333	1157.9286024570465	0.2213986487070954	0.0	1
334	1161.3844130039215	0.22140878556640986	1.0136859314446856e-05	0
335	1164.899587392807	0.22171201281803607	0.0003032272516262091	0
336	1168.3353924751282	0.22171201281803607	0.0	1
337	1171.8195824623108	0.22171201281803607	0.0	2
338	1175.3177106380463	0.22183741703093282	0.0001254042128967514	0
339	1178.800170660019	0.22185791601310204	2.0498982169214752e-05	0
340	1182.2555282115936	0.22185791601310204	0.0	1
341	1185.7664444446564	0.2220338918908009	0.00017597587769885292	0
342	1189.250028371811	0.2222184277830319	0.00018453589223102473	0
343	1192.7211256027222	0.22251469439126223	0.0002962666082303167	0
344	1196.1809537410736	0.22251469439126223	0.0	1
345	1199.6858687400818	0.22251469439126223	0.0	2
346	1203.179042816162	0.22251469439126223	0.0	3
347	1206.67458486557	0.22251469439126223	0.0	4
348	1210.1768505573273	0.22255983720474257	4.514281348033666e-05	0
349	1213.6456923484802	0.22255983720474257	0.0	1
350	1217.162235736847	0.22274437309697362	0.0001845358922310525	0
351	1220.614592075348	0.22274437309697362	0.0	1
352	1224.1175260543823	0.22274437309697362	0.0	2
353	1227.614610671997	0.22401555778135956	0.0012711846843859453	0
354	1231.0977289676666	0.22401555778135956	0.0	1
355	1234.536378145218	0.22401555778135956	0.0	2
356	1238.0196435451508	0.22401555778135956	0.0	3
357	1241.483696937561	0.22401555778135956	0.0	4
358	1244.9689571857452	0.22401555778135956	0.0	5
359	1248.4484150409698	0.22401555778135956	0.0	6
360	1251.9420943260193	0.22401555778135956	0.0	7
361	1255.409967660904	0.22447719035453959	0.0004616325731800208	0
362	1258.9131164550781	0.22447719035453959	0.0	1
363	1262.3804795742035	0.22546981414496448	0.0009926237904248902	0
364	1266.9177403450012	0.22563563063699482	0.0001658164920303462	0
365	1271.4053115844727	0.22563563063699482	0.0	1
366	1276.0029938220978	0.22565435003719553	1.8719400200706282e-05	0
367	1279.4433817863464	0.22565435003719553	0.0	1
368	1282.954749584198	0.22565435003719553	0.0	2
369	1286.4102847576141	0.22565435003719553	0.0	3
370	1289.9391493797302	0.22565435003719553	0.0	4
371	1293.3906548023224	0.22583888592942655	0.00018453589223102473	0
372	1296.8740050792694	0.22583888592942655	0.0	1
373	1300.3186235427856	0.22583888592942655	0.0	2
374	1303.8052587509155	0.22606674000046134	0.00022785407103478872	0
375	1307.2573890686035	0.22610532764491834	3.858764445699436e-05	0
376	1310.7493019104004	0.22610532764491834	0.0	1
377	1314.2399225234985	0.22613947759763103	3.4149952712697607e-05	0
378	1317.7280158996582	0.22640713573624055	0.0002676581386095167	0
379	1321.193347454071	0.22640713573624055	0.0	1
380	1324.6802461147308	0.22640713573624055	0.0	2
381	1328.1487398147583	0.2266713022899751	0.00026416655373454057	0
382	1331.615098953247	0.2266835791529226	1.2276862947496747e-05	0
383	1335.0828812122345	0.2266835791529226	0.0	1
384	1338.5828924179077	0.22682146296595312	0.0001378838130305371	0
385	1342.0342824459076	0.22682146296595312	0.0	1
386	1345.5152769088745	0.22688417633557853	6.271336962540563e-05	0
387	1348.9910533428192	0.22736655568082212	0.0004823793452435887	0
388	1352.4537861347198	0.2275812318347481	0.00021467615392598005	0
389	1355.926628112793	0.2275812318347481	0.0	1
390	1359.382478237152	0.2275812318347481	0.0	2
391	1362.8692495822906	0.22776894394289768	0.00018771210814957917	0
392	1366.3648753166199	0.22776894394289768	0.0	1
393	1369.8003449440002	0.22776894394289768	0.0	2
394	1373.2815608978271	0.2278347659493795	6.582200648180825e-05	0
395	1376.7785019874573	0.22795320951888032	0.00011844356950083124	0
396	1380.2605938911438	0.2280678911872578	0.00011468166837746985	0
397	1383.7232129573822	0.22833032321173186	0.00026243202447406855	0
398	1387.187314748764	0.22833032321173186	0.0	1
399	1390.6845517158508	0.22833032321173186	0.0	2
400	1394.1355547904968	0.22833032321173186	0.0	3
401	1397.626742362976	0.22833032321173186	0.0	4
402	1401.115180015564	0.22833032321173186	0.0	5
403	1404.6046278476715	0.22859406176473981	0.00026373855300795834	0
404	1408.099714756012	0.22859406176473981	0.0	1
405	1411.571063041687	0.22859406176473981	0.0	2
406	1416.1130986213684	0.22859406176473981	0.0	3
407	1420.5954258441925	0.22859406176473981	0.0	4
408	1425.1853368282318	0.2286694124189772	7.535065423738829e-05	0
409	1428.6393654346466	0.2286694124189772	0.0	1
410	1432.1108527183533	0.2286694124189772	0.0	2
411	1435.613444328308	0.2286694124189772	0.0	3
412	1439.0595471858978	0.22878188650465953	0.00011247408568232364	0
413	1442.5574181079865	0.22892222569027956	0.00014033918562003644	0
414	1446.0276186466217	0.22892222569027956	0.0	1
415	1449.518512248993	0.22892222569027956	0.0	2
416	1453.0205590724945	0.22892222569027956	0.0	3
417	1456.475201845169	0.22892222569027956	0.0	4
418	1460.003363609314	0.22892222569027956	0.0	5
419	1463.5063531398773	0.22903848420343928	0.00011625851315971714	0
420	1467.0068619251251	0.22910676158251062	6.827737907133535e-05	0
421	1470.501356124878	0.22922302009567033	0.00011625851315971714	0
422	1473.9659976959229	0.22928701746747554	6.399737180520781e-05	0
423	1477.4736895561218	0.22928701746747554	0.0	1
424	1480.9668226242065	0.2294161385287876	0.0001291210613120486	0
425	1484.4435760974884	0.2294161385287876	0.0	1
426	1487.897578239441	0.22958218028435828	0.000166041755570695	0
427	1491.4057893753052	0.22958218028435828	0.0	1
428	1494.8966805934906	0.22958218028435828	0.0	2
429	1498.397078037262	0.22965608925193762	7.390896757933363e-05	0
430	1501.8863258361816	0.22979550485704234	0.00013941560510472017	0
431	1505.4054934978485	0.22989493618374007	9.943132669773536e-05	0
432	1508.852140903473	0.22989493618374007	0.0	1
433	1512.3455548286438	0.22997420642357908	7.927023983900217e-05	0
434	1515.8231599330902	0.22997420642357908	0.0	1
435	1519.3281857967377	0.23011596476950313	0.000141758345924059	0
436	1522.7749054431915	0.23011596476950313	0.0	1
437	1526.2820310592651	0.23011596476950313	0.0	2
438	1529.8224864006042	0.23036641277363212	0.00025044800412898915	0
439	1533.317935705185	0.23036641277363212	0.0	1
440	1536.790563583374	0.23048149991638217	0.00011508714275004772	0
441	1540.2865240573883	0.2304828514976241	1.3515812419262474e-06	0
442	1543.747306585312	0.23056151352590423	7.866202828013535e-05	0
443	1547.2427661418915	0.2306907922716945	0.00012927874579027332	0
444	1550.684229850769	0.2306907922716945	0.0	1
445	1554.1974823474884	0.2306907922716945	0.0	2
446	1557.679383277893	0.2308880780803077	0.00019728580861319567	0
447	1561.123260974884	0.2308880780803077	0.0	1
448	1565.6897530555725	0.23106869438693717	0.00018061630662946637	0
449	1570.182335138321	0.23106869438693717	0.0	1
450	1574.7373189926147	0.23106869438693717	0.0	2
451	1578.1870622634888	0.23113219617895367	6.350179201650152e-05	0
452	1581.6558814048767	0.23134761570256274	0.00021541952360906724	0
453	1585.131159543991	0.23134761570256274	0.0	1
454	1588.6120100021362	0.2314433527071992	9.573700463647028e-05	0
455	1592.105928659439	0.2314433527071992	0.0	1
456	1595.577915430069	0.2314433527071992	0.0	2
457	1599.0350630283356	0.2315321515947938	8.879888759458221e-05	0
458	1602.4899036884308	0.2315321515947938	0.0	1
459	1605.9941699504852	0.23162788859943023	9.573700463644252e-05	0
460	1609.4591913223267	0.23162788859943023	0.0	1
461	1612.9332876205444	0.2316858038556468	5.791525621656746e-05	0
462	1616.3901233673096	0.23172234160188687	3.653774624007289e-05	0
463	1619.8829333782196	0.23173768204898273	1.5340447095862908e-05	0
464	1623.3598074913025	0.23174000226344804	2.3202144653067247e-06	0
465	1626.8353433609009	0.23187033974787782	0.0001303374844297822	0
466	1630.2793219089508	0.23187033974787782	0.0	1
467	1633.75550198555	0.2319222179412138	5.187819333596355e-05	0
468	1637.2428846359253	0.2325016408196277	0.000579422878413921	0
469	1640.7393960952759	0.2325016408196277	0.0	1
470	1644.199452161789	0.2325016408196277	0.0	2
471	1647.6400878429413	0.2325016408196277	0.0	3
472	1651.0821261405945	0.23251281389122763	1.1173071599923645e-05	0
473	1654.6044173240662	0.2327229171952851	0.00021010330405746291	0
474	1658.0909512043	0.23276452337118242	4.160617589732407e-05	0
475	1661.5938844680786	0.23276452337118242	0.0	1
476	1665.052294254303	0.23276452337118242	0.0	2
477	1668.5059442520142	0.23276452337118242	0.0	3
478	1671.9869391918182	0.23293173649716276	0.00016721312598033666	0
479	1675.467669248581	0.23294905926341344	1.732276625068807e-05	0
480	1678.937958240509	0.23294905926341344	0.0	1
481	1682.401782989502	0.2331317705209679	0.00018271125755445206	0
482	1685.862121105194	0.2333060569221143	0.00017428640114641736	0
483	1689.3129937648773	0.2333060569221143	0.0	1
484	1692.736679315567	0.23353472194189426	0.00022866501977994447	0
485	1696.195407152176	0.23353472194189426	0.0	1
486	1699.6504163742065	0.23353472194189426	0.0	2
487	1703.095885515213	0.23353472194189426	0.0	3
488	1706.5578804016113	0.23370743149825846	0.00017270955636419782	0
489	1710.0040030479431	0.23370743149825846	0.0	1
490	1714.4964554309845	0.23370743149825846	0.0	2
491	1719.002675294876	0.23370743149825846	0.0	3
492	1723.5341711044312	0.23378501226154502	7.75807632865666e-05	0
493	1726.9726884365082	0.23387173872456865	8.672646302362863e-05	0
494	1730.4393277168274	0.23387173872456865	0.0	1
495	1733.9330875873566	0.2340667493714246	0.00019501064685595315	0
496	1737.390468120575	0.2340667493714246	0.0	1
497	1740.8542182445526	0.23407650328272053	9.753911295928841e-06	0
498	1744.30921626091	0.23413651348986206	6.0010207141525385e-05	0
499	1747.7697169780731	0.23429901860784969	0.0001625051179876269	0
500	1751.2647807598114	0.23431125041808912	1.2231810239432539e-05	0
501	1754.7652628421783	0.23431125041808912	0.0	1
502	1758.232925415039	0.23448355450008074	0.00017230408199161995	0
503	1761.7140147686005	0.23468032220255122	0.00019676770247048503	0
504	1765.16952252388	0.23468032220255122	0.0	1
505	1768.623283147812	0.23468032220255122	0.0	2
506	1772.0760352611542	0.23485314439068555	0.0001728221881343306	0
507	1775.5907776355743	0.23486485809478225	1.1713704096694144e-05	0
508	1779.040761232376	0.23486485809478225	0.0	1
509	1782.5173680782318	0.23521259742197592	0.0003477393271936746	0
510	1785.9638710021973	0.23521259742197592	0.0	1
511	1789.3977365493774	0.23521259742197592	0.0	2
512	1792.8556694984436	0.23521259742197592	0.0	3
513	1796.2755382061005	0.23522221617514763	9.61875317170846e-06	0
514	1799.7231771945953	0.2353004051499931	7.818897484546117e-05	0
515	1803.1601347923279	0.2353004051499931	0.0	1
516	1806.6353857517242	0.2355345891265109	0.00023418397651780998	0
517	1810.0962028503418	0.23566947693445517	0.00013488780794426725	0
518	1813.5572147369385	0.23566947693445517	0.0	1
519	1817.0158429145813	0.23566947693445517	0.0	2
520	1820.4699845314026	0.23578877650540922	0.00011929957095405119	0
521	1823.9294714927673	0.23597331239764024	0.00018453589223102473	0
522	1827.381287574768	0.23597331239764024	0.0	1
523	1830.7823569774628	0.23597331239764024	0.0	2
524	1834.2433633804321	0.23597331239764024	0.0	3
525	1837.6647386550903	0.23597331239764024	0.0	4
526	1841.116334438324	0.2361382278355093	0.00016491543786906204	0
527	1844.570469379425	0.2361382278355093	0.0	1
528	1847.9883756637573	0.2361480267995133	9.79896400399305e-06	0
529	1851.4115900993347	0.2361578482898713	9.821490357997398e-06	0
530	1854.8985414505005	0.2361578482898713	0.0	1
531	1858.3260049819946	0.2361578482898713	0.0	2
532	1862.8134512901306	0.23632731405125484	0.00016946576138354708	0
533	1867.3032503128052	0.23632731405125484	0.0	1
534	1871.816692829132	0.23632731405125484	0.0	2
535	1875.2009019851685	0.23634240670845635	1.5092657201509763e-05	0
536	1878.6392192840576	0.23634240670845635	0.0	1
537	1882.1339888572693	0.23634914208831195	6.735379855599133e-06	0
538	1885.5826370716095	0.23669183551220244	0.0003426934238904833	0
539	1889.0155408382416	0.23669183551220244	0.0	1
540	1892.470854997635	0.23669183551220244	0.0	2
541	1895.9152421951294	0.23669183551220244	0.0	3
542	1899.381852388382	0.23670165700256043	9.821490357997398e-06	0
543	1902.7986781597137	0.23670165700256043	0.0	1
544	1906.2625398635864	0.23670165700256043	0.0	2
545	1909.7314114570618	0.2367609013136649	5.92443111044616e-05	0
546	1913.176120519638	0.2367609013136649	0.0	1
547	1916.6245102882385	0.23690274976500508	0.00014184845134018742	0
548	1920.0934190750122	0.23690274976500508	0.0	1
549	1923.543955564499	0.23706088477031048	0.0001581350053053987	0
550	1927.0169138908386	0.23706088477031048	0.0	1
551	1930.463995218277	0.23726508616961156	0.0002042013993010794	0
552	1933.8949220180511	0.23726508616961156	0.0	1
553	1937.2829022407532	0.23726508616961156	0.0	2
554	1940.7346646785736	0.23727182154946716	6.735379855599133e-06	0
555	1944.1571235656738	0.23727182154946716	0.0	1
556	1947.6306037902832	0.23727182154946716	0.0	2
557	1951.0602355003357	0.23727182154946716	0.0	3
558	1954.5186574459076	0.23727182154946716	0.0	4
559	1957.9544396400452	0.23745635744169818	0.00018453589223102473	0
560	1961.4230091571808	0.23780887235594667	0.0003525149142484807	0
561	1964.833956003189	0.23780887235594667	0.0	1
562	1968.2873458862305	0.23780887235594667	0.0	2
563	1971.7262823581696	0.23780887235594667	0.0	3
564	1975.1897540092468	0.23780887235594667	0.0	4
565	1978.562386751175	0.23780887235594667	0.0	5
566	1981.9863011837006	0.23780887235594667	0.0	6
567	1985.4029459953308	0.23789884261395092	8.997025800425162e-05	0
568	1988.8654775619507	0.23789884261395092	0.0	1
569	1992.285433292389	0.2380702906944893	0.00017144808053837224	0
570	1995.7271349430084	0.2380702906944893	0.0	1
571	1999.170045375824	0.2380702906944893	0.0	2
572	2002.5771188735962	0.2380702906944893	0.0	3
573	2005.982988357544	0.2381723801309628	0.00010208943647352364	0
574	2010.4890294075012	0.2382548716394284	8.249150846559306e-05	0
575	2014.9554314613342	0.2382793577862613	2.4486146832897182e-05	0
576	2019.4911575317383	0.2382793577862613	0.0	1
577	2022.8768491744995	0.23843940753165943	0.00016004974539812755	0
578	2026.2899732589722	0.23892442246032478	0.0004850149286653449	0
579	2029.758572101593	0.23892442246032478	0.0	1
580	2033.154486656189	0.23892442246032478	0.0	2
581	2036.5817575454712	0.23910895835255583	0.0001845358922310525	0
582	2040.0246133804321	0.23929349424478685	0.00018453589223102473	0
583	2043.464579820633	0.23929389971915943	4.054743725778742e-07	1
584	2046.9220945835114	0.2393055908969021	1.169117774266204e-05	0
585	2050.3569321632385	0.23964733821392323	0.0003417473170211349	0
586	2053.7790343761444	0.23964733821392323	0.0	1
587	2057.220977783203	0.23964733821392323	0.0	2
588	2060.6663591861725	0.23983439705780588	0.00018705884388264815	0
589	2064.0832817554474	0.2400164099983853	0.00018201294057942907	0
590	2067.5314087867737	0.2400164099983853	0.0	1
591	2070.957764148712	0.2400164099983853	0.0	2
592	2074.3558325767517	0.24020349136862199	0.00018708137023668026	0
593	2077.7839608192444	0.24020349136862199	0.0	1
594	2081.2129805088043	0.24021617370594206	1.2682337320074621e-05	0
595	2084.6419007778168	0.24021617370594206	0.0	1
596	2088.0595507621765	0.24021617370594206	0.0	2
597	2091.4606997966766	0.24021617370594206	0.0	3
598	2094.893332004547	0.24021617370594206	0.0	4
599	2098.322071790695	0.24040070959817308	0.00018453589223102473	0
600	2101.739944458008	0.24040070959817308	0.0	1
601	2105.1693816184998	0.24040070959817308	0.0	2
602	2108.5913231372833	0.24040070959817308	0.0	3
603	2112.0398938655853	0.24057256315308406	0.00017185355491097787	0
604	2115.4558901786804	0.24058524549040414	1.2682337320074621e-05	0
605	2118.875039100647	0.24058524549040414	0.0	1
606	2122.320159435272	0.24058524549040414	0.0	2
607	2125.7513251304626	0.24058524549040414	0.0	3
608	2129.1914498806	0.24058524549040414	0.0	4
609	2132.608946323395	0.24058565096477671	4.054743725778742e-07	5
610	2136.0217096805573	0.24076978138263516	0.00018413041785844686	0
611	2139.4502806663513	0.24076978138263516	0.0	1
612	2142.836378097534	0.24076978138263516	0.0	2
613	2146.2299835681915	0.24076978138263516	0.0	3
614	2149.6664555072784	0.24095431727486621	0.0001845358922310525	0
615	2153.051606655121	0.24095431727486621	0.0	1
616	2157.5256502628326	0.24095431727486621	0.0	2
617	2162.07253742218	0.24095431727486621	0.0	3
618	2166.543816804886	0.24095431727486621	0.0	4
619	2169.897559404373	0.24113885316709724	0.00018453589223102473	0
620	2173.3065021038055	0.24113885316709724	0.0	1
621	2176.724520921707	0.24113885316709724	0.0	2
622	2180.11466217041	0.24113885316709724	0.0	3
623	2183.535438299179	0.2413233890593283	0.0001845358922310525	0
624	2186.9407041072845	0.2413233890593283	0.0	1
625	2190.3640575408936	0.2413233890593283	0.0	2
626	2193.7432985305786	0.2413233890593283	0.0	3
627	2197.1983168125153	0.2413233890593283	0.0	4
628	2200.5856490135193	0.2413233890593283	0.0	5
629	2204.0303571224213	0.2413233890593283	0.0	6
630	2207.4156906604767	0.2413233890593283	0.0	7
631	2210.8354790210724	0.2413233890593283	0.0	8
632	2214.228543996811	0.2413233890593283	0.0	9
633	2217.6521224975586	0.24150792495155932	0.00018453589223102473	0
634	2221.0978791713715	0.24177704730318095	0.00026912235162163123	0
635	2224.5654425621033	0.24177704730318095	0.0	1
636	2227.958037376404	0.24192355870980578	0.00014651140662483297	0
637	2231.3416306972504	0.24192355870980578	0.0	1
638	2234.773167848587	0.24196158319541197	3.802448560619176e-05	0
639	2238.2042920589447	0.24196158319541197	0.0	1
640	2241.6044738292694	0.24196158319541197	0.0	2
641	2245.016127347946	0.24210293606696345	0.00014135287155148113	0
642	2248.458590745926	0.24210293606696345	0.0	1
643	2251.8767025470734	0.24214611908764302	4.318302067957136e-05	0
644	2255.268742084503	0.24214611908764302	0.0	1
645	2258.688667535782	0.2423426840529272	0.00019656496528416834	0
646	2262.08042883873	0.24247716638649888	0.00013448233357168937	0
647	2265.4894313812256	0.24247716638649888	0.0	1
648	2268.9382135868073	0.24247716638649888	0.0	2
649	2272.348999977112	0.24247716638649888	0.0	3
650	2275.7836174964905	0.24247716638649888	0.0	4
651	2279.20067691803	0.2425000306358415	2.286424934261344e-05	0
652	2282.598021507263	0.2425000306358415	0.0	1
653	2286.012166261673	0.24266170227872993	0.00016167164288843905	0
654	2289.4088056087494	0.24266170227872993	0.0	1
655	2292.8295843601227	0.24266170227872993	0.0	2
656	2296.2420904636383	0.24284623817096096	0.00018453589223102473	0
657	2299.6841015815735	0.24284623817096096	0.0	1
658	2304.1673567295074	0.243030774063192	0.0001845358922310525	0
659	2308.671311855316	0.24309848828341252	6.7714220220505e-05	0
660	2313.2212238311768	0.24309848828341252	0.0	1
661	2316.6304178237915	0.2431329761314357	3.448784802317917e-05	0
662	2320.0588970184326	0.24314851931571785	1.5543184282151845e-05	0
663	2323.486251115799	0.24333386615669403	0.00018534684097618048	0
664	2326.878490447998	0.2434675600678746	0.00013369391118056573	0
665	2330.307832479477	0.2434675600678746	0.0	1
666	2333.7454833984375	0.2434675600678746	0.0	2
667	2337.1643681526184	0.2434675600678746	0.0	3
668	2340.596204519272	0.24373650220866397	0.0002689421407893744	0
669	2344.0615844726562	0.24373650220866397	0.0	1
670	2347.5158321857452	0.24373650220866397	0.0	2
671	2350.9525711536407	0.24373650220866397	0.0	3
672	2354.4160346984863	0.24373650220866397	0.0	4
673	2357.849681377411	0.2438366318523367	0.00010012964367273058	0
674	2361.2733175754547	0.2438366318523367	0.0	1
675	2364.7353434562683	0.2438366318523367	0.0	2
676	2368.14395403862	0.2438366318523367	0.0	3
677	2371.5788593292236	0.24384818787195517	1.1556019618469415e-05	0
678	2375.0381274223328	0.24402116774456772	0.00017297987261255532	0
679	2378.4852871894836	0.24410557399312605	8.44062485583219e-05	0
680	2381.9308478832245	0.24410557399312605	0.0	1
681	2385.3981127738953	0.24410557399312605	0.0	2
682	2388.833493947983	0.24410557399312605	0.0	3
683	2392.3024792671204	0.24410557399312605	0.0	4
684	2395.723064661026	0.24410557399312605	0.0	5
685	2399.1559879779816	0.24430369327683843	0.00019811928371238352	0
686	2402.5817556381226	0.24430369327683843	0.0	1
687	2406.0240182876587	0.24430567559599325	1.982319154825163e-06	0
688	2409.457508325577	0.2443902395290298	8.456393303654663e-05	0
689	2412.909238100052	0.2443902395290298	0.0	1
690	2416.3437662124634	0.24449793802765732	0.00010769849862751757	0
691	2419.744755744934	0.2445883588127422	9.04207850848937e-05	0
692	2423.195788860321	0.2445883588127422	0.0	1
693	2426.5882778167725	0.2445883588127422	0.0	2
694	2430.02774810791	0.24463857005587977	5.021124313756009e-05	0
695	2433.462456226349	0.2448418253483115	0.00020325529243173102	0
696	2436.9569096565247	0.24502825345428123	0.00018642810596972148	0
697	2440.3986115455627	0.24502825345428123	0.0	1
698	2443.854248046875	0.24502825345428123	0.0	2
699	2447.3377261161804	0.24513710079696438	0.00010884734268315488	0
700	2451.7869670391083	0.24513710079696438	0.0	1
701	2456.2399632930756	0.24524020391936935	0.00010310312240496833	0
702	2460.7731630802155	0.24541090863022466	0.0001707047108553128	0
703	2464.205399751663	0.24541090863022466	0.0	1
704	2467.6599493026733	0.24541090863022466	0.0	2
705	2471.1318192481995	0.2454941435083733	8.323487814865249e-05	0
706	2474.5903129577637	0.2454941435083733	0.0	1
707	2478.0512080192566	0.2454941435083733	0.0	2
708	2481.504250526428	0.24569557416612844	0.00020143065775513058	0
709	2484.9506435394287	0.24569557416612844	0.0	1
710	2488.4677741527557	0.24569557416612844	0.0	2
711	2491.9360163211823	0.24569557416612844	0.0	3
712	2495.4203975200653	0.24588011005835947	0.00018453589223102473	0
713	2498.8678596019745	0.24588011005835947	0.0	1
714	2502.3158440589905	0.24588011005835947	0.0	2
715	2505.760487794876	0.24588011005835947	0.0	3
716	2509.2453801631927	0.24605989288988975	0.00017978283153027852	0
717	2512.7039074897766	0.24616265811698423	0.00010276522709448677	0
718	2516.1873972415924	0.24616265811698423	0.0	1
719	2519.627515077591	0.24616265811698423	0.0	2
720	2523.0841705799103	0.24616265811698423	0.0	3
721	2526.539714574814	0.246284570745006	0.00012191262802177527	0
722	2530.009918689728	0.246284570745006	0.0	1
723	2533.4699404239655	0.246284570745006	0.0	2
724	2536.919147014618	0.24631604006158886	3.146931658284946e-05	0
725	2540.4213423728943	0.24631604006158886	0.0	1
726	2543.8887071609497	0.24650057595381988	0.00018453589223102473	0
727	2547.3269765377045	0.24650057595381988	0.0	1
728	2550.788236618042	0.24650057595381988	0.0	2
729	2554.2278592586517	0.24650057595381988	0.0	3
730	2557.6412353515625	0.24650057595381988	0.0	4
731	2561.1238067150116	0.24650057595381988	0.0	5
732	2564.6244797706604	0.24650057595381988	0.0	6
733	2568.085791826248	0.24650057595381988	0.0	7
734	2571.524290561676	0.24650057595381988	0.0	8
735	2574.99103474617	0.2465142719770714	1.3696023251519307e-05	0
736	2578.427062511444	0.2465142719770714	0.0	1
737	2581.8560812473297	0.2465142719770714	0.0	2
738	2585.3340888023376	0.24669880786930246	0.0001845358922310525	0
739	2588.7953128814697	0.24669880786930246	0.0	1
740	2592.2672905921936	0.24683925968669265	0.00014045181739019696	0
741	2595.7072706222534	0.24683925968669265	0.0	1
742	2600.208333969116	0.24683925968669265	0.0	2
743	2604.7147369384766	0.24688334376153348	4.408407484082777e-05	0
744	2609.274460554123	0.24688334376153348	0.0	1
745	2612.7197840213776	0.24688334376153348	0.0	2
746	2616.177941083908	0.2469871226745594	0.00010377891302593145	0
747	2619.611976146698	0.2469871226745594	0.0	1
748	2623.0271365642548	0.2470237955789237	3.667290436429327e-05	0
749	2626.5424613952637	0.24720833147115473	0.00018453589223102473	0
750	2630.020356655121	0.24720833147115473	0.0	1
751	2633.4446988105774	0.24720833147115473	0.0	2
752	2636.8533220291138	0.24739286736338578	0.0001845358922310525	0
753	2640.3364572525024	0.24739286736338578	0.0	1
754	2643.765285253525	0.24739286736338578	0.0	2
755	2647.21306681633	0.24739286736338578	0.0	3
756	2650.605895280838	0.24739286736338578	0.0	4
757	2654.060580253601	0.24739286736338578	0.0	5
758	2657.5157816410065	0.24739286736338578	0.0	6
759	2660.9255917072296	0.24739286736338578	0.0	7
760	2664.39790058136	0.24750356186709957	0.00011069450371378742	0
761	2667.770264863968	0.24776193914784786	0.0002583772807482898	0
762	2671.268502473831	0.24776193914784786	0.0	1
763	2674.698034763336	0.24776193914784786	0.0	2
764	2678.130475282669	0.24776193914784786	0.0	3
765	2681.5531771183014	0.24776193914784786	0.0	4
766	2684.9986639022827	0.24776193914784786	0.0	5
767	2688.4394130706787	0.24794647504007888	0.00018453589223102473	0
768	2691.8120415210724	0.24794647504007888	0.0	1
769	2695.1950430870056	0.24794647504007888	0.0	2
770	2698.6344368457794	0.24794647504007888	0.0	3
771	2702.0922515392303	0.24796183801352878	1.5362973449895012e-05	0
772	2705.483236312866	0.24796183801352878	0.0	1
773	2708.9128246307373	0.2479876532152496	2.581520172081908e-05	0
774	2712.368622779846	0.24813101093230994	0.0001433577170603384	0
775	2715.773186445236	0.24813101093230994	0.0	1
776	2719.1664533615112	0.24813101093230994	0.0	2
777	2722.6025977134705	0.24813101093230994	0.0	3
778	2725.998795032501	0.24813101093230994	0.0	4
779	2729.4471731185913	0.24813101093230994	0.0	5
780	2732.8584682941437	0.24819201229902887	6.1001366718937966e-05	0
781	2736.2590239048004	0.24819201229902887	0.0	1
782	2739.6928758621216	0.24820687969269006	1.4867393661188721e-05	0
783	2743.1056072711945	0.24831554682454096	0.00010866713185089805	0
784	2747.5610904693604	0.24831554682454096	0.0	1
785	2752.071276664734	0.24831554682454096	0.0	2
786	2756.548799753189	0.24831554682454096	0.0	3
787	2759.9581604003906	0.2483936456939703	7.809886942933275e-05	0
788	2763.3908309936523	0.24850008271677201	0.00010643702280171974	0
789	2766.8763711452484	0.24850008271677201	0.0	1
790	2770.3153822422028	0.24850008271677201	0.0	2
791	2773.7402787208557	0.2485412608919427	4.117817517068634e-05	0
792	2777.128992319107	0.2485412608919427	0.0	1
793	2780.5325038433075	0.24857818158620132	3.692069425861866e-05	0
794	2783.9698004722595	0.24857818158620132	0.0	1
795	2787.4194304943085	0.24857818158620132	0.0	2
796	2790.871728181839	0.24857818158620132	0.0	3
797	2794.268330812454	0.24857818158620132	0.0	4
798	2797.6892471313477	0.2487038110626384	0.00012562947643707245	0
799	2801.083859205246	0.2487038110626384	0.0	1
800	2804.5151295661926	0.2487038110626384	0.0	2
801	2807.914216518402	0.2487038110626384	0.0	3
802	2811.345475435257	0.2487038110626384	0.0	4
803	2814.7406249046326	0.2490456710114297	0.00034185994879129544	0
804	2818.1542563438416	0.2490456710114297	0.0	1
805	2821.5627822875977	0.2492971101751361	0.00025143916370640174	0
806	2824.9946789741516	0.2492971101751361	0.0	1
807	2828.3982360363007	0.24940769204707972	0.0001105818719436269	0
808	2831.8131232261658	0.24940769204707972	0.0	1
809	2835.2397422790527	0.24940769204707972	0.0	2
810	2838.6361351013184	0.24940769204707972	0.0	3
811	2842.0573346614838	0.24940769204707972	0.0	4
812	2845.471592903137	0.24940769204707972	0.0	5
813	2848.908711910248	0.24940769204707972	0.0	6
814	2852.3282158374786	0.24948164606736714	7.395402028742559e-05	0
815	2855.8195300102234	0.24954312048752075	6.147442015361215e-05	0
816	2859.214311361313	0.24954312048752075	0.0	1
817	2862.5676753520966	0.24966618195959817	0.00012306147207741258	0
818	2865.9763691425323	0.24966618195959817	0.0	1
819	2869.4005796909332	0.24966618195959817	0.0	2
820	2872.811957836151	0.24968611778291658	1.993582331841215e-05	0
821	2876.2530601024628	0.24968611778291658	0.0	1
822	2879.643497943878	0.2497276563797518	4.153859683522776e-05	0
823	2883.057197332382	0.2497276563797518	0.0	1
824	2886.394772529602	0.24978606721575705	5.841083600524599e-05	0
825	2889.789797067642	0.24978606721575705	0.0	1
826	2894.231328010559	0.24978606721575705	0.0	2
827	2898.7079198360443	0.2502397254596097	0.00045365824385265596	0
828	2903.1900732517242	0.25060879724407176	0.00036907178446204947	0
829	2906.5996878147125	0.25076569329990545	0.00015689605583368849	0
830	2910.0213534832	0.25076569329990545	0.0	1
831	2913.4091007709503	0.25076569329990545	0.0	2
832	2916.81067609787	0.2509391912786607	0.00017349797875526596	0
833	2920.266749858856	0.2509391912786607	0.0	1
834	2923.6809315681458	0.25095022919213644	1.103791347573102e-05	0
835	2927.0749027729034	0.25095022919213644	0.0	1
836	2930.4320681095123	0.25095022919213644	0.0	2
837	2933.811224937439	0.25095022919213644	0.0	3
838	2937.215859413147	0.2509807073491419	3.0478157005464634e-05	0
839	2940.644469499588	0.2510107800317748	3.007268263288676e-05	0
840	2944.0326347351074	0.25124696885380143	0.0002361888220266395	0
841	2947.388292312622	0.25124696885380143	0.0	1
842	2950.7905321121216	0.25124696885380143	0.0	2
843	2954.130339384079	0.25124696885380143	0.0	3
844	2957.4979751110077	0.251349779133604	0.00010281027980257873	0
845	2960.8759622573853	0.251349779133604	0.0	1
846	2964.3024039268494	0.2514315047460325	8.172561242847376e-05	0
847	2967.6348688602448	0.2514315047460325	0.0	1
848	2971.0853686332703	0.2514315047460325	0.0	2
849	2974.461977481842	0.2514315047460325	0.0	3
850	2977.861715078354	0.2514315047460325	0.0	4
851	2981.25444149971	0.2514315047460325	0.0	5
852	2984.674848794937	0.25161604063826354	0.0001845358922310525	0
853	2988.098513364792	0.25161604063826354	0.0	1
854	2991.5059356689453	0.25180057653049454	0.00018453589223099698	0
855	2994.8946611881256	0.25180057653049454	0.0	1
856	2998.256472826004	0.25180057653049454	0.0	2
857	3001.668501853943	0.25180057653049454	0.0	3
858	3005.061372280121	0.25188658215018916	8.600561969462905e-05	0
859	3008.425265789032	0.2519851124227256	9.853027253642344e-05	0
860	3011.8472673892975	0.2519851124227256	0.0	1
861	3015.27552819252	0.2519851124227256	0.0	2
862	3018.6673142910004	0.2519851124227256	0.0	3
863	3022.032055616379	0.2519851124227256	0.0	4
864	3025.4681630134583	0.2519851124227256	0.0	5
865	3028.878533601761	0.2519851124227256	0.0	6
866	3032.2749326229095	0.2519851124227256	0.0	7
867	3035.643173456192	0.2519851124227256	0.0	8
868	3040.1067559719086	0.2519851124227256	0.0	9
869	3044.5159463882446	0.2519851124227256	0.0	10
870	3049.0213534832	0.2519851124227256	0.0	11
871	3052.347924232483	0.2520609586567517	7.584623402612234e-05	0
872	3055.7280309200287	0.2520609586567517	0.0	1
873	3059.1223425865173	0.2520609586567517	0.0	2
874	3062.5189776420593	0.2520609586567517	0.0	3
875	3065.9008436203003	0.25216964831495664	0.00010868965820493015	0
876	3069.249969959259	0.25216964831495664	0.0	1
877	3072.628071308136	0.25216964831495664	0.0	2
878	3076.027732849121	0.25216964831495664	0.0	3
879	3079.4377262592316	0.25224549454898276	7.584623402612234e-05	0
880	3082.810936689377	0.25224549454898276	0.0	1
881	3086.2152585983276	0.25224549454898276	0.0	2
882	3089.6437180042267	0.25224549454898276	0.0	3
883	3092.9987273216248	0.25224549454898276	0.0	4
884	3096.3841671943665	0.25224549454898276	0.0	5
885	3099.7844438552856	0.25224549454898276	0.0	6
886	3103.168641090393	0.25224549454898276	0.0	7
887	3106.552663564682	0.25224549454898276	0.0	8
888	3109.978127002716	0.25230302685718076	5.753230819799393e-05	0
889	3113.3460834026337	0.25230302685718076	0.0	1
890	3116.7867200374603	0.25230302685718076	0.0	2
891	3120.138468980789	0.25230302685718076	0.0	3
892	3123.5361001491547	0.25230302685718076	0.0	4
893	3126.918559551239	0.25230302685718076	0.0	5
894	3130.3030824661255	0.25243003044121376	0.00012700358403300305	0
895	3133.683669567108	0.25243003044121376	0.0	1
896	3137.054353952408	0.25243003044121376	0.0	2
897	3140.414892435074	0.2524875627494118	5.753230819804944e-05	0
898	3143.802266359329	0.2524875627494118	0.0	1
899	3147.2012255191803	0.2524875627494118	0.0	2
900	3150.652778148651	0.2524875627494118	0.0	3
901	3154.02783536911	0.2524875627494118	0.0	4
902	3157.421382188797	0.2526145663334448	0.00012700358403300305	0
903	3160.8386919498444	0.2526720986416428	5.753230819799393e-05	0
904	3164.1682629585266	0.2526720986416428	0.0	1
905	3167.600186109543	0.2526720986416428	0.0	2
906	3170.97234582901	0.2526720986416428	0.0	3
907	3174.3436739444733	0.2526720986416428	0.0	4
908	3177.7052912712097	0.2526720986416428	0.0	5
909	3181.071305036545	0.2527675878563849	9.548921474211713e-05	0
910	3185.4850103855133	0.25279910222567586	3.1514369290941424e-05	0
911	3189.906067609787	0.25279973296358876	6.307379128989155e-07	1
912	3194.350922346115	0.25279973296358876	0.0	2
913	3197.7630462646484	0.253003348677685	0.00020361571409621693	0
914	3201.1321020126343	0.253003348677685	0.0	1
915	3204.5211520195007	0.253107893486748	0.00010454480906302299	0
916	3207.9256761074066	0.253107893486748	0.0	1
917	3211.3207726478577	0.253107893486748	0.0	2
918	3214.7404084205627	0.253107893486748	0.0	3
919	3218.133627176285	0.253107893486748	0.0	4
920	3221.508744955063	0.25329242937897906	0.0001845358922310525	0
921	3224.8526525497437	0.25334403725606663	5.16078770875783e-05	0
922	3228.2173273563385	0.25334403725606663	0.0	1
923	3231.645596265793	0.25334403725606663	0.0	2
924	3235.0635373592377	0.25334403725606663	0.0	3
925	3238.498531103134	0.25334403725606663	0.0	4
926	3241.887408733368	0.25352857314829763	0.00018453589223099698	0
927	3245.2723762989044	0.25352857314829763	0.0	1
928	3248.6402258872986	0.25352857314829763	0.0	2
929	3252.0436239242554	0.25352857314829763	0.0	3
930	3255.450005054474	0.25352857314829763	0.0	4
931	3258.7884554862976	0.25352857314829763	0.0	5
932	3262.1803245544434	0.2535878850384642	5.931189016655791e-05	0
933	3265.5306894779205	0.2537131090405287	0.00012522400206449458	0
934	3268.9385035037994	0.2537131090405287	0.0	1
935	3272.30469417572	0.2537131090405287	0.0	2
936	3275.6593856811523	0.2537131090405287	0.0	3
937	3279.018093585968	0.25377242093069524	5.931189016655791e-05	0
938	3282.4112067222595	0.25377242093069524	0.0	1
939	3285.813991546631	0.25377242093069524	0.0	2
940	3289.263165950775	0.25389764493275974	0.00012522400206449458	0
941	3292.651262998581	0.2539569568229263	5.931189016655791e-05	0
942	3295.998202085495	0.2539569568229263	0.0	1
943	3299.3687760829926	0.2541414927151573	0.00018453589223099698	0
944	3302.751302957535	0.2541414927151573	0.0	1
945	3306.164530515671	0.2541414927151573	0.0	2
946	3309.6024198532104	0.2541414927151573	0.0	3
947	3312.9938259124756	0.25424720889463	0.0001057161794726924	0
948	3316.353848218918	0.2544317673132151	0.00018455841858511235	0
949	3319.749237537384	0.2544317673132151	0.0	1
950	3323.117193698883	0.2545236523113121	9.188499809698047e-05	0
951	3326.4948620796204	0.2545236523113121	0.0	1
952	3330.9062089920044	0.2545236523113121	0.0	2
953	3335.303542137146	0.2545236523113121	0.0	3
954	3339.782346725464	0.2546163032054461	9.26508941340165e-05	0
955	3343.1542806625366	0.2546163032054461	0.0	1
956	3346.4810371398926	0.2546163032054461	0.0	2
957	3349.8429102897644	0.2546163032054461	0.0	3
958	3353.173185110092	0.2546163032054461	0.0	4
959	3356.5131402015686	0.2546186909989735	2.387793527403037e-06	0
960	3359.854650259018	0.2547081882035431	8.949720456957744e-05	0
961	3363.222663164139	0.25480083909767715	9.265089413407201e-05	0
962	3366.6286284923553	0.2548927240957741	9.188499809698047e-05	0
963	3369.9979474544525	0.2548927240957741	0.0	1
964	3373.357967376709	0.2548927240957741	0.0	2
965	3376.792331457138	0.2548927240957741	0.0	3
966	3380.157069683075	0.2548927240957741	0.0	4
967	3383.5207047462463	0.2548927240957741	0.0	5
968	3386.898190498352	0.2548927240957741	0.0	6
969	3390.237634897232	0.2550772599880052	0.0001845358922310525	0
970	3393.554698228836	0.2550772599880052	0.0	1
971	3396.918128490448	0.2550772599880052	0.0	2
972	3400.2957730293274	0.2550772599880052	0.0	3
973	3403.708753347397	0.25526179588023623	0.0001845358922310525	0
974	3407.0887475013733	0.25526179588023623	0.0	1
975	3410.4146122932434	0.25526179588023623	0.0	2
976	3413.732136964798	0.25526179588023623	0.0	3
977	3417.0675687789917	0.25526179588023623	0.0	4
978	3420.413568019867	0.25526179588023623	0.0	5
979	3423.7653539180756	0.25526179588023623	0.0	6
980	3427.1350293159485	0.25526179588023623	0.0	7
981	3430.454483985901	0.25544633177246723	0.00018453589223099698	0
982	3433.798634290695	0.25544633177246723	0.0	1
983	3437.132886648178	0.25544633177246723	0.0	2
984	3440.505073785782	0.25544633177246723	0.0	3
985	3443.859768629074	0.25544633177246723	0.0	4
986	3447.202048063278	0.25544633177246723	0.0	5
987	3450.578230381012	0.2559999394491604	0.0005536076766931575	0
988	3453.939213514328	0.2559999394491604	0.0	1
989	3457.3119943141937	0.2560173072681191	1.7367818958724524e-05	0
990	3460.6903190612793	0.2560173072681191	0.0	1
991	3464.054858446121	0.2560173072681191	0.0	2
992	3467.3918068408966	0.2560173072681191	0.0	3
993	3470.705192565918	0.2560173072681191	0.0	4
994	3475.1047773361206	0.2560173072681191	0.0	5
995	3479.456067085266	0.2560173072681191	0.0	6
996	3483.9044876098633	0.2560173072681191	0.0	7
997	3487.175066947937	0.2560173072681191	0.0	8
998	3490.5210976600647	0.2560173072681191	0.0	9
999	3493.8723628520966	0.25620184316035016	0.0001845358922310525	0
1000	3497.2066192626953	0.25620184316035016	0.0	1
1001	3500.5432040691376	0.25620184316035016	0.0	2
1002	3503.897316932678	0.25620184316035016	0.0	3
1003	3507.246090888977	0.25623797543221766	3.6132271867495014e-05	0
1004	3510.655448436737	0.25623797543221766	0.0	1
1005	3514.029423713684	0.2565002948249216	0.0002623193927039358	0
1006	3517.3536059856415	0.2565002948249216	0.0	1
1007	3520.6758205890656	0.2565002948249216	0.0	2
1008	3524.0242314338684	0.2565002948249216	0.0	3
1009	3527.3324851989746	0.2566848307171526	0.00018453589223099698	0
1010	3530.676322698593	0.2566848307171526	0.0	1
1011	3534.0021092891693	0.2568872750608392	0.00020244434368660302	0
1012	3537.3957858085632	0.2568872750608392	0.0	1
1013	3540.723513841629	0.2568872750608392	0.0	2
1014	3544.1087594032288	0.2568872750608392	0.0	3
1015	3547.3971507549286	0.2568872750608392	0.0	4
1016	3550.773977279663	0.2568872750608392	0.0	5
1017	3554.12850356102	0.2569297147118357	4.243965099648417e-05	0
1018	3557.4750163555145	0.2570539025016147	0.0001241877897790178	0
1019	3560.8016862869263	0.2570718109530702	1.7908451455495022e-05	0
1020	3564.165280818939	0.25711425060406673	4.243965099653968e-05	0
1021	3567.494813680649	0.25736843798296505	0.00025418737889831844	0
1022	3570.8704969882965	0.25736843798296505	0.0	1
1023	3574.2087037563324	0.25736843798296505	0.0	2
1024	3577.548668861389	0.25736843798296505	0.0	3
1025	3580.903378009796	0.25755297387519605	0.00018453589223099698	0
1026	3584.231817007065	0.25755297387519605	0.0	1
1027	3587.497403383255	0.25755297387519605	0.0	2
1028	3590.8473660945892	0.25755297387519605	0.0	3
1029	3594.1651179790497	0.25763749275552456	8.451888032851018e-05	0
1030	3597.476053714752	0.2577375097674271	0.00010001701190254231	0
1031	3600.7740354537964	0.2577375097674271	0.0	1
