1	12.787872791290283	0.034072383212568044	10000000000.034073	0
2	21.84488344192505	0.034072383212568044	0.0	1
3	31.16100811958313	0.03523773063832839	0.0011653474257603477	0
4	40.25168061256409	0.03523773063832839	0.0	1
5	49.96711087226868	0.07636454290603663	0.041126812267708236	0
6	59.809462785720825	0.07636454290603663	0.0	1
7	70.06432914733887	0.07636454290603663	0.0	2
8	80.43128323554993	0.07636454290603663	0.0	3
9	91.06481719017029	0.07654907879826767	0.0001845358922310386	0
10	101.66874194145203	0.07654907879826767	0.0	1
11	112.63356018066406	0.07654907879826767	0.0	2
12	123.88969349861145	0.07654907879826767	0.0	3
13	134.95825695991516	0.07654907879826767	0.0	4
14	146.86302661895752	0.09016817455077043	0.013619095752502766	0
15	159.65300011634827	0.09680355992082257	0.006635385370052135	0
16	173.2764310836792	0.11601020515921988	0.01920664523839731	0
17	187.52420854568481	0.12433618213620479	0.008325976976984908	0
18	202.73491740226746	0.12433618213620479	0.0	1
19	218.67496490478516	0.12433618213620479	0.0	2
20	235.03373098373413	0.14453999022536446	0.02020380808915967	0
21	252.091552734375	0.14453999022536446	0.0	1
22	269.4060456752777	0.14453999022536446	0.0	2
23	286.88463711738586	0.14832514980926487	0.0037851595839004104	0
24	305.1385519504547	0.15250750533063642	0.004182355521371556	0
25	323.21461749076843	0.16251394831841667	0.01000644298778025	0
26	342.17547631263733	0.16251394831841667	0.0	1
27	361.92399430274963	0.16380083387156302	0.0012868855531463497	0
28	382.3434875011444	0.16664160985219828	0.0028407759806352573	0
29	403.54590821266174	0.17006928746078612	0.003427677608587837	0
30	424.39940094947815	0.1848265835666463	0.014757296105860185	0
31	445.70953488349915	0.18708458024211685	0.0022579966754705527	0
32	467.19834566116333	0.18708458024211685	0.0	1
33	489.77830481529236	0.18708458024211685	0.0	2
34	511.48921036720276	0.18708458024211685	0.0	3
35	531.9509017467499	0.18851575835601586	0.0014311781138990065	0
36	554.2116460800171	0.18851575835601586	0.0	1
37	576.1612231731415	0.18851575835601586	0.0	2
38	598.2367970943451	0.1897117275442886	0.0011959691882727497	0
39	620.869868516922	0.1919847492978986	0.002273021753609994	0
40	642.2576794624329	0.1919847492978986	0.0	1
41	663.5312440395355	0.1919847492978986	0.0	2
42	685.1576826572418	0.19536039102867225	0.0033756417307736486	0
43	707.1138691902161	0.19536039102867225	0.0	1
44	729.199624300003	0.19536039102867225	0.0	2
45	751.0641765594482	0.19763749005236206	0.0022770990236898048	0
46	772.9315643310547	0.19763749005236206	0.0	1
47	795.0646598339081	0.19763749005236206	0.0	2
48	817.9008662700653	0.19846621209084933	0.0008287220384872729	0
49	840.4804353713989	0.2020796194884319	0.003613407397582563	0
50	863.53488945961	0.2020796194884319	0.0	1
51	887.2145307064056	0.20229835038608368	0.00021873089765178655	0
52	910.3140909671783	0.20229835038608368	0.0	1
53	933.5958411693573	0.20229835038608368	0.0	2
54	957.0488004684448	0.2030018033697984	0.0007034529837147141	0
55	980.4561359882355	0.20445772668360168	0.0014559233138032868	0
56	1004.499115228653	0.20445772668360168	0.0	1
57	1029.2412977218628	0.20445772668360168	0.0	2
58	1053.9905080795288	0.20445772668360168	0.0	3
59	1078.3057832717896	0.20798722341241466	0.0035294967288129753	0
60	1102.7030131816864	0.20798722341241466	0.0	1
61	1126.8443200588226	0.20798722341241466	0.0	2
62	1151.0870831012726	0.2089119077190787	0.0009246843066640364	0
63	1175.0861012935638	0.2089119077190787	0.0	1
64	1198.5022149085999	0.211961075000865	0.003049167281786308	0
65	1222.53719830513	0.211961075000865	0.0	1
66	1246.6205468177795	0.211961075000865	0.0	2
67	1270.3803811073303	0.211961075000865	0.0	3
68	1293.8618462085724	0.2134985211899105	0.0015374461890454993	0
69	1317.5647044181824	0.21365429092804253	0.00015576973813202777	0
70	1341.194907426834	0.21447695337729517	0.0008226624492526369	0
71	1364.9018802642822	0.21525852775679322	0.0007815743794980512	0
72	1388.7332065105438	0.21525852775679322	0.0	1
73	1412.902493238449	0.2170384250942863	0.0017798973374930915	0
74	1436.5640933513641	0.2170384250942863	0.0	1
75	1460.549756526947	0.2189782820717614	0.0019398569774750907	0
76	1484.3053402900696	0.2189782820717614	0.0	1
77	1507.8379452228546	0.22093685844943717	0.001958576377675769	0
78	1531.5193409919739	0.22093685844943717	0.0	1
79	1555.4212882518768	0.2211047698923925	0.0001679114429553319	0
80	1579.2803359031677	0.22208910398453358	0.000984334092141076	0
81	1603.0197911262512	0.2220907258820239	1.6218974903114969e-06	0
82	1626.5983641147614	0.22217391570746448	8.318982544058828e-05	0
83	1650.2334096431732	0.223223103172864	0.0010491874653995314	0
84	1673.907910823822	0.223223103172864	0.0	1
85	1697.2006604671478	0.223223103172864	0.0	2
86	1720.85089802742	0.22348483688036308	0.0002617337074990733	0
87	1744.2640149593353	0.22403499802488927	0.00055016114452619	0
88	1768.0562872886658	0.22509738593375161	0.0010623879088623445	0
89	1791.952648639679	0.22509738593375161	0.0	1
90	1816.0068318843842	0.22572501520979424	0.0006276292760426239	0
91	1840.0271463394165	0.22572501520979424	0.0	1
92	1864.1459131240845	0.22708403014855139	0.001359014938757147	0
93	1888.1771001815796	0.22708403014855139	0.0	1
94	1912.2629942893982	0.22708403014855139	0.0	2
95	1935.9919774532318	0.22708403014855139	0.0	3
96	1959.923310995102	0.22708403014855139	0.0	4
97	1983.7610664367676	0.22708403014855139	0.0	5
98	2007.9236450195312	0.22708403014855139	0.0	6
99	2031.9550302028656	0.22744839392502075	0.00036436377646936746	0
100	2056.0139634609222	0.22917238085180613	0.0017239869267853813	0
101	2079.9900238513947	0.22931589625334473	0.00014351540153859088	0
102	2103.9934470653534	0.22933835502831473	2.245877497000781e-05	0
103	2127.654985189438	0.22933835502831473	0.0	1
104	2151.6178374290466	0.229736328125	0.0003979730966852668	0
105	2175.3040838241577	0.22977297850301023	3.665037801023341e-05	0
106	2199.2511479854584	0.23048017086149428	0.0007071923584840434	0
107	2223.9601962566376	0.23048017086149428	0.0	1
108	2247.779407262802	0.23048017086149428	0.0	2
109	2271.590256214142	0.23048017086149428	0.0	3
110	2295.3485457897186	0.2306221094182506	0.00014193855675631584	0
111	2319.413407087326	0.2306221094182506	0.0	1
112	2343.1676111221313	0.2311999779782363	0.0005778685599857059	0
113	2366.9858565330505	0.2311999779782363	0.0	1
114	2390.9494926929474	0.23133718600064587	0.00013720802240957397	0
115	2414.5574276447296	0.23186328899906578	0.0005261029984199028	0
116	2438.271809577942	0.23186328899906578	0.0	1
117	2462.341143846512	0.23186328899906578	0.0	2
118	2486.268632411957	0.231890793677339	2.750467827322689e-05	0
119	2510.300825357437	0.23228243686854125	0.00039164319120224556	0
120	2534.342919588089	0.23228243686854125	0.0	1
121	2558.477265357971	0.2330513739634273	0.0007689370948860408	0
122	2582.743866920471	0.2337746726650443	0.0007232987016169978	0
123	2606.6290106773376	0.2337746726650443	0.0	1
124	2630.452745437622	0.23414619982209586	0.0003715271570515766	0
125	2654.734044075012	0.2346672118645045	0.0005210120424086473	0
126	2678.712870836258	0.23492414745859475	0.00025693559409023514	0
127	2702.656669855118	0.23492414745859475	0.0	1
128	2726.7536664009094	0.23566862093300195	0.0007444734744072035	0
129	2750.8093411922455	0.23566862093300195	0.0	1
130	2775.0110507011414	0.23566862093300195	0.0	2
131	2799.048905134201	0.23574223705797887	7.361612497691628e-05	0
132	2824.5211465358734	0.2365268750216253	0.0007846379636464451	0
133	2848.7650225162506	0.2365268750216253	0.0	1
134	2873.035477399826	0.23756443888834425	0.001037563866718938	0
135	2897.3874456882477	0.23756443888834425	0.0	1
136	2921.6218366622925	0.23756443888834425	0.0	2
137	2945.6642026901245	0.23756443888834425	0.0	3
138	2969.991878271103	0.23908253493927617	0.001518096050931922	0
139	2994.073277235031	0.23908253493927617	0.0	1
140	3018.210241794586	0.23908253493927617	0.0	2
141	3042.450215578079	0.23908253493927617	0.0	3
142	3066.5909786224365	0.23931147027530447	0.00022893533602830196	0
143	3090.892627477646	0.23931147027530447	0.0	1
144	3115.187169790268	0.2394628023216922	0.000151332046387731	0
145	3139.3445620536804	0.2394628023216922	0.0	1
146	3163.4064824581146	0.23955655700717382	9.375468548161736e-05	0
147	3187.3339054584503	0.2400953873956219	0.0005388303884480694	0
148	3211.2540714740753	0.24015983529450774	6.44478988858499e-05	0
149	3235.526650905609	0.24015983529450774	0.0	1
150	3259.8215143680573	0.24015983529450774	0.0	2
151	3284.1497688293457	0.24015983529450774	0.0	3
152	3308.199072599411	0.24020479789715585	4.4962602648107586e-05	0
153	3332.331436395645	0.24044179766792767	0.000236999770771823	0
154	3356.7701568603516	0.24057983916543643	0.00013804149750876182	0
155	3381.0372161865234	0.24057983916543643	0.0	1
156	3405.2020285129547	0.24082492589730578	0.0002450867318693484	0
157	3429.3834822177887	0.24093516987393893	0.00011024397663314534	0
158	3453.856525182724	0.24111970576616995	0.00018453589223102473	0
159	3478.0806221961975	0.24146956257064264	0.0003498568044726924	0
160	3502.479090452194	0.24146956257064264	0.0	1
161	3526.833100795746	0.24146956257064264	0.0	2
162	3551.219747066498	0.24146956257064264	0.0	3
163	3575.498256444931	0.24146956257064264	0.0	4
164	3599.8259835243225	0.2415480218617365	7.845929109384642e-05	0
165	3623.8855555057526	0.24186084534018037	0.00031282347844388547	0
