1	24.24924111366272	0.007293339626197996	10000000000.007294	0
2	41.81073260307312	0.007293339626197996	0.0	1
3	59.4005606174469	0.013799587106669052	0.006506247480471057	0
4	77.45698761940002	0.013799587106669052	0.0	1
5	95.5715434551239	0.014395375945620915	0.0005957888389518627	0
6	113.57413387298584	0.01943466925830295	0.005039293312682035	0
7	131.57953429222107	0.02546911764751102	0.00603444838920807	0
8	149.62751746177673	0.025917028298826354	0.0004479106513153343	0
9	167.77846956253052	0.032807918339434014	0.00689089004060766	0
10	185.76136755943298	0.032807918339434014	0.0	1
11	203.93619799613953	0.03418954892859866	0.0013816305891646494	0
12	221.7122619152069	0.035476099010453566	0.0012865500818549022	0
13	239.7104184627533	0.03750022389406708	0.002024124883613518	0
14	303.97745013237	0.04160238600736263	0.004102162113295546	0
15	322.0593008995056	0.04339949624027089	0.0017971102329082597	0
16	339.96444487571716	0.04339949624027089	0.0	1
17	358.0878391265869	0.04339949624027089	0.0	2
18	376.0391230583191	0.04339949624027089	0.0	3
19	394.0890209674835	0.04339949624027089	0.0	4
20	412.15844202041626	0.047525383437327796	0.004125887197056907	0
21	430.3042702674866	0.05143429998683925	0.0039089165495114556	0
22	448.4675920009613	0.05143429998683925	0.0	1
23	466.58056592941284	0.05146345426149781	2.91542746585563e-05	0
24	484.7397246360779	0.05146345426149781	0.0	1
25	502.8593153953552	0.052445455561582435	0.000982001300084627	0
26	520.6079111099243	0.053250522893543116	0.0008050673319606808	0
27	537.8223741054535	0.05327247508222389	2.195218868077109e-05	0
28	554.9979333877563	0.05359028454264572	0.00031780946042183483	0
29	572.7032203674316	0.0536064712188693	1.61866762235785e-05	0
30	590.2676403522491	0.05477622162752883	0.001169750408659527	0
31	608.1233386993408	0.05564421952795981	0.0008679979004309821	0
32	625.9325752258301	0.05564421952795981	0.0	1
33	643.851057767868	0.05706376076382739	0.0014195412358675788	0
34	661.7445328235626	0.05706376076382739	0.0	1
35	679.6481692790985	0.05706376076382739	0.0	2
36	697.50634598732	0.05706376076382739	0.0	3
37	715.4148876667023	0.05996909858288316	0.0029053378190557685	0
38	733.2129487991333	0.060074285553071	0.00010518697018783996	0
39	750.9736878871918	0.06021329205841401	0.0001390065053430145	0
40	768.7432250976562	0.0608278956863512	0.0006146036279371866	0
41	786.4420709609985	0.0608278956863512	0.0	1
42	804.3857645988464	0.06083431462355354	6.418937202344599e-06	0
43	822.1330463886261	0.06208780910065385	0.0012534944771003045	0
44	839.6665923595428	0.06228072795206537	0.00019291885141152487	0
45	857.3374392986298	0.06258721298510253	0.0003064850330371585	0
46	874.8483717441559	0.06258721298510253	0.0	1
47	892.349333524704	0.06258721298510253	0.0	2
48	909.6768355369568	0.06533752097877799	0.002750307993675455	0
49	926.9770612716675	0.06533752097877799	0.0	1
50	944.3917090892792	0.06533752097877799	0.0	2
51	961.5806663036346	0.06683493987416116	0.0014974188953831707	0
52	978.8354346752167	0.06683493987416116	0.0	1
53	995.8705081939697	0.0688730725507488	0.002038132676587645	0
54	1012.8931844234467	0.06964707818434633	0.0007740056335975298	0
55	1029.9462490081787	0.07037388348929428	0.0007268053049479528	0
56	1046.9935052394867	0.07139415818290726	0.0010202746936129742	0
57	1064.0887756347656	0.07472619196973275	0.003332033786825492	0
58	1081.098599910736	0.07472619196973275	0.0	1
59	1098.2037358283997	0.07472619196973275	0.0	2
60	1115.3500661849976	0.07472619196973275	0.0	3
61	1132.468398809433	0.07532890903282068	0.0006027170630879264	0
62	1149.636147260666	0.07711068300259279	0.0017817739697721102	0
63	1166.7747914791107	0.07711068300259279	0.0	1
64	1184.0842242240906	0.07770079761636803	0.0005901146137752417	0
65	1201.325427055359	0.07770079761636803	0.0	1
66	1218.5051488876343	0.07818532167408342	0.0004845240577153881	0
67	1235.7281656265259	0.07900338062744765	0.0008180589533642313	0
68	1252.7992415428162	0.07900338062744765	0.0	1
69	1269.951519727707	0.07900338062744765	0.0	2
70	1287.1261956691742	0.07900338062744765	0.0	3
71	1304.2801551818848	0.07900338062744765	0.0	4
72	1321.4941639900208	0.07900338062744765	0.0	5
73	1338.804215669632	0.07966320989601783	0.0006598292685701806	0
74	1355.951159477234	0.08012282213532441	0.00045961223930658657	0
75	1373.2158906459808	0.08203670801845947	0.0019138858831350553	0
76	1390.4297378063202	0.08203670801845947	0.0	1
77	1407.6590282917023	0.08203670801845947	0.0	2
78	1424.983099937439	0.08203670801845947	0.0	3
79	1442.184253692627	0.0821824217366277	0.00014571371816822498	0
80	1459.429219007492	0.0821824217366277	0.0	1
81	1476.703091621399	0.08333383301107962	0.0011514112744519245	0
82	1494.2019596099854	0.08395213617617683	0.0006183031650972143	0
83	1511.3657331466675	0.08395213617617683	0.0	1
84	1528.6639831066132	0.08395213617617683	0.0	2
85	1545.9798638820648	0.08395213617617683	0.0	3
86	1563.178619146347	0.0847852623354292	0.0008331261592523648	0
87	1580.3787903785706	0.08523985377430432	0.000454591438875121	0
88	1597.5830738544464	0.08548002580489628	0.00024017203059195635	0
89	1614.826814174652	0.08548002580489628	0.0	1
90	1632.1079936027527	0.08548002580489628	0.0	2
91	1649.3482913970947	0.08723718103647617	0.0017571552315798905	0
92	1666.5816917419434	0.08723718103647617	0.0	1
93	1683.7770051956177	0.08783959060556637	0.0006024095690902037	0
94	1701.1500701904297	0.0882725325451647	0.0004329419395983358	0
95	1718.3468313217163	0.0882725325451647	0.0	1
96	1735.5860402584076	0.08829161639139803	1.90838462333226e-05	0
97	1752.8396327495575	0.09051991969179261	0.002228303300394585	0
98	1769.8653342723846	0.09051991969179261	0.0	1
99	1787.1227116584778	0.09160224090863246	0.0010823212168398488	0
100	1804.5876922607422	0.09160224090863246	0.0	1
101	1822.0724601745605	0.09491368220679831	0.0033114412981658514	0
102	1839.5926065444946	0.09491368220679831	0.0	1
103	1857.0634369850159	0.09588882254705887	0.0009751403402605552	0
104	1874.56258893013	0.09588882254705887	0.0	1
105	1891.9887208938599	0.09658575769288483	0.0006969351458259582	0
106	1909.4622943401337	0.09658575769288483	0.0	1
107	1926.8700213432312	0.09831654531416045	0.0017307876212756257	0
108	1944.4838953018188	0.09831654531416045	0.0	1
109	1962.0611226558685	0.0993388187187586	0.0010222734045981507	0
110	1979.6057844161987	0.10166008129833805	0.0023212625795794445	0
111	1997.1802818775177	0.10166008129833805	0.0	1
112	2014.728499174118	0.10166008129833805	0.0	2
113	2031.9885370731354	0.10199087757556971	0.0003307962772316625	0
114	2049.4894680976868	0.10199087757556971	0.0	1
115	2067.0114862918854	0.10199087757556971	0.0	2
116	2084.5101647377014	0.10225982912251053	0.00026895154694081547	0
117	2102.128232240677	0.10261678160792301	0.0003569524854124817	0
118	2119.649446964264	0.10298616838186818	0.00036938677394517117	0
119	2137.1218073368073	0.10314554636455996	0.0001593779826917774	0
120	2154.6946413517	0.10316497614154072	1.9429776980758873e-05	0
121	2172.168403863907	0.10316497614154072	0.0	1
122	2189.738381385803	0.10316497614154072	0.0	2
123	2207.3860623836517	0.10618372159062954	0.003018745449088825	0
124	2225.172306060791	0.10635842622727003	0.00017470463664048808	0
125	2242.91685295105	0.10635842622727003	0.0	1
126	2260.647791624069	0.10635842622727003	0.0	2
127	2278.3906331062317	0.1066060069413695	0.00024758071409947124	0
128	2296.1118581295013	0.10776120423566832	0.0011551972942988181	0
129	2313.8889939785004	0.10776120423566832	0.0	1
130	2331.7048206329346	0.10896681132721789	0.001205607091549571	0
131	2349.5029101371765	0.10906471933792851	9.790801071062061e-05	0
132	2367.220356464386	0.10906471933792851	0.0	1
133	2385.0748653411865	0.10922601915810602	0.00016129982017751288	0
134	2402.878471136093	0.11035411854385602	0.001128099385749995	0
135	2420.716727256775	0.11036258423798066	8.465694124645817e-06	0
136	2438.561138868332	0.11087080455189514	0.0005082203139144814	0
137	2456.3749721050262	0.11087080455189514	0.0	1
138	2474.18976020813	0.11087080455189514	0.0	2
139	2492.153797388077	0.11135341638131223	0.00048261182941708447	0
140	2510.060974597931	0.11143648780663301	8.30714253207826e-05	0
141	2528.0327434539795	0.11195094448318868	0.0005144566765556691	0
142	2545.999414920807	0.11199627102028968	4.5326537101000874e-05	0
143	2563.8724932670593	0.11210449929829869	0.00010822827800900658	0
144	2581.701150417328	0.1125252279606752	0.00042072866237650997	0
145	2599.5554864406586	0.11295133776801176	0.00042610980733656656	0
146	2617.465223789215	0.11298636325618923	3.502548817746476e-05	0
147	2635.365924358368	0.11298636325618923	0.0	1
148	2653.273864507675	0.11298636325618923	0.0	2
149	2671.1592094898224	0.11338148343406836	0.0003951201778791269	0
150	2689.103952884674	0.11341188690309265	3.040346902428992e-05	0
151	2707.0364141464233	0.11343844669714546	2.655979405281894e-05	0
152	2724.917938709259	0.11367718695881056	0.00023874026166509354	0
153	2742.7347922325134	0.11374707457897922	6.988762016865713e-05	0
154	2760.696342229843	0.11374707457897922	0.0	1
155	2778.617246389389	0.11416897556222201	0.00042190098324279557	0
156	2796.49916100502	0.11416897556222201	0.0	1
157	2814.481123685837	0.1141762785446678	7.302982445792083e-06	0
158	2832.4285781383514	0.11418025674826326	3.978203595461638e-06	0
159	2850.336037635803	0.11447910247729463	0.00029884572903136897	0
160	2868.2905008792877	0.11492908150620398	0.00044997902890935026	0
161	2886.285585641861	0.11492908150620398	0.0	1
162	2904.199448108673	0.1149617719618363	3.2690455632311544e-05	0
163	2922.1186542510986	0.1149617719618363	0.0	1
164	2940.020004749298	0.11547585388008225	0.0005140819182459511	0
165	2957.8951892852783	0.11551519389341519	3.934001333294468e-05	0
166	2975.7646062374115	0.11551519389341519	0.0	1
167	2993.7592902183533	0.11551519389341519	0.0	2
168	3011.7020921707153	0.11551519389341519	0.0	3
169	3029.628480911255	0.11634700359398983	0.0008318097005746428	0
170	3047.4943509101868	0.11682650204668003	0.00047949845269019964	0
171	3065.391778230667	0.11682650204668003	0.0	1
172	3083.2442977428436	0.11682650204668003	0.0	2
173	3101.2535107135773	0.11710762843409296	0.0002811263874129277	0
174	3119.1521892547607	0.11710762843409296	0.0	1
175	3137.066724538803	0.11710762843409296	0.0	2
176	3154.939989566803	0.11746196722052485	0.00035433878643188754	0
177	3172.9412803649902	0.11770008288500708	0.0002381156644822302	0
178	3190.953538417816	0.11803655819200909	0.0003364753070020099	0
179	3208.7775893211365	0.11803655819200909	0.0	1
180	3226.748561143875	0.11803655819200909	0.0	2
181	3244.666090965271	0.11803655819200909	0.0	3
182	3262.4737174510956	0.11820559340806666	0.00016903521605757255	0
183	3280.3462278842926	0.11847332458820403	0.0002677311801373705	0
184	3298.2744450569153	0.11971157408944877	0.001238249501244737	0
185	3316.2159287929535	0.11993509339822686	0.00022351930877809179	0
186	3334.172658920288	0.12017873434548057	0.00024364094725370933	0
187	3352.1712720394135	0.12017873434548057	0.0	1
188	3370.1270208358765	0.12017873434548057	0.0	2
189	3388.0681450366974	0.12017873434548057	0.0	3
190	3463.887017726898	0.12017873434548057	0.0	4
191	3481.6807522773743	0.12017873434548057	0.0	5
192	3499.541610479355	0.12031808678157101	0.0001393524360904369	0
193	3517.5515463352203	0.12065985675084621	0.0003417699692752074	0
194	3535.523112297058	0.12065985675084621	0.0	1
195	3553.3947525024414	0.12093395882224878	0.0002741020714025627	0
196	3571.2999029159546	0.12093395882224878	0.0	1
197	3589.18221616745	0.12093395882224878	0.0	2
198	3607.155884742737	0.12093395882224878	0.0	3
199	3625.0718977451324	0.12099383366911677	5.9874846867993825e-05	0
200	3643.030914068222	0.12124795823985515	0.00025412457073838157	0
201	3660.9802660942078	0.12124795823985515	0.0	1
202	3678.949634075165	0.12126730153414904	1.9343294293885926e-05	0
203	3696.847903251648	0.12126730153414904	0.0	1
204	3714.809455871582	0.12141103575970696	0.00014373422555792603	0
205	3732.742935657501	0.12145117333559648	4.013757588951228e-05	0
206	3750.6003217697144	0.12234514486964713	0.0008939715340506582	0
207	3768.5028953552246	0.12234514486964713	0.0	1
208	3786.409239768982	0.12234514486964713	0.0	2
209	3804.2578155994415	0.12241813625735525	7.299138770811009e-05	0
210	3822.191312789917	0.12241813625735525	0.0	1
211	3840.1290876865387	0.1225779754810436	0.00015983922368835446	0
212	3858.1353442668915	0.12315536272606957	0.0005773872450259704	0
213	3876.117303133011	0.1231806829349441	2.532020887452413e-05	0
214	3894.110283613205	0.1231806829349441	0.0	1
215	3912.090005159378	0.12320001662005056	1.9333685106467935e-05	0
216	3930.0477061271667	0.12322592298935824	2.590636930767387e-05	0
217	3948.0381593704224	0.12322592298935824	0.0	1
218	3966.0048067569733	0.12327740901560101	5.148602624277521e-05	0
219	3983.9295449256897	0.1233670915618727	8.968254627168826e-05	0
220	4001.8789002895355	0.1233670915618727	0.0	1
221	4019.7684366703033	0.12339998381044101	3.289224856831141e-05	0
222	4037.76348900795	0.12340195369386389	1.969883422880958e-06	0
223	4055.728776216507	0.12355362510823788	0.00015167141437398557	0
224	4073.6027553081512	0.12355362510823788	0.0	1
225	4091.509819984436	0.12355362510823788	0.0	2
226	4109.4038853645325	0.1235705949332369	1.6969824999019112e-05	0
227	4127.310705900192	0.1236251462902694	5.455135703250069e-05	0
228	4145.204765796661	0.12378531222633034	0.00016016593606094087	0
229	4163.185398578644	0.12379171194515783	6.399718827487799e-06	0
230	4181.124173641205	0.12398870989663281	0.00019699795147498644	0
231	4199.105014801025	0.12401103203902959	2.2322142396780098e-05	0
232	4217.102085351944	0.12401103203902959	0.0	1
233	4235.05774474144	0.12406313305326779	5.21010142381928e-05	0
234	4252.949242591858	0.12406313305326779	0.0	1
235	4270.899756193161	0.12422468271231844	0.0001615496590506582	0
236	4288.8199198246	0.12423495493367968	1.0272221361240508e-05	0
237	4306.739134788513	0.12543413347883947	0.0011991785451597875	0
238	4324.757937431335	0.12562620191716356	0.00019206843832408893	0
239	4342.760499000549	0.1258984494153924	0.0002722474982288503	0
240	4360.733399152756	0.1258984494153924	0.0	1
241	4378.726902961731	0.1258984494153924	0.0	2
242	4396.68770980835	0.12620418493181013	0.00030573551641771557	0
243	4414.617119550705	0.12620418493181013	0.0	1
244	4432.604830980301	0.12620418493181013	0.0	2
245	4450.546348333359	0.12620418493181013	0.0	3
246	4468.605123281479	0.12620418493181013	0.0	4
247	4486.612069606781	0.1274474504288926	0.0012432654970824797	0
248	4504.62615442276	0.1274474504288926	0.0	1
249	4522.539805650711	0.1274474504288926	0.0	2
250	4540.454734802246	0.1276825680268971	0.00023511759800448617	0
251	4558.3686628341675	0.12849544762823728	0.0008128796013401884	0
252	4576.321109056473	0.12873116099586235	0.00023571336762506778	0
253	4594.275948762894	0.12873116099586235	0.0	1
254	4612.294364690781	0.12910994555511277	0.0003787845592504169	0
255	4630.1655530929565	0.12910994555511277	0.0	1
256	4648.146885871887	0.12910994555511277	0.0	2
257	4666.083821058273	0.12914582626097137	3.5880705858609696e-05	0
258	4684.0074598789215	0.12914582626097137	0.0	1
259	4701.992227554321	0.1291681291849933	2.230292402191636e-05	0
260	4719.93293762207	0.1291681291849933	0.0	1
261	4737.909581899643	0.1291681291849933	0.0	2
262	4755.934933423996	0.12934221883363836	0.00017408964864507048	0
263	4773.861979484558	0.12934221883363836	0.0	1
264	4791.787868499756	0.12934221883363836	0.0	2
265	4809.774022817612	0.12937278565884894	3.056682521057619e-05	0
266	4827.687839508057	0.12937278565884894	0.0	1
267	4845.6470313072205	0.12943075788660605	5.79722277571082e-05	0
268	4863.647580385208	0.1295278010704481	9.70431838420438e-05	0
269	4881.589925527573	0.1296282459066399	0.00010044483619181532	0
270	4899.558325052261	0.12976153494546286	0.0001332890388229535	0
271	4917.568410158157	0.12976153494546286	0.0	1
272	4935.482365369797	0.12981047453703703	4.893959157417638e-05	0
273	4953.474538803101	0.12981047453703703	0.0	1
274	4971.541903734207	0.12981047453703703	0.0	2
275	4989.479920864105	0.12988376380955544	7.32892725184009e-05	0
276	5007.3968341350555	0.12993123319545302	4.746938589758609e-05	0
277	5025.335510015488	0.13006719358838115	0.000135960392928125	0
278	5043.344773769379	0.1301920265422669	0.00012483295388573956	0
279	5061.29105257988	0.1301920265422669	0.0	1
280	5079.32622218132	0.1301920265422669	0.0	2
281	5097.320187568665	0.13034386131282716	0.00015183477056027184	0
282	5115.327957391739	0.13042010060588616	7.623929305899946e-05	0
283	5133.357394933701	0.13042010060588616	0.0	1
284	5151.342190742493	0.1304851932415279	6.509263564175027e-05	0
285	5169.333179235458	0.13057528898285906	9.009574133114762e-05	0
286	5187.215993881226	0.13057528898285906	0.0	1
287	5205.085220575333	0.13057528898285906	0.0	2
288	5223.012963294983	0.1305754427298579	1.5374699885439824e-07	3
289	5240.938479185104	0.13070191885479393	0.00012647612493602023	0
290	5258.812754869461	0.13070191885479393	0.0	1
291	5276.806990861893	0.13070191885479393	0.0	2
292	5294.825319051743	0.13070191885479393	0.0	3
293	5312.85517001152	0.13070191885479393	0.0	4
294	5330.876214504242	0.1307082128725597	6.29401776577887e-06	0
295	5348.795542955399	0.13073384057543197	2.5627702872260683e-05	0
296	5366.687411308289	0.1308115020282304	7.766145279841652e-05	0
297	5384.630455255508	0.1308309798511483	1.947782291791822e-05	0
298	5402.606411457062	0.13092174823559943	9.076838445112867e-05	0
299	5420.457173585892	0.13096902543774844	4.7277202149004216e-05	0
300	5438.458059310913	0.1310022347895019	3.3209351753465954e-05	0
301	5456.393504142761	0.1310022347895019	0.0	1
302	5474.321959257126	0.1310022347895019	0.0	2
303	5492.229702711105	0.13124904676860707	0.0002468119791051715	0
304	5510.1572053432465	0.13124904676860707	0.0	1
305	5528.078252315521	0.13124904676860707	0.0	2
306	5546.069737434387	0.13124904676860707	0.0	3
307	5564.031890153885	0.1316476550815228	0.00039860831291571586	0
308	5582.062057971954	0.1316476550815228	0.0	1
309	5599.986914157867	0.1319847934224574	0.0003371383409346007	0
310	5617.9864666461945	0.1320873522798835	0.00010255885742610493	0
311	5635.898765325546	0.1320873522798835	0.0	1
312	5653.868238925934	0.13216739681116424	8.004453128074296e-05	0
313	5671.790427446365	0.13216739681116424	0.0	1
314	5689.8081641197205	0.1322553977496359	8.800093847166623e-05	0
315	5707.795517206192	0.1322553977496359	0.0	1
316	5725.808613538742	0.1322553977496359	0.0	2
317	5743.7654848098755	0.1322553977496359	0.0	3
318	5761.730065584183	0.13231296639152101	5.756864188510846e-05	0
319	5779.734424829483	0.13231296639152101	0.0	1
320	5797.740852594376	0.1323505767511168	3.7610359595791065e-05	0
321	5815.743323326111	0.1323655863018804	1.5009550763583901e-05	0
322	5833.69646525383	0.1324078667265665	4.2280424686097495e-05	0
323	5851.682615280151	0.1324078667265665	0.0	1
324	5869.718367815018	0.1324509927597463	4.312603317982444e-05	0
325	5887.738091945648	0.13267151400204666	0.00022052124230034775	0
326	5905.761753797531	0.13267151400204666	0.0	1
327	5923.740357398987	0.13279678897855413	0.00012527497650746677	0
328	5941.73294377327	0.13279678897855413	0.0	1
329	5959.729889631271	0.13282311815210865	2.6329173554523466e-05	0
330	5977.7589275836945	0.13318490405879777	0.00036178590668911603	0
331	5995.785848617554	0.13335303601123705	0.00016813195243928214	0
332	6013.785077095032	0.13335303601123705	0.0	1
333	6031.824314594269	0.13335303601123705	0.0	2
334	6049.831344604492	0.13343088964778407	7.785363654702615e-05	0
335	6067.8528118133545	0.1335325836783416	0.00010169403055751425	0
336	6085.9319088459015	0.13361614517222123	8.35614938796414e-05	0
337	6103.968992471695	0.1337936268640286	0.0001774816918073685	0
338	6121.97659945488	0.13387267203981676	7.904517578816161e-05	0
339	6140.084609031677	0.13387267203981676	0.0	1
340	6158.131201028824	0.1339054393689485	3.276732913173874e-05	0
341	6175.990028619766	0.13402762018710393	0.0001221808181554318	0
342	6194.020958900452	0.13429212268026527	0.0002645024931613449	0
343	6212.113184452057	0.13436980335143855	7.768067117328026e-05	0
344	6230.210008144379	0.13454090454279333	0.0001711011913547722	0
345	6248.098782300949	0.13454090454279333	0.0	1
346	6266.150364398956	0.13476270380702168	0.00022179926422835616	0
347	6284.1452078819275	0.1348423735799927	7.966977297102495e-05	0
348	6302.21137046814	0.134979727305098	0.0001373537251052881	0
349	6320.21981716156	0.134979727305098	0.0	1
350	6338.21151638031	0.13500405776766736	2.4330462569360778e-05	0
351	6356.196482896805	0.13504992241926436	4.5864651597005146e-05	0
352	6374.1867752075195	0.13512521040276793	7.528798350356358e-05	0
353	6392.1676824092865	0.13516095658000254	3.5746177234619037e-05	0
354	6410.165146827698	0.1353796712950663	0.00021871471506376694	0
355	6428.158491134644	0.13545930263128764	7.963133622132523e-05	0
356	6446.1782512664795	0.13545930263128764	0.0	1
357	6464.220290899277	0.13545930263128764	0.0	2
358	6482.229806423187	0.13555502935645194	9.572672516430791e-05	0
359	6500.198097705841	0.13555502935645194	0.0	1
360	6518.094828367233	0.1355804840939505	2.5454737498542546e-05	0
361	6536.112025260925	0.1355804840939505	0.0	1
362	6554.1369087696075	0.13575009586125378	0.00016961176730329042	0
363	6572.163018941879	0.13575009586125378	0.0	1
364	6590.190536499023	0.13575009586125378	0.0	2
365	6608.167514324188	0.1357526519051098	2.556043856016821e-06	0
366	6626.162328243256	0.1357526519051098	0.0	1
367	6644.176460266113	0.13623164107086627	0.0004789891657564771	0
368	6662.319755077362	0.1362987324174932	6.709134662694072e-05	0
369	6680.367795944214	0.1362987324174932	0.0	1
370	6698.375577688217	0.1362987324174932	0.0	2
371	6716.4223799705505	0.13631849851603395	1.976609854073552e-05	0
372	6734.432611465454	0.13724420919616148	0.0009257106801275339	0
373	6752.51765370369	0.13724420919616148	0.0	1
374	6770.59231877327	0.13724420919616148	0.0	2
375	6788.627154350281	0.13724420919616148	0.0	3
376	6806.656214952469	0.13724420919616148	0.0	4
377	6824.715802431107	0.13730726468406834	6.305548790686011e-05	0
378	6842.842657566071	0.13730726468406834	0.0	1
379	6860.817968130112	0.1373513996819282	4.413499785985153e-05	0
380	6878.835362911224	0.1375439389704363	0.00019253928850809787	0
381	6896.908905744553	0.13759145640227102	4.751743183473156e-05	0
382	6914.891199827194	0.13759145640227102	0.0	1
383	6932.923538923264	0.13778635955088656	0.00019490314861553282	0
384	6950.993866443634	0.13785625678024263	6.989722935607512e-05	0
385	6968.9823677539825	0.13787691653321427	2.0659752971635692e-05	0
386	6987.009178876877	0.13790554230256424	2.862576934997696e-05	0
387	7005.024870872498	0.13800811076917777	0.00010256846661352292	0
388	7023.110628604889	0.13800811076917777	0.0	1
389	7041.144423246384	0.13800811076917777	0.0	2
390	7059.184283733368	0.13800959058404177	1.4798148640082776e-06	0
391	7077.2917740345	0.1380310863363197	2.149575227791689e-05	0
392	7095.387227296829	0.1380310863363197	0.0	1
393	7113.260593891144	0.1381470884469585	0.00011600211063880761	0
394	7131.206732034683	0.13819634514171783	4.925669475933092e-05	0
395	7149.234417438507	0.13819634514171783	0.0	1
396	7167.382595062256	0.13819634514171783	0.0	2
397	7185.330940723419	0.13819634514171783	0.0	3
398	7203.381041765213	0.13822351031457863	2.7165172860804665e-05	0
399	7221.412662029266	0.13830016280269708	7.665248811844494e-05	0
400	7239.439515829086	0.13836428491040853	6.412210771145066e-05	0
401	7257.440671443939	0.13840113614419747	3.6851233788937066e-05	0
402	7275.470951795578	0.1384601557733843	5.901962918683501e-05	0
403	7293.500844955444	0.1385709304860619	0.00011077471267759154	0
404	7311.543006658554	0.1385709304860619	0.0	1
405	7329.594124078751	0.13857838721550655	7.456729444660359e-06	0
406	7347.657910346985	0.1386537424633221	7.535524781554503e-05	0
407	7365.7449316978455	0.13869042073173732	3.667826841521893e-05	0
408	7383.825493812561	0.13870810163660605	1.7680904868727643e-05	0
409	7401.720466136932	0.13870810163660605	0.0	1
410	7419.769504785538	0.13877408792667867	6.598629007262269e-05	0
411	7437.78840470314	0.13877408792667867	0.0	1
412	7455.777140617371	0.13884687752145078	7.278959477211022e-05	0
413	7473.813373088837	0.13892090670140117	7.402917995039116e-05	0
414	7491.8520929813385	0.13892090670140117	0.0	1
415	7509.861736774445	0.1391352107994352	0.00021430409803402384	0
416	7527.848818540573	0.13926641464458614	0.00013120384515094563	0
417	7545.870423555374	0.13926641464458614	0.0	1
418	7563.943416595459	0.13926641464458614	0.0	2
419	7581.9661502838135	0.13931662264890088	5.020800431473904e-05	0
420	7599.986708402634	0.13934119334115597	2.4570692255088122e-05	0
421	7618.08442234993	0.13946495967523712	0.000123766334081149	0
422	7636.145161628723	0.13946495967523712	0.0	1
423	7654.221730470657	0.13961451706837683	0.00014955739313970984	0
424	7672.29966545105	0.13985314201979276	0.00023862495141593887	0
425	7690.35658454895	0.13985314201979276	0.0	1
426	7708.534786224365	0.13985314201979276	0.0	2
427	7726.5005757808685	0.13985314201979276	0.0	3
428	7744.6741189956665	0.13988688948604222	3.374746624945635e-05	0
429	7762.789880514145	0.13998144389034026	9.455440429803619e-05	0
430	7780.907675504684	0.13998144389034026	0.0	1
431	7798.918040037155	0.13998144389034026	0.0	2
432	7816.883719205856	0.13998144389034026	0.0	3
433	7834.863834857941	0.140000604610073	1.916071973273592e-05	0
434	7852.940800189972	0.140000604610073	0.0	1
435	7870.92274928093	0.14016630543809283	0.000165700828019838	0
436	7888.963705778122	0.14017374294916263	7.437511069796621e-06	0
437	7907.002967119217	0.14017374294916263	0.0	1
438	7925.193409204483	0.14027017114500923	9.642819584659845e-05	0
439	7943.260067224503	0.14050043610336224	0.00023026495835301586	0
440	7961.357439994812	0.14063031388064803	0.00012987777728579175	0
441	7979.416034698486	0.14063031388064803	0.0	1
442	7997.484750509262	0.14114940218554434	0.0005190883048963035	0
443	8015.5461602211	0.14114940218554434	0.0	1
444	8033.704520702362	0.14124305332622406	9.365114067971803e-05	0
445	8051.839999437332	0.14124305332622406	0.0	1
446	8070.049875736237	0.1412770602405341	3.400691431004743e-05	0
447	8088.150718450546	0.1412770602405341	0.0	1
448	8106.254997014999	0.1413012657836669	2.420554313278811e-05	0
449	8124.391572237015	0.1413157180015596	1.4452217892702013e-05	0
450	8142.531386137009	0.1414429532523025	0.00012723525074290198	0
451	8160.633314371109	0.1414429532523025	0.0	1
452	8178.718563318253	0.1414429532523025	0.0	2
453	8196.827426195145	0.1414429532523025	0.0	3
454	8214.83331656456	0.1414429532523025	0.0	4
455	8233.020051240921	0.14144991030400086	6.957051698369687e-06	0
456	8251.108649969101	0.14144991030400086	0.0	1
457	8269.278442382812	0.14294259186998168	0.0014926815659808135	0
458	8287.441899061203	0.14294259186998168	0.0	1
459	8305.51689171791	0.1433270842865647	0.0003844924165830321	0
460	8323.638520240784	0.1433270842865647	0.0	1
461	8341.801688671112	0.1433270842865647	0.0	2
462	8359.819433450699	0.1433748227297103	4.7738443145595166e-05	0
463	8377.920929193497	0.1433748227297103	0.0	1
464	8395.942382097244	0.14348192673279017	0.00010710400307986645	0
465	8413.99740934372	0.1436537966591392	0.00017186992634901643	0
466	8432.04392337799	0.1436537966591392	0.0	1
467	8450.10729265213	0.14367281324106052	1.901658192132727e-05	0
468	8468.224711179733	0.1439946249280464	0.00032181168698589	0
469	8486.304002285004	0.1439946249280464	0.0	1
470	8504.3339407444	0.1439946249280464	0.0	2
471	8522.425159215927	0.1439946249280464	0.0	3
472	8540.450851678848	0.14401221935022826	1.7594422181854696e-05	0
473	8558.493770122528	0.14401221935022826	0.0	1
474	8576.538516283035	0.14492443873120595	0.0009122193809776857	0
475	8594.666872501373	0.14492443873120595	0.0	1
476	8612.715983867645	0.14492443873120595	0.0	2
477	8630.84150981903	0.1450735733200988	0.00014913458889284636	0
478	8648.9289021492	0.14550297907872337	0.00042940575862457364	0
479	8667.017086744308	0.1455578379297536	5.4858851030237243e-05	0
480	8685.160473823547	0.14591984484775355	0.0003620069179999519	0
481	8703.232489585876	0.14614273955934878	0.00022289471159522845	0
482	8721.262875795364	0.14661732771726294	0.000474588157914152	0
483	8739.284816265106	0.1466817861465344	6.445842927146894e-05	0
484	8757.233753919601	0.1466866772229356	4.891076401197791e-06	0
485	8775.263828277588	0.1466866772229356	0.0	1
486	8793.280824899673	0.14675581532648482	6.913810354922112e-05	0
487	8811.313049077988	0.1469064489486165	0.00015063362213169063	0
488	8829.330728530884	0.1469071504192988	7.014706822905392e-07	1
489	8847.425522327423	0.14697369404224228	6.654362294347682e-05	0
490	8865.418673992157	0.1471608137490406	0.00018711970679832768	0
491	8883.448082208633	0.14716130381759948	4.900685588726805e-07	1
492	8901.523362874985	0.1473354126846194	0.00017410886701990647	0
493	8919.714373588562	0.15270547825156452	0.005370065566945137	0
494	8936.700992107391	0.15270547825156452	0.0	1
495	8955.046067714691	0.15270547825156452	0.0	2
496	8972.527193069458	0.16607743129354113	0.013371953041976609	0
497	8991.388385772705	0.16632144699910456	0.00024401570556342733	0
498	9009.975320100784	0.1666157571916696	0.0002943101925650393	0
499	9028.53098154068	0.16665144571377966	3.5688522110055576e-05	0
500	9047.473639249802	0.16665144571377966	0.0	1
501	9066.064504623413	0.16665544313574998	3.997421970325377e-06	0
502	9085.070288419724	0.16665544313574998	0.0	1
503	9104.317059516907	0.16665544313574998	0.0	2
504	9124.446118593216	0.16740397961806783	0.0007485364823178464	0
505	9144.456062793732	0.16740397961806783	0.0	1
506	9164.971410274506	0.16740397961806783	0.0	2
507	9185.91758775711	0.16780912217843505	0.00040514256036722207	0
508	9207.049043655396	0.16780912217843505	0.0	1
509	9228.16773724556	0.16780912217843505	0.0	2
510	9249.436646699905	0.18208245543796983	0.014273333259534782	0
511	9271.607232093811	0.18209231446427165	9.859026301822782e-06	0
512	9294.831996679306	0.18568213392224583	0.0035898194579741804	0
513	9318.61694431305	0.1857454584674007	6.332454515486918e-05	0
514	9342.500015497208	0.1857454584674007	0.0	1
515	9366.20799279213	0.18608143409665642	0.0003359756292557192	0
516	9389.847412586212	0.18608143409665642	0.0	1
517	9413.39020705223	0.18617197186060927	9.053776395284707e-05	0
518	9437.032613039017	0.18617197186060927	0.0	1
519	9460.751930952072	0.1862598574888318	8.788562822253931e-05	0
520	9484.446284532547	0.18772197222960207	0.001462114740770265	0
521	9508.140094280243	0.18772197222960207	0.0	1
522	9531.84049153328	0.18772197222960207	0.0	2
523	9555.517285346985	0.18772197222960207	0.0	3
524	9579.225340604782	0.18772197222960207	0.0	4
525	9603.012784481049	0.18966145218345337	0.0019394799538512975	0
526	9626.815957069397	0.18966145218345337	0.0	1
527	9650.567087888718	0.18999154699000273	0.0003300948065493581	0
528	9674.298922777176	0.19069643854301963	0.0007048915530168953	0
529	9697.972412347794	0.19069643854301963	0.0	1
530	9721.617911338806	0.19069643854301963	0.0	2
531	9745.331508398056	0.19069643854301963	0.0	3
532	9769.0224339962	0.19069643854301963	0.0	4
533	9792.66903424263	0.19069643854301963	0.0	5
534	9816.366881608963	0.19069643854301963	0.0	6
535	9840.046071767807	0.19088072353952648	0.00018428499650685604	0
536	9863.68121957779	0.19111341962229897	0.00023269608277248777	0
537	9887.37214756012	0.19111341962229897	0.0	1
538	9910.991706371307	0.19111341962229897	0.0	2
539	9934.729228496552	0.19111341962229897	0.0	3
540	9958.39067864418	0.1938194628940843	0.0027060432717853355	0
541	9982.008019208908	0.1938194628940843	0.0	1
542	10005.707972288132	0.1939075022693057	8.803937522139371e-05	0
543	10029.378167629242	0.1939075022693057	0.0	1
544	10053.058876276016	0.19399563773640138	8.813546709568465e-05	0
545	10076.727459907532	0.19399563773640138	0.0	1
546	10100.320629835129	0.19399563773640138	0.0	2
547	10123.9468998909	0.19399563773640138	0.0	3
548	10147.507502794266	0.19433320849077024	0.0003375707543688544	0
549	10171.3143491745	0.19454520638382136	0.0002119978930511246	0
550	10195.021583795547	0.19498795930378438	0.00044275291996301314	0
551	10218.699596881866	0.19546407532249968	0.00047611601871530573	0
552	10242.33808541298	0.1958681032171252	0.0004040278946255138	0
553	10266.055910110474	0.19601696874877	0.00014886553164480953	0
554	10289.68352150917	0.19649229681411617	0.00047532806534617	0
555	10313.287207365036	0.19649229681411617	0.0	1
556	10336.981454849243	0.19691727273733614	0.0004249759232199668	0
557	10360.62182545662	0.1978747129543531	0.0009574402170169638	0
558	10384.21406006813	0.1978747129543531	0.0	1
559	10407.849195480347	0.1978747129543531	0.0	2
560	10431.561079978943	0.1978747129543531	0.0	3
561	10455.155690431595	0.1978747129543531	0.0	4
562	10478.860461473465	0.1979045783088814	2.9865354528285648e-05	0
563	10502.437886714935	0.19804423823896955	0.00013965993008815958	0
564	10526.068306207657	0.19810579469363757	6.155645466801585e-05	0
565	10549.767698526382	0.1983227893641516	0.00021699467051403132	0
566	10573.466019392014	0.19854497299587712	0.00022218363172551991	0
567	10597.186403751373	0.19854497299587712	0.0	1
568	10620.828371047974	0.1985853700198272	4.0397023950089483e-05	0
569	10644.41293644905	0.1985853700198272	0.0	1
570	10667.967877388	0.1985853700198272	0.0	2
571	10691.73062300682	0.1989971813562699	0.0004118113364426912	0
572	10715.295657396317	0.1989971813562699	0.0	1
573	10739.013586759567	0.1989971813562699	0.0	2
574	10762.671210765839	0.19907315159208092	7.597023581101814e-05	0
575	10786.286401033401	0.1992013189340044	0.00012816734192347412	0
576	10809.851734161377	0.19940024833215253	0.00019892939814813992	0
577	10833.54358291626	0.19944823661417127	4.79882820187405e-05	0
578	10857.148872852325	0.19944823661417127	0.0	1
579	10880.827100992203	0.19944823661417127	0.0	2
580	10904.444211006165	0.19944823661417127	0.0	3
581	10928.119854927063	0.19944823661417127	0.0	4
582	10951.766691446304	0.19944823661417127	0.0	5
583	10975.392283678055	0.19952695507758686	7.871846341558908e-05	0
584	10999.012824773788	0.19952695507758686	0.0	1
585	11022.54797911644	0.19952695507758686	0.0	2
586	11046.23877453804	0.20087775699118351	0.0013508019135966554	0
587	11069.895321369171	0.20087775699118351	0.0	1
588	11093.597380161285	0.20093339418639547	5.563719521195498e-05	0
589	11117.200840950012	0.20093339418639547	0.0	1
590	11140.817397594452	0.20093339418639547	0.0	2
591	11164.323011159897	0.20093339418639547	0.0	3
592	11187.987121582031	0.20093339418639547	0.0	4
593	11211.562277555466	0.20133271357918092	0.00039931939278545214	0
594	11235.229467391968	0.20133271357918092	0.0	1
595	11258.908828735352	0.20133271357918092	0.0	2
596	11282.436284303665	0.20133271357918092	0.0	3
597	11306.034344911575	0.20133271357918092	0.0	4
598	11329.691502809525	0.20133271357918092	0.0	5
599	11353.354144573212	0.20234127467331836	0.001008561094137439	0
600	11377.07404255867	0.20248101147690595	0.00013973680358758678	0
601	11400.735182285309	0.20268505296276615	0.00020404148586020132	0
602	11424.357771873474	0.20268505296276615	0.0	1
603	11447.934641599655	0.20278133702080134	9.62840580351898e-05	0
604	11471.544518232346	0.2029705227028968	0.00018918568209547182	0
605	11495.108047962189	0.2029705227028968	0.0	1
606	11518.65428352356	0.2029705227028968	0.0	2
607	11542.27399611473	0.2029705227028968	0.0	3
608	11565.973977804184	0.2029705227028968	0.0	4
609	11589.507919311523	0.2030191644096607	4.864170676388557e-05	0
610	11613.15779042244	0.20317162377740386	0.00015245936774316293	0
611	11636.680661439896	0.2032235133895186	5.1889612114747186e-05	0
612	11660.388253688812	0.2036314233958653	0.0004079100063466845	0
613	11684.002217054367	0.2036314233958653	0.0	1
614	11707.659131765366	0.2037383736519463	0.00010695025608101205	0
615	11731.12238407135	0.2037383736519463	0.0	1
616	11754.753997325897	0.20380460017170463	6.622651975832228e-05	0
617	11778.310017347336	0.20380460017170463	0.0	1
618	11801.869905233383	0.20380460017170463	0.0	2
619	11825.369465351105	0.20380873212229897	4.131950594343792e-06	0
620	11848.891521692276	0.20387682282441846	6.80907021194943e-05	0
621	11872.468168973923	0.20387682282441846	0.0	1
622	11896.152246952057	0.20387682282441846	0.0	2
623	11919.743109703064	0.20387682282441846	0.0	3
624	11943.296013116837	0.20387682282441846	0.0	4
625	11966.934716701508	0.20387682282441846	0.0	5
626	11990.602274894714	0.20387682282441846	0.0	6
627	12014.24184346199	0.20393928254270474	6.24597182862785e-05	0
628	12037.889413356781	0.20393928254270474	0.0	1
629	12061.493461847305	0.20400083899737276	6.155645466801585e-05	0
630	12085.086230278015	0.2040273026995513	2.646370217854188e-05	0
631	12108.599066972733	0.20415548925984964	0.00012818656029833786	0
632	12132.247701406479	0.20415548925984964	0.0	1
633	12155.77541232109	0.20424410518631675	8.861592646711158e-05	0
634	12179.420833349228	0.20425832678371117	1.4221597394420415e-05	0
635	12203.021934986115	0.20425832678371117	0.0	1
636	12226.604561805725	0.20425832678371117	0.0	2
637	12250.14607334137	0.20425832678371117	0.0	3
638	12273.660967826843	0.20426878157963355	1.0454795922376636e-05	0
639	12297.33129811287	0.2043755780887157	0.00010679650908215765	0
640	12321.014353752136	0.20437969082093516	4.1127322194522975e-06	0
641	12344.581892967224	0.20448258599992125	0.00010289517898609546	0
642	12368.07570695877	0.20448258599992125	0.0	1
643	12391.714954137802	0.20448258599992125	0.0	2
644	12415.303188562393	0.20449663463194195	1.4048632020702279e-05	0
645	12438.895426511765	0.20469087474662492	0.00019424011468296976	0
646	12462.439036607742	0.20469087474662492	0.0	1
647	12486.030068159103	0.20469087474662492	0.0	2
648	12509.560672998428	0.20481948411117012	0.00012860936454520133	0
649	12533.148867607117	0.20483310993894396	1.3625827773838806e-05	0
650	12556.848331928253	0.20483310993894396	0.0	1
651	12580.488981485367	0.20488286631144959	4.975637250562159e-05	0
652	12604.143220186234	0.20488286631144959	0.0	1
653	12627.758583068848	0.20495255213868224	6.968582723265726e-05	0
654	12651.370613574982	0.20495645346877828	3.901330096034439e-06	0
655	12674.872294902802	0.2050132245481068	5.6771079328526985e-05	0
656	12698.547060251236	0.20517569668915062	0.00016247214104381236	0
657	12722.208508729935	0.20517569668915062	0.0	1
658	12745.90726685524	0.20517569668915062	0.0	2
659	12769.492974281311	0.20517569668915062	0.0	3
660	12792.980006933212	0.20531479928636792	0.00013910259721730545	0
661	12816.510519504547	0.20531479928636792	0.0	1
662	12840.081861257553	0.20531479928636792	0.0	2
663	12863.627607107162	0.20539882202124413	8.40227348762046e-05	0
664	12887.21169090271	0.20539882202124413	0.0	1
665	12910.796561479568	0.20548445909960836	8.563707836423129e-05	0
666	12934.35655426979	0.20548445909960836	0.0	1
667	12957.895749807358	0.20556894307548115	8.448397587279555e-05	0
668	12981.43799495697	0.20556894307548115	0.0	1
669	13005.094830751419	0.20556894307548115	0.0	2
670	13028.746689796448	0.2056241766848211	5.523360933995525e-05	0
671	13052.23878121376	0.2056241766848211	0.0	1
672	13075.847160339355	0.20588539283588184	0.00026121615106072804	0
673	13099.424707651138	0.20588539283588184	0.0	1
674	13123.029211044312	0.20588539283588184	0.0	2
675	13146.570747613907	0.2059618243126894	7.643147680755358e-05	0
676	13170.215394496918	0.2059618243126894	0.0	1
677	13193.80686712265	0.2059618243126894	0.0	2
678	13217.348014116287	0.2059618243126894	0.0	3
679	13240.981456756592	0.2059618243126894	0.0	4
680	13264.604615926743	0.20700328726458259	0.0010414629518931962	0
681	13288.05168747902	0.20700328726458259	0.0	1
682	13311.609063863754	0.2072131326996497	0.0002098454350671075	0
683	13335.195825576782	0.20721743761561773	4.304915968034173e-06	0
684	13358.773272514343	0.20723069829426927	1.3260678651538793e-05	0
685	13382.44294667244	0.2072405573205711	9.859026301822782e-06	0
686	13406.11526966095	0.20735154343537213	0.00011098611480103715	0
687	13429.614932775497	0.20759242654583382	0.00024088311046169264	0
688	13453.176384687424	0.20759242654583382	0.0	1
689	13476.853003501892	0.2076299023768056	3.747583097177265e-05	0
690	13500.515211582184	0.2076299023768056	0.0	1
691	13524.092336416245	0.2076299023768056	0.0	2
692	13547.758054971695	0.2076299023768056	0.0	3
693	13571.32564163208	0.2078416312126087	0.00021172883580311552	0
694	13594.85746884346	0.2078416312126087	0.0	1
695	13618.517136096954	0.20825207804443654	0.0004104468318278376	0
696	13642.220205545425	0.20829408941187466	4.2011367438116176e-05	0
697	13665.865185022354	0.20846292283499623	0.00016883342312157268	0
698	13689.488449335098	0.2085677398514681	0.0001048170164718587	0
699	13713.00452208519	0.2085677398514681	0.0	1
700	13736.532727718353	0.2085677398514681	0.0	2
701	13760.114117145538	0.2085730441229287	5.304271460615517e-06	0
702	13783.704306840897	0.2085730441229287	0.0	1
703	13807.326979875565	0.20876522787150192	0.00019218374857321585	0
704	13830.909299612045	0.20876522787150192	0.0	1
705	13854.543342590332	0.20876522787150192	0.0	2
706	13878.208342313766	0.20876522787150192	0.0	3
707	13901.80364227295	0.20876522787150192	0.0	4
708	13925.389788389206	0.20880272292084856	3.749504934663639e-05	0
709	13948.972946166992	0.20891430480527018	0.00011158188442161876	0
710	13972.602053880692	0.20891430480527018	0.0	1
711	13996.208971261978	0.20891430480527018	0.0	2
712	14019.748999357224	0.20901037746118195	9.607265591177194e-05	0
713	14043.371434211731	0.20910708432346398	9.670686228202552e-05	0
714	14066.955415725708	0.2092923878938383	0.00018530357037432887	0
715	14090.587843179703	0.2094382361406305	0.00014584824679220176	0
716	14114.153337717056	0.20955562197425903	0.00011738583362852495	0
717	14137.748397827148	0.2097132126480891	0.0001575906738300603	0
718	14161.37004160881	0.2098721293897843	0.0001589167416952142	0
719	14184.917316913605	0.20998436469895107	0.00011223530916676383	0
720	14208.496401071548	0.21000660035866098	2.2235659709907152e-05	0
721	14231.970684051514	0.21004209669702245	3.54963383614737e-05	0
722	14255.541821241379	0.2104840232268666	0.00044192652984414993	0
723	14279.092721939087	0.2104840232268666	0.0	1
724	14302.724006414413	0.2104840232268666	0.0	2
725	14326.277815580368	0.2105348173916145	5.079416474790266e-05	0
726	14349.871658325195	0.21084961437177743	0.0003147969801629291	0
727	14373.247213602066	0.21084961437177743	0.0	1
728	14396.779806137085	0.2110290371194454	0.00017942274766796773	0
729	14420.339467525482	0.2110290371194454	0.0	1
730	14443.897790431976	0.2110290371194454	0.0	2
731	14467.38395690918	0.2110290371194454	0.0	3
732	14490.90573644638	0.21111463576105993	8.559864161453157e-05	0
733	14514.376173973083	0.21111463576105993	0.0	1
734	14537.95833826065	0.21111463576105993	0.0	2
735	14561.41802740097	0.21111463576105993	0.0	3
736	14585.07574057579	0.21111463576105993	0.0	4
737	14608.57769370079	0.21111463576105993	0.0	5
738	14632.224928855896	0.21111463576105993	0.0	6
739	14655.685829401016	0.21111463576105993	0.0	7
740	14679.243135929108	0.21111463576105993	0.0	8
741	14702.724531412125	0.21120117610304245	8.65403419825217e-05	0
742	14726.162697076797	0.21121268790958198	1.151180653952144e-05	0
743	14749.691194534302	0.21142457049238397	0.00021188258280199768	0
744	14773.270297527313	0.21142457049238397	0.0	1
745	14796.854526996613	0.21142457049238397	0.0	2
746	14820.384641170502	0.21142457049238397	0.0	3
747	14843.968141555786	0.21142457049238397	0.0	4
748	14867.427453756332	0.21169084107603217	0.0002662705836481982	0
749	14890.92255282402	0.21169084107603217	0.0	1
750	14914.437242507935	0.21169084107603217	0.0	2
751	14938.009521007538	0.21169599160049393	5.150524461761119e-06	0
752	14961.55152630806	0.21170696529253746	1.0973692043531047e-05	0
753	14985.042346954346	0.21198036589325775	0.00027340060072028605	0
754	15008.663554906845	0.21198036589325775	0.0	1
755	15032.19450044632	0.21202035933133584	3.999343807808975e-05	0
756	15055.741677999496	0.21209709830214113	7.673897080529013e-05	0
757	15079.245715856552	0.21209709830214113	0.0	1
758	15102.825063943863	0.21209709830214113	0.0	2
759	15126.34159898758	0.21227750118692681	0.00018040288478568534	0
760	15149.955423116684	0.21229500912642182	1.7507939495009506e-05	0
761	15173.396630525589	0.21229500912642182	0.0	1
762	15197.006098508835	0.21241416305053723	0.00011915392411540604	0
763	15220.453546762466	0.21248882643685793	7.466338632070024e-05	0
764	15243.96344447136	0.21248882643685793	0.0	1
765	15267.538777828217	0.21255522592199	6.639948513206817e-05	0
766	15291.02300953865	0.21255522592199	0.0	1
767	15314.656648397446	0.21255522592199	0.0	2
768	15338.152240991592	0.21258591766663712	3.06917446471211e-05	0
769	15361.663084506989	0.21265112561252802	6.520794589090495e-05	0
770	15385.124659061432	0.21265904358296925	7.917970441223554e-06	0
771	15408.67974448204	0.21276307264607194	0.00010402906310269522	0
772	15432.216173887253	0.21276307264607194	0.0	1
773	15455.78135752678	0.21276307264607194	0.0	2
774	15479.328673362732	0.21276307264607194	0.0	3
775	15502.883806228638	0.21302421192363324	0.00026113927756130084	0
776	15526.467013120651	0.21306499331508047	4.078139144722548e-05	0
777	15550.042835235596	0.21311624872082496	5.125540574449361e-05	0
778	15573.569713830948	0.21322644688225684	0.00011019816143187366	0
779	15597.069007396698	0.21322644688225684	0.0	1
780	15620.649513721466	0.21322644688225684	0.0	2
781	15644.214446783066	0.21322644688225684	0.0	3
782	15667.7659907341	0.21331750354233084	9.105666007400148e-05	0
783	15691.381312847137	0.21331750354233084	0.0	1
784	15714.937526464462	0.21347361440129686	0.00015611085896602428	0
785	15738.494772195816	0.21347361440129686	0.0	1
786	15762.119426250458	0.21347361440129686	0.0	2
787	15785.682840108871	0.21347361440129686	0.0	3
788	15809.255911111832	0.2134852222997107	1.1607898413840134e-05	0
789	15832.814706325531	0.2134852222997107	0.0	1
790	15856.346421718597	0.213609642058537	0.00012441975882629408	0
791	15879.959859371185	0.213609642058537	0.0	1
792	15903.564258813858	0.2136231525760617	1.3510517524711885e-05	0
793	15927.212836265564	0.21370490754270474	8.175496664303283e-05	0
794	15950.789435863495	0.21391115914167352	0.00020625159896878187	0
795	15974.379436254501	0.21391115914167352	0.0	1
796	15997.959788799286	0.2140182631447534	0.00010710400307986645	0
797	16021.592552185059	0.2140182631447534	0.0	1
798	16045.161134004593	0.2140182631447534	0.0	2
799	16068.798503398895	0.2140182631447534	0.0	3
800	16092.431342601776	0.2140770713718168	5.880822706341715e-05	0
801	16116.046931505203	0.21417225998248512	9.518861066831752e-05	0
802	16139.612663507462	0.2145391003217617	0.0003668403392765862	0
803	16163.215738296509	0.2145391003217617	0.0	1
804	16186.901449918747	0.2145391003217617	0.0	2
805	16210.533108234406	0.2146537955829102	0.00011469526114848971	0
806	16234.142042160034	0.21470785687138386	5.4061288473655766e-05	0
807	16257.759588718414	0.2148676000031979	0.00015974313181404964	0
808	16281.388151407242	0.21489298747638444	2.5387473186533338e-05	0
809	16305.034428358078	0.21489298747638444	0.0	1
810	16328.60254573822	0.21489298747638444	0.0	2
811	16352.209570407867	0.21503293568209547	0.0001399482057110324	0
812	16375.761391878128	0.21503293568209547	0.0	1
813	16399.385804653168	0.21508864975080685	5.571406871138218e-05	0
814	16423.076233148575	0.21530472193932773	0.00021607218852087717	0
815	16445.485750198364	0.21561467588902664	0.00030995394969890455	0
816	16467.62679719925	0.21593047222468215	0.00031579633565551046	0
817	16491.44154548645	0.21593047222468215	0.0	1
818	16514.078067541122	0.21593047222468215	0.0	2
819	16537.369563102722	0.21604797336855983	0.00011750114387767963	0
820	16560.105402708054	0.21606133013908566	1.3356770525829731e-05	0
821	16583.449887275696	0.21624857476532056	0.00018724462623490035	0
822	16606.625695228577	0.21631858730492579	7.00125396052298e-05	0
823	16629.80566048622	0.21631858730492579	0.0	1
824	16653.593095064163	0.21631858730492579	0.0	2
825	16677.423273324966	0.21683677234620377	0.0005181850412779854	0
826	16701.311329841614	0.21683677234620377	0.0	1
827	16724.775371074677	0.21689648383688548	5.971149068170756e-05	0
828	16748.45884513855	0.21711912870960756	0.0002226448727220831	0
829	16772.287353515625	0.21711912870960756	0.0	1
830	16796.207003593445	0.2172182186503719	9.908994076435196e-05	0
831	16820.26991224289	0.2172182186503719	0.0	1
832	16844.27208685875	0.2172538495173574	3.5630866985492116e-05	0
833	16868.340056180954	0.2172669180122604	1.3068494902984673e-05	0
834	16892.320952177048	0.2172669180122604	0.0	1
835	16916.203731060028	0.21736727636576533	0.00010035835350494238	0
836	16940.19722008705	0.21737298422309795	5.7078573326152515e-06	0
837	16964.104649066925	0.21740238833662964	2.9404113531694698e-05	0
838	16988.12541770935	0.2176366218893907	0.0002342335527610595	0
839	17012.17040657997	0.21765532136812688	1.8699478736172725e-05	0
840	17036.155231952667	0.21776617295430392	0.00011085158617704649	0
841	17060.129608869553	0.21776746058541935	1.287631115426402e-06	0
842	17084.17635011673	0.21798045783396305	0.00021299724854370594	0
843	17108.16105222702	0.21798045783396305	0.0	1
844	17132.107368946075	0.21798045783396305	0.0	2
845	17156.123598575592	0.2180244294756366	4.397164167355139e-05	0
846	17180.14981508255	0.21957318065026368	0.0015487511746270777	0
847	17204.186376810074	0.2196647754248337	9.159477457001963e-05	0
848	17228.155550718307	0.2197720331749124	0.00010725775007869309	0
849	17252.168517112732	0.2197720331749124	0.0	1
850	17276.111701965332	0.2197720331749124	0.0	2
851	17299.85232615471	0.2197720331749124	0.0	3
852	17323.814429998398	0.21979434570812176	2.2312533209362106e-05	0
853	17347.76111650467	0.21979434570812176	0.0	1
854	17371.647346496582	0.21979434570812176	0.0	2
855	17395.607383966446	0.21999371712889162	0.00019937142076986714	0
856	17419.576533079147	0.22000399895944028	1.02818305486585e-05	0
857	17443.689373493195	0.22015186513559254	0.00014786617615225595	0
858	17467.689122200012	0.2201757535755402	2.3888439947661322e-05	0
859	17491.686922073364	0.2201757535755402	0.0	1
860	17515.780843019485	0.2201757535755402	0.0	2
861	17539.80661702156	0.2201923198146672	1.6566239126991622e-05	0
862	17563.793040037155	0.2201923198146672	0.0	1
863	17587.798674345016	0.22022060926245718	2.8289447789986433e-05	0
864	17611.789316892624	0.22022060926245718	0.0	1
865	17635.882821798325	0.22022060926245718	0.0	2
866	17659.93306660652	0.22028962244656983	6.901318411264845e-05	0
867	17683.97096991539	0.22033505468473252	4.5432238162695926e-05	0
868	17708.033994674683	0.22033505468473252	0.0	1
869	17732.041892528534	0.22034562479090405	1.0570106171531313e-05	0
870	17756.01738023758	0.22035052547649267	4.900685588615783e-06	0
871	17780.0622484684	0.22036705327887	1.6527802377319656e-05	0
872	17804.07746386528	0.22036705327887	0.0	1
873	17828.11212706566	0.22039868672388513	3.1633445015138983e-05	0
874	17852.07183432579	0.22044798185539416	4.929513150903064e-05	0
875	17876.079503297806	0.220448135602393	1.5374699885439824e-07	1
876	17900.201963186264	0.2204546314130948	6.495810701778737e-06	0
877	17924.27473974228	0.22064037700609082	0.00018574559299602833	0
878	17948.323370695114	0.22064037700609082	0.0	1
879	17972.239173412323	0.22064037700609082	0.0	2
880	17996.208458662033	0.22066115206931158	2.0775063220762613e-05	0
881	18020.1620118618	0.22070152987488684	4.03778055752535e-05	0
882	18044.23714876175	0.22070152987488684	0.0	1
883	18068.199628591537	0.2207933168332054	9.178695831857375e-05	0
884	18092.247213840485	0.22080258008988662	9.263256681213416e-06	0
885	18116.362875699997	0.22097302785649622	0.00017044776660959937	0
886	18140.389942646027	0.22100606424287597	3.303638637974782e-05	0
887	18164.358651161194	0.22109085571274648	8.479146987050434e-05	0
888	18188.43618440628	0.221241374024629	0.00015051831188253595	0
889	18212.505808115005	0.221241374024629	0.0	1
890	18236.564831018448	0.221241374024629	0.0	2
891	18260.53502726555	0.221241374024629	0.0	3
892	18284.57570695877	0.221241374024629	0.0	4
893	18308.60761475563	0.22124831185795252	6.937833323505949e-06	0
894	18332.621839761734	0.22133179647833273	8.34846203802142e-05	0
895	18356.69854283333	0.22133191178858186	1.153102491269209e-07	1
896	18380.697168827057	0.22136660095519933	3.468916661747423e-05	0
897	18404.726210594177	0.2213935451167493	2.6944161549968815e-05	0
898	18428.634289979935	0.2215506553312079	0.00015711021445860562	0
899	18452.681831598282	0.2215506553312079	0.0	1
900	18476.76202106476	0.22170311469895107	0.00015245936774316293	0
901	18500.81655025482	0.22172558097915926	2.246628020818875e-05	0
902	18524.854949235916	0.22172558097915926	0.0	1
903	18548.992604017258	0.22172558097915926	0.0	2
904	18572.989675998688	0.22172558097915926	0.0	3
905	18597.05832839012	0.221741109426044	1.5528446884738312e-05	0
906	18621.10387825966	0.221741109426044	0.0	1
907	18645.16463136673	0.22185036588710785	0.00010925646106385578	0
908	18669.178308725357	0.22185036588710785	0.0	1
909	18693.24558353424	0.22185036588710785	0.0	2
910	18717.242774009705	0.22185036588710785	0.0	3
911	18741.22915816307	0.22189789292813003	4.752704102217731e-05	0
912	18765.262314796448	0.222121229662347	0.00022333673421695566	0
913	18789.220860004425	0.22235031269064626	0.00022908302829927063	0
914	18813.319873571396	0.22243191391029046	8.160121964420619e-05	0
915	18837.33856034279	0.22243191391029046	0.0	1
916	18861.458142518997	0.22254543685057265	0.00011352294028219023	0
917	18885.450632333755	0.22254543685057265	0.0	1
918	18909.43900513649	0.22254543685057265	0.0	2
919	18933.478927135468	0.22258097162568385	3.553477511120118e-05	0
920	18957.630609750748	0.2226612852142126	8.031358852875203e-05	0
921	18981.59623980522	0.22276106701647183	9.97818022592245e-05	0
922	19005.56883072853	0.22276106701647183	0.0	1
923	19029.64066052437	0.22276106701647183	0.0	2
924	19053.6900742054	0.22276106701647183	0.0	3
925	19077.72655415535	0.22308424320807255	0.00032317619160071587	0
926	19101.755935430527	0.22308424320807255	0.0	1
927	19125.779558181763	0.22328755439568818	0.00020331118761562905	0
928	19149.889540195465	0.22330696495429408	1.9410558605909012e-05	0
929	19173.923798561096	0.22338570263608454	7.873768179045282e-05	0
930	19197.909316301346	0.22338570263608454	0.0	1
931	19221.954053640366	0.22338570263608454	0.0	2
932	19245.93832039833	0.22342598434978547	4.028171370093481e-05	0
933	19270.01793575287	0.22342598434978547	0.0	1
934	19294.063292503357	0.22342598434978547	0.0	2
935	19318.028547763824	0.22349893730074388	7.295295095841037e-05	0
936	19342.127774477005	0.22349893730074388	0.0	1
937	19366.18240427971	0.22349893730074388	0.0	2
938	19390.200661182404	0.22349893730074388	0.0	3
939	19414.151772499084	0.22349893730074388	0.0	4
940	19438.221051454544	0.22355582369032154	5.6886389577653906e-05	0
941	19462.317487716675	0.2235663361413685	1.0512451046967852e-05	0
942	19486.34428834915	0.22358809134170698	2.175520033848022e-05	0
943	19510.43096971512	0.2236360988421006	4.800750039360424e-05	0
944	19534.47102546692	0.2236360988421006	0.0	1
945	19558.522088766098	0.2236360988421006	0.0	2
946	19582.462757349014	0.2236408649990652	4.766156964597368e-06	0
947	19606.380487442017	0.2239879296306136	0.00034706463154840494	0
948	19630.400653123856	0.2239879296306136	0.0	1
949	19654.44859433174	0.2239879296306136	0.0	2
950	19678.49444270134	0.2239879296306136	0.0	3
951	19702.4856197834	0.22412138202562285	0.00013345239500925365	0
952	19726.615897655487	0.22413339350990866	1.2011484285812113e-05	0
953	19750.488916158676	0.22413339350990866	0.0	1
954	19774.441833019257	0.22413339350990866	0.0	2
955	19798.316745519638	0.22413339350990866	0.0	3
956	19822.23207950592	0.22419260532284407	5.9211812935416885e-05	0
957	19846.16911315918	0.22419260532284407	0.0	1
958	19870.13311100006	0.22419260532284407	0.0	2
959	19894.25019311905	0.22419260532284407	0.0	3
960	19918.27987551689	0.2242234315961152	3.0826273271139515e-05	0
961	19942.280563116074	0.2242234315961152	0.0	1
962	19966.283595323563	0.2242234315961152	0.0	2
963	19990.345208883286	0.2242234315961152	0.0	3
964	20014.44850921631	0.22444636474446017	0.00022293314834495592	0
965	20038.477712392807	0.22444636474446017	0.0	1
966	20062.531088590622	0.22444636474446017	0.0	2
967	20086.575417757034	0.22444636474446017	0.0	3
968	20110.616793632507	0.22444636474446017	0.0	4
969	20134.708896398544	0.22446189319134488	1.5528446884710556e-05	0
970	20158.75531721115	0.2245495097623194	8.761657097453024e-05	0
971	20182.652979135513	0.2245495097623194	0.0	1
972	20206.725962400436	0.22457741484261226	2.7905080292850437e-05	0
973	20230.78424835205	0.22457741484261226	0.0	1
974	20254.82742881775	0.2245949035637324	1.7488721120145767e-05	0
975	20278.823008298874	0.2245949035637324	0.0	1
976	20302.860682725906	0.22467540933600974	8.050577227733391e-05	0
977	20326.9461915493	0.2246981254550911	2.271611908136184e-05	0
978	20351.07701897621	0.2246981254550911	0.0	1
979	20375.130984783173	0.2246981254550911	0.0	2
980	20399.207360982895	0.2247998483132109	0.00010172285811979598	0
981	20423.250384807587	0.22492376839429093	0.00012392008108003116	0
982	20447.316560029984	0.22492376839429093	0.0	1
983	20471.42306160927	0.22492376839429093	0.0	2
984	20495.476137161255	0.22495472919618606	3.0960801895130174e-05	0
985	20519.521198749542	0.2250389633331857	8.423413699965021e-05	0
986	20543.627843618393	0.22672898878138897	0.001690025448203264	0
987	20567.72000479698	0.22672898878138897	0.0	1
988	20591.836785316467	0.22700504151783954	0.00027605273645056605	0
989	20615.882165670395	0.2271785642244263	0.0001735227065867706	0
990	20639.997469186783	0.2271785642244263	0.0	1
991	20664.048703193665	0.2271785642244263	0.0	2
992	20688.13729286194	0.2272646241070374	8.605988261109476e-05	0
993	20712.191987514496	0.2272646241070374	0.0	1
994	20736.138175964355	0.2272646241070374	0.0	2
995	20760.210876703262	0.2272646241070374	0.0	3
996	20784.302713871002	0.2272646241070374	0.0	4
997	20808.303951501846	0.22734272758245758	7.810347542017149e-05	0
998	20832.42523598671	0.22734272758245758	0.0	1
999	20856.499728679657	0.2273506839896485	7.956407190923276e-06	0
1000	20880.543885707855	0.2274120674789428	6.138348929429771e-05	0
1001	20904.57657790184	0.2274120674789428	0.0	1
1002	20928.675303697586	0.22743532171252015	2.3254233577352235e-05	0
1003	20952.703989982605	0.22774950370468766	0.0003141819921675115	0
1004	20976.624286174774	0.22774950370468766	0.0	1
1005	21000.59191584587	0.22785464743353206	0.00010514372884440348	0
1006	21024.727706193924	0.2279153006245818	6.065319104972544e-05	0
1007	21048.732675790787	0.22791929804655212	3.997421970325377e-06	0
1008	21072.816116571426	0.22792454466288817	5.246616336052057e-06	0
1009	21096.968676805496	0.22792454466288817	0.0	1
1010	21121.091891288757	0.22792998346297277	5.438800084606177e-06	0
1011	21145.204178333282	0.22794445489924034	1.4471436267565752e-05	0
1012	21169.29765868187	0.22799601779898254	5.1562899742202406e-05	0
1013	21193.439423322678	0.22799601779898254	0.0	1
1014	21217.49189043045	0.22799601779898254	0.0	2
1015	21241.50509738922	0.22807661966313417	8.060186415162485e-05	0
1016	21265.56183242798	0.22807661966313417	0.0	1
1017	21289.675788879395	0.22807661966313417	0.0	2
1018	21313.633744239807	0.2282030957880702	0.00012647612493602023	0
1019	21337.713225841522	0.2282030957880702	0.0	1
1020	21361.752605199814	0.22822216041592866	1.9064627858472738e-05	0
1021	21385.75835418701	0.2282538515160684	3.16911001397302e-05	0
1022	21409.71853494644	0.2282538515160684	0.0	1
1023	21433.78858590126	0.22841520899137047	0.00016135747530207634	0
1024	21457.82526087761	0.22841520899137047	0.0	1
1025	21481.836856365204	0.22853046158538984	0.0001152525940193716	0
1026	21505.845633983612	0.22853046158538984	0.0	1
1027	21529.8362531662	0.22853046158538984	0.0	2
1028	21553.848683834076	0.2285730302856988	4.256870030897031e-05	0
1029	21577.85934662819	0.22864998065862752	7.695037292870799e-05	0
1030	21601.953590631485	0.2287231642300842	7.318357145669196e-05	0
1031	21626.048218250275	0.2288233111814657	0.00010014695138149676	0
1032	21650.164427042007	0.2288233111814657	0.0	1
1033	21674.294469833374	0.22886374664216552	4.043546069981696e-05	0
1034	21698.418931484222	0.22899135665121814	0.00012761000905262	0
1035	21722.501172304153	0.22909617366769	0.0001048170164718587	0
1036	21746.581874847412	0.2292317977390581	0.00013562407136810672	0
1037	21770.72198176384	0.22924834475981026	1.654702075215564e-05	0
1038	21794.80145049095	0.22924834475981026	0.0	1
1039	21818.83291721344	0.2292857052805329	3.736052072264573e-05	0
1040	21842.981467723846	0.22928716587702205	1.4605964891445389e-06	0
1041	21867.056616306305	0.22962012422142516	0.00033295834440311145	0
1042	21891.151125907898	0.22962012422142516	0.0	1
1043	21915.237364053726	0.22962012422142516	0.0	2
1044	21939.324623584747	0.22962012422142516	0.0	3
1045	21963.399488210678	0.22970802906802257	8.790484659740305e-05	0
1046	21987.505686998367	0.22970802906802257	0.0	1
1047	22011.56230211258	0.22970802906802257	0.0	2
1048	22035.590477466583	0.22975811215290076	5.008308487819413e-05	0
1049	22059.654579639435	0.22984745837761245	8.934622471168385e-05	0
1050	22083.736286640167	0.22999989852698074	0.0001524401493682992	0
1051	22107.66478395462	0.230028822181141	2.8923654160267764e-05	0
1052	22131.72469305992	0.23008949459056557	6.0672409424561424e-05	0
1053	22155.82228565216	0.2302398015003247	0.0001503069097591181	0
1054	22179.912215948105	0.2302398015003247	0.0	1
1055	22203.994042634964	0.23026380525052148	2.4003750196788243e-05	0
1056	22228.1599984169	0.23026380525052148	0.0	1
1057	22252.28930401802	0.2303117166590408	4.79114085193133e-05	0
1058	22276.339918613434	0.23050203622525287	0.00019031956621207158	0
1059	22300.418785095215	0.23051266398654896	1.0627761296094773e-05	0
1060	22324.454417467117	0.2305821768484079	6.951286185893912e-05	0
1061	22348.5793261528	0.2305821768484079	0.0	1
1062	22372.690826892853	0.23060856367708701	2.6386828679114682e-05	0
1063	22396.807512044907	0.23073346389528473	0.000124900218197721	0
1064	22420.962362766266	0.23073346389528473	0.0	1
1065	22445.10997915268	0.23073346389528473	0.0	2
1066	22469.243453741074	0.23073346389528473	0.0	3
1067	22493.25131392479	0.23073346389528473	0.0	4
1068	22517.35374903679	0.23073346389528473	0.0	5
1069	22541.44893360138	0.23073346389528473	0.0	6
1070	22565.557943344116	0.2307416317045991	8.16780931436889e-06	0
1071	22589.5336894989	0.23077391857435942	3.228686976031181e-05	0
1072	22613.626349449158	0.23078012610943832	6.207535078905924e-06	0
1073	22637.69264483452	0.23099004841800486	0.0002099223085665347	0
1074	22661.844798326492	0.23099004841800486	0.0	1
1075	22685.855858802795	0.23102758190410122	3.7533486096363866e-05	0
1076	22709.874471902847	0.23102758190410122	0.0	1
1077	22733.920105934143	0.23107286039526506	4.527849116384153e-05	0
1078	22758.0430123806	0.23107286039526506	0.0	1
1079	22782.06547522545	0.231126479661117	5.3619265851928555e-05	0
1080	22806.032279253006	0.231264275408844	0.0001377957477270153	0
1081	22830.12218284607	0.231264275408844	0.0	1
1082	22854.22393679619	0.23132373706065257	5.946165180856222e-05	0
1083	22878.26207304001	0.23148586327094894	0.00016212621029637608	0
1084	22902.331167459488	0.23148586327094894	0.0	1
1085	22926.352867364883	0.23148586327094894	0.0	2
1086	22950.415873765945	0.23148586327094894	0.0	3
1087	22974.486332416534	0.2315114621462589	2.5598875309951197e-05	0
1088	22998.53158903122	0.23155971948552562	4.825733926672182e-05	0
1089	23022.6362221241	0.23155971948552562	0.0	1
1090	23046.498596668243	0.2317626847423938	0.00020296525686819278	0
1091	23070.59170770645	0.23178111516388197	1.843042148816365e-05	0
1092	23094.67306780815	0.23178111516388197	0.0	1
1093	23118.805692911148	0.23178111516388197	0.0	2
1094	23142.82383275032	0.23190205639685912	0.00012094123297715087	0
1095	23166.904696941376	0.23190205639685912	0.0	1
1096	23191.015315294266	0.2319639780006494	6.19216037902881e-05	0
1097	23215.15544962883	0.23209001210296373	0.00012603410231432077	0
1098	23239.22662115097	0.2321568920474672	6.687994450346735e-05	0
1099	23263.2464158535	0.2321568920474672	0.0	1
1100	23287.329437494278	0.2321568920474672	0.0	2
1101	23311.45846414566	0.23217388109084108	1.698904337388285e-05	0
1102	23335.515929698944	0.23232195866911676	0.0001480775782756738	0
1103	23359.562186717987	0.23232286193273505	9.032636182904064e-07	1
1104	23383.65254688263	0.23232286193273505	0.0	2
1105	23407.80277657509	0.23234167672172037	1.8814788985327402e-05	0
1106	23431.76931786537	0.23253645495089934	0.00019477822917896015	0
1107	23455.81450819969	0.23253645495089934	0.0	1
1108	23479.906857013702	0.23253645495089934	0.0	2
1109	23503.919636249542	0.2326897599271362	0.00015330497623686212	0
1110	23528.071197509766	0.2326897599271362	0.0	1
1111	23552.093606710434	0.2326897599271362	0.0	2
1112	23576.213099241257	0.2326897599271362	0.0	3
1113	23600.219929933548	0.2326897599271362	0.0	4
1114	23624.278597831726	0.232697197438206	7.437511069796621e-06	0
1115	23648.353038072586	0.23273761368053095	4.041624232495322e-05	0
1116	23672.419377326965	0.23274566617959616	8.052499065214214e-06	0
1117	23696.520186662674	0.2335745546871925	0.0008288885075963259	0
1118	23720.55211186409	0.2335745546871925	0.0	1
1119	23744.610229730606	0.23358510557498915	1.0550887796667574e-05	0
1120	23768.692444086075	0.23380013997126775	0.0002150343962785961	0
1121	23792.77467083931	0.23392690437182664	0.00012676440055889304	0
1122	23816.967628002167	0.23392690437182664	0.0	1
1123	23840.991279363632	0.23392846106019008	1.5566883634354767e-06	0
1124	23865.098612308502	0.23393482234226787	6.361282077788077e-06	0
1125	23889.15859770775	0.23400892839571769	7.410605344981835e-05	0
1126	23913.196831941605	0.2340185183647715	9.589969053813707e-06	0
1127	23937.222472190857	0.23403473867315108	1.6220308379583104e-05	0
1128	23961.233976840973	0.23403473867315108	0.0	1
1129	23985.324374437332	0.23407969045194235	4.495177879126899e-05	0
1130	24009.396347761154	0.23413371330366628	5.402285172392829e-05	0
1131	24033.461272001266	0.23413467422240916	9.609187428816224e-07	1
1132	24057.630956172943	0.23437023384303537	0.00023555962062621338	0
1133	24081.59503865242	0.23437023384303537	0.0	1
1134	24105.643652439117	0.2344188563314244	4.8622488389021834e-05	0
1135	24129.739558696747	0.23452549909350767	0.0001066427620832755	0
1136	24153.758404493332	0.23453610763642893	1.060854292125879e-05	0
1137	24177.803194761276	0.23467240435091705	0.00013629671448811553	0
1138	24201.886738061905	0.23471207107662256	3.9666725705517214e-05	0
1139	24225.9808883667	0.23492898887363717	0.00021691779701460412	0
1140	24250.05725979805	0.23492898887363717	0.0	1
1141	24274.078811883926	0.23509236427829927	0.00016337540466210276	0
1142	24298.19838285446	0.23509236427829927	0.0	1
1143	24322.201415538788	0.23509236427829927	0.0	2
1144	24346.265529870987	0.23509236427829927	0.0	3
1145	24370.35782599449	0.23509236427829927	0.0	4
1146	24394.38942217827	0.23509236427829927	0.0	5
1147	24418.43378996849	0.23509236427829927	0.0	6
1148	24442.49144935608	0.23509236427829927	0.0	7
1149	24466.442965984344	0.2352667518117546	0.00017438753345533353	0
1150	24490.437267541885	0.2352667518117546	0.0	1
1151	24514.53000354767	0.2352667518117546	0.0	2
1152	24538.58915901184	0.23527092219909865	4.1703873440435135e-06	0
1153	24562.56694126129	0.23527092219909865	0.0	1
1154	24586.60369539261	0.23527092219909865	0.0	2
1155	24610.557304382324	0.23527092219909865	0.0	3
1156	24634.624020576477	0.235322062294594	5.114009549533893e-05	0
1157	24658.695006370544	0.2353905950193352	6.853272474122152e-05	0
1158	24682.781354904175	0.2353905950193352	0.0	1
1159	24706.826030492783	0.2354204027187389	2.9807699403694432e-05	0
1160	24730.86029100418	0.2354204027187389	0.0	1
1161	24754.883081912994	0.235460934271313	4.05315525741079e-05	0
1162	24778.892587184906	0.235460934271313	0.0	1
1163	24802.805044174194	0.235460934271313	0.0	2
1164	24826.817831277847	0.235460934271313	0.0	3
1165	24850.86082839966	0.23551070986219347	4.9775590880457576e-05	0
1166	24874.80145406723	0.23556573206940998	5.502220721650963e-05	0
1167	24898.862545728683	0.2355778396455701	1.2107576160130806e-05	0
1168	24922.838681459427	0.2355778396455701	0.0	1
1169	24946.786837100983	0.2355778396455701	0.0	2
1170	24970.716464042664	0.2355778396455701	0.0	3
1171	24994.665982961655	0.23570477701150272	0.00012693736593261118	0
1172	25018.72252511978	0.23573241303454753	2.7636023044813607e-05	0
1173	25042.767360687256	0.2357857055880269	5.329255347935602e-05	0
1174	25066.811282396317	0.2357857055880269	0.0	1
1175	25090.76927113533	0.23595017644005586	0.00016447085202897505	0
1176	25114.787142038345	0.23595017644005586	0.0	1
1177	25138.8443710804	0.2359621879243417	1.2011484285839868e-05	0
1178	25162.89838576317	0.23598642229503677	2.423437069506984e-05	0
1179	25186.927034139633	0.23598642229503677	0.0	1
1180	25210.93093252182	0.23598642229503677	0.0	2
1181	25234.898511886597	0.23611428214296254	0.00012785984792576532	0
1182	25258.91761946678	0.23611428214296254	0.0	1
1183	25282.906068086624	0.23621525548446293	0.00010097334150038773	0
1184	25306.98140311241	0.23621525548446293	0.0	1
1185	25331.06146812439	0.23621525548446293	0.0	2
1186	25355.127581357956	0.2362153131395875	5.765512456346045e-08	3
1187	25379.213579893112	0.23632522302539652	0.00010990988580902861	0
1188	25403.332069396973	0.23632522302539652	0.0	1
1189	25427.333283901215	0.23632522302539652	0.0	2
1190	25451.403272628784	0.23635435808168023	2.913505628371338e-05	0
1191	25475.497378587723	0.23635435808168023	0.0	1
1192	25499.630354881287	0.23635435808168023	0.0	2
1193	25523.66581583023	0.23635435808168023	0.0	3
1194	25547.665908813477	0.2363595470428917	5.188961211460841e-06	0
1195	25571.734395742416	0.23637563282264729	1.6085779755592444e-05	0
1196	25595.83486843109	0.23640167372057896	2.604089793167841e-05	0
1197	25619.908713579178	0.23640167372057896	0.0	1
1198	25644.01690721512	0.23646057803951664	5.890431893768033e-05	0
1199	25668.18040251732	0.23646057803951664	0.0	1
1200	25692.260222434998	0.23646057803951664	0.0	2
1201	25716.26212286949	0.23648656128232376	2.5983242807114948e-05	0
1202	25740.383148431778	0.23648656128232376	0.0	1
1203	25764.428169965744	0.2365633963450033	7.683506267955331e-05	0
1204	25788.460696458817	0.2365633963450033	0.0	1
1205	25812.5381128788	0.2367083221098024	0.00014492576479907537	0
1206	25836.63197994232	0.23673453597310778	2.6213863305396545e-05	0
1207	25860.705983161926	0.23673453597310778	0.0	1
1208	25884.724037885666	0.23678459983961112	5.006386650333039e-05	0
1209	25908.7556951046	0.2368046446045873	2.0044764976190343e-05	0
1210	25932.86547756195	0.2368046446045873	0.0	1
1211	25956.893762111664	0.2369656753675168	0.0001610307629295038	0
1212	25981.012976884842	0.2369656753675168	0.0	1
1213	26005.145305633545	0.23698439406462785	1.8718697111036464e-05	0
1214	26029.301894426346	0.23702623246669224	4.183840206439804e-05	0
1215	26053.278666496277	0.23723052379142556	0.0002042913247333189	0
1216	26077.36120033264	0.23723052379142556	0.0	1
1217	26101.423144102097	0.23723052379142556	0.0	2
1218	26125.484001874924	0.23723986392160623	9.340130180668371e-06	0
1219	26149.57593512535	0.23723986392160623	0.0	1
1220	26173.665361166	0.23725625719535953	1.639327375330124e-05	0
1221	26197.622559785843	0.23730413016712912	4.7872971769585826e-05	0
1222	26221.65871143341	0.23730413016712912	0.0	1
1223	26245.69849872589	0.23730413016712912	0.0	2
1224	26269.76637816429	0.23730413016712912	0.0	3
1225	26293.84614253044	0.23731789052352695	1.3760356397829465e-05	0
1226	26317.847517967224	0.23731789052352695	0.0	1
1227	26341.880286693573	0.23733691671463572	1.9026191108773016e-05	0
1228	26365.918053627014	0.23733691671463572	0.0	1
1229	26389.989107370377	0.23741961338164677	8.269666701105072e-05	0
1230	26414.07920885086	0.23741961338164677	0.0	1
1231	26438.131951332092	0.23744498163645844	2.53682548116696e-05	0
1232	26462.23828101158	0.23745899183172942	1.4010195270974801e-05	0
1233	26486.260457277298	0.23753957447750618	8.058264577676111e-05	0
1234	26510.42466235161	0.23757877996221513	3.920548470895402e-05	0
1235	26534.44026875496	0.23757877996221513	0.0	1
1236	26558.44989347458	0.23759932440493758	2.054444272245326e-05	0
1237	26582.48605108261	0.23762473109649898	2.5406691561397077e-05	0
1238	26606.490532636642	0.23762473109649898	0.0	1
1239	26630.611171007156	0.23769945213794424	7.47210414452637e-05	0
1240	26654.70940041542	0.23769945213794424	0.0	1
1241	26678.765178442	0.23769945213794424	0.0	2
1242	26702.70568227768	0.2377233405778919	2.3888439947661322e-05	0
1243	26726.69681286812	0.23774542249060296	2.2081912711052754e-05	0
1244	26750.730790376663	0.23775507011478134	9.647624178377168e-06	0
1245	26774.85694503784	0.23775507011478134	0.0	1
1246	26798.96936106682	0.2378351915195615	8.012140478017016e-05	0
1247	26823.011413812637	0.2378351915195615	0.0	1
1248	26847.042593955994	0.23787285953428186	3.7668014720354526e-05	0
1249	26871.046572208405	0.23787285953428186	0.0	1
1250	26894.960800886154	0.23791656211870743	4.370258442557007e-05	0
1251	26919.061837911606	0.23791656211870743	0.0	1
1252	26943.14881491661	0.23791656211870743	0.0	2
1253	26967.25068473816	0.23804642067761836	0.000129858558910928	0
1254	26991.316776037216	0.23810067414984057	5.4253472222209886e-05	0
1255	27015.318179130554	0.2381754720647853	7.479791494471866e-05	0
1256	27039.377367019653	0.2381754720647853	0.0	1
1257	27063.334273815155	0.2381754720647853	0.0	2
1258	27087.37677884102	0.2381754720647853	0.0	3
1259	27111.351943969727	0.2382176563975971	4.218433281180656e-05	0
1260	27135.410153627396	0.23824338980153106	2.5733403933969612e-05	0
1261	27159.472101211548	0.23828272981486398	3.934001333291692e-05	0
1262	27183.554035425186	0.2383939657685382	0.00011123595367421024	0
1263	27207.578234672546	0.2383939657685382	0.0	1
1264	27231.619283914566	0.2384018453022297	7.879533691496077e-06	0
1265	27255.654481887817	0.23850174241473804	9.989711250835143e-05	0
1266	27279.64959716797	0.23850174241473804	0.0	1
1267	27303.76765561104	0.23850174241473804	0.0	2
1268	27327.85159754753	0.23850174241473804	0.0	3
1269	27351.919972896576	0.23851759757399535	1.5855159257310847e-05	0
1270	27375.945737838745	0.23851759757399535	0.0	1
1271	27399.90981912613	0.23857283118333528	5.523360933992749e-05	0
1272	27423.87816810608	0.238588494158844	1.566297550872897e-05	0
1273	27447.795241355896	0.23868504727412718	9.655311528317112e-05	0
1274	27471.882793426514	0.23868504727412718	0.0	1
1275	27495.98001408577	0.23868852579997638	3.4785258491987214e-06	0
1276	27520.09586238861	0.23868852579997638	0.0	1
1277	27544.09220790863	0.23902459752110636	0.0003360717211299824	0
1278	27568.084610700607	0.23902459752110636	0.0	1
1279	27592.003422498703	0.23902459752110636	0.0	2
1280	27616.050926685333	0.23902459752110636	0.0	3
1281	27640.05535030365	0.2390778900745857	5.329255347935602e-05	0
1282	27664.07275414467	0.2393396251217676	0.00026173504718188245	0
1283	27688.124334812164	0.23942051526154207	8.08901397744699e-05	0
1284	27712.22324490547	0.23942051526154207	0.0	1
1285	27736.244631052017	0.23942051526154207	0.0	2
1286	27760.250558376312	0.23942051526154207	0.0	3
1287	27784.239339113235	0.23942051526154207	0.0	4
1288	27808.32957959175	0.2394659474997048	4.543223816272368e-05	0
1289	27832.32633805275	0.2394659474997048	0.0	1
1290	27856.43081831932	0.23957111044692406	0.00010516294721926722	0
1291	27880.51959681511	0.23965107810470537	7.996765778131576e-05	0
1292	27904.60573029518	0.23965107810470537	0.0	1
1293	27928.700232744217	0.23968730474131142	3.622663660604597e-05	0
1294	27952.821586608887	0.23972076393193803	3.345919062661129e-05	0
1295	27976.84904909134	0.23972076393193803	0.0	1
1296	28000.939059257507	0.23980563227530796	8.486834336993154e-05	0
1297	28025.02262687683	0.23980563227530796	0.0	1
1298	28049.106462955475	0.23993758563707834	0.00013195336177038164	0
1299	28073.179355859756	0.2402117165360432	0.0002741308989648583	0
1300	28097.24327659607	0.2402117165360432	0.0	1
1301	28121.249772548676	0.240356815266216	0.0001450987301727935	0
1302	28145.30660676956	0.2403953481078049	3.8532841588917455e-05	0
1303	28169.407099485397	0.2404188521802554	2.350407245049757e-05	0
1304	28193.45502448082	0.24053410477427478	0.0001152525940193716	0
1305	28217.492369651794	0.24053410477427478	0.0	1
1306	28241.562856912613	0.24053879405773998	4.689283465197924e-06	0
1307	28265.631875753403	0.24055397657387725	1.5182516137274282e-05	0
1308	28289.770614624023	0.24063867195187347	8.46953779962134e-05	0
1309	28313.907694339752	0.24063867195187347	0.0	1
1310	28338.028220891953	0.2406388833539969	2.1140212344561427e-07	2
1311	28362.143743753433	0.24081736440129686	0.00017848104729994985	0
1312	28386.26546907425	0.24081736440129686	0.0	1
1313	28410.325880765915	0.2409419571254969	0.00012459272420003997	0
1314	28434.354859113693	0.2409419571254969	0.0	1
1315	28458.41214942932	0.2409419571254969	0.0	2
1316	28482.56895828247	0.2412384389944208	0.0002964818689238924	0
1317	28506.662674188614	0.2412384389944208	0.0	1
1318	28530.80745124817	0.24138103933586214	0.00014260034144134015	0
1319	28555.006667613983	0.24139850883860745	1.7469502745309784e-05	0
1320	28579.159132242203	0.24145789361691658	5.938477830913502e-05	0
1321	28603.215047121048	0.24145789361691658	0.0	1
1322	28627.29857826233	0.24145839329466287	4.996777462906721e-07	2
1323	28651.409042835236	0.2415707823508285	0.00011238905616561823	0
1324	28675.541190624237	0.24159461313565156	2.3830784823070106e-05	0
1325	28699.627291679382	0.24194131261807766	0.00034669948242610493	0
1326	28723.748852729797	0.24194131261807766	0.0	1
1327	28747.782872915268	0.24195584170946982	1.4529091392156968e-05	0
1328	28771.8671503067	0.24195584170946982	0.0	1
1329	28795.983155727386	0.24195584170946982	0.0	2
1330	28820.142970323563	0.24206033201356908	0.00010449030409925841	0
1331	28844.213005781174	0.242115162037037	5.483002346792776e-05	0
1332	28868.29633998871	0.242115162037037	0.0	1
1333	28892.344559431076	0.24211573858828273	5.765512457178712e-07	2
1334	28916.432242393494	0.24212409858134568	8.359993062950766e-06	0
1335	28940.44018292427	0.24212409858134568	0.0	1
1336	28964.46342778206	0.2421742585397233	5.015995837762133e-05	0
1337	28988.45057797432	0.24229224014297238	0.0001179816032490788	0
1338	29012.50625228882	0.24229224014297238	0.0	1
1339	29036.677171468735	0.24229224014297238	0.0	2
1340	29060.74324321747	0.24229224014297238	0.0	3
1341	29084.77602338791	0.24232739055058644	3.515040761406518e-05	0
1342	29108.86504507065	0.24241527617880898	8.788562822253931e-05	0
1343	29132.86367201805	0.24241527617880898	0.0	1
1344	29156.963900089264	0.24241527617880898	0.0	2
1345	29181.05592894554	0.24245563476600934	4.0358587200362006e-05	0
1346	29205.14387369156	0.2425321238979415	7.64891319321448e-05	0
1347	29229.192061901093	0.24256143191959892	2.9308021657431516e-05	0
1348	29253.251351833344	0.24273236014557995	0.0001709282259810263	0
1349	29277.380311489105	0.2428721546042921	0.00013979445871215024	0
1350	29301.528212547302	0.24293622866606643	6.407406177433295e-05	0
1351	29325.646552562714	0.24293622866606643	0.0	1
1352	29349.683976888657	0.24293622866606643	0.0	2
1353	29373.75248336792	0.24329349825466404	0.0003572695885976085	0
1354	29397.91587996483	0.2433317043838804	3.8206129216372675e-05	0
1355	29421.99180316925	0.24350928216756207	0.00017757778368165944	0
1356	29446.136086940765	0.24352071710060216	1.1434933040094242e-05	0
1357	29470.291667222977	0.24352680932543194	6.092224829779003e-06	0
1358	29494.387606859207	0.2438290374884382	0.0003022281630062629	0
1359	29518.452231645584	0.2438290374884382	0.0	1
1360	29542.471632242203	0.24387669905808437	4.766156964616797e-05	0
1361	29566.522596120834	0.24396004914984057	8.335009175619579e-05	0
1362	29590.700964212418	0.24396004914984057	0.0	1
1363	29614.710169553757	0.24396004914984057	0.0	2
1364	29638.786337137222	0.24396004914984057	0.0	3
1365	29662.94506263733	0.2439803437536899	2.029460384933568e-05	0
1366	29687.023367404938	0.2439803437536899	0.0	1
1367	29711.090450525284	0.244052662498278	7.231874458810128e-05	0
1368	29735.200091838837	0.24408577575815718	3.3113259879175017e-05	0
1369	29759.246846437454	0.24408577575815718	0.0	1
1370	29783.29790210724	0.24408577575815718	0.0	2
1371	29807.427453756332	0.24408577575815718	0.0	3
1372	29831.483983039856	0.24412190630288894	3.613054473175503e-05	0
1373	29855.454170942307	0.24414095171237254	1.9045409483609e-05	0
1374	29879.47490286827	0.24414848531531663	7.5336029440875585e-06	0
1375	29903.546644449234	0.24417529494824258	2.68096329259504e-05	0
1376	29927.57582306862	0.24417529494824258	0.0	1
1377	29951.70572590828	0.24431132260548272	0.00013602765724013421	0
1378	29975.801578998566	0.24431132260548272	0.0	1
1379	29999.880273342133	0.2443890224950309	7.769988954817175e-05	0
1380	30024.01468896866	0.2443890224950309	0.0	1
1381	30048.09632897377	0.2444100858338745	2.106333884360767e-05	0
1382	30072.145612955093	0.2444100858338745	0.0	1
1383	30096.148419857025	0.2444488685143366	3.8782680462090546e-05	0
1384	30120.210815668106	0.2444488685143366	0.0	1
1385	30144.25048851967	0.2444488685143366	0.0	2
1386	30168.358164310455	0.2446539285740642	0.00020506005972761865	0
1387	30192.456978082657	0.2446539285740642	0.0	1
1388	30216.544942855835	0.2446539285740642	0.0	2
1389	30240.77112030983	0.2446539285740642	0.0	3
1390	30264.880799531937	0.2447043768080647	5.044823400049414e-05	0
1391	30288.871434926987	0.24480314003645648	9.876322839177942e-05	0
1392	30312.907678365707	0.24484936022798834	4.622019153185941e-05	0
1393	30336.962235450745	0.2449182196651021	6.88594371137663e-05	0
1394	30361.06064915657	0.2449182196651021	0.0	1
1395	30385.139140367508	0.2449555225307002	3.730286559808227e-05	0
1396	30409.24599838257	0.2449555225307002	0.0	1
1397	30433.376772403717	0.24498661786121934	3.109533051914859e-05	0
1398	30457.455686569214	0.24498661786121934	0.0	1
1399	30481.518376350403	0.2450729468010784	8.632893985907608e-05	0
1400	30505.61542725563	0.2451470336361534	7.408683507498237e-05	0
1401	30529.622554302216	0.2451470336361534	0.0	1
1402	30553.63671350479	0.24520424673810365	5.72131019502542e-05	0
1403	30577.6884496212	0.24520693731058368	2.690572480035236e-06	0
1404	30601.732367753983	0.24520693731058368	0.0	1
1405	30625.76172041893	0.2452940157670622	8.707845647851209e-05	0
1406	30649.836684703827	0.2455436240197091	0.00024960825264691566	0
1407	30673.744042396545	0.2457764546311056	0.00023283061139647843	0
1408	30697.873837709427	0.2457764546311056	0.0	1
1409	30721.965888023376	0.2457764546311056	0.0	2
1410	30746.022820949554	0.24579813295794464	2.167832683905302e-05	0
1411	30770.16104912758	0.24580528219339157	7.149235446923807e-06	0
1412	30794.18760919571	0.24582307840850945	1.779621511788232e-05	0
1413	30818.090871334076	0.24588273224406657	5.965383555711634e-05	0
1414	30842.10795736313	0.24588273224406657	0.0	1
1415	30866.2274017334	0.24588273224406657	0.0	2
1416	30890.318600416183	0.2458866335741626	3.901330096034439e-06	0
1417	30914.364650011063	0.2458866335741626	0.0	1
1418	30938.295818567276	0.2459267615408647	4.0127966702108164e-05	0
1419	30962.3481092453	0.2459267615408647	0.0	1
1420	30986.379333734512	0.24596114321348445	3.438167261973768e-05	0
1421	31010.48681306839	0.2460090354036289	4.7892190144449565e-05	0
1422	31034.512290000916	0.2460090354036289	0.0	1
1423	31058.633620023727	0.2460090354036289	0.0	2
1424	31082.632123708725	0.2460090354036289	0.0	3
1425	31106.64287853241	0.2460090354036289	0.0	4
1426	31130.69519686699	0.24606173218748767	5.269678385877441e-05	0
1427	31154.834757089615	0.24606173218748767	0.0	1
1428	31178.876062870026	0.24606553742570944	3.8052382217712566e-06	0
1429	31202.85989522934	0.24607476224564095	9.224819931513695e-06	0
1430	31226.941402435303	0.24613472357519578	5.996132955482514e-05	0
1431	31251.01529765129	0.24613472357519578	0.0	1
1432	31275.036161899567	0.24614788816197306	1.3164586777275611e-05	0
1433	31299.057433128357	0.24617166129167156	2.3773129698506645e-05	0
1434	31323.068328142166	0.2461730450146613	1.3837229897450953e-06	0
1435	31347.051904678345	0.246185748360442	1.270334578068466e-05	0
1436	31371.021648168564	0.24618747801417915	1.7296537371536136e-06	0
1437	31395.107780456543	0.24620465924130158	1.718122712243697e-05	0
1438	31419.222264051437	0.24620465924130158	0.0	1
1439	31443.278849601746	0.24626955969319478	6.490045189319615e-05	0
1440	31467.302760124207	0.24627397991941194	4.420226217161094e-06	0
1441	31491.33514213562	0.2462771125145137	3.1325951017624476e-06	0
1442	31515.326992034912	0.2462771125145137	0.0	1
1443	31539.32728600502	0.2462771125145137	0.0	2
1444	31563.426653385162	0.24630226936720193	2.5156852688223985e-05	0
1445	31587.33872795105	0.24630226936720193	0.0	1
1446	31611.441329479218	0.24630226936720193	0.0	2
1447	31635.389273881912	0.24631956590457352	1.7296537371591647e-05	0
1448	31659.501433372498	0.24644861729174045	0.00012905138716692854	0
1449	31683.536640882492	0.24644861729174045	0.0	1
1450	31707.578590869904	0.24644861729174045	0.0	2
1451	31731.597398996353	0.24644861729174045	0.0	3
1452	31755.684806585312	0.24645094271509818	2.3254233577352235e-06	0
1453	31779.730921030045	0.24651413273162906	6.319001653087852e-05	0
1454	31803.916357278824	0.24655725876480888	4.312603317982444e-05	0
1455	31827.932148456573	0.24661877678272717	6.151801791828837e-05	0
1456	31852.131581783295	0.24661877678272717	0.0	1
1457	31876.167320013046	0.24663232573700158	1.3548954274411606e-05	0
1458	31900.19658613205	0.2466505639747412	1.823823773960953e-05	0
1459	31924.2925260067	0.24668031401902032	2.975004427913097e-05	0
1460	31948.339977264404	0.24670896861593258	2.865459691225869e-05	0
1461	31972.422482013702	0.24676349114540283	5.452252947024672e-05	0
1462	31996.532002925873	0.24676349114540283	0.0	1
1463	32020.55265688896	0.24676349114540283	0.0	2
1464	32044.599234580994	0.24684463112405045	8.113997864761524e-05	0
1465	32068.66835474968	0.24686308076391347	1.844963986302739e-05	0
1466	32092.72126030922	0.24694068456158733	7.760379767385306e-05	0
1467	32116.833398342133	0.2469640733237887	2.338876220137065e-05	0
1468	32140.83952665329	0.2469640733237887	0.0	1
1469	32164.862785816193	0.24702912752268075	6.505419889205055e-05	0
1470	32188.965438127518	0.2470372953319951	8.167809314341135e-06	0
1471	32213.015543460846	0.2470372953319951	0.0	1
1472	32237.079151153564	0.24706118377194275	2.3888439947661322e-05	0
1473	32261.237692832947	0.24706118377194275	0.0	1
1474	32285.325538873672	0.24706735287027196	6.169098329206202e-06	0
1475	32309.3790102005	0.24723293838804264	0.0001655855177706833	0
1476	32333.45787215233	0.24724416191895932	1.1223530916676383e-05	0
1477	32357.44995379448	0.24727710221346477	3.294029450545688e-05	0
1478	32381.489150047302	0.24755071421630848	0.0002736120028437039	0
1479	32405.558255195618	0.2476494197895757	9.870557326721596e-05	0
1480	32429.713834285736	0.2476494197895757	0.0	1
1481	32453.862492084503	0.24770820879826425	5.878900868855341e-05	0
1482	32477.822245836258	0.24770820879826425	0.0	1
1483	32501.88290786743	0.24770820879826425	0.0	2
1484	32525.919390678406	0.24774804848934348	3.983969107923535e-05	0
1485	32550.05311512947	0.24776102089237215	1.297240302866598e-05	0
1486	32574.136386871338	0.24798178236435822	0.0002207614719860751	0
1487	32598.191941022873	0.24798178236435822	0.0	1
1488	32622.283719539642	0.24805934772528238	7.756536092415334e-05	0
1489	32646.378921985626	0.24805934772528238	0.0	1
1490	32670.430429697037	0.24805934772528238	0.0	2
1491	32694.5752286911	0.24807157061169163	1.2222886409257727e-05	0
1492	32718.68217730522	0.24811290933600974	4.133872431810737e-05	0
1493	32742.701808929443	0.24823894343832406	0.00012603410231432077	0
1494	32766.76983642578	0.24833436266949066	9.541923116659912e-05	0
1495	32790.87046790123	0.24833436266949066	0.0	1
1496	32814.978239536285	0.24833436266949066	0.0	2
1497	32839.063007593155	0.24833436266949066	0.0	3
1498	32863.18522262573	0.24833811025258784	3.7475830971800406e-06	0
1499	32887.21843457222	0.24834723898064506	9.128728057222757e-06	0
1500	32911.28912949562	0.2484335487021293	8.63097214842401e-05	0
1501	32935.36766600609	0.2484335487021293	0.0	1
1502	32959.49864888191	0.24863193998578145	0.00019839128365214953	0
1503	32983.561150312424	0.24863193998578145	0.0	1
1504	33007.586948633194	0.24863193998578145	0.0	2
1505	33031.713765621185	0.24863193998578145	0.0	3
1506	33055.69193339348	0.24865333003699766	2.139005121620796e-05	0
1507	33079.756880521774	0.24865333003699766	0.0	1
1508	33103.84998559952	0.24873548858951272	8.215855251506032e-05	0
1509	33127.94717168808	0.24873912086236075	3.632272848025364e-06	0
1510	33152.00282239914	0.248812362088942	7.324122658125543e-05	0
1511	33176.009853839874	0.24882527683684613	1.2914747904130275e-05	0
1512	33200.10989689827	0.2488837775699118	5.85007330656806e-05	0
1513	33224.154336452484	0.2488837775699118	0.0	1
1514	33248.20198369026	0.24892421303061163	4.043546069981696e-05	0
1515	33272.25959467888	0.2489440271750895	1.981414447788099e-05	0
1516	33296.35182285309	0.2489476786663124	3.6514912228891028e-06	0
1517	33320.400321006775	0.2489751993791081	2.7520712795686686e-05	0
1518	33344.51634836197	0.2489751993791081	0.0	1
1519	33368.57438778877	0.2489751993791081	0.0	2
1520	33392.596022605896	0.2489751993791081	0.0	3
1521	33416.72346830368	0.2489751993791081	0.0	4
1522	33440.891864061356	0.24904375132222417	6.855194311608526e-05	0
1523	33465.069880485535	0.24904375132222417	0.0	1
1524	33489.144181251526	0.24907019580602785	2.6444483803678143e-05	0
1525	33513.294914245605	0.24909131679999605	2.1120993968198887e-05	0
1526	33537.44919490814	0.24909131679999605	0.0	1
1527	33561.604894161224	0.24913196366281928	4.064686282323482e-05	0
1528	33585.7418653965	0.2495208090413075	0.00038884537848821177	0
1529	33609.84993290901	0.2495668754858405	4.606644453300501e-05	0
1530	33633.96040606499	0.2495668754858405	0.0	1
1531	33658.01897239685	0.2495668754858405	0.0	2
1532	33682.23345661163	0.24975688755805484	0.00019001207221433503	0
1533	33706.339878082275	0.24983474119460186	7.785363654702615e-05	0
1534	33730.461998939514	0.24995904564317903	0.00012430444857716716	0
1535	33754.46885037422	0.24995904564317903	0.0	1
1536	33778.61031937599	0.25005296584110676	9.39201979277271e-05	0
1537	33802.73888587952	0.25005296584110676	0.0	1
1538	33826.88513970375	0.25005296584110676	0.0	2
1539	33851.05278635025	0.25005296584110676	0.0	3
1540	33875.24216365814	0.2500612489606703	8.283119563523567e-06	0
1541	33899.356159210205	0.25009245960143855	3.121064076827551e-05	0
1542	33923.540847063065	0.25009245960143855	0.0	1
1543	33947.58615064621	0.25009245960143855	0.0	2
1544	33971.68885040283	0.2501356817264927	4.3222125054143135e-05	0
1545	33995.8450191021	0.2501503069097591	1.4625183266392394e-05	0
1546	34019.98377799988	0.2501905117499606	4.020484020150761e-05	0
1547	34044.11135840416	0.2502084809304522	1.796918049162821e-05	0
1548	34068.21659016609	0.2502084809304522	0.0	1
1549	34092.35630726814	0.2502497812180206	4.130028756837989e-05	0
1550	34116.599222421646	0.2502930225614496	4.324134342897912e-05	0
1551	34140.78278255463	0.2502930225614496	0.0	1
1552	34164.96413779259	0.2502930225614496	0.0	2
1553	34189.15844106674	0.2503954564994391	0.00010243393798953226	0
1554	34213.39221572876	0.2503954564994391	0.0	1
1555	34237.526988744736	0.2503954564994391	0.0	2
1556	34261.719389915466	0.2503954564994391	0.0	3
1557	34358.948801994324	0.25044086951922695	4.541301978783219e-05	0
1558	34382.9732363224	0.250463220489186	2.2350969959061828e-05	0
1559	34407.14309334755	0.250463220489186	0.0	1
1560	34431.2965927124	0.2504859366082674	2.2716119081389596e-05	0
1561	34455.43477964401	0.25051476417055335	2.882756228594907e-05	0
1562	34479.589703798294	0.25051476417055335	0.0	1
1563	34503.70155668259	0.25052352774948833	8.763578934978256e-06	0
1564	34527.89149022102	0.25052352774948833	0.0	1
1565	34552.01436328888	0.2505442067208348	2.067897134644392e-05	0
1566	34576.18176484108	0.25064270089197854	9.849417114377035e-05	0
1567	34600.383120298386	0.25070095178617113	5.8250894192590774e-05	0
1568	34624.54560661316	0.250737063112528	3.6111326356891293e-05	0
1569	34648.68235707283	0.250737063112528	0.0	1
1570	34672.75108718872	0.2507802660192073	4.320290667925164e-05	0
1571	34696.88511180878	0.25082400704038255	4.374102117526979e-05	0
1572	34721.08957219124	0.25082400704038255	0.0	1
1573	34745.26734495163	0.2509249035083835	0.00010089646800093277	0
1574	34769.395060777664	0.2509249035083835	0.0	1
1575	34793.456820726395	0.2509249035083835	0.0	2
1576	34817.57791376114	0.2509249035083835	0.0	3
1577	34841.637352228165	0.2509422769192545	1.7373410871046602e-05	0
1578	34865.80768275261	0.250993532324999	5.1255405744465854e-05	0
1579	34889.8969771862	0.250993532324999	0.0	1
1580	34914.02652049065	0.250993532324999	0.0	2
1581	34938.08127450943	0.25105118744957095	5.765512457195365e-05	0
1582	34962.31849312782	0.2511164722689613	6.528481939033215e-05	0
1583	34986.60317182541	0.2511164722689613	0.0	1
1584	35010.77543473244	0.25119532526100086	7.885299203957974e-05	0
1585	35034.94383072853	0.25119532526100086	0.0	1
1586	35059.089955329895	0.2512515582258334	5.623296483253659e-05	0
1587	35083.25908255577	0.25125213477707914	5.765512457456268e-07	1
