1	199.212171792984	0.01692934149237907	10000000000.01693	0
2	340.6091351509094	0.01692934149237907	0.0	1
3	487.9524278640747	0.017511574170165946	0.0005822326777868772	0
4	630.4446375370026	0.017511574170165946	0.0	1
5	777.380508184433	0.01986344201170568	0.0023518678415397343	0
6	925.8369028568268	0.022022929116329897	0.002159487104624217	0
7	1074.8732376098633	0.022022929116329897	0.0	1
8	1228.9201288223267	0.03329667284191487	0.011273743725584973	0
9	1384.5410006046295	0.03329667284191487	0.0	1
10	1553.4153592586517	0.043519327612100006	0.010222654770185136	0
11	1743.113534450531	0.043519327612100006	0.0	1
12	1944.5489010810852	0.05863500224163124	0.015115674629531235	0
13	2157.528535604477	0.07805880711239765	0.019423804870766413	0
14	2401.8623163700104	0.07805880711239765	0.0	1
15	2686.7304327487946	0.09037740583303813	0.012318598720640478	0
16	3018.2333674430847	0.10315637591879205	0.012778970085753918	0
17	3351.633912563324	0.10315637591879205	0.0	1
18	3682.757191181183	0.10315637591879205	0.0	2
19	4005.1079449653625	0.11372713551506473	0.010570759596272683	0
20	4350.270539283752	0.11372713551506473	0.0	1
21	4690.530522823334	0.11372713551506473	0.0	2
22	5053.179708957672	0.12297212513099243	0.009244989615927693	0
23	5414.030367851257	0.12297212513099243	0.0	1
24	5758.537850379944	0.13120848638847069	0.008236361257478259	0
25	6106.587241888046	0.1322547539340782	0.001046267545607521	0
26	6446.376889705658	0.1343904342768479	0.0021356803427697024	0
27	6786.755277633667	0.14504607182567794	0.010655637548830033	0
28	7121.9008848667145	0.14504607182567794	0.0	1
29	7453.918656826019	0.14852952718800427	0.003483455362326332	0
30	7770.86315536499	0.1526056964493053	0.004076169261301027	0
31	8069.581831455231	0.1549460909210552	0.0023403944717499126	0
32	8341.06676864624	0.15743355400640077	0.0024874630853455593	0
33	8637.707024335861	0.15743355400640077	0.0	1
34	8939.33821773529	0.16143759670686228	0.0040040427004615076	0
35	9235.469861507416	0.16280709809919508	0.0013695013923328003	0
36	9525.651558876038	0.162813305634274	6.207535078933679e-06	0
37	9821.082299947739	0.1725415508951765	0.00972824526090249	0
38	10087.418454647064	0.1725415508951765	0.0	1
39	10373.176408529282	0.17577769460065137	0.00323614370547487	0
40	10664.150199890137	0.17577769460065137	0.0	1
41	10947.181917667389	0.17952381710134016	0.0037461225006887866	0
42	11225.912649869919	0.1806916216495454	0.0011678045482052257	0
43	11490.783959627151	0.18209312163601565	0.001401499986470267	0
44	11765.469470977783	0.19076189632778368	0.008668774691768022	0
45	12044.885350465775	0.19076189632778368	0.0	1
46	12323.068657636642	0.19076189632778368	0.0	2
47	12600.793367147446	0.19173000274284643	0.0009681064150627583	0
48	12881.13143992424	0.19253686699285627	0.0008068642500098366	0
49	13160.543023824692	0.19253686699285627	0.0	1
50	13437.291343927383	0.19400553519945288	0.0014686682065966072	0
51	13717.025784730911	0.19400553519945288	0.0	1
52	13999.720766544342	0.19400553519945288	0.0	2
53	14277.626369476318	0.19446493123204234	0.0004593960325894597	0
54	14554.782131910324	0.19504338509687288	0.0005784538648305471	0
55	14832.63356089592	0.1953374838873145	0.00029409879044162146	0
56	15108.140058755875	0.19534003993117052	2.556043856016821e-06	0
57	15386.910604000092	0.19617448254910064	0.0008344426179301145	0
58	15663.412509679794	0.19617448254910064	0.0	1
59	15940.957902908325	0.19760000550414256	0.001425522955041919	0
60	16220.361602783203	0.19760000550414256	0.0	1
61	16503.95719885826	0.19897329291632226	0.0013732874121797078	0
62	16791.19052386284	0.19897329291632226	0.0	1
63	17083.316495895386	0.19897329291632226	0.0	2
64	17376.09068965912	0.19955501390487856	0.0005817209885563002	0
65	17668.72242331505	0.20071903243323688	0.0011640185283583182	0
66	17961.567190170288	0.20110960746546225	0.0003905750322253654	0
67	18253.291214942932	0.20110960746546225	0.0	1
68	18546.252405405045	0.20149689615558702	0.0003872886901247763	0
69	18838.059631824493	0.20199246116965794	0.0004955650140709145	0
70	19133.768654823303	0.20247568798707047	0.0004832268174125298	0
71	19432.237829446793	0.20247568798707047	0.0	1
72	19733.275923252106	0.2031180621666765	0.0006423741796060256	0
73	20034.75076007843	0.20372023150608098	0.0006021693394044902	0
74	20330.97226333618	0.20372023150608098	0.0	1
75	20620.021619319916	0.20397464435244222	0.0002544128463612405	0
76	20922.86257457733	0.20829018808177863	0.004315543729336402	0
77	21221.34975552559	0.20829018808177863	0.0	1
78	21521.5329246521	0.20962148334489508	0.0013312952631164554	0
79	21823.86562561989	0.21354558721513756	0.0039241038702424735	0
80	22125.34756565094	0.21625111159080174	0.002705524375664181	0
81	22424.294078826904	0.21632193130215097	7.081971134922926e-05	0
82	22722.258981466293	0.21632193130215097	0.0	1
83	23020.66648697853	0.21733856411372848	0.001016632811577517	0
84	23319.947136878967	0.2187519218374857	0.0014133577237572248	0
85	23615.764164686203	0.21907208074423384	0.00032015890674813585	0
86	23905.594581365585	0.22020819419229934	0.0011361134480654955	0
87	24194.733279943466	0.2226021118380269	0.00239391764572755	0
88	24489.823556661606	0.22358228739250008	0.0009801755544731894	0
89	24785.28832769394	0.22358228739250008	0.0	1
90	25079.80793118477	0.22366867398748375	8.63865949836673e-05	0
91	25369.8206679821	0.22424999139016805	0.0005813174026843004	0
92	25664.270636558533	0.22424999139016805	0.0	1
93	25956.14703297615	0.22463708789654424	0.0003870965063761944	0
94	26251.811913251877	0.2247123662708604	7.527837431614559e-05	0
95	26550.269446611404	0.2248854661732003	0.00017309990233990713	0
96	26846.02400994301	0.22505962308615735	0.00017415691295705193	0
97	27141.631368875504	0.2255401785494647	0.0004805554633073583	0
98	27435.73026394844	0.2255401785494647	0.0	1
99	27733.12987136841	0.2256123243286791	7.214577921438314e-05	0
100	28027.49192929268	0.22677303729656195	0.0011607129678828654	0
101	28323.60021328926	0.22677303729656195	0.0	1
102	28620.727994203568	0.22693779642421377	0.0001647591276518201	0
103	28917.752621650696	0.22761580147080526	0.00067800504659149	0
104	29215.613649368286	0.22761580147080526	0.0	1
105	29512.325495243073	0.22761580147080526	0.0	2
106	29810.350373744965	0.22761580147080526	0.0	3
107	30107.78368115425	0.2297829422932164	0.002167140822411151	0
108	30405.403799772263	0.2297829422932164	0.0	1
109	30703.702072143555	0.22995846371078835	0.0001755214175719333	0
110	31000.68785047531	0.23015066667773643	0.0001922029669480796	0
111	31297.545283079147	0.23015066667773643	0.0	1
112	31595.378399848938	0.23029303639867948	0.00014236972094305855	0
113	31891.34374308586	0.23029303639867948	0.0	1
114	32188.839042901993	0.23029303639867948	0.0	2
115	32483.623949050903	0.23029303639867948	0.0	3
116	32780.45696473122	0.23069312452645924	0.0004000881277797519	0
117	33081.8810544014	0.23152264724042584	0.0008295227139666073	0
118	33381.605348825455	0.23152264724042584	0.0	1
119	33680.83414435387	0.2323282430776951	0.0008055958372692462	0
120	33976.52446246147	0.2323282430776951	0.0	1
121	34272.02362585068	0.2324812597783091	0.00015301670061401706	0
122	34569.963680028915	0.2328524242519286	0.0003711644736194841	0
123	34868.82530760765	0.23375034516201243	0.0008979209100838381	0
124	35168.619940042496	0.23375034516201243	0.0	1
