1	163.07753491401672	0.010761206484218177	10000000000.010761	0
2	277.57581210136414	0.010761206484218177	0.0	1
3	394.9830062389374	0.021830908723942957	0.01106970223972478	0
4	513.4034140110016	0.021830908723942957	0.0	1
5	635.0849652290344	0.025568625587928523	0.0037377168639855657	0
6	757.4816145896912	0.025568625587928523	0.0	1
7	885.0311388969421	0.025568625587928523	0.0	2
8	1022.1353585720062	0.026553086839994883	0.0009844612520663598	0
9	1162.2544407844543	0.033807554900747085	0.007254468060752202	0
10	1314.7725722789764	0.033807554900747085	0.0	1
11	1473.9778904914856	0.048476102027738416	0.014668547126991331	0
12	1628.1536564826965	0.048476102027738416	0.0	1
13	1776.5937342643738	0.04849602187327803	1.9919845539610737e-05	0
14	1921.1396510601044	0.04882017339740278	0.00032415152412475223	0
15	2058.2181828022003	0.0500749458964311	0.0012547724990283199	0
16	2201.8440849781036	0.0500749458964311	0.0	1
17	2339.8286917209625	0.05175523723776911	0.0016802913413380138	0
18	2482.1073067188263	0.06934024241596803	0.01758500517819892	0
19	2632.589535474777	0.07212306789990208	0.0027828254839340483	0
20	2781.9411969184875	0.07212306789990208	0.0	1
21	2938.1886434555054	0.07212306789990208	0.0	2
22	3093.390268802643	0.09319097591215018	0.0210679080122481	0
23	3247.3402287960052	0.09319097591215018	0.0	1
24	3401.5199847221375	0.09319097591215018	0.0	2
25	3554.9667823314667	0.10446993262191522	0.011278956709765031	0
26	3716.8070800304413	0.11987954268570176	0.01540961006378655	0
27	3876.8141055107117	0.11987954268570176	0.0	1
28	4041.5680599212646	0.11987954268570176	0.0	2
29	4218.988569021225	0.11987954268570176	0.0	3
30	4406.94390130043	0.1612770464033042	0.04139750371760244	0
31	4637.719475269318	0.1612770464033042	0.0	1
32	4893.034126996994	0.1612770464033042	0.0	2
33	5163.69719004631	0.17095401704008736	0.009676970636783161	0
34	5458.360486507416	0.1724475346053745	0.0014935175652871224	0
35	5775.692546606064	0.173052529045883	0.0006049944405085161	0
36	6107.45362663269	0.173052529045883	0.0	1
37	6426.730718374252	0.1752559541600248	0.002203425114141788	0
38	6750.549681425095	0.18371647854183884	0.00846052438181405	0
39	7060.869843244553	0.18635345097438696	0.0026369724325481236	0
40	7383.342397689819	0.1877537017664915	0.0014002507921045404	0
41	7712.556913137436	0.19090937813643877	0.0031556763699472634	0
42	8049.716375112534	0.19226934721484235	0.0013599690784035778	0
43	8391.120363235474	0.19376599737523123	0.0014966501603888849	0
44	8736.511917591095	0.19495415418241036	0.0011881568071791249	0
45	9082.286021232605	0.19858606188132205	0.003631907698911696	0
46	9420.643066167831	0.19858606188132205	0.0	1
47	9761.102214813232	0.20135277756253198	0.0027667156812099247	0
48	10096.315198659897	0.20135277756253198	0.0	1
49	10423.18344426155	0.20156677416656826	0.00021399660403628729	0
50	10751.034542560577	0.20631619192668357	0.00474941776011531	0
51	11072.954847812653	0.20631619192668357	0.0	1
52	11392.91881108284	0.20691432540736804	0.0005981334806844651	0
53	11695.873859643936	0.20691432540736804	0.0	1
54	12001.699027299881	0.208052937244165	0.0011386118367969489	0
55	12310.891285181046	0.21254367567870072	0.004490738434535735	0
56	12620.648385763168	0.21254367567870072	0.0	1
57	12931.796504974365	0.21780332207290312	0.0052596463942024	0
58	13246.750211715698	0.21780332207290312	0.0	1
59	13565.979362249374	0.21788490407417246	8.158200126934245e-05	0
60	13883.13194179535	0.2224056423918605	0.004520738317688039	0
61	14207.08290719986	0.2224056423918605	0.0	1
62	14522.24952340126	0.2224056423918605	0.0	2
63	14837.685215234756	0.2244025852865352	0.001996942894674697	0
64	15149.816970825195	0.22787152116665682	0.003468935880121621	0
65	15459.302108287811	0.22787152116665682	0.0	1
66	15769.524091005325	0.22787152116665682	0.0	2
67	16083.301039218903	0.2289110046259397	0.0010394834592828694	0
68	16395.757155656815	0.22941141267047466	0.0005004080445349668	0
69	16707.943709135056	0.22955501236740858	0.0001435996969339215	0
70	17019.16304421425	0.2313228145786594	0.0017678022112508351	0
71	17328.210013628006	0.2313228145786594	0.0	1
72	17637.84420108795	0.2313228145786594	0.0	2
73	17954.30513691902	0.2313228145786594	0.0	3
74	18270.31535410881	0.2313228145786594	0.0	4
75	18588.036444187164	0.23186277403865074	0.0005399594599913293	0
76	18908.959688663483	0.23186277403865074	0.0	1
77	19231.395545482635	0.23336347927613452	0.0015007052374837737	0
78	19554.9112970829	0.23336347927613452	0.0	1
79	19881.1382894516	0.23336347927613452	0.0	2
80	20205.374755859375	0.23365192786436806	0.0002884485882335419	0
81	20528.217839956284	0.23365192786436806	0.0	1
82	20850.503737926483	0.23434071441925453	0.0006887865548864669	0
83	21174.552230596542	0.23434071441925453	0.0	1
84	21501.293112039566	0.2346789193799937	0.0003382049607391635	0
85	21826.788233280182	0.2347471253923623	6.820601236862123e-05	0
86	22152.13842701912	0.23494524761876645	0.00019812222640414046	0
87	22480.43770480156	0.23569639780006493	0.0007511501812984822	0
88	22811.336935520172	0.23577751856033768	8.11207602727515e-05	0
89	23142.657710313797	0.23589776793181996	0.00012024937148227832	0
90	23475.251596450806	0.236299970080834	0.0004022021490140415	0
91	23807.51811361313	0.236299970080834	0.0	1
92	24142.02975010872	0.23669239007704568	0.00039241999621167367	0
93	24473.988460063934	0.23669239007704568	0.0	1
94	24801.569818258286	0.23729327178533474	0.0006008817082890638	0
95	25135.924061775208	0.23729327178533474	0.0	1
96	25471.123529434204	0.23729327178533474	0.0	2
97	25805.131659030914	0.23729327178533474	0.0	3
98	26136.5074801445	0.23729327178533474	0.0	4
99	26473.649188518524	0.23732396352998186	3.06917446471211e-05	0
100	26809.72658777237	0.23792055954067776	0.0005965960106958934	0
101	27146.934241056442	0.23792055954067776	0.0	1
102	27480.921095132828	0.23792055954067776	0.0	2
103	27819.71093606949	0.23792055954067776	0.0	3
104	28159.503086805344	0.23792055954067776	0.0	4
105	28493.55554294586	0.23792055954067776	0.0	5
106	28831.469663619995	0.23801342272798834	9.28631873105823e-05	0
107	29169.8068652153	0.23835616322519382	0.0003427404972054793	0
108	29507.641390800476	0.23852714910629944	0.00017098588110561752	0
109	29845.959171772003	0.23852714910629944	0.0	1
110	30180.414427280426	0.23852714910629944	0.0	2
111	30518.671023607254	0.238573945849077	4.679674277757728e-05	0
112	30853.925754785538	0.23877247166135315	0.0001985258122761402	0
113	31193.93174624443	0.23877247166135315	0.0	1
114	31530.539046049118	0.23877247166135315	0.0	2
115	31867.094255447388	0.2388669684105266	9.449674917344497e-05	0
116	32201.96408390999	0.2404005755057661	0.0015336070952395031	0
117	32540.80859541893	0.2404005755057661	0.0	1
118	32877.65966463089	0.2404005755057661	0.0	2
119	33218.224341869354	0.24041543130953083	1.4855803764729503e-05	0
120	33558.53785610199	0.24195353550448692	0.0015381041949560914	0
121	33897.9157640934	0.24195353550448692	0.0	1
122	34236.5349214077	0.24195353550448692	0.0	2
123	34577.219363212585	0.24195353550448692	0.0	3
124	34917.88901615143	0.24195353550448692	0.0	4
125	35259.04242396355	0.24195353550448692	0.0	5
