1	5.538745164871216	0.014976397375652992	10000000000.014977	0
2	9.41433334350586	0.03246373486840564	0.01748733749275265	0
3	13.596166133880615	0.0371205685914367	0.004656833723031058	0
4	17.775712251663208	0.0371205685914367	0.0	1
5	22.10962462425232	0.041204390175517705	0.004083821584081007	0
6	26.330575942993164	0.041204390175517705	0.0	1
7	30.743066787719727	0.05002016813858695	0.008815777963069246	0
8	35.12603831291199	0.050197408009862256	0.00017723987127530455	0
9	39.69436192512512	0.050197408009862256	0.0	1
10	44.26772332191467	0.05425152871562265	0.004054120705760396	0
11	48.927868366241455	0.05428926619453944	3.7737478916791134e-05	0
12	53.389533042907715	0.05543225244067419	0.00114298624613475	0
13	58.091047286987305	0.06148374634704132	0.006051493906367125	0
14	63.81324362754822	0.06148374634704132	0.0	1
15	69.67849659919739	0.06380413919017054	0.0023203928431292237	0
16	75.43004083633423	0.06406342879585597	0.00025928960568542825	0
17	80.26926946640015	0.06724742792178129	0.0031839991259253186	0
18	84.90529465675354	0.06724742792178129	0.0	1
19	89.6141767501831	0.06815891980767429	0.0009114918858929982	0
20	94.19132018089294	0.07107527931590844	0.0029163595082341565	0
21	98.82703185081482	0.07149700296336206	0.00042172364745361735	0
22	103.42105340957642	0.07149700296336206	0.0	1
23	107.97340774536133	0.07164889997628139	0.00015189701291933033	0
24	112.51797699928284	0.07183184988316388	0.00018294990688248747	0
25	117.10362696647644	0.07277684705010776	0.0009449971669438784	0
26	121.57683062553406	0.07582546159781436	0.0030486145477066073	0
27	126.12598991394043	0.07632338310825056	0.0004979215104361917	0
28	130.63966178894043	0.08184383455245033	0.00552045144419977	0
29	135.11763262748718	0.08267681344874438	0.000832978896294051	0
30	139.6217439174652	0.08267681344874438	0.0	1
31	144.1821653842926	0.08267681344874438	0.0	2
32	148.61698389053345	0.08282796467976948	0.00015115123102510397	0
33	153.16681432724	0.08342252213736881	0.000594557457599329	0
34	157.64520907402039	0.08474272995338268	0.0013202078160138714	0
35	162.1224627494812	0.08688058924639243	0.0021378592930097473	0
36	166.6843967437744	0.08688058924639243	0.0	1
37	171.30781888961792	0.08688058924639243	0.0	2
38	175.81120109558105	0.08688058924639243	0.0	3
39	180.40929555892944	0.08809942562898238	0.0012188363825899468	0
40	184.91613030433655	0.0895546611459895	0.0014552355170071307	0
41	189.4067349433899	0.0895546611459895	0.0	1
42	193.90133666992188	0.0895546611459895	0.0	2
43	198.47917199134827	0.09263882158042072	0.0030841604344312157	0
44	202.89211916923523	0.09263882158042072	0.0	1
45	207.47457098960876	0.09263882158042072	0.0	2
46	211.98646783828735	0.09263882158042072	0.0	3
47	216.52134108543396	0.09263882158042072	0.0	4
48	221.07098054885864	0.09405427901283732	0.0014154574324165975	0
49	225.65478420257568	0.09473350787984913	0.0006792288670118135	0
50	230.12676167488098	0.09473350787984913	0.0	1
51	234.76659536361694	0.09473350787984913	0.0	2
52	239.3513216972351	0.09485678608449681	0.00012327820464767825	0
53	243.8573968410492	0.09558704839474794	0.0007302623102511258	0
54	248.45000529289246	0.09674741181655265	0.0011603634218047137	0
55	253.04889941215515	0.09723640682100355	0.0004889950044509039	0
56	258.10060143470764	0.0977053800980369	0.0004689732770333521	0
57	263.8694543838501	0.09935292668607101	0.0016475465880341073	0
58	269.55731534957886	0.09935292668607101	0.0	1
59	274.867369890213	0.09935292668607101	0.0	2
60	279.4475121498108	0.09935292668607101	0.0	3
61	284.0584216117859	0.10018344404457927	0.0008305173585082537	0
62	288.6385667324066	0.10029276743464205	0.00010932339006278213	0
63	293.21773195266724	0.10029276743464205	0.0	1
64	297.85677194595337	0.10155590234667822	0.001263134912036168	0
65	302.4002902507782	0.10186365862478916	0.0003077562781109433	0
66	307.0640962123871	0.10369087001909201	0.0018272113943028495	0
67	311.69895792007446	0.10369087001909201	0.0	1
68	316.2974269390106	0.10402314101738193	0.0003322709982899186	0
69	320.9545056819916	0.10480186542470951	0.0007787244073275829	0
70	325.6431522369385	0.10593383423034576	0.0011319688056362492	0
71	330.251665353775	0.10615374380680753	0.00021990957646177145	0
72	334.9292223453522	0.10730731741063061	0.0011535736038230798	0
73	339.6421220302582	0.10730731741063061	0.0	1
74	344.3684232234955	0.10730731741063061	0.0	2
75	349.07724118232727	0.10779573592110195	0.0004884185104713362	0
76	353.79470348358154	0.10921662886818309	0.0014208929470811427	0
77	358.4952013492584	0.10921662886818309	0.0	1
78	363.27236223220825	0.10952661791662761	0.0003099890484445228	0
79	367.94333577156067	0.11063598449798537	0.0011093665813577541	0
80	372.5817964076996	0.11063598449798537	0.0	1
81	377.3593783378601	0.11257876005844733	0.0019427755604619623	0
82	382.115106344223	0.11257876005844733	0.0	1
83	386.88136863708496	0.11322476274069995	0.0006460026822526221	0
84	391.6102223396301	0.11366557016901704	0.0004408074283170915	0
85	396.4252977371216	0.11366557016901704	0.0	1
86	401.0982069969177	0.11409611051407889	0.00043054034506184724	0
87	405.7005512714386	0.11409611051407889	0.0	1
88	410.45406556129456	0.11494872680847076	0.0008526162943918725	0
89	415.1721775531769	0.11554842695839579	0.0005997001499250254	0
90	419.93553471565247	0.11554842695839579	0.0	1
91	424.6893105506897	0.11560279125573932	5.436429734352599e-05	0
92	429.43640995025635	0.11560279125573932	0.0	1
93	434.2197074890137	0.11572767083255246	0.0001248795768131472	0
94	439.0135819911957	0.11572767083255246	0.0	1
95	443.8242928981781	0.11595871680858788	0.00023104597603541832	0
96	448.5547020435333	0.11722316027045071	0.0012644434618628297	0
97	453.34757375717163	0.11722316027045071	0.0	1
98	458.1883215904236	0.11735679706533451	0.0001336367948838041	0
99	464.0295367240906	0.11799856297437218	0.0006417659090376671	0
100	469.9931070804596	0.11799856297437218	0.0	1
101	475.93399381637573	0.11799856297437218	0.0	2
102	480.6695680618286	0.11801086151260307	1.2298538230884337e-05	0
103	485.5435712337494	0.11813347171629028	0.0001226102036872151	0
104	490.27573227882385	0.11866995884382027	0.0005364871275299887	0
105	495.15553307533264	0.11866995884382027	0.0	1
106	499.92908477783203	0.11884745493464205	0.00017749609082177986	0
107	504.68921852111816	0.11884745493464205	0.0	1
108	509.4921064376831	0.11885484869869752	7.393764055466101e-06	0
109	514.2810542583466	0.11952310587870127	0.0006682571800037534	0
110	519.0235950946808	0.11952310587870127	0.0	1
111	523.8265912532806	0.12012712515812406	0.0006040192794227878	0
112	528.5994946956635	0.12012712515812406	0.0	1
113	533.414121389389	0.12012712515812406	0.0	2
114	538.1251723766327	0.12054523885518177	0.00041811369705771484	0
115	542.9441654682159	0.12054523885518177	0.0	1
116	547.6682205200195	0.12062502379181503	7.978493663325648e-05	0
117	552.4681956768036	0.12122411999566622	0.0005990962038511932	0
118	557.1803586483002	0.12131548056538137	9.136056971514872e-05	0
119	562.0074987411499	0.1217150274960176	0.00039954693063623536	0
120	566.7871479988098	0.12228973708946307	0.000574709593445466	0
121	571.6301186084747	0.12290387704097169	0.0006141399515086216	0
122	576.3821790218353	0.12290387704097169	0.0	1
123	581.1463193893433	0.12312321927415198	0.0002193422331802919	0
124	585.9541771411896	0.12312321927415198	0.0	1
125	590.7319989204407	0.12409309261384932	0.0009698733396973358	0
126	595.5110576152802	0.1242465681221889	0.0001534755083395789	0
127	600.3195106983185	0.1242465681221889	0.0	1
128	605.1040980815887	0.12432690210070745	8.033397851854585e-05	0
129	609.8967006206512	0.12432690210070745	0.0	1
130	614.6519668102264	0.12480216190732758	0.00047525980662013745	0
131	619.4590113162994	0.12484889452246532	4.6732615137740074e-05	0
132	624.2250220775604	0.12567587056081334	0.0008269760383480124	0
133	629.0950672626495	0.12578008786134276	0.00010421730052942446	0
134	633.8725693225861	0.12690505638294133	0.0011249685215985739	0
135	638.678206205368	0.12849813801595295	0.0015930816330116115	0
136	643.4722652435303	0.12849813801595295	0.0	1
137	648.2989735603333	0.12849813801595295	0.0	2
138	653.1211400032043	0.12849813801595295	0.0	3
139	657.9263803958893	0.12877049024315967	0.00027235222720672914	0
140	662.7109780311584	0.12877049024315967	0.0	1
141	668.5811042785645	0.12987200552555753	0.0011015152823978525	0
142	674.5221903324127	0.12987200552555753	0.0	1
143	680.5235366821289	0.12987200552555753	0.0	2
144	685.3631732463837	0.12987200552555753	0.0	3
145	690.1862008571625	0.1302838143916323	0.00041180886607478095	0
146	695.046012878418	0.13083735842039917	0.0005535440287668669	0
147	699.8712668418884	0.13114856451168946	0.0003112060912902892	0
148	704.7262680530548	0.13114856451168946	0.0	1
149	709.4928312301636	0.1313909299012603	0.0002423653895708422	0
150	714.2951710224152	0.1314961995320699	0.00010526963080959018	0
151	719.1129786968231	0.13172126095155545	0.00022506141948555602	0
152	723.9318144321442	0.13174879540210363	2.7534450548177825e-05	0
153	728.7421252727509	0.13227968230240347	0.0005308869002998429	0
154	733.6093537807465	0.13254674542611505	0.0002670631237115806	0
155	738.5545194149017	0.13283900042166416	0.00029225499554910717	0
156	743.4121360778809	0.13349182952469077	0.0006528291030266087	0
157	748.2827453613281	0.13349182952469077	0.0	1
158	753.1838886737823	0.13366766018846044	0.00017583066376966605	0
159	757.9931268692017	0.13381087776424286	0.00014321757578242278	0
160	762.8614196777344	0.13444305374168383	0.0006321759774409741	0
161	767.7342946529388	0.1345790422659764	0.00013598852429255737	0
162	772.5623993873596	0.13464492729221325	6.588502623686154e-05	0
163	777.4592185020447	0.13481631071671193	0.00017138342449868338	0
164	782.3632729053497	0.13523673954038604	0.0004204288236741016	0
165	787.252925157547	0.1356560245267991	0.00041928498641305434	0
166	792.1494688987732	0.1356560245267991	0.0	1
167	797.0527033805847	0.1356862309811891	3.020645439000269e-05	0
168	801.9073173999786	0.1357903659254357	0.0001041349442466033	0
169	806.7711205482483	0.1359139369524222	0.00012357102698651312	0
170	811.6688587665558	0.1363323983760073	0.00041846142358509253	0
171	816.5086250305176	0.13634344326860007	1.104489259276531e-05	0
172	821.4314484596252	0.13634344326860007	0.0	1
173	826.3393304347992	0.13639693824962518	5.349498102510952e-05	0
174	831.1927447319031	0.13677466076532047	0.00037772251569528903	0
175	836.0566246509552	0.1370738611407187	0.00029920037539823974	0
176	840.96191239357	0.13712813393108134	5.427279036263055e-05	0
177	845.8031861782074	0.13754074805858788	0.0004126141275065387	0
178	850.754115819931	0.1378498769414121	0.00030912888282422224	0
179	855.6046135425568	0.1378498769414121	0.0	1
180	860.4888153076172	0.138005145986577	0.00015526904516491302	0
181	865.3714032173157	0.13853974807030078	0.000534602083723773	0
182	870.2754924297333	0.13853974807030078	0.0	1
183	876.2035620212555	0.1385507563601012	1.1008289800412685e-05	0
184	882.1359899044037	0.13882804996427567	0.00027729360417447224	0
185	888.1846575737	0.13882804996427567	0.0	1
186	892.9899370670319	0.1396301910080116	0.0008021410437359378	0
187	897.8435804843903	0.14000781286602793	0.0003776218580163193	0
188	902.7227005958557	0.14000781286602793	0.0	1
189	907.6095054149628	0.14000781286602793	0.0	2
190	912.459883928299	0.14000781286602793	0.0	3
191	917.3609564304352	0.1402889772154938	0.0002811643494658733	0
192	922.2258005142212	0.1402889772154938	0.0	1
193	927.1883664131165	0.14071730309161826	0.00042832587612445794	0
194	932.1356446743011	0.14083205284564748	0.00011474975402922527	0
195	937.0353972911835	0.14083205284564748	0.0	1
196	941.9895422458649	0.14134684366800973	0.0005147908223622488	0
197	946.8815224170685	0.1414900246409998	0.00014318097299007015	0
198	951.8202512264252	0.14196148690791321	0.00047146226691341386	0
199	956.6612787246704	0.1422931722615255	0.0003316853536122766	0
200	961.5789113044739	0.14273982698592108	0.00044665472439558984	0
201	966.5100908279419	0.14316101531753653	0.00042118833161544633	0
202	971.3712255954742	0.14316101531753653	0.0	1
203	976.2801032066345	0.14352594515730416	0.0003649298397676304	0
204	981.1691780090332	0.14352594515730416	0.0	1
205	986.1516785621643	0.14407388895884088	0.0005479438015367211	0
206	991.0649590492249	0.14407388895884088	0.0	1
207	995.9054272174835	0.14464631087776422	0.0005724219189233437	0
208	1000.787255525589	0.1446886603085176	4.2349430753374495e-05	0
209	1005.7285220623016	0.1446886603085176	0.0	1
210	1010.6260225772858	0.14565185363861038	0.0009631933300927875	0
211	1015.53666472435	0.14565185363861038	0.0	1
212	1020.4586956501007	0.14565185363861038	0.0	2
213	1025.3597962856293	0.1465461056093047	0.0008942519706943153	0
214	1030.3561294078827	0.1465461056093047	0.0	1
215	1035.272449016571	0.14670374468527453	0.00015763907596982873	0
216	1040.1897723674774	0.14670374468527453	0.0	1
217	1045.0940160751343	0.14704024330608131	0.0003364986208067855	0
218	1050.0169913768768	0.14704024330608131	0.0	1
219	1054.9264636039734	0.1471220596976902	8.181639160889653e-05	0
220	1059.812542438507	0.1478029722931503	0.0006809125954600759	0
221	1064.7525317668915	0.1478029722931503	0.0	1
222	1069.6004729270935	0.14825039567618534	0.00044742338303505047	0
223	1074.5934917926788	0.14826196215856915	1.1566482383817966e-05	0
224	1079.530814409256	0.14869290513434688	0.0004309429757777261	0
225	1085.5926492214203	0.14922987724887554	0.000536972114528661	0
226	1091.6144716739655	0.14933764502026328	0.00010776777138774007	0
227	1097.786464214325	0.14933764502026328	0.0	1
228	1102.5683817863464	0.15036455466114598	0.0010269096408827005	0
229	1107.5555665493011	0.15036455466114598	0.0	1
230	1112.4383277893066	0.15036455466114598	0.0	2
231	1117.3821218013763	0.15036455466114598	0.0	3
232	1122.2913944721222	0.15036455466114598	0.0	4
233	1127.276396036148	0.15051789290901424	0.00015333824786825656	0
234	1132.1606316566467	0.1513619349992972	0.0008440420902829648	0
235	1137.1293501853943	0.1513619349992972	0.0	1
236	1142.050577878952	0.15148341966711956	0.000121484667822358	0
237	1146.9581091403961	0.15194920850121812	0.00046578883409856275	0
238	1151.8904128074646	0.15221069884979385	0.00026149034857572695	0
239	1156.876172542572	0.15221069884979385	0.0	1
240	1161.7868626117706	0.15259424120947337	0.0003835423596795229	0
241	1166.751132965088	0.15259424120947337	0.0	1
242	1171.6647019386292	0.15313031655558937	0.0005360753461159939	0
243	1176.5902569293976	0.1534524394296992	0.0003221228741098203	0
244	1181.4616165161133	0.1534524394296992	0.0	1
245	1186.4099974632263	0.1538918101984164	0.00043937076871722325	0
246	1191.3516113758087	0.15400893913394864	0.00011712893553222914	0
247	1196.296064376831	0.15416261595764616	0.00015367682369751834	0
248	1201.2407548427582	0.15440333422156108	0.00024071826391491857	0
249	1206.164445400238	0.15464996383644114	0.00024662961488006174	0
250	1211.0900478363037	0.15526558620104008	0.0006156223645989445	0
251	1216.0764544010162	0.15549512231189092	0.00022953611085083092	0
252	1221.0134069919586	0.15609235177333208	0.0005972294614411677	0
253	1225.987538576126	0.15609235177333208	0.0	1
254	1230.985689163208	0.15636965452820464	0.0002773027548725604	0
255	1235.975835800171	0.1568253775944059	0.0004557230662012579	0
256	1240.980360031128	0.15684977335550973	2.439576110382924e-05	0
257	1245.9451367855072	0.15684977335550973	0.0	1
258	1250.8741941452026	0.15701922598271176	0.00016945262720202692	0
259	1255.8813173770905	0.1573337171746158	0.0003144911919040483	0
260	1260.8514609336853	0.1573337171746158	0.0	1
261	1265.8048832416534	0.15778089348880248	0.00044717631418667025	0
262	1270.785207748413	0.15778089348880248	0.0	1
263	1275.7409386634827	0.1583291484140742	0.0005482549252717184	0
264	1280.690156698227	0.1583291484140742	0.0	1
265	1285.7772014141083	0.15850213321073836	0.00017298479666416622	0
266	1290.731775045395	0.15866208741332458	0.0001599542025862155	0
267	1296.8380875587463	0.15949090274198838	0.0008288153286638011	0
268	1302.992746591568	0.15980158724348761	0.00031068450149923654	0
269	1309.184496164322	0.15980158724348761	0.0	1
270	1314.15660572052	0.16005548251264992	0.00025389526916230754	0
271	1319.2043278217316	0.16005548251264992	0.0	1
272	1324.261724948883	0.16027623395333582	0.0002207514406858957	0
273	1329.215091228485	0.16069736738076273	0.0004211334274269174	0
274	1334.231785774231	0.16069736738076273	0.0	1
275	1339.2701132297516	0.1609289349465892	0.0002315675658264571	0
276	1344.3101253509521	0.1609289349465892	0.0	1
277	1349.3758599758148	0.16095847340001873	2.9538453429539535e-05	0
278	1354.439516544342	0.16108537528110944	0.000126901881090713	0
279	1359.440964460373	0.16114188999250373	5.651471139428432e-05	0
280	1364.5527217388153	0.16135345413230884	0.00021156413980510935	0
281	1369.637550354004	0.16150619758480134	0.00015274345249249865	0
282	1374.6245613098145	0.1616959830631559	0.00018978547835457604	0
283	1379.6631364822388	0.16182608768857756	0.0001301046254216509	0
284	1384.7444262504578	0.16330919623196213	0.0014831085433845703	0
285	1389.8507900238037	0.16345322821987443	0.00014403198791229643	0
286	1394.9542558193207	0.16345322821987443	0.0	1
287	1399.9885261058807	0.16370640973458583	0.0002531815147114036	0
288	1405.0215244293213	0.16370640973458583	0.0	1
289	1410.0439772605896	0.16426515135986694	0.0005587416252811062	0
290	1415.15371632576	0.16426515135986694	0.0	1
291	1420.1825497150421	0.16437049419626124	0.00010534283639429542	0
292	1425.2690796852112	0.16476445005036544	0.0003939558541042054	0
293	1430.331943511963	0.16476445005036544	0.0	1
294	1435.4089143276215	0.16476445005036544	0.0	2
295	1440.4277753829956	0.16522546222006182	0.0004610121696963787	0
296	1445.5202100276947	0.16522546222006182	0.0	1
297	1450.5106658935547	0.16522546222006182	0.0	2
298	1455.600706577301	0.16570867398332081	0.00048321176325899495	0
299	1460.6204648017883	0.16570867398332081	0.0	1
300	1465.63392329216	0.16605478998781859	0.0003461160044977707	0
301	1470.653665304184	0.1661097124777455	5.4922489926917395e-05	0
302	1475.771362066269	0.1661134276611694	3.715183423902424e-06	0
303	1480.7461228370667	0.1664752828663793	0.0003618552052098989	0
304	1485.7968382835388	0.1664752828663793	0.0	1
305	1490.8196213245392	0.16652085334285982	4.5570476480516486e-05	0
306	1495.8790130615234	0.16696473540573462	0.00044388206287479526	0
307	1500.8892576694489	0.16696473540573462	0.0	1
308	1505.929122209549	0.16696473540573462	0.0	2
309	1512.1158578395844	0.16696473540573462	0.0	3
310	1518.2194612026215	0.1671692535080116	0.0002045181022769793	0
311	1524.436846256256	0.16718702416369938	1.7770655687782133e-05	0
312	1529.3610529899597	0.16718702416369938	0.0	1
313	1534.4396641254425	0.16793379433330208	0.0007467701696027007	0
314	1539.496051311493	0.16793379433330208	0.0	1
315	1544.535057067871	0.16805004480181782	0.00011625046851573839	0
316	1549.6050481796265	0.16805028271996814	2.3791815031981578e-07	1
317	1554.6419322490692	0.16876866742410043	0.0007183847041322966	0
318	1559.6773641109467	0.16876866742410043	0.0	1
319	1564.7309346199036	0.16916522207646176	0.00039655465236132503	0
320	1569.809413909912	0.17001493759955957	0.000849715523097816	0
321	1574.8209397792816	0.1700375215224419	2.2583922882318808e-05	0
322	1579.9113528728485	0.1700375215224419	0.0	1
323	1584.9826409816742	0.17028698785372937	0.0002494663312874734	0
324	1590.0722634792328	0.17029626666159106	9.27880786169566e-06	0
325	1595.1372768878937	0.17067336692981633	0.00037710026822526665	0
326	1600.2088797092438	0.17092726219897864	0.00025389526916230754	0
327	1605.2593286037445	0.171133994770193	0.0002067325712143686	0
328	1610.3437461853027	0.1717286620361694	0.0005946672659764007	0
329	1615.4421355724335	0.1717286620361694	0.0	1
330	1620.478866815567	0.1717286620361694	0.0	2
331	1625.5417761802673	0.1717286620361694	0.0	3
332	1630.6580572128296	0.1717286620361694	0.0	4
333	1635.7750205993652	0.17199957760377624	0.0002709155676068331	0
334	1640.807594537735	0.17207455842391303	7.498082013679408e-05	0
335	1645.930988073349	0.17226562499999998	0.00019106657608694566	0
336	1650.9378263950348	0.17229126525604385	2.5640256043873988e-05	0
337	1656.0221729278564	0.17263450794134183	0.00034324268529797863	0
338	1661.0707960128784	0.1728377632472826	0.00020325530594075825	0
339	1666.1562445163727	0.1728377632472826	0.0	1
340	1671.2303586006165	0.17289338119026423	5.561794298164502e-05	0
341	1676.3346590995789	0.17310245634018928	0.0002090751499250476	0
342	1681.3712575435638	0.17334074051841267	0.00023828417822338577	0
343	1686.4986333847046	0.1734836195183658	0.00014287899995313325	0
344	1691.5843589305878	0.17428115776096326	0.0007975382425974564	0
345	1696.7079043388367	0.17444585202515928	0.00016469426419601918	0
346	1701.8101818561554	0.17444585202515928	0.0	1
347	1706.981475353241	0.17444585202515928	0.0	2
348	1712.02694606781	0.17448122862396925	3.5376598809977455e-05	0
349	1717.1672105789185	0.17448122862396925	0.0	1
350	1722.214854001999	0.17458364323697526	0.00010241461300600219	0
351	1728.4567923545837	0.17482469092602135	0.0002410476890460922	0
352	1734.6868863105774	0.17510126162504683	0.00027657069902548015	0
353	1740.9944212436676	0.17510126162504683	0.0	1
354	1745.9727809429169	0.17545138563530732	0.0003501240102604941	0
355	1751.0967819690704	0.17545138563530732	0.0	1
356	1756.1758687496185	0.17545138563530732	0.0	2
357	1761.3030672073364	0.17545138563530732	0.0	3
358	1766.3828747272491	0.17559003701274362	0.00013865137743629408	0
359	1771.49063372612	0.1760953751639805	0.0005053381512368782	0
360	1776.5541024208069	0.17648561583466077	0.00039024067068027524	0
361	1781.7008883953094	0.17648561583466077	0.0	1
362	1786.792264699936	0.17648561583466077	0.0	2
363	1791.9469165802002	0.17696353849442464	0.00047792265976387416	0
364	1797.0484890937805	0.17696353849442464	0.0	1
365	1802.1695811748505	0.17696353849442464	0.0	2
366	1807.249469280243	0.17699080757472824	2.726908030359354e-05	0
367	1812.406077861786	0.1771936236471608	0.0002028160724325545	0
368	1817.4843490123749	0.17750928612842015	0.00031566248125936003	0
369	1822.5928483009338	0.17839302394701087	0.0008837378185907185	0
370	1827.681224822998	0.17839302394701087	0.0	1
371	1832.8371169567108	0.17839302394701087	0.0	2
372	1837.875301361084	0.17839302394701087	0.0	3
373	1845.3911390304565	0.1792519999765742	0.0008589760295633353	0
374	1850.4479026794434	0.17979231209590515	0.000540312119330949	0
375	1855.5933754444122	0.17979231209590515	0.0	1
376	1860.6887214183807	0.17980673359609256	1.4421500187405956e-05	0
377	1865.8259100914001	0.17980673359609256	0.0	1
378	1870.9155082702637	0.17980673359609256	0.0	2
379	1876.037915468216	0.1802646894326274	0.0004579558365348513	0
380	1881.1772911548615	0.18030473288746252	4.004345483510363e-05	0
381	1886.2861077785492	0.18030473288746252	0.0	1
382	1891.34437084198	0.18030473288746252	0.0	2
383	1896.5197052955627	0.18035050467930097	4.577179183845592e-05	0
384	1901.594183921814	0.18060820663886806	0.0002577019595670915	0
385	1906.7273261547089	0.18089024945535043	0.00028204281648236407	0
386	1911.9099802970886	0.18108288995150862	0.0001926404961581918	0
387	1916.984218597412	0.18124432656718514	0.00016143661567652456	0
388	1922.0882596969604	0.18124432656718514	0.0	1
389	1927.2608506679535	0.18157305624531483	0.0003287296781296911	0
390	1932.305555820465	0.18164801876405545	7.496251874061777e-05	0
391	1937.4733576774597	0.18164801876405545	0.0	1
392	1942.5575590133667	0.18181527522371627	0.00016725645966081393	0
393	1948.788686990738	0.18195033952750186	0.00013506430378559808	0
394	1954.9398534297943	0.18234907204600823	0.0003987325185063617	0
395	1961.2510402202606	0.18234907204600823	0.0	1
396	1966.274992465973	0.18234907204600823	0.0	2
397	1971.4621605873108	0.1826258257589955	0.00027675371298727103	0
398	1976.5742259025574	0.18282972161380245	0.00020389585480695693	0
399	1981.6911070346832	0.18290997323603822	8.025162223576632e-05	0
400	1986.8287580013275	0.18290997323603822	0.0	1
401	1991.9704387187958	0.1832320412059595	0.0003220679699212914	0
402	1997.063945055008	0.1832320412059595	0.0	1
403	2002.2014515399933	0.1832320412059595	0.0	2
404	2007.3414454460144	0.18323987420352322	7.832997563711475e-06	0
405	2012.436462879181	0.18330700372470013	6.712952117690629e-05	0
406	2017.5496017932892	0.18383080798467952	0.000523804259979388	0
407	2022.7656660079956	0.18383080798467952	0.0	1
408	2027.8200180530548	0.18383080798467952	0.0	2
409	2032.9839463233948	0.18385458149831332	2.3773513633806864e-05	0
410	2038.1177349090576	0.18396794034623312	0.00011335884791979778	0
411	2043.2246866226196	0.18404661804839767	7.867770216454795e-05	0
412	2048.37003493309	0.1846012967637275	0.000554678715329826	0
413	2053.553877353668	0.18502111249062966	0.0004198157269021674	0
414	2058.6879591941833	0.18502111249062966	0.0	1
415	2063.8674516677856	0.18502111249062966	0.0	2
416	2069.0133225917816	0.18510873957552473	8.762708489506998e-05	0
417	2074.1846067905426	0.18534541323088455	0.00023667365535981477	0
418	2079.352338075638	0.18534541323088455	0.0	1
419	2084.574432849884	0.1857888743616473	0.0004434611307627401	0
420	2089.6969513893127	0.18596828294836956	0.0001794085867222739	0
421	2094.9015719890594	0.18596828294836956	0.0	1
422	2100.089287519455	0.18596828294836956	0.0	2
423	2105.276172876358	0.18639029484281294	0.0004220118944433804	0
424	2110.4467182159424	0.18653531510611882	0.0001450202633058728	0
425	2115.663029909134	0.18669658700922975	0.00016127190311093775	0
426	2120.7978196144104	0.18669658700922975	0.0	1
427	2126.0351915359497	0.18672385608953335	2.726908030359354e-05	0
428	2131.1789767742157	0.18735099003232758	0.0006271339427942335	0
429	2136.3243169784546	0.1874923866191904	0.0001413965868628242	0
430	2141.490738391876	0.1874923866191904	0.0	1
431	2146.7030107975006	0.18762746922437218	0.0001350826051817744	0
432	2151.860004901886	0.1881298608508246	0.0005023916264524086	0
433	2157.026462316513	0.1881298608508246	0.0	1
434	2162.2152519226074	0.1881298608508246	0.0	2
435	2168.5434954166412	0.1883009789050787	0.0001711180542540991	0
436	2174.8432219028473	0.1883009789050787	0.0	1
437	2181.1439645290375	0.1883009789050787	0.0	2
438	2186.302355527878	0.18869228105673724	0.00039130215165855686	0
439	2191.4956538677216	0.1887543044883808	6.202343164354862e-05	0
440	2196.704279899597	0.1887543044883808	0.0	1
441	2201.8339602947235	0.1887543044883808	0.0	2
442	2207.0328047275543	0.18893142540058094	0.00017712091220015158	0
443	2212.261574268341	0.1891897862104104	0.0002583608098294665	0
444	2217.415961742401	0.1891897862104104	0.0	1
445	2222.6578233242035	0.1891897862104104	0.0	2
446	2227.8785581588745	0.18971690302309782	0.0005271168126874115	0
447	2233.0590250492096	0.18971690302309782	0.0	1
448	2238.249862909317	0.1898488926923257	0.0001319896692278666	0
449	2243.471795797348	0.19031208272816716	0.0004631900358414709	0
450	2248.658797264099	0.19031208272816716	0.0	1
451	2253.8701157569885	0.19065380639758245	0.0003417236694152892	0
452	2259.128331899643	0.19065380639758245	0.0	1
453	2264.288830757141	0.19065380639758245	0.0	2
454	2269.4736971855164	0.1915464569961113	0.0008926505985288602	0
455	2274.6572744846344	0.1915464569961113	0.0	1
456	2279.821068763733	0.1915464569961113	0.0	2
457	2284.9821503162384	0.1917713445523332	0.00022488755622188106	0
458	2290.2019085884094	0.19234512992527172	0.0005737853729385345	0
459	2295.3584508895874	0.19234512992527172	0.0	1
460	2300.557801961899	0.1924103011970577	6.517127178598536e-05	0
461	2305.8008012771606	0.19248526371579833	7.496251874061777e-05	0
462	2311.000698328018	0.1932829483695652	0.0007976846537668669	0
463	2316.1980319023132	0.1932829483695652	0.0	1
464	2321.416350841522	0.1932829483695652	0.0	2
465	2326.589638233185	0.1932829483695652	0.0	3
466	2331.755370616913	0.1932829483695652	0.0	4
467	2336.9892411231995	0.1933714905242691	8.854215470391336e-05	0
468	2342.1608579158783	0.19352037238216827	0.00014888185789915798	0
469	2347.3902802467346	0.19363428027197338	0.0001139078898051149	0
470	2352.6029908657074	0.19382417555870501	0.00018989528673163392	0
471	2357.8546652793884	0.1939188120783358	9.463651963079189e-05	0
472	2363.0776250362396	0.1939188120783358	0.0	1
473	2368.377642393112	0.19409673825196774	0.00017792617363193708	0
474	2373.540356874466	0.19464524939678596	0.0005485111448182145	0
475	2378.7826476097107	0.19464524939678596	0.0	1
476	2383.95428442955	0.1946589571425225	1.3707745736529775e-05	0
477	2390.4053909778595	0.19481900285208956	0.00016004570956706932	0
478	2396.8143470287323	0.19481900285208956	0.0	1
479	2403.19428896904	0.19502066593656295	0.00020166308447339132	0
480	2408.3122951984406	0.19502066593656295	0.0	1
481	2413.6025409698486	0.1950514671863287	3.0801249765760597e-05	0
482	2418.8219656944275	0.19507061044672974	1.9143260401033313e-05	0
483	2424.085299730301	0.19574567574611132	0.0006750652993815776	0
484	2429.249776124954	0.19574567574611132	0.0	1
485	2434.5698025226593	0.19574567574611132	0.0	2
486	2439.797306537628	0.19574567574611132	0.0	3
487	2445.0941908359528	0.19574567574611132	0.0	4
488	2450.3218507766724	0.195993403444762	0.00024772769865066824	0
489	2455.552660226822	0.19606397362842015	7.057018365816403e-05	0
490	2460.76295876503	0.19606397362842015	0.0	1
491	2466.043678045273	0.19634058093023798	0.0002766073018178328	0
492	2471.2662875652313	0.19672959540737442	0.00038901447713643456	0
493	2476.516853570938	0.19696833712050224	0.00023874171312782133	0
494	2481.7463710308075	0.19696833712050224	0.0	1
495	2486.968993663788	0.19715998934126686	0.0001916522207646154	0
496	2492.2005751132965	0.19715998934126686	0.0	1
497	2497.462660074234	0.19775216761736317	0.0005921782760963112	0
498	2502.689150094986	0.19827081088362067	0.0005186432662575013	0
499	2507.9341990947723	0.19827081088362067	0.0	1
500	2513.2477202415466	0.19827081088362067	0.0	2
501	2518.486419200897	0.19828805079881934	1.7239915198669076e-05	0
502	2523.7415540218353	0.19843413254310344	0.00014608174428409892	0
503	2529.0343809127808	0.19877766805074024	0.00034353550763679963	0
504	2534.2519176006317	0.19877766805074024	0.0	1
505	2539.485922574997	0.19877766805074024	0.0	2
506	2544.7633605003357	0.19877766805074024	0.0	3
507	2550.003477573395	0.19880499203523236	2.7323984492122477e-05	0
508	2555.2779092788696	0.19906948381278108	0.00026449177754872544	0
509	2560.536406993866	0.19907918355275486	9.699739973778598e-06	0
510	2565.7964010238647	0.19920258986717576	0.00012340631442089856	0
511	2571.070469856262	0.19944729783545725	0.00024470796828149344	0
512	2576.342581510544	0.19944729783545725	0.0	1
513	2581.62806892395	0.19981517420000935	0.00036787636455209993	0
514	2586.868372440338	0.19981517420000935	0.0	1
515	2592.177394390106	0.19995803489856634	0.0001428606985569847	0
516	2597.38578414917	0.19995803489856634	0.0	1
517	2602.7299394607544	0.19995803489856634	0.0	2
518	2607.9934227466583	0.20003299741730696	7.496251874061777e-05	0
519	2614.3643226623535	0.2001064409201649	7.344350285795609e-05	0
520	2620.675837278366	0.20040826754591454	0.0003018266257496238	0
521	2627.1168341636658	0.20040826754591454	0.0	1
522	2632.32013630867	0.20046042652501872	5.215897910418321e-05	0
523	2637.57693195343	0.20046042652501872	0.0	1
524	2642.8581879138947	0.20046042652501872	0.0	2
525	2648.148766517639	0.20099848757261993	0.0005380610476012071	0
526	2653.4142854213715	0.20099848757261993	0.0	1
527	2658.743376493454	0.20099848757261993	0.0	2
528	2663.9575231075287	0.20128091471842202	0.0002824271458020944	0
529	2669.276151418686	0.20128091471842202	0.0	1
530	2674.5538635253906	0.2013665469511338	8.563223271176867e-05	0
531	2679.8213317394257	0.20159328294836956	0.00022673599723577187	0
532	2685.0918004512787	0.20159328294836956	0.0	1
533	2690.439645051956	0.20195118505200524	0.00035790210363567665	0
534	2695.6867439746857	0.20244834247915103	0.000497157427145789	0
535	2701.0014708042145	0.20248734275440403	3.900027525299832e-05	0
536	2706.2728164196014	0.20249702419298163	9.681438577602286e-06	0
537	2711.5188772678375	0.20252228011970574	2.5255926724115918e-05	0
538	2716.756242752075	0.20260765613287104	8.53760131653003e-05	0
539	2722.06871676445	0.20269588716383993	8.823103096888829e-05	0
540	2727.3321118354797	0.20293259742199213	0.00023671025815219515	0
541	2732.61007976532	0.2031471080865817	0.0002145106645895789	0
542	2737.894210100174	0.2031471080865817	0.0	1
543	2743.164145231247	0.20343842971092577	0.0002913216243440597	0
544	2748.418142557144	0.2037621265051068	0.0003236967941810387	0
545	2753.7636482715607	0.2037621265051068	0.0	1
546	2759.0208599567413	0.2037621265051068	0.0	2
547	2764.3504118919373	0.2039748070300787	0.00021268052497189216	0
548	2769.567732810974	0.2039748070300787	0.0	1
549	2774.9479281902313	0.2039748070300787	0.0	2
550	2780.200002670288	0.2039748070300787	0.0	3
551	2785.5889060497284	0.2045513925166323	0.0005765854865535935	0
552	2790.8012297153473	0.2045513925166323	0.0	1
553	2796.154015302658	0.2045513925166323	0.0	2
554	2801.425414800644	0.2045513925166323	0.0	3
555	2806.7500836849213	0.2045513925166323	0.0	4
556	2811.9709136486053	0.20460997528579458	5.858276916229088e-05	0
557	2817.353515148163	0.20497151936726948	0.0003615440814749016	0
558	2822.5774822235107	0.2051753786192841	0.0002038592520146043	0
559	2827.896062850952	0.20531133969148238	0.0001359610721982929	0
560	2833.17569899559	0.20531133969148238	0.0	1
561	2839.603951692581	0.20531133969148238	0.0	2
562	2845.9104266166687	0.20550396188624437	0.00019262219476198772	0
563	2852.3758840560913	0.20550396188624437	0.0	1
564	2857.546341896057	0.2059548167810626	0.00045085489481822005	0
565	2862.856758117676	0.2059548167810626	0.0	1
566	2868.0759382247925	0.2059548167810626	0.0	2
567	2873.4292776584625	0.20604202293384558	8.720615278298705e-05	0
568	2878.6670894622803	0.20622521990957646	0.00018319697573088156	0
569	2883.9813284873962	0.20669062441435532	0.0004654045047788602	0
570	2889.212467432022	0.20669062441435532	0.0	1
571	2894.5540130138397	0.20669062441435532	0.0	2
572	2899.8479454517365	0.20696263806573276	0.0002720136513774396	0
573	2905.1725018024445	0.20696263806573276	0.0	1
574	2910.472762823105	0.20709265118417353	0.00013001311844076935	0
575	2915.802386045456	0.2071533935180847	6.0742333911179e-05	0
576	2921.044644355774	0.20736466483555097	0.0002112713174662606	0
577	2926.365871667862	0.20736466483555097	0.0	1
578	2931.6642594337463	0.20741993505200523	5.527021645426733e-05	0
579	2936.994987010956	0.20767904621907796	0.0002591111670727231	0
580	2942.275796890259	0.20767904621907796	0.0	1
581	2947.63636136055	0.20807225171593888	0.0003932054968609211	0
582	2952.8968267440796	0.20807225171593888	0.0	1
583	2958.218650341034	0.20807225171593888	0.0	2
584	2963.4835288524628	0.20835341606540478	0.0002811643494659011	0
585	2968.7404034137726	0.20835341606540478	0.0	1
586	2973.9948139190674	0.20835341606540478	0.0	2
587	2979.3198387622833	0.20840886929582084	5.545323041605821e-05	0
588	2984.604726076126	0.20865242427614317	0.00024355498032233025	0
589	2989.9469928741455	0.20865242427614317	0.0	1
590	2995.261949300766	0.2089383835914074	0.0002859593152642337	0
591	3000.584861755371	0.2089383835914074	0.0	1
592	3005.9490008354187	0.2089383835914074	0.0	2
593	3011.3250772953033	0.20893913394865066	7.503572432565608e-07	3
594	3016.616571187973	0.20924154621907795	0.00030241227042729357	0
595	3021.927105665207	0.20929806093047226	5.651471139431208e-05	0
596	3027.2562799453735	0.20994997496369003	0.0006519140332177653	0
597	3032.611983537674	0.20994997496369003	0.0	1
598	3037.930333852768	0.20994997496369003	0.0	2
599	3043.281998157501	0.20994997496369003	0.0	3
600	3048.529851436615	0.21021635178504497	0.0002663768213549411	0
601	3053.8731050491333	0.2103180343422039	0.00010168255715892194	0
602	3059.227699279785	0.21044288646692277	0.00012485212471888274	0
603	3065.626440525055	0.21046393307252623	2.104660560345306e-05	0
604	3072.0863678455353	0.21046393307252623	0.0	1
605	3078.584184885025	0.2105548727101293	9.093963760306578e-05	0
606	3083.807570695877	0.2110299037492972	0.0004750310391679058	0
607	3089.1553661823273	0.21140391108156859	0.0003740073322713866	0
608	3094.4826095104218	0.21140391108156859	0.0	1
609	3099.828959465027	0.2118133865196308	0.00040947543806221787	0
610	3105.1500544548035	0.21190553404938153	9.214752975073015e-05	0
611	3110.486058473587	0.21190553404938153	0.0	1
612	3115.747073173523	0.21211678706545165	0.00021125301607011204	0
613	3121.106635570526	0.21211678706545165	0.0	1
614	3126.4593048095703	0.21211678706545165	0.0	2
615	3131.77095580101	0.21278370824353446	0.0006669211780828133	0
616	3137.091258764267	0.21278370824353446	0.0	1
617	3142.447074651718	0.21278370824353446	0.0	2
618	3147.7017016410828	0.21309018342391303	0.0003064751803785737	0
619	3153.06622505188	0.21309018342391303	0.0	1
620	3158.391253709793	0.21309018342391303	0.0	2
621	3163.790693998337	0.21320352397043665	0.00011334054652362147	0
622	3169.1503190994263	0.21320352397043665	0.0	1
623	3174.6615765094757	0.21320352397043665	0.0	2
624	3179.9813194274902	0.21320352397043665	0.0	3
625	3185.367788553238	0.21349596197994752	0.0002924380095108703	0
626	3190.7434179782867	0.21349596197994752	0.0	1
627	3196.1322700977325	0.21349596197994752	0.0	2
628	3201.5255074501038	0.2137208495361694	0.00022488755622188106	0
629	3206.907047510147	0.21375359073392988	3.274119776047746e-05	0
630	3212.3146040439606	0.21375359073392988	0.0	1
631	3217.7199091911316	0.21375359073392988	0.0	2
632	3223.092988729477	0.2137723862678036	1.8795533873711134e-05	0
633	3228.4789690971375	0.2139432664039074	0.00017088013610380703	0
634	3233.8813490867615	0.2143605199353448	0.0004172535314374004	0
635	3239.336595773697	0.2143605199353448	0.0	1
636	3244.7109203338623	0.21455429511806595	0.0001937751827211509	0
637	3250.1528837680817	0.21464726621064467	9.297109257871972e-05	0
638	3255.546362876892	0.21464726621064467	0.0	1
639	3260.9546337127686	0.21484719066248126	0.00019992445183658614	0
640	3266.2995479106903	0.21484719066248126	0.0	1
641	3271.7368671894073	0.21488124956076649	3.405889828522746e-05	0
642	3277.0935719013214	0.21492586836464578	4.4618803879292734e-05	0
643	3282.6013045310974	0.21493126727651798	5.3989118722064244e-06	0
644	3288.0554711818695	0.21516043735944526	0.00022917008292727692	0
645	3294.5687062740326	0.2152257184396083	6.528108016304324e-05	0
646	3301.067551612854	0.2155262273648332	0.0003005089252249016	0
647	3307.6028871536255	0.2155262273648332	0.0	1
648	3312.9055666923523	0.2155262273648332	0.0	2
649	3318.3522384166718	0.2155262273648332	0.0	3
650	3323.7590913772583	0.21576628677848575	0.00024005941365254357	0
651	3329.1606998443604	0.21576628677848575	0.0	1
652	3334.5434873104095	0.21613282714111692	0.0003665403626311736	0
653	3339.98047208786	0.21613282714111692	0.0	1
654	3345.33288025856	0.21618304617222636	5.0219031109438594e-05	0
655	3350.8012433052063	0.21637568666838455	0.0001926404961581918	0
656	3356.1870670318604	0.21641137439092953	3.5687722544974765e-05	0
657	3361.6131494045258	0.21641137439092953	0.0	1
658	3367.0573346614838	0.2164487275405266	3.73531495970747e-05	0
659	3372.559127807617	0.21645882991121626	1.010237068965747e-05	0
660	3377.924006462097	0.21658714099981258	0.0001283110885963168	0
661	3383.37105512619	0.21662140121345574	3.426021364316689e-05	0
662	3388.7883450984955	0.21662237118745314	9.699739974000643e-07	1
663	3394.22052526474	0.21663042380177097	8.052614317827222e-06	0
664	3399.618758201599	0.21668100886080396	5.0585059032992596e-05	0
665	3405.0727429389954	0.21682937827961019	0.00014836941880622123	0
666	3410.4611587524414	0.21687632136080395	4.6943081193767666e-05	0
667	3415.895284175873	0.2170411620361694	0.00016484067536545743	0
668	3421.30171585083	0.2170411620361694	0.0	1
669	3426.7152664661407	0.21706021378958956	1.905175342015175e-05	0
670	3432.115973711014	0.2171187599559595	5.854616636993826e-05	0
671	3437.5586373806	0.21726610449657982	0.00014734454062031999	0
672	3442.9211418628693	0.21726610449657982	0.0	1
673	3448.3607194423676	0.21747098862678035	0.0002048841302005333	0
674	3453.742563724518	0.21747098862678035	0.0	1
675	3459.190409898758	0.21761641152080208	0.00014542289402172393	0
676	3464.584430217743	0.21761641152080208	0.0	1
677	3470.077844619751	0.21769261853448274	7.620701368066252e-05	0
678	3475.4567008018494	0.21780667283545727	0.0001140543009745254	0
679	3480.946628808975	0.21781216325431033	5.4904188530602305e-06	0
680	3486.346485376358	0.21795531677520613	0.00014315352089580569	0
681	3491.766612768173	0.21795531677520613	0.0	1
682	3497.1747274398804	0.21795531677520613	0.0	2
683	3502.6537585258484	0.21795531677520613	0.0	3
684	3508.0270540714264	0.21795531677520613	0.0	4
685	3513.5009920597076	0.21808545800342016	0.0001301412282140313	0
686	3518.925225019455	0.21813207165948276	4.6613656062594044e-05	0
687	3525.477079629898	0.21813207165948276	0.0	1
688	3532.0436596870422	0.21851025171008245	0.00037818005059969684	0
689	3538.7343549728394	0.21851025171008245	0.0	1
690	3544.0894441604614	0.21881010178504495	0.0002998500749624988	0
691	3549.500322341919	0.218890280201696	8.017841665106107e-05	0
692	3554.973978996277	0.2193000850648894	0.0004098048631933915	0
693	3560.365730047226	0.2193000850648894	0.0	1
694	3565.8648552894592	0.2193000850648894	0.0	2
695	3571.2972569465637	0.2193000850648894	0.0	3
696	3576.6910388469696	0.2193000850648894	0.0	4
697	3582.1513664722443	0.2193819106071964	8.182554230698469e-05	0
698	3587.559782266617	0.2194200324154329	3.812180823650757e-05	0
699	3593.003540992737	0.21954083993159668	0.00012080751616377894	0
700	3598.4468054771423	0.21960557196987443	6.473203827775387e-05	0
701	3603.9083108901978	0.21971422735897675	0.00010865538910231898	0
