1	96.47190523147583	0.032618491100680005	10000000000.032618	0
2	163.75026559829712	0.032618491100680005	0.0	1
3	235.29082465171814	0.04341789597187526	0.010799404871195253	0
4	308.7244725227356	0.045229696484146036	0.0018118005122707767	0
5	379.94671750068665	0.08582097322724482	0.04059127674309878	0
6	454.11375617980957	0.08582097322724482	0.0	1
7	528.6956515312195	0.08582097322724482	0.0	2
8	604.3231956958771	0.08582097322724482	0.0	3
9	686.7080824375153	0.10111310870860316	0.01529213548135834	0
10	775.4446744918823	0.1069813288402427	0.00586822013163954	0
11	857.4385943412781	0.1088881497805426	0.001906820940299911	0
12	940.0955066680908	0.11584445739246937	0.006956307611926768	0
13	1021.6370885372162	0.11584445739246937	0.0	1
14	1105.046241760254	0.1179582257925238	0.002113768400054422	0
15	1185.658240556717	0.11940096352785609	0.0014427377353322945	0
16	1264.9868755340576	0.13508783856274598	0.015686875034889886	0
17	1341.3509287834167	0.13515902211059397	7.118354784799164e-05	0
18	1417.95747256279	0.13604900044833507	0.0008899783377410986	0
19	1496.2147946357727	0.13604900044833507	0.0	1
20	1576.5467760562897	0.13781014929382868	0.0017611488454936097	0
21	1654.6763064861298	0.147378782717992	0.009568633424163336	0
22	1731.5511198043823	0.147378782717992	0.0	1
23	1807.571629524231	0.14737917795499902	3.952370070114952e-07	2
24	1884.0136134624481	0.14955689297701455	0.002177715022015525	0
25	1961.6593642234802	0.14955689297701455	0.0	1
26	2039.9072835445404	0.15472065084468417	0.005163757867669622	0
27	2118.773843765259	0.15472065084468417	0.0	1
28	2196.920177459717	0.15472065084468417	0.0	2
29	2275.9367389678955	0.1553614254350769	0.0006407745903927176	0
30	2353.795881509781	0.15873276984711251	0.003371344412035626	0
31	2433.549676656723	0.15873276984711251	0.0	1
32	2513.3930234909058	0.15873276984711251	0.0	2
33	2593.817067861557	0.15898512186165462	0.000252352014542101	0
34	2674.555946826935	0.15935699899866024	0.00037187713700562175	0
35	2754.7359931468964	0.1600252630043333	0.0006682640056730749	0
36	2835.424940109253	0.16225531285762135	0.0022300498532880353	0
37	2915.838536977768	0.16365041771917826	0.0013951048615569173	0
38	2995.344008207321	0.16365041771917826	0.0	1
39	3074.9346611499786	0.1649603967067435	0.0013099789875652412	0
40	3153.0955324172974	0.1649655347878346	5.138081091093927e-06	0
41	3231.2008719444275	0.16624662058730147	0.001281085799466869	0
42	3309.8020985126495	0.1668129815894786	0.0005663610021771348	0
43	3387.9360778331757	0.16770549489560946	0.0008925133061308543	0
44	3465.612640142441	0.16770549489560946	0.0	1
45	3543.4342634677887	0.16790397201743798	0.00019847712182852195	0
46	3620.1215534210205	0.16790397201743798	0.0	1
47	3696.976756811142	0.16790397201743798	0.0	2
48	3773.8972597122192	0.16796423884657521	6.026682913723436e-05	0
49	3850.6913232803345	0.16920199849275686	0.001237759646181641	0
50	3926.9604938030243	0.16920199849275686	0.0	1
51	4003.79807305336	0.16920199849275686	0.0	2
52	4081.1045739650726	0.16920199849275686	0.0	3
53	4157.822422981262	0.16931571771987608	0.00011371922711922444	0
54	4234.416793107986	0.16931571771987608	0.0	1
55	4311.494099617004	0.16935093470008653	3.521698021044517e-05	0
56	4388.403967380524	0.16978359656299719	0.00043266186291066044	0
57	4464.893761396408	0.16978359656299719	0.0	1
58	4541.284428119659	0.16978359656299719	0.0	2
59	4618.222228050232	0.16978359656299719	0.0	3
60	4694.643452167511	0.16978359656299719	0.0	4
61	4771.514214992523	0.16985080048305048	6.720392005329923e-05	0
62	4849.15056180954	0.17015584167928519	0.00030504119623470105	0
63	4926.074213266373	0.17015584167928519	0.0	1
64	5002.746846437454	0.17038364811280599	0.00022780643352079966	0
65	5079.859273672104	0.17038364811280599	0.0	1
66	5156.570819377899	0.1704451824261381	6.153431333211223e-05	0
67	5233.434113740921	0.1705755424941385	0.0001303600680004069	0
68	5310.931826591492	0.1705755424941385	0.0	1
69	5388.00350189209	0.1708450668751919	0.00026952438105340426	0
70	5466.584077358246	0.17124745903491082	0.0004023921597189062	0
71	5544.2125685215	0.17140624890969103	0.000158789874780213	0
72	5622.712114572525	0.17189654723131298	0.0004902983216219514	0
73	5701.416357755661	0.17189654723131298	0.0	1
74	5780.1884434223175	0.17189654723131298	0.0	2
75	5858.1409459114075	0.17189654723131298	0.0	3
76	5936.170616149902	0.17190803636224078	1.1489130927799796e-05	0
77	6014.379761457443	0.1722493030744969	0.00034126671225612193	0
78	6092.7107536792755	0.1722493030744969	0.0	1
79	6170.473050117493	0.17233166228943952	8.235921494262333e-05	0
80	6248.358022928238	0.17233166228943952	0.0	1
81	6326.198621511459	0.17233166228943952	0.0	2
82	6404.617860078812	0.17245689790521115	0.00012523561577162945	0
83	6482.431022644043	0.17248426466073075	2.7366755519592223e-05	0
84	6560.760947942734	0.17409736317494487	0.001613098514214123	0
85	6639.083203315735	0.17409736317494487	0.0	1
86	6717.221700429916	0.17409736317494487	0.0	2
87	6795.315482378006	0.17415329602586738	5.593285092250766e-05	0
88	6874.3382930755615	0.17415329602586738	0.0	1
89	6953.401917457581	0.17415329602586738	0.0	2
90	7031.945752382278	0.17434465888156978	0.0001913628557023983	0
91	7110.8283014297485	0.17434465888156978	0.0	1
92	7188.8645758628845	0.17449426290315265	0.000149604021582872	0
93	7267.594707250595	0.17458861551692859	9.435261377593873e-05	0
94	7345.848574876785	0.17458861551692859	0.0	1
95	7424.063560009003	0.1746253180431309	3.670252620230352e-05	0
96	7502.153569936752	0.17463310012351022	7.78208037932604e-06	0
97	7580.752439260483	0.17463310012351022	0.0	1
98	7659.570864200592	0.1748288514728766	0.00019575134936639094	0
99	7737.906361341476	0.1748288514728766	0.0	1
100	7816.40939950943	0.1748288514728766	0.0	2
101	7894.744461774826	0.1749105292447037	8.167777182710445e-05	0
102	7972.9100296497345	0.17504485531163647	0.00013432606693275506	0
103	8050.437239408493	0.17504485531163647	0.0	1
104	8128.43036532402	0.1752504603284534	0.00020560501681693433	0
105	8206.401022672653	0.1752504603284534	0.0	1
106	8285.252235889435	0.175482382678392	0.0002319223499386014	0
107	8363.468826055527	0.175482382678392	0.0	1
108	8441.26888012886	0.175482382678392	0.0	2
109	8519.614864349365	0.17556222055380719	7.983787541518406e-05	0
110	8597.39799785614	0.17556222055380719	0.0	1
111	8674.928000450134	0.176079326847594	0.0005171062937868176	0
112	8753.393934726715	0.176079326847594	0.0	1
113	8830.74956035614	0.17665871704214	0.0005793901945460034	0
114	8908.396816015244	0.17665871704214	0.0	1
115	8986.036870479584	0.17665871704214	0.0	2
116	9063.461192846298	0.17673528399060068	7.656694846067125e-05	0
117	9141.724279880524	0.17673528399060068	0.0	1
118	9218.828267812729	0.17677116878506433	3.588479446364756e-05	0
119	9296.173460483551	0.17677116878506433	0.0	1
120	9374.097016096115	0.17706976352942613	0.00029859474436180755	0
121	9451.876014232635	0.17706976352942613	0.0	1
122	9528.270527362823	0.17726749106382755	0.00019772753440142066	0
123	9605.588225603104	0.17728865668699584	2.116562316828441e-05	0
124	9683.143177747726	0.1774976689193904	0.00020901223239455646	0
125	9760.635799884796	0.17844120868601196	0.000943539766621565	0
126	9837.575198888779	0.17872331250697798	0.00028210382096602316	0
127	9914.381116628647	0.17881356283319844	9.025032622045348e-05	0
128	9990.867590904236	0.17881356283319844	0.0	1
129	10067.478737831116	0.1788561393990566	4.25765658581545e-05	0
130	10144.124788045883	0.17887344805419098	1.7308655134384843e-05	0
131	10220.630455255508	0.17887344805419098	0.0	1
132	10297.387296915054	0.17907803090633462	0.00020458285214364214	0
133	10374.306978225708	0.17915549735970776	7.746645337314284e-05	0
134	10450.40119099617	0.1793073365147096	0.00015183915500183165	0
135	10526.532723903656	0.17932403187104	1.669535633042063e-05	0
136	10603.267502784729	0.17936374637581293	3.971450477291416e-05	0
137	10678.976873397827	0.17949061745506184	0.0001268710792489136	0
138	10754.964831352234	0.17949061745506184	0.0	1
139	10831.096220970154	0.17982144445878806	0.00033082700372621954	0
140	10907.179343700409	0.17982144445878806	0.0	1
141	10984.10317826271	0.18000321259542384	0.00018176813663578484	0
142	11060.574392080307	0.18000321259542384	0.0	1
143	11136.11051440239	0.18005170408752477	4.849149210092718e-05	0
144	11212.59023141861	0.18005170408752477	0.0	1
145	11289.175885438919	0.18033300380561448	0.00028129971808971144	0
146	11365.764126777649	0.18033300380561448	0.0	1
147	11442.220583438873	0.18033300380561448	0.0	2
148	11519.06151008606	0.1803430891637243	1.0085358109812592e-05	0
149	11594.12859416008	0.1803967187369163	5.362957319199335e-05	0
150	11670.487446546555	0.18061563915221063	0.00021892041529433803	0
151	11746.907170534134	0.18068789938018115	7.2260227970522e-05	0
152	11823.596694946289	0.18100895448963072	0.00032105510944957505	0
153	11900.321624040604	0.18100895448963072	0.0	1
154	11977.540407180786	0.18192092981114105	0.0009119753215103277	0
155	12054.869360923767	0.18192092981114105	0.0	1
156	12131.35343670845	0.18192092981114105	0.0	2
157	12208.146011829376	0.1822270749452229	0.00030614513408183663	0
158	12284.403654575348	0.1822270749452229	0.0	1
159	12361.527432918549	0.1824645714998465	0.00023749655462360075	0
160	12438.330077409744	0.1824645714998465	0.0	1
161	12515.118283748627	0.18274285923936556	0.00027828773951907304	0
162	12591.775936841965	0.18274285923936556	0.0	1
163	12668.007725477219	0.18297524497062273	0.00023238573125716755	0
164	12744.245093107224	0.18297524497062273	0.0	1
165	12819.880478858948	0.18297524497062273	0.0	2
166	12896.302218198776	0.18297524497062273	0.0	3
167	12972.828899621964	0.18297524497062273	0.0	4
168	13049.477948665619	0.18297524497062273	0.0	5
169	13125.669222354889	0.18305228892926426	7.704395864152613e-05	0
170	13202.715734481812	0.18310811274928826	5.5823820024003545e-05	0
171	13279.096732616425	0.1831135915519371	5.478802648839487e-06	0
172	13355.241813659668	0.18325072516450583	0.00013713361256872947	0
173	13431.703655004501	0.18325112040151284	3.952370070114952e-07	1
174	13507.818220853806	0.18368708044910265	0.0004359600475898062	0
175	13584.320535421371	0.18368708044910265	0.0	1
176	13660.947515964508	0.18368708044910265	0.0	2
177	13737.92052769661	0.18368708044910265	0.0	3
178	13814.705661296844	0.18384471187058643	0.00015763142148378373	0
179	13891.837457895279	0.18395635951063444	0.00011164764004800709	0
180	13968.360152721405	0.18408477065132442	0.00012841114068998238	0
181	14044.967892169952	0.18411268256133642	2.7911910012001773e-05	0
182	14121.530335903168	0.18411268256133642	0.0	1
183	14198.08272409439	0.18411268256133642	0.0	2
184	14274.415709495544	0.18418839089147152	7.57083301350936e-05	0
185	14349.702194213867	0.18419959381629078	1.1202924819264659e-05	0
186	14425.765449762344	0.18419959381629078	0.0	1
187	14501.602453708649	0.18419959381629078	0.0	2
188	14578.227807044983	0.18419959381629078	0.0	3
189	14653.479296445847	0.1842674655505973	6.787173430652937e-05	0
190	14729.34645485878	0.18437004999720882	0.00010258444661151445	0
191	14805.669035673141	0.18437004999720882	0.0	1
192	14881.711812019348	0.18437004999720882	0.0	2
193	14958.412241697311	0.18437705523243644	7.005235227619533e-06	0
194	15034.877466201782	0.18437705523243644	0.0	1
195	15111.533088684082	0.18437705523243644	0.0	2
196	15188.455233335495	0.18442587381723283	4.881858479638401e-05	0
197	15265.680925607681	0.18453344642744998	0.00010757261021715481	0
198	15342.124626398087	0.1848844305185335	0.00035098409108352824	0
199	15418.159353494644	0.1848844305185335	0.0	1
200	15494.282066822052	0.1848844305185335	0.0	2
201	15571.266304016113	0.18507876446621963	0.000194333947686115	0
202	15648.07309293747	0.18516830609159993	8.954162538030164e-05	0
203	15724.388432264328	0.18516830609159993	0.0	1
204	15801.314194917679	0.18558335946440535	0.000415053372805424	0
205	15877.634152889252	0.18558335946440535	0.0	1
206	15953.773702144623	0.18558335946440535	0.0	2
207	16029.82757115364	0.18575098084196276	0.0001676213775574087	0
208	16106.147289276123	0.18575098084196276	0.0	1
209	16182.444728374481	0.18590701768655624	0.00015603684459347678	0
210	16258.881348848343	0.18590701768655624	0.0	1
211	16335.695373296738	0.1860820531652106	0.0001750354786543562	0
212	16412.092119932175	0.1863415058170165	0.00025945265180590815	0
213	16488.276732206345	0.1863415058170165	0.0	1
214	16564.517178297043	0.1864029038417255	6.139802470900291e-05	0
215	16640.757543325424	0.1864029038417255	0.0	1
216	16716.91916036606	0.1864029038417255	0.0	2
217	16793.35380601883	0.1866458928278603	0.00024298898613478448	0
218	16870.20018196106	0.1866477463531345	1.8535252742091224e-06	0
219	16946.476097106934	0.18703364758945767	0.0003859012363231773	0
220	17022.024737358093	0.18723392372111117	0.0002002761316534929	0
221	17098.22543668747	0.18723392372111117	0.0	1
222	17174.656193971634	0.18734471274283362	0.00011078902172245719	0
223	17250.32520198822	0.18734471274283362	0.0	1
224	17326.45227241516	0.18734471274283362	0.0	2
225	17402.56053829193	0.18734471274283362	0.0	3
226	17478.796538352966	0.18754062763854776	0.00019591489571413323	0
227	17555.39506793022	0.1875503995328244	9.771894276644488e-06	0
228	17632.250042676926	0.1875503995328244	0.0	1
229	17708.87596487999	0.1875587812831454	8.381750321001524e-06	0
230	17785.720497131348	0.1875587812831454	0.0	1
231	17861.83908390999	0.1877400724096003	0.0001812911264549022	0
232	17937.494627714157	0.1877400724096003	0.0	1
233	18014.269248247147	0.1877400724096003	0.0	2
