1	1.3379054069519043	0.05528477763468894	10000000000.055285	0
2	2.337360382080078	0.07137591513970708	0.016091137505018137	0
3	3.340456247329712	0.08029202996445584	0.008916114824748758	0
4	4.429816007614136	0.11447192890264145	0.03417989893818561	0
5	5.510493040084839	0.11447192890264145	0.0	1
6	6.658649206161499	0.11956092006339762	0.005088991160756173	0
7	7.846185684204102	0.12834584189892917	0.008784921835531548	0
8	9.073794841766357	0.14197997518279537	0.013634133283866201	0
9	10.331664800643921	0.14197997518279537	0.0	1
10	11.569370031356812	0.15099130326550772	0.00901132808271235	0
11	12.84981393814087	0.15386097756048822	0.002869674294980501	0
12	14.118732452392578	0.15386097756048822	0.0	1
13	15.412952423095703	0.15386097756048822	0.0	2
14	16.672795057296753	0.15400533698172272	0.0001443594212345023	0
15	18.864248752593994	0.15608733355586027	0.0020819965741375457	0
16	21.039813995361328	0.16261677378595013	0.006529440230089861	0
17	22.64648699760437	0.16261677378595013	0.0	1
18	23.93378758430481	0.1641925697238561	0.001575795937905966	0
19	25.243853092193604	0.1652589053535021	0.0010663356296460036	0
20	26.48698377609253	0.1652589053535021	0.0	1
21	27.76547408103943	0.1652589053535021	0.0	2
22	28.981645822525024	0.1661305592737352	0.0008716539202331119	0
23	30.24614667892456	0.17038915339022806	0.004258594116492848	0
24	31.478703260421753	0.1726208658196359	0.0022317124294078394	0
25	32.73656225204468	0.1726208658196359	0.0	1
26	33.9911892414093	0.17837008152492603	0.005749215705290134	0
27	35.2596697807312	0.17837008152492603	0.0	1
28	36.50375819206238	0.18237442122320655	0.004004339698280512	0
29	37.75199556350708	0.18237442122320655	0.0	1
30	38.9945924282074	0.1873994963824336	0.005025075159227066	0
31	40.23033332824707	0.1873994963824336	0.0	1
32	41.47540736198425	0.1873994963824336	0.0	2
33	42.72173261642456	0.19020461155140372	0.0028051151689701126	0
34	43.93785285949707	0.19020461155140372	0.0	1
35	45.182353019714355	0.19020461155140372	0.0	2
36	46.393900632858276	0.19100435886867603	0.0007997473172723091	0
37	47.63242244720459	0.19218284483594653	0.0011784859672704928	0
38	48.88290524482727	0.19218284483594653	0.0	1
39	50.675846576690674	0.19425312421063076	0.0020702793746842363	0
40	52.86684536933899	0.19425312421063076	0.0	1
41	55.001975297927856	0.19425312421063076	0.0	2
42	57.15974521636963	0.19425312421063076	0.0	3
43	59.36604833602905	0.1994890913401685	0.00523596712953775	0
44	60.56920528411865	0.1994890913401685	0.0	1
45	61.81505632400513	0.1994890913401685	0.0	2
46	63.0324501991272	0.20034407688343497	0.0008549855432664621	0
47	64.2868058681488	0.2010868592295305	0.0007427823460955385	0
48	65.48671054840088	0.20293992110818418	0.0018530618786536668	0
49	66.74553942680359	0.20450540943454099	0.0015654883263568065	0
50	67.97939920425415	0.20450540943454099	0.0	1
51	69.21457099914551	0.20450540943454099	0.0	2
52	70.43568348884583	0.20584798905370416	0.0013425796191631756	0
53	71.67769575119019	0.20584798905370416	0.0	1
54	72.91115617752075	0.20584798905370416	0.0	2
55	74.13828921318054	0.20644294086835124	0.0005949518146470822	0
56	75.36377477645874	0.21012300486928046	0.003680064000929212	0
57	76.62255144119263	0.2122515178442552	0.002128512974974739	0
58	77.84798336029053	0.2122515178442552	0.0	1
59	79.09870195388794	0.2122515178442552	0.0	2
60	80.31266117095947	0.2152844576582347	0.003032939813979507	0
61	81.56182432174683	0.2152844576582347	0.0	1
62	82.7905945777893	0.2152844576582347	0.0	2
63	84.03889036178589	0.2152844576582347	0.0	3
64	85.2511682510376	0.21566804176665344	0.0003835841084187386	0
65	86.49376821517944	0.21721728459241482	0.0015492428257613822	0
66	88.63662552833557	0.21793300285075057	0.0007157182583357458	0
67	90.82251906394958	0.218577748358112	0.0006447455073614328	0
68	92.96647143363953	0.218577748358112	0.0	1
69	95.105623960495	0.21953325513879365	0.0009555067806816531	0
70	96.61022067070007	0.21967222288629473	0.00013896774750107865	0
71	97.84510707855225	0.2204033056527858	0.0007310827664910591	0
72	99.03262901306152	0.22081631490870382	0.00041300925591802873	0
73	100.25316262245178	0.22081631490870382	0.0	1
74	101.48148083686829	0.22178738001587758	0.000971065107173763	0
75	102.68359136581421	0.22365004471212832	0.0018626646962507376	0
76	103.9023642539978	0.22403532032603204	0.0003852756139037239	0
77	105.09604620933533	0.22403532032603204	0.0	1
78	106.29389715194702	0.22517190629285147	0.0011365859668194256	0
79	107.49416184425354	0.22517190629285147	0.0	1
80	108.71151900291443	0.22585967947098728	0.0006877731781358143	0
81	109.93256568908691	0.2279609169200166	0.0021012374490293195	0
82	111.1451244354248	0.2279609169200166	0.0	1
83	112.37091875076294	0.2279609169200166	0.0	2
84	113.59121656417847	0.2279609169200166	0.0	3
85	114.81829619407654	0.22981346782305498	0.0018525509030383747	0
86	116.04280710220337	0.22981346782305498	0.0	1
87	117.21618604660034	0.23218432419845192	0.0023708563753969403	0
88	118.43387246131897	0.23324991979444826	0.0010655955959963381	0
89	119.64813375473022	0.23324991979444826	0.0	1
90	120.87409806251526	0.23324991979444826	0.0	2
91	122.09804177284241	0.23476649542053082	0.001516575626082567	0
92	123.86350965499878	0.23479227325932808	2.577783879725848e-05	0
93	126.02080488204956	0.23604083336528398	0.0012485601059558926	0
94	128.13402128219604	0.23604083336528398	0.0	1
95	130.26320958137512	0.23604083336528398	0.0	2
96	132.4255223274231	0.2362088033839131	0.00016797001862911554	0
97	133.64330220222473	0.23841220071629618	0.002203397332383089	0
98	134.84257078170776	0.23841220071629618	0.0	1
99	136.02864336967468	0.23935641317389578	0.0009442124575995969	0
100	137.23200011253357	0.23935641317389578	0.0	1
101	138.45394468307495	0.2405610646166372	0.0012046514427414279	0
102	139.65126252174377	0.24095678880088048	0.0003957241842432735	0
103	140.87633848190308	0.24379753130412818	0.0028407425032477007	0
104	142.0493335723877	0.24379753130412818	0.0	1
105	143.2766170501709	0.24379753130412818	0.0	2
106	144.45970845222473	0.24379753130412818	0.0	3
107	145.6779282093048	0.24379753130412818	0.0	4
108	146.8537585735321	0.24415468563934395	0.0003571543352157702	0
109	148.07439947128296	0.24415468563934395	0.0	1
110	149.27004671096802	0.24419577512675014	4.108948740619289e-05	0
111	150.46380281448364	0.24419577512675014	0.0	1
112	151.66285681724548	0.24419577512675014	0.0	2
113	152.88438892364502	0.2445553786209494	0.00035960349419925097	0
114	154.07770776748657	0.2452239990234375	0.0006686204024881071	0
115	155.29633951187134	0.2452239990234375	0.0	1
116	156.49523973464966	0.24585637539693994	0.0006323763735024412	0
117	157.71515083312988	0.24622258633443994	0.0003662109375	0
118	158.9253168106079	0.24706204879091187	0.0008394624564719289	0
119	161.06475067138672	0.24783471440057556	0.0007726656096636864	0
120	163.20348119735718	0.24783471440057556	0.0	1
121	165.3229901790619	0.2485435080583321	0.0007087936577565568	0
122	167.47686886787415	0.2485435080583321	0.0	1
123	168.99742984771729	0.2506461903349632	0.0021026822766311015	0
124	170.19981908798218	0.2506461903349632	0.0	1
125	171.41086339950562	0.2506461903349632	0.0	2
126	172.61288619041443	0.25136916797100534	0.0007229776360421214	0
127	173.83122539520264	0.2524191347611143	0.0010499667901089915	0
128	175.0064628124237	0.2524620567127959	4.292195168159596e-05	0
129	176.23145174980164	0.2524620567127959	0.0	1
130	177.43778133392334	0.2528120397695493	0.00034998305675337793	0
131	178.6498086452484	0.2528120397695493	0.0	1
132	179.87990593910217	0.2532835997830362	0.0004715600134869158	0
133	181.08758735656738	0.2540201623225047	0.0007365625394684661	0
134	182.31304502487183	0.2540201623225047	0.0	1
135	183.51444053649902	0.2561225274418573	0.002102365119352634	0
136	184.72693467140198	0.2561225274418573	0.0	1
137	185.95301985740662	0.2561225274418573	0.0	2
138	187.143217086792	0.2562429943481163	0.00012046690625899803	0
139	188.37846636772156	0.2562429943481163	0.0	1
140	189.57747864723206	0.2580399370083357	0.0017969426602194027	0
141	190.8246808052063	0.2580399370083357	0.0	1
142	192.02841687202454	0.2580399370083357	0.0	2
143	193.23835134506226	0.2580399370083357	0.0	3
144	194.46577286720276	0.25934084568508226	0.0013009086767465372	0
145	196.24832797050476	0.26014404649271977	0.0008032008076375163	0
146	198.40677499771118	0.26014404649271977	0.0	1
147	200.5081024169922	0.26014404649271977	0.0	2
148	202.64613389968872	0.2606875307290163	0.0005434842362965209	0
149	204.7960171699524	0.2606875307290163	0.0	1
150	205.9935450553894	0.2616410464667833	0.00095351573776703	0
151	207.20002341270447	0.26236548655027603	0.0007244400834927056	0
152	208.39431858062744	0.2630912128827313	0.0007257263324552676	0
153	209.57530641555786	0.2630912128827313	0.0	1
154	210.78267621994019	0.2630912128827313	0.0	2
155	211.98258185386658	0.26473600814854575	0.0016447952658144582	0
156	213.18573117256165	0.26473600814854575	0.0	1
157	214.37691569328308	0.2652194439401252	0.00048343579157944516	0
158	215.5796778202057	0.2652194439401252	0.0	1
159	216.74219751358032	0.2659761459667743	0.0007567020266491253	0
160	217.94607734680176	0.2673048587649304	0.001328712798156051	0
161	219.1411316394806	0.26785398135284355	0.0005491225879131756	0
162	220.33764958381653	0.26785398135284355	0.0	1
163	221.52773308753967	0.26850410091408955	0.0006501195612459987	0
164	222.69624781608582	0.26850410091408955	0.0	1
165	223.90368366241455	0.2692457732097106	0.0007416722956210542	0
166	225.10037302970886	0.2706110824338283	0.0013653092241177056	0
167	226.297465801239	0.2711850137688546	0.000573931335026312	0
168	227.49573922157288	0.27237909330231486	0.001194079533460235	0
169	228.6954574584961	0.27365951009490475	0.001280416792589889	0
170	229.8882873058319	0.2740798139682268	0.00042030387332203656	0
171	231.06627011299133	0.27517805914405313	0.0010982451758263512	0
172	233.19103026390076	0.27517805914405313	0.0	1
173	235.32664561271667	0.2768975273290903	0.001719468185037154	0
174	237.4355754852295	0.2768975273290903	0.0	1
175	239.51872277259827	0.27777878406692047	0.0008812567378301828	0
176	241.00530910491943	0.2792910956895929	0.0015123116226724576	0
177	242.2003674507141	0.2792910956895929	0.0	1
178	243.39979672431946	0.2792910956895929	0.0	2
179	244.5984137058258	0.2799305200026162	0.0006394243130232735	0
180	245.79140400886536	0.28061018805030313	0.0006796680476869321	0
181	246.96726655960083	0.28200233230414623	0.0013921442538430973	0
182	248.1732656955719	0.28200233230414623	0.0	1
183	249.36887335777283	0.28200233230414623	0.0	2
184	250.56485223770142	0.2830902874882722	0.001087955184125966	0
185	251.76753497123718	0.2831252805079929	3.499301972070823e-05	0
186	252.95412063598633	0.28347172197513715	0.00034644146714424284	0
187	254.14784860610962	0.2847443155548589	0.0012725935797217591	0
188	255.31893944740295	0.28608811094358944	0.0013437953887305287	0
189	256.51116728782654	0.28608811094358944	0.0	1
190	257.70758628845215	0.28608811094358944	0.0	2
191	258.8906273841858	0.28715490468930427	0.0010667937457148335	0
192	260.0930640697479	0.28715490468930427	0.0	1
193	261.27779483795166	0.28715490468930427	0.0	2
194	262.4747908115387	0.28746510212746285	0.00031019743815857703	0
195	263.6415786743164	0.2877677406504853	0.0003026385230224804	0
196	264.8421256542206	0.2885500795571413	0.0007823389066559661	0
197	266.0193853378296	0.2897949923543952	0.0012449127972539165	0
198	267.75152254104614	0.29040844501028434	0.0006134526558891351	0
199	269.8554518222809	0.29040844501028434	0.0	1
200	271.93722438812256	0.2906813940880756	0.0002729490777912402	0
201	274.0542485713959	0.2909923667995814	0.0003109727115058192	0
202	276.17217898368835	0.2919204923352248	0.0009281255356434204	0
203	277.34488701820374	0.2919204923352248	0.0	1
204	278.5250663757324	0.2931116469737839	0.0011911546385590666	0
205	279.68101024627686	0.2931116469737839	0.0	1
206	280.8642020225525	0.2931116469737839	0.0	2
207	282.0259323120117	0.29400018070916933	0.0008885337353854439	0
208	283.2017662525177	0.29400018070916933	0.0	1
209	284.3813135623932	0.294151817127959	0.00015163641878968015	0
210	285.54230999946594	0.29424282364702115	9.10065190621312e-05	0
211	286.73277139663696	0.29428863525390625	4.581160688510444e-05	0
212	287.8931818008423	0.29550775259251405	0.0012191173386078002	0
213	289.07565546035767	0.29550775259251405	0.0	1
214	290.2554099559784	0.29550775259251405	0.0	2
215	291.4327652454376	0.2960306216057123	0.0005228690131982572	0
216	292.59810185432434	0.29618807257460666	0.00015745096889435706	0
217	293.76662135124207	0.29618807257460666	0.0	1
218	294.9432864189148	0.29718789327502526	0.0009998207004185966	0
219	296.1088297367096	0.29797412616826646	0.000786232893241201	0
220	297.2695608139038	0.29797412616826646	0.0	1
221	298.45938515663147	0.2981618832771002	0.00018775710883373042	0
222	299.61382603645325	0.2981618832771002	0.0	1
223	300.78444743156433	0.29936986487126516	0.001207981594164964	0
224	301.9497606754303	0.29936986487126516	0.0	1
225	304.0338439941406	0.2994375250906647	6.766021939952349e-05	0
226	306.13046169281006	0.3003775087845518	0.0009399836938871475	0
227	308.1925365924835	0.3003775087845518	0.0	1
228	310.25449228286743	0.3010501288927179	0.0006726201081660999	0
229	311.7260980606079	0.30116014722863743	0.00011001833591950394	0
230	312.8947124481201	0.3018304062770641	0.000670259048426658	0
231	314.06431221961975	0.30216595867764867	0.00033555240058458224	0
232	315.2395658493042	0.30216595867764867	0.0	1
233	316.4044601917267	0.30237574059748484	0.00020978191983617167	0
234	317.554514169693	0.30237574059748484	0.0	1
235	318.73200488090515	0.30326346381982533	0.0008877232223404863	0
236	319.878125667572	0.303657196961154	0.0003937331413286782	0
237	321.05883717536926	0.30404613750360854	0.00038894054245453	0
238	322.2207930088043	0.30404613750360854	0.0	1
239	323.37315464019775	0.3044370867088265	0.00039094920521798304	0
240	324.55059027671814	0.30477045424815963	0.00033336753933310703	0
241	325.7083718776703	0.30520087191469397	0.000430417666534344	0
242	326.88700008392334	0.30568037847999063	0.00047950656529666125	0
243	328.0700042247772	0.30568037847999063	0.0	1
244	329.2526276111603	0.30568037847999063	0.0	2
245	330.4248948097229	0.3063974710865329	0.0007170926065422911	0
246	331.59459495544434	0.3063974710865329	0.0	1
247	332.7598514556885	0.3067052546054056	0.00030778351887267297	0
248	333.9111452102661	0.30750649960982607	0.00080124500442047	0
249	335.0950405597687	0.30750649960982607	0.0	1
250	336.2703094482422	0.30750649960982607	0.0	2
251	337.9908776283264	0.30766962417003463	0.0001631245602085607	0
252	340.09722805023193	0.3089256727117314	0.0012560485416967526	0
253	342.1960060596466	0.3090988053460595	0.00017313263432811032	0
254	344.3004262447357	0.3104401691956553	0.0013413638495958224	0
255	346.44616627693176	0.3104401691956553	0.0	1
256	347.60503125190735	0.3104401691956553	0.0	2
257	348.78470826148987	0.3122207253964889	0.0017805562008335607	0
258	349.9484348297119	0.3122207253964889	0.0	1
259	351.10658025741577	0.3122207253964889	0.0	2
260	352.2817225456238	0.3155023165167617	0.00328159112027282	0
261	353.4454400539398	0.3155023165167617	0.0	1
262	354.62028193473816	0.3155023165167617	0.0	2
263	355.779908657074	0.3155023165167617	0.0	3
264	356.95471477508545	0.3167409918875397	0.0012386753707779863	0
265	358.11403346061707	0.3167409918875397	0.0	1
266	359.28715896606445	0.3168363152695583	9.532338201861945e-05	0
267	360.45744132995605	0.31932758569166786	0.0024912704221095594	0
268	361.63131070137024	0.31932758569166786	0.0	1
269	362.7999322414398	0.31932758569166786	0.0	2
270	363.94932436943054	0.31932758569166786	0.0	3
271	365.13519167900085	0.3204823201027533	0.001154734411085434	0
272	366.2902796268463	0.3204823201027533	0.0	1
273	367.4511687755585	0.3204823201027533	0.0	2
274	368.61352825164795	0.3205036048801061	2.128477735280354e-05	0
275	369.76575684547424	0.3205036048801061	0.0	1
276	370.9417576789856	0.3207026739318707	0.00019906905176458878	0
277	372.09811329841614	0.3216516789883444	0.0009490050564737174	0
278	374.20741391181946	0.3216516789883444	0.0	1
279	376.3011863231659	0.32208202617548354	0.0004303471871391351	0
280	378.37810492515564	0.3229757753861143	0.0008937492106307898	0
281	380.5021538734436	0.3229757753861143	0.0	1
282	381.9619071483612	0.323863216690874	0.0008874413047596508	0
283	383.1234383583069	0.32420948195953014	0.00034626526865616514	0
284	384.2808368206024	0.3244197219954352	0.00021024003590502938	0
285	385.45763516426086	0.3244197219954352	0.0	1
286	386.6285116672516	0.32557445640652066	0.0011547344110854896	0
287	387.76990938186646	0.32557445640652066	0.0	1
288	388.93004989624023	0.32557445640652066	0.0	2
289	390.097265958786	0.3262554988024141	0.0006810423958934497	0
290	391.25704169273376	0.3262554988024141	0.0	1
291	392.419358253479	0.3279590210242855	0.0017035222218713675	0
292	393.5749351978302	0.3279590210242855	0.0	1
293	394.7470049858093	0.33005247050014436	0.0020934494758588773	0
294	395.90894174575806	0.33005247050014436	0.0	1
295	397.0726590156555	0.33005247050014436	0.0	2
296	398.2487862110138	0.33005247050014436	0.0	3
297	399.41180086135864	0.33005247050014436	0.0	4
298	400.58613896369934	0.3312072049112298	0.001154734411085434	0
299	401.72280716896057	0.3312072049112298	0.0	1
300	402.88052701950073	0.3312072049112298	0.0	2
301	404.01473093032837	0.3312072049112298	0.0	3
302	405.166574716568	0.33206955555129547	0.0008623506400656789	0
303	406.3375813961029	0.33206955555129547	0.0	1
304	408.0309317111969	0.3323940074471348	0.0003244518958393505	0
305	410.08872652053833	0.3337619772684216	0.0013679698212867852	0
306	412.14453387260437	0.3337619772684216	0.0	1
307	414.237961769104	0.33402962277172343	0.0002676455033018277	0
308	416.3411502838135	0.33402962277172343	0.0	1
309	417.4672591686249	0.33402962277172343	0.0	2
310	418.6250264644623	0.33402962277172343	0.0	3
311	419.759699344635	0.33513008804849886	0.0011004652767754308	0
312	420.89536571502686	0.33648110757523814	0.0013510195267392722	0
313	422.0441646575928	0.33648110757523814	0.0	1
314	423.1780548095703	0.33648110757523814	0.0	2
315	424.34437227249146	0.33648110757523814	0.0	3
316	425.4790213108063	0.33694687065846923	0.0004657630832310966	0
317	426.645809173584	0.33694687065846923	0.0	1
318	427.76596665382385	0.33741890640787386	0.0004720357494046312	0
319	428.91268587112427	0.33741890640787386	0.0	1
320	430.04734802246094	0.3378198284475137	0.0004009220396398172	0
321	431.208833694458	0.3378198284475137	0.0	1
322	432.37684869766235	0.3384883255110602	0.0006684970635464915	0
323	433.5082104206085	0.3384883255110602	0.0	1
324	434.6665503978729	0.3384883255110602	0.0	2
325	435.8047311306	0.3384883255110602	0.0	3
326	436.96260142326355	0.3385016461167545	1.3320605694311372e-05	0
327	438.1148977279663	0.3385016461167545	0.0	1
328	439.25363183021545	0.33894968363209077	0.0004480375153362859	0
329	440.40046858787537	0.33894968363209077	0.0	1
330	441.5314266681671	0.33894968363209077	0.0	2
331	443.6070613861084	0.339256797596709	0.00030711396461824414	0
332	445.69343161582947	0.3394114646294926	0.00015466703278360638	0
333	447.76221442222595	0.3394513559671803	3.9891337687669726e-05	0
334	449.84182929992676	0.34016830761493216	0.0007169516477518734	0
335	451.2906186580658	0.34066670265814447	0.0004983950432123074	0
336	452.4370036125183	0.3410275219219111	0.00036081926376663187	0
337	453.5982973575592	0.3410275219219111	0.0	1
338	454.7531292438507	0.3413365035905023	0.0003089816685912239	0
339	455.90968084335327	0.34367987300176817	0.0023433694112658388	0
340	457.0371000766754	0.34384053078314447	0.00016065778137630549	0
341	458.2055015563965	0.34384053078314447	0.0	1
342	459.3388509750366	0.34384053078314447	0.0	2
343	460.49193024635315	0.3439411753595013	0.00010064457635683421	0
344	461.6622350215912	0.3439411753595013	0.0	1
345	462.7973246574402	0.3444061631693851	0.00046498780988379895	0
346	463.9571330547333	0.34509590977058674	0.0006897466012016351	0
347	465.08441042900085	0.3453171445921442	0.00022123482155744778	0
348	466.24642181396484	0.3454679352581914	0.00015079066604722913	0
349	467.39644598960876	0.34662266966927685	0.001154734411085434	0
350	468.5398452281952	0.34662266966927685	0.0	1
351	469.70794105529785	0.34662266966927685	0.0	2
352	470.83552861213684	0.34679414603781755	0.0001714763685407017	0
353	471.9933512210846	0.3472928934780059	0.0004987474401883518	0
354	473.1199929714203	0.34883790754005484	0.0015450140620489328	0
355	474.25414419174194	0.3491798735656033	0.0003419660255484791	0
356	475.3917269706726	0.3491798735656033	0.0	1
357	477.06314873695374	0.3491798735656033	0.0	2
358	479.1467456817627	0.3501318739963734	0.0009520004307700947	0
359	481.2017824649811	0.3516141261569897	0.0014822521606163153	0
360	483.24855375289917	0.3516141261569897	0.0	1
361	485.3654887676239	0.3516141261569897	0.0	2
362	486.4805438518524	0.3516141261569897	0.0	3
363	487.62737560272217	0.3516141261569897	0.0	4
364	488.74604296684265	0.3516141261569897	0.0	5
365	489.8929181098938	0.3520355929403327	0.00042146678334298304	0
366	491.02370166778564	0.35208091119145135	4.5318251118642294e-05	0
367	492.17283177375793	0.35208091119145135	0.0	1
368	493.3148374557495	0.3526792107773708	0.0005982995859194484	0
369	494.4529004096985	0.3527688605680752	8.964979070441581e-05	0
370	495.59553933143616	0.3527688605680752	0.0	1
371	496.7343907356262	0.35372893088959656	0.0009600703215213446	0
372	497.862895488739	0.35372893088959656	0.0	1
373	499.0031569004059	0.35372893088959656	0.0	2
374	500.14923572540283	0.3538093478795287	8.041698993216384e-05	0
375	501.2844934463501	0.3538925840452692	8.323616574046344e-05	0
376	502.39152336120605	0.35460661079811995	0.0007140267528507604	0
377	503.52400398254395	0.35460661079811995	0.0	1
378	504.6632390022278	0.35532106042734196	0.0007144496292220137	0
379	505.78467297554016	0.35532106042734196	0.0	1
380	506.93867540359497	0.3559736643872691	0.0006526039599271116	0
381	508.06299686431885	0.3559736643872691	0.0	1
382	509.197936296463	0.3559736643872691	0.0	2
383	510.32097911834717	0.35622841216124784	0.0002547477739787696	0
384	512.3961577415466	0.3563203525322965	9.194037104864883e-05	0
385	514.4668509960175	0.3571289978732138	0.0008086453409172911	0
386	516.5167107582092	0.3571289978732138	0.0	1
387	518.5669958591461	0.357825898133029	0.0006969002598152252	0
388	520.0161943435669	0.357825898133029	0.0	1
389	521.1526591777802	0.357825898133029	0.0	2
390	522.2911756038666	0.3580263062933025	0.00020040816027350195	0
391	523.4252126216888	0.3580263062933025	0.0	1
392	524.5672283172607	0.35946891379411444	0.0014426075008119321	0
393	525.676882982254	0.359890063420179	0.0004211496260645431	0
394	526.836483001709	0.359890063420179	0.0	1
395	527.9612352848053	0.359890063420179	0.0	2
396	529.0996203422546	0.359890063420179	0.0	3
397	530.2533280849457	0.359890063420179	0.0	4
398	531.3824768066406	0.359890063420179	0.0	5
399	532.5171432495117	0.36038895181915775	0.0004988883989787696	0
400	533.6452150344849	0.36062368344489754	0.00023473162573978135	0
401	534.7918496131897	0.36062368344489754	0.0	1
402	535.914840221405	0.36105519354205756	0.0004315100971600261	0
403	537.070478439331	0.3619065141567732	0.000851320614715656	0
404	538.2174997329712	0.3619065141567732	0.0	1
405	539.3348410129547	0.3619065141567732	0.0	2
406	540.4889521598816	0.3623010225714492	0.00039450841467597586	0
407	541.6308600902557	0.3631569948262485	0.0008559722547993309	0
408	542.7651364803314	0.3631569948262485	0.0	1
409	543.9134919643402	0.3644873286504944	0.0013303338242458551	0
410	545.5838356018066	0.3644873286504944	0.0	1
411	547.65500831604	0.3644873286504944	0.0	2
412	549.7005679607391	0.3644873286504944	0.0	3
413	551.7657232284546	0.3644873286504944	0.0	4
414	553.866879940033	0.36542875717198325	0.000941428521488874	0
415	554.980438709259	0.36542875717198325	0.0	1
416	556.1003310680389	0.36542875717198325	0.0	2
417	557.2171914577484	0.36655195205371316	0.0011231948817299053	0
418	558.3421046733856	0.36655195205371316	0.0	1
419	559.4568767547607	0.3675727756139037	0.0010208235601905646	0
420	560.5667312145233	0.3675727756139037	0.0	1
421	561.7100241184235	0.3676047380196305	3.1962405726781995e-05	0
422	562.8243019580841	0.3676047380196305	0.0	1
423	563.9827790260315	0.3676047380196305	0.0	2
424	565.1038434505463	0.3676047380196305	0.0	3
425	566.2539193630219	0.3689116022052721	0.0013068641856415764	0
426	567.3929364681244	0.3689116022052721	0.0	1
427	568.5074083805084	0.3689116022052721	0.0	2
428	569.639753818512	0.3689116022052721	0.0	3
429	570.7308514118195	0.3689116022052721	0.0	4
430	571.8758225440979	0.3698074657977591	0.0008958635924870006	0
431	572.9980347156525	0.3700663366163575	0.0002588708185984334	0
432	574.1232435703278	0.3700663366163575	0.0	1
433	575.2569055557251	0.37103162241312426	0.0009652857967667461	0
434	576.3709845542908	0.37103162241312426	0.0	1
435	577.5216825008392	0.37103162241312426	0.0	2
436	578.662032365799	0.37103162241312426	0.0	3
437	580.7253952026367	0.37103162241312426	0.0	4
438	582.7729914188385	0.3718588038349812	0.0008271814218569484	0
439	584.8417103290558	0.3718588038349812	0.0	1
440	586.8789403438568	0.37240205901324336	0.0005432551782621475	0
441	588.2724332809448	0.37240205901324336	0.0	1
442	589.4038372039795	0.37240205901324336	0.0	2
443	590.542013168335	0.37240205901324336	0.0	3
444	591.6740238666534	0.37296723328341513	0.0005651742701717755	0
445	592.7976675033569	0.37296723328341513	0.0	1
446	593.9044215679169	0.3738585157152136	0.0008912824317984791	0
447	595.0411469936371	0.37398960739030024	0.00013109167508662534	0
448	596.1359739303589	0.3746985948663936	0.0007089874760933812	0
449	597.2721211910248	0.3746985948663936	0.0	1
450	598.3996109962463	0.3749229307813402	0.0002243359149465829	0
451	599.5125572681427	0.3750078936922633	8.496291092308095e-05	0
452	600.6675293445587	0.3750078936922633	0.0	1
453	601.7727630138397	0.3754694280117819	0.00046153431951861945	0
454	602.9052956104279	0.3775545609190062	0.0020851329072242852	0
455	604.0112535953522	0.3775545609190062	0.0	1
456	605.1470251083374	0.3775545609190062	0.0	2
457	606.2842876911163	0.3775545609190062	0.0	3
458	607.3624453544617	0.3775545609190062	0.0	4
459	608.4945833683014	0.3775545609190062	0.0	5
460	609.6242141723633	0.3775545609190062	0.0	6
461	610.7578775882721	0.3775545609190062	0.0	7
462	611.8871333599091	0.3775545609190062	0.0	8
463	613.5859324932098	0.37758701668049943	3.245576149324414e-05	0
464	615.6549029350281	0.377795071855153	0.00020805517465355416	0
465	617.6857752799988	0.3785763711907296	0.0007812993355766351	0
466	619.7460658550262	0.3785763711907296	0.0	1
467	621.8547968864441	0.37948273621310263	0.0009063650223730124	0
468	622.9651305675507	0.37948273621310263	0.0	1
469	624.0860345363617	0.3796880779310407	0.00020534171793806788	0
470	625.1808891296387	0.3798055670828522	0.00011748915181147845	0
471	626.316752910614	0.3798055670828522	0.0	1
472	627.4151935577393	0.37988256582211677	7.699873926458878e-05	0
473	628.5455844402313	0.37988256582211677	0.0	1
474	629.6685883998871	0.37988256582211677	0.0	2
475	630.7891631126404	0.3802163209981235	0.00033375517600675586	0
476	631.921728849411	0.38209065003428117	0.0018743290361576403	0
477	633.0147461891174	0.38209065003428117	0.0	1
478	634.1389517784119	0.3831043199358581	0.001013669901576919	0
479	635.270735502243	0.3831043199358581	0.0	1
480	636.3809635639191	0.3833467690553731	0.00024244911951504244	0
481	637.5119013786316	0.3833467690553731	0.0	1
482	638.6263680458069	0.3833467690553731	0.0	2
483	639.7664513587952	0.3843070508150801	0.0009602817597069713	0
484	640.8771708011627	0.3843070508150801	0.0	1
485	642.0197269916534	0.385749482117404	0.00144243130232391	0
486	643.1581292152405	0.385749482117404	0.0	1
487	644.2650032043457	0.385749482117404	0.0	2
488	645.3809702396393	0.385749482117404	0.0	3
489	646.4763870239258	0.385749482117404	0.0	4
490	648.5333285331726	0.38596550146371605	0.00021601934631204633	0
491	650.5788865089417	0.38596550146371605	0.0	1
492	652.648265838623	0.3865205619406755	0.000555060476959468	0
493	654.699948310852	0.3870797807019522	0.0005592187612766808	0
494	656.1211142539978	0.3870797807019522	0.0	1
495	657.2416136264801	0.38709891585775114	1.9135155798932768e-05	0
496	658.3708989620209	0.38715931669944426	6.04008416931201e-05	0
497	659.475594997406	0.38866429846501516	0.0015049817655709008	0
498	660.5887584686279	0.38866429846501516	0.0	1
499	661.6802217960358	0.38866429846501516	0.0	2
500	662.7790083885193	0.3891439812287998	0.00047968276378462793	0
501	663.8833529949188	0.3891439812287998	0.0	1
502	665.0121295452118	0.3891439812287998	0.0	2
503	666.1203427314758	0.3891439812287998	0.0	3
504	667.2347903251648	0.39022411320005773	0.0010801319712579471	0
505	668.3509268760681	0.39022411320005773	0.0	1
506	669.4530825614929	0.39022411320005773	0.0	2
507	670.5672450065613	0.3902645331332094	4.04199331516808e-05	0
508	671.6908273696899	0.3902645331332094	0.0	1
509	672.7835085391998	0.3902645331332094	0.0	2
510	673.9075932502747	0.3902645331332094	0.0	3
511	674.9998953342438	0.3902645331332094	0.0	4
512	676.1131918430328	0.39034713498439305	8.260185118363905e-05	0
513	677.2125430107117	0.3914192675442949	0.0010721325599018505	0
514	678.3153686523438	0.3914192675442949	0.0	1
515	679.4290595054626	0.3914192675442949	0.0	2
516	681.0948629379272	0.3914192675442949	0.0	3
517	683.128399848938	0.39257400195538034	0.001154734411085434	0
518	685.1387100219727	0.39257400195538034	0.0	1
519	687.1757254600525	0.39257400195538034	0.0	2
520	689.2328534126282	0.39257400195538034	0.0	3
521	690.3439257144928	0.39257400195538034	0.0	4
522	691.4396314620972	0.39257400195538034	0.0	5
523	692.5367903709412	0.39257400195538034	0.0	6
524	693.6331715583801	0.39257400195538034	0.0	7
525	694.7308194637299	0.3926566038065639	8.260185118358354e-05	0
526	695.829847574234	0.3926566038065639	0.0	1
527	696.9465274810791	0.3926566038065639	0.0	2
528	698.0250537395477	0.3926566038065639	0.0	3
529	699.1228184700012	0.3938113382176494	0.0011547344110854896	0
530	700.2236769199371	0.3938113382176494	0.0	1
531	701.3217885494232	0.3938113382176494	0.0	2
532	702.439929485321	0.3938113382176494	0.0	3
533	703.5483877658844	0.3938113382176494	0.0	4
534	704.6677796840668	0.3938113382176494	0.0	5
535	705.7539486885071	0.3938113382176494	0.0	6
536	706.8706367015839	0.3938113382176494	0.0	7
537	707.970276594162	0.3938113382176494	0.0	8
538	709.0769565105438	0.3938113382176494	0.0	9
539	710.1936798095703	0.394091634772391	0.0002802965547415992	0
540	711.2955815792084	0.394091634772391	0.0	1
541	712.4227209091187	0.3949540558918519	0.0008624211194608877	0
542	713.5058009624481	0.3949540558918519	0.0	1
543	715.534750699997	0.3949540558918519	0.0	2
544	717.5792546272278	0.3949540558918519	0.0	3
545	719.5906238555908	0.39524636918347644	0.00029231329162454633	0
546	721.6032738685608	0.39524636918347644	0.0	1
547	723.0073218345642	0.3956148002219255	0.00036843103844907965	0
548	724.1022517681122	0.3956148002219255	0.0	1
549	725.2179346084595	0.3956334067822604	1.8606560334866185e-05	0
550	726.3156185150146	0.3956334067822604	0.0	1
551	727.4428513050079	0.3956334067822604	0.0	2
552	728.5236375331879	0.39640110359456193	0.0007676968123015437	0
553	729.646416425705	0.39640110359456193	0.0	1
554	730.7449350357056	0.39640110359456193	0.0	2
555	731.8680503368378	0.39640110359456193	0.0	3
556	732.9589092731476	0.39648744085369153	8.633725912959855e-05	0
557	734.0765588283539	0.3974921598720771	0.001004719018385558	0
558	735.1680157184601	0.3974921598720771	0.0	1
559	736.2667458057404	0.3974921598720771	0.0	2
560	737.375693321228	0.39764214002507936	0.00014998015300227152	0
561	738.480060338974	0.39764214002507936	0.0	1
562	739.593841791153	0.39840211934360564	0.0007599793185262826	0
563	740.695963382721	0.3984526178302721	5.04984866664393e-05	0
564	741.7677683830261	0.3984526178302721	0.0	1
565	742.8618404865265	0.3984526178302721	0.0	2
566	743.9435324668884	0.39886633188014214	0.000413714049870062	0
567	745.0548751354218	0.39886633188014214	0.0	1
568	746.1597831249237	0.39886633188014214	0.0	2
569	747.8289501667023	0.39886633188014214	0.0	3
570	749.8528769016266	0.39886633188014214	0.0	4
571	751.8816137313843	0.39886633188014214	0.0	5
572	753.880380153656	0.39886633188014214	0.0	6
573	755.9452757835388	0.39886633188014214	0.0	7
574	757.0264668464661	0.3990506354986107	0.00018430361846855092	0
575	758.1350197792053	0.3990506354986107	0.0	1
576	759.2262070178986	0.3996455873132578	0.0005949518146470822	0
577	760.3245024681091	0.40020536990969613	0.0005597825964383518	0
578	761.4201381206512	0.40020536990969613	0.0	1
579	762.5204954147339	0.40020536990969613	0.0	2
580	763.6382224559784	0.4008003217243432	0.0005949518146470822	0
581	764.7195687294006	0.4009335277812861	0.00013320605694289167	0
582	765.8348181247711	0.4009335277812861	0.0	1
583	766.9299809932709	0.4009335277812861	0.0	2
584	768.052811384201	0.40106969397282766	0.00013616619154155352	0
585	769.1596593856812	0.4011309053275657	6.12113547380222e-05	0
586	770.2563498020172	0.40167771971528576	0.0005468143877200848	0
587	771.3585586547852	0.40167771971528576	0.0	1
588	772.4440376758575	0.40167771971528576	0.0	2
589	773.5246613025665	0.40167771971528576	0.0	3
590	774.621924161911	0.40167771971528576	0.0	4
591	775.7096292972565	0.40167771971528576	0.0	5
592	776.8226113319397	0.4019203097935912	0.0002425900783054602	0
593	777.9072744846344	0.4020136949922416	9.338519865037531e-05	0
594	779.0114345550537	0.402123008534209	0.00010931354196741516	0
595	780.098158121109	0.402123008534209	0.0	1
596	782.1128175258636	0.402123008534209	0.0	2
597	784.1459128856659	0.4022856397386511	0.00016263120444209855	0
598	786.1580877304077	0.4022856397386511	0.0	1
599	788.2047548294067	0.402723034865311	0.00043739512665991187	0
600	789.6028921604156	0.40275735833077725	3.432346546622389e-05	0
601	790.7093079090118	0.40327774294529445	0.0005203846145171998	0
602	791.807694196701	0.40327774294529445	0.0	1
603	792.8993089199066	0.40327774294529445	0.0	2
604	794.002584695816	0.40327774294529445	0.0	3
605	795.098798751831	0.4033015649808747	2.382203558026763e-05	0
606	796.187399148941	0.40391209274186274	0.0006105277609880222	0
607	797.2935719490051	0.40391209274186274	0.0	1
608	798.3853743076324	0.40391209274186274	0.0	2
609	799.5003409385681	0.40417346557899103	0.00026137283712829307	0
610	800.5832576751709	0.40417346557899103	0.0	1
611	801.692396402359	0.40448251772697746	0.00030905214798643277	0
612	802.7888216972351	0.40448251772697746	0.0	1
613	803.8925828933716	0.40448251772697746	0.0	2
614	804.9965798854828	0.40459457996535797	0.00011206223838050589	0
615	806.0866103172302	0.40459457996535797	0.0	1
616	807.1947717666626	0.4046137856005521	1.9205635194141646e-05	0
617	808.2855534553528	0.4046137856005521	0.0	1
618	809.3830513954163	0.4048696610448542	0.0002558754443021116	0
619	810.4730484485626	0.4048696610448542	0.0	1
620	811.594155550003	0.4048696610448542	0.0	2
621	812.6806993484497	0.4053281999900765	0.00045853894522229766	0
622	814.3742170333862	0.4053281999900765	0.0	1
623	816.4217007160187	0.4057493143764434	0.00042111438636688314	0
624	818.4412264823914	0.4057493143764434	0.0	1
625	820.4525134563446	0.4057493143764434	0.0	2
626	822.5230650901794	0.4057493143764434	0.0	3
627	823.6030580997467	0.4057493143764434	0.0	4
628	824.7007360458374	0.4057493143764434	0.0	5
629	825.7860534191132	0.40592854347845697	0.00017922910201356723	0
630	826.881986618042	0.40620573893980944	0.0002771954613524641	0
631	827.9718663692474	0.40620573893980944	0.0	1
632	829.0664613246918	0.40620573893980944	0.0	2
633	830.1670644283295	0.4065949261601472	0.0003891872203377611	0
634	831.2678260803223	0.4065949261601472	0.0	1
635	832.3624396324158	0.4065949261601472	0.0	2
636	833.462652683258	0.4065949261601472	0.0	3
637	834.5600297451019	0.4065949261601472	0.0	4
638	835.6500356197357	0.40690404878752884	0.00030912262738164165	0
639	836.7333772182465	0.40690404878752884	0.0	1
640	837.819575548172	0.40690404878752884	0.0	2
641	838.9016962051392	0.40690404878752884	0.0	3
642	839.999519109726	0.4072133123737009	0.0003092635861720594	0
643	841.0848290920258	0.4074562548489824	0.0002429424752815046	0
644	842.1702201366425	0.40809867453630194	0.0006424196873195398	0
645	843.282701253891	0.40809867453630194	0.0	1
646	844.370846748352	0.40809867453630194	0.0	2
647	845.47292304039	0.40809867453630194	0.0	3
648	846.5680210590363	0.40809867453630194	0.0	4
649	848.6281366348267	0.40844518648284134	0.0003465119465393962	0
650	850.6647279262543	0.4084646387959187	1.9452313077372718e-05	0
651	852.6936252117157	0.4090270291299798	0.0005623903340610803	0
652	854.7297389507294	0.4095999208939268	0.0005728917639470366	0
653	856.1070659160614	0.4095999208939268	0.0	1
654	857.1940288543701	0.4098457882641094	0.000245867370182562	0
655	858.298975944519	0.4098457882641094	0.0	1
656	859.3782691955566	0.41044285446061274	0.0005970661965033486	0
657	860.4809908866882	0.4107521532864824	0.00030929882586966384	0
658	861.5602345466614	0.4107521532864824	0.0	1
659	862.6591994762421	0.4107521532864824	0.0	2
660	863.7609512805939	0.4107521532864824	0.0	3
661	864.8708298206329	0.4107521532864824	0.0	4
662	865.9737508296967	0.4107521532864824	0.0	5
663	867.0620713233948	0.41083739811498626	8.524482850386095e-05	0
664	868.1420516967773	0.41083739811498626	0.0	1
665	869.2243597507477	0.41083739811498626	0.0	2
666	870.3273572921753	0.41083739811498626	0.0	3
667	871.4082334041595	0.41083739811498626	0.0	4
668	872.5094013214111	0.41083739811498626	0.0	5
669	873.6193261146545	0.41083739811498626	0.0	6
670	874.7024655342102	0.41083739811498626	0.0	7
671	875.783784866333	0.41083739811498626	0.0	8
672	876.8852412700653	0.41088898903227844	5.159091729217691e-05	0
673	877.9946486949921	0.4108986799491195	9.690916841054165e-06	0
674	879.0914702415466	0.4108986799491195	0.0	1
675	880.7456758022308	0.4108986799491195	0.0	2
676	882.8001425266266	0.41095464058891457	5.596063979507182e-05	0
677	884.7924935817719	0.41095464058891457	0.0	1
678	886.8229196071625	0.41095464058891457	0.0	2
679	888.8724315166473	0.41109172301259383	0.00013708242367926893	0
680	889.9652590751648	0.41109172301259383	0.0	1
681	891.0573601722717	0.41109172301259383	0.0	2
682	892.1235542297363	0.41109172301259383	0.0	3
683	893.21417760849	0.41109172301259383	0.0	4
684	894.3135125637054	0.4111262226765481	3.4499663954246085e-05	0
685	895.4158806800842	0.4111555068652569	2.928418870884464e-05	0
686	896.5154128074646	0.4111555068652569	0.0	1
687	897.6135692596436	0.4111980764199625	4.256955470555157e-05	0
688	898.7105684280396	0.4111980764199625	0.0	1
689	899.7930679321289	0.4111980764199625	0.0	2
690	900.8965623378754	0.4111980764199625	0.0	3
691	901.9867568016052	0.4111980764199625	0.0	4
692	903.0874416828156	0.4111980764199625	0.0	5
693	904.1878454685211	0.41121139702565673	1.332060569425586e-05	0
694	905.2554113864899	0.41121139702565673	0.0	1
695	906.3623201847076	0.41121139702565673	0.0	2
696	907.4763126373291	0.41121139702565673	0.0	3
697	908.5771276950836	0.41121139702565673	0.0	4
698	909.683732509613	0.41121139702565673	0.0	5
699	910.7751817703247	0.41121929071792	7.893692263283292e-06	0
700	911.8899693489075	0.41121929071792	0.0	1
701	912.9746227264404	0.41121929071792	0.0	2
702	915.037134885788	0.41121929071792	0.0	3
703	917.0966408252716	0.41121929071792	0.0	4
704	919.1142613887787	0.41121929071792	0.0	5
705	921.1554253101349	0.41121929071792	0.0	6
706	922.5569453239441	0.41122189845554274	2.6077376227284788e-06	0
707	923.6677904129028	0.41122189845554274	0.0	1
708	924.776077747345	0.41122189845554274	0.0	2
709	925.9002203941345	0.41122189845554274	0.0	3
710	926.9988293647766	0.41122189845554274	0.0	4
711	928.0804131031036	0.41122189845554274	0.0	5
712	929.1993551254272	0.41122189845554274	0.0	6
713	930.2919912338257	0.4123740251290055	0.001152126673462761	0
714	931.4170217514038	0.4123740251290055	0.0	1
715	932.5361609458923	0.4123740251290055	0.0	2
716	933.6436469554901	0.4123740251290055	0.0	3
717	934.7518167495728	0.4123740251290055	0.0	4
718	935.8579797744751	0.4123740251290055	0.0	5
719	936.9794442653656	0.4123740251290055	0.0	6
720	938.0765371322632	0.4123740251290055	0.0	7
721	939.1840398311615	0.4123740251290055	0.0	8
722	940.3059287071228	0.4123740251290055	0.0	9
723	941.4069075584412	0.4123740251290055	0.0	10
724	942.5153815746307	0.41303808199065384	0.0006640568616483322	0
725	943.6197061538696	0.41316346483472866	0.00012538284407481726	0
726	944.720370054245	0.41316346483472866	0.0	1
727	945.8271880149841	0.4132754565937139	0.0001119917589852415	0
728	947.4985988140106	0.41328609898239027	1.0642388676374015e-05	0
729	949.5532531738281	0.41328609898239027	0.0	1
730	951.6002376079559	0.41814769718443273	0.004861598202042461	0
731	953.63707280159	0.41930243159551817	0.001154734411085434	0
732	955.7112951278687	0.41930243159551817	0.0	1
733	956.823846578598	0.4193050393331409	2.6077376227284788e-06	0
734	957.945436000824	0.4200918713012413	0.000786831968100421	0
735	959.0300033092499	0.4202144702092054	0.00012259890796406658	0
736	960.152429819107	0.4202144702092054	0.0	1
737	961.2697541713715	0.4202144702092054	0.0	2
738	962.3924832344055	0.4202144702092054	0.0	3
739	963.5161492824554	0.4202144702092054	0.0	4
740	964.6278464794159	0.4202144702092054	0.0	5
741	965.7422173023224	0.4202144702092054	0.0	6
742	966.8510580062866	0.4202144702092054	0.0	7
743	967.9655060768127	0.4202144702092054	0.0	8
744	969.0747740268707	0.4202144702092054	0.0	9
745	970.1758623123169	0.4202144702092054	0.0	10
746	971.2933685779572	0.4202144702092054	0.0	11
747	972.3935012817383	0.4203372805553551	0.00012281034614969322	0
748	973.5080802440643	0.4203372805553551	0.0	1
749	974.5950906276703	0.4203372805553551	0.0	2
750	975.7022383213043	0.4203372805553551	0.0	3
751	976.8130915164948	0.4203372805553551	0.0	4
752	977.9121186733246	0.4203372805553551	0.0	5
753	979.0215711593628	0.4203372805553551	0.0	6
754	980.117029428482	0.4203372805553551	0.0	7
755	982.1172325611115	0.4213692046202908	0.0010319240649357408	0
756	984.1844928264618	0.4213692046202908	0.0	1
757	986.225968837738	0.4213692046202908	0.0	2
758	988.2805187702179	0.4213692398599884	3.52396976044389e-08	3
759	989.6809313297272	0.4216119004176891	0.00024266055770066908	0
760	990.7937846183777	0.4216119004176891	0.0	1
761	991.9004507064819	0.42240134012341224	0.0007894397057231495	0
762	992.9968473911285	0.42240134012341224	0.0	1
763	994.0985026359558	0.42240134012341224	0.0	2
764	995.1882050037384	0.4225239390313763	0.00012259890796406658	0
765	996.2941889762878	0.4225239390313763	0.0	1
766	997.3888764381409	0.4225239390313763	0.0	2
767	998.4839911460876	0.4225239390313763	0.0	3
768	999.5785241127014	0.4225239390313763	0.0	4
769	1000.6718859672546	0.4225239390313763	0.0	5
770	1001.7715277671814	0.42252915450662165	5.215475245345935e-06	0
771	1002.8659737110138	0.42252915450662165	0.0	1
772	1003.9751377105713	0.42252915450662165	0.0	2
773	1005.0750708580017	0.42252915450662165	0.0	3
774	1006.1756513118744	0.42252915450662165	0.0	4
775	1007.277512550354	0.42252915450662165	0.0	5
776	1008.365829706192	0.42252915450662165	0.0	6
777	1009.4732217788696	0.42252915450662165	0.0	7
778	1010.5686452388763	0.42252915450662165	0.0	8
779	1011.6641218662262	0.42252915450662165	0.0	9
780	1012.7618670463562	0.42252915450662165	0.0	10
781	1014.4104933738708	0.42252915450662165	0.0	11
782	1016.4785070419312	0.42252915450662165	0.0	12
783	1018.4830775260925	0.42252915450662165	0.0	13
784	1020.5111899375916	0.42252915450662165	0.0	14
785	1022.5787570476532	0.42252915450662165	0.0	15
786	1023.6762475967407	0.42252915450662165	0.0	16
787	1024.7799561023712	0.42252915450662165	0.0	17
788	1025.8806149959564	0.42252915450662165	0.0	18
789	1026.977677822113	0.42252915450662165	0.0	19
790	1028.0586400032043	0.42252915450662165	0.0	20
791	1029.1508293151855	0.42252915450662165	0.0	21
792	1030.2677118778229	0.42252915450662165	0.0	22
793	1031.3563797473907	0.42252915450662165	0.0	23
794	1032.4904961585999	0.42252915450662165	0.0	24
795	1033.588846206665	0.42252915450662165	0.0	25
796	1034.6858851909637	0.42331552835865327	0.0007863738520316188	0
797	1035.7925415039062	0.42331552835865327	0.0	1
798	1036.8736312389374	0.42331552835865327	0.0	2
799	1037.9815890789032	0.42331552835865327	0.0	3
800	1039.0704481601715	0.42331552835865327	0.0	4
801	1040.1834757328033	0.42331552835865327	0.0	5
802	1041.2841153144836	0.42331552835865327	0.0	6
803	1042.3921790122986	0.42331552835865327	0.0	7
804	1043.5143308639526	0.42331552835865327	0.0	8
805	1044.606050491333	0.42331552835865327	0.0	9
806	1045.7174096107483	0.42447026276973876	0.0011547344110854896	0
807	1046.819001197815	0.42447026276973876	0.0	1
808	1048.8731064796448	0.42447026276973876	0.0	2
809	1050.9138178825378	0.42447026276973876	0.0	3
810	1052.9015531539917	0.42447026276973876	0.0	4
811	1054.918853521347	0.42447026276973876	0.0	5
812	1056.3097746372223	0.42447026276973876	0.0	6
813	1057.413583278656	0.42447026276973876	0.0	7
814	1058.5276494026184	0.42447026276973876	0.0	8
815	1059.6116933822632	0.42447026276973876	0.0	9
816	1060.7356388568878	0.42447026276973876	0.0	10
817	1061.8139691352844	0.42447026276973876	0.0	11
818	1062.9324061870575	0.42447026276973876	0.0	12
819	1064.0351121425629	0.42447026276973876	0.0	13
820	1065.1497249603271	0.42447026276973876	0.0	14
821	1066.2525203227997	0.42447026276973876	0.0	15
822	1067.3475778102875	0.42447026276973876	0.0	16
823	1068.451107263565	0.42447026276973876	0.0	17
824	1069.5376644134521	0.42447026276973876	0.0	18
825	1070.640691280365	0.42447029800943636	3.52396976044389e-08	19
826	1071.7594966888428	0.42447029800943636	0.0	20
827	1072.8620591163635	0.42447029800943636	0.0	21
828	1073.971472978592	0.42534716740491485	0.0008768693954784856	0
829	1075.0503475666046	0.42534716740491485	0.0	1
830	1076.1526725292206	0.42534716740491485	0.0	2
831	1077.2416760921478	0.42534716740491485	0.0	3
832	1078.343358039856	0.42534716740491485	0.0	4
833	1079.4513475894928	0.42534716740491485	0.0	5
834	1081.1416907310486	0.42558447152857964	0.00023730412366479436	0
835	1083.1558396816254	0.42558447152857964	0.0	1
836	1085.1896934509277	0.425603219047705	1.874751912533945e-05	0
837	1087.2371089458466	0.4256164339343064	1.3214886601442544e-05	0
838	1089.3158929347992	0.4256164339343064	0.0	1
839	1090.4163782596588	0.4256164339343064	0.0	2
840	1091.5208826065063	0.4256164339343064	0.0	3
841	1092.600727558136	0.4256243981059649	7.96417165849217e-06	0
842	1093.6875629425049	0.4256243981059649	0.0	1
843	1094.7776093482971	0.4256243981059649	0.0	2
844	1095.8852157592773	0.4256243981059649	0.0	3
845	1096.9977576732635	0.4256243981059649	0.0	4
846	1098.090704202652	0.4256243981059649	0.0	5
847	1099.2061727046967	0.4256243981059649	0.0	6
848	1100.2925577163696	0.4256243981059649	0.0	7
849	1101.40385222435	0.4256243981059649	0.0	8
850	1102.5072808265686	0.4256243981059649	0.0	9
851	1103.61088180542	0.4256243981059649	0.0	10
852	1104.732430934906	0.4256243981059649	0.0	11
853	1105.8095614910126	0.4256243981059649	0.0	12
854	1106.9422614574432	0.4256243981059649	0.0	13
855	1108.025810956955	0.42677913251705035	0.001154734411085434	0
856	1109.1479306221008	0.42677913251705035	0.0	1
857	1110.2476863861084	0.42677913251705035	0.0	2
858	1111.3506536483765	0.42677913251705035	0.0	3
859	1112.4762737751007	0.42677913251705035	0.0	4
860	1113.5701286792755	0.42677913251705035	0.0	5
861	1115.6023190021515	0.42677913251705035	0.0	6
862	1117.6885433197021	0.42677913251705035	0.0	7
863	1119.728961467743	0.42677913251705035	0.0	8
864	1121.7896378040314	0.42677913251705035	0.0	9
865	1123.175770998001	0.42677913251705035	0.0	10
866	1124.2821431159973	0.42685887995272803	7.97474356776795e-05	0
867	1125.390023946762	0.42685887995272803	0.0	1
868	1126.4888968467712	0.42685887995272803	0.0	2
869	1127.5930979251862	0.42685887995272803	0.0	3
870	1128.6779916286469	0.42685887995272803	0.0	4
871	1129.7800643444061	0.42685887995272803	0.0	5
872	1130.8897585868835	0.42685887995272803	0.0	6
873	1132.0019435882568	0.42685887995272803	0.0	7
874	1133.1241466999054	0.42685887995272803	0.0	8
875	1134.2213904857635	0.42721444850155166	0.000355568548823626	0
876	1135.3327565193176	0.42721444850155166	0.0	1
877	1136.4214384555817	0.42721444850155166	0.0	2
878	1137.540923833847	0.42729430165632215	7.985315477049282e-05	0
879	1138.6514942646027	0.42729430165632215	0.0	1
880	1139.7514259815216	0.42729430165632215	0.0	2
881	1140.858672618866	0.42729430165632215	0.0	3
882	1141.9592773914337	0.42729430165632215	0.0	4
883	1143.073898077011	0.42729430165632215	0.0	5
884	1144.168060541153	0.42907580932899103	0.0017815076726688805	0
885	1145.281632900238	0.42907580932899103	0.0	1
886	1146.3926548957825	0.42907580932899103	0.0	2
887	1148.0882008075714	0.42907580932899103	0.0	3
888	1150.1347451210022	0.42907580932899103	0.0	4
889	1152.1594624519348	0.4302305437400765	0.0011547344110854896	0
890	1154.145435333252	0.4302305437400765	0.0	1
891	1156.1990945339203	0.4302305437400765	0.0	2
892	1157.287479877472	0.4302305437400765	0.0	3
893	1158.413935661316	0.4302305437400765	0.0	4
894	1159.4978184700012	0.43121468277506136	0.0009841390349848433	0
895	1160.60537815094	0.43121468277506136	0.0	1
896	1161.6973390579224	0.43121468277506136	0.0	2
897	1162.8042540550232	0.43121468277506136	0.0	3
898	1163.9149210453033	0.43121468277506136	0.0	4
899	1165.0058941841125	0.43121468277506136	0.0	5
900	1166.127474784851	0.43121468277506136	0.0	6
901	1167.2289698123932	0.43121468277506136	0.0	7
902	1168.3434686660767	0.43121468277506136	0.0	8
903	1169.4333448410034	0.43121468277506136	0.0	9
904	1170.5251100063324	0.43121468277506136	0.0	10
905	1171.6374456882477	0.43121468277506136	0.0	11
906	1172.7145252227783	0.43121468277506136	0.0	12
907	1173.822036266327	0.4319509457771002	0.0007362630020388283	0
908	1174.9125764369965	0.4319509457771002	0.0	1
909	1176.0119652748108	0.4319509457771002	0.0	2
910	1177.1328904628754	0.4319509457771002	0.0	3
911	1178.2190175056458	0.4319509457771002	0.0	4
912	1179.3273997306824	0.4319509457771002	0.0	5
913	1180.4133145809174	0.43203115132884673	8.020555174653721e-05	0
914	1182.4280886650085	0.43203115132884673	0.0	1
915	1184.4612562656403	0.43203115132884673	0.0	2
916	1186.5130927562714	0.43203115132884673	0.0	3
917	1188.5658011436462	0.43203115132884673	0.0	4
918	1189.9526579380035	0.43203115132884673	0.0	5
919	1191.0615661144257	0.43203115132884673	0.0	6
920	1192.1867260932922	0.4321137179403327	8.25666114859791e-05	0
921	1193.2835383415222	0.43212992820123053	1.621026089781985e-05	0
922	1194.3993139266968	0.43212992820123053	0.0	1
923	1195.4892780780792	0.432836413658794	0.000706485457563466	0
924	1196.5927679538727	0.4331056801881856	0.00026926652939163187	0
925	1197.7069375514984	0.4331056801881856	0.0	1
926	1198.8280220031738	0.4331056801881856	0.0	2
927	1199.9483079910278	0.4340100717874928	0.0009043915993071638	0
928	1201.072039604187	0.4340100717874928	0.0	1
929	1202.1822726726532	0.4340100717874928	0.0	2
930	1203.2770566940308	0.4340100717874928	0.0	3
931	1204.3769733905792	0.4350846006468317	0.0010745288593388969	0
932	1205.4952108860016	0.4350846006468317	0.0	1
933	1206.5874512195587	0.4350846006468317	0.0	2
934	1207.7015316486359	0.4350846006468317	0.0	3
935	1208.787701845169	0.4350846006468317	0.0	4
936	1209.8889565467834	0.4350846006468317	0.0	5
937	1210.9747848510742	0.4351648061985782	8.020555174653721e-05	0
938	1212.1066665649414	0.4351648061985782	0.0	1
939	1213.2249705791473	0.4351648061985782	0.0	2
940	1214.8902413845062	0.43606091646894846	0.0008961102703702317	0
941	1216.9086184501648	0.43606091646894846	0.0	1
942	1218.934404373169	0.43606091646894846	0.0	2
943	1220.9507656097412	0.43606091646894846	0.0	3
944	1223.0257160663605	0.43606091646894846	0.0	4
945	1224.1219279766083	0.43606091646894846	0.0	5
946	1225.2367038726807	0.43606091646894846	0.0	6
947	1226.3138530254364	0.43606091646894846	0.0	7
948	1227.440648317337	0.43606091646894846	0.0	8
949	1228.5196907520294	0.43606091646894846	0.0	9
950	1229.6142315864563	0.43606091646894846	0.0	10
951	1230.709612607956	0.43606091646894846	0.0	11
952	1231.8023953437805	0.43606091646894846	0.0	12
953	1232.9141674041748	0.43606091646894846	0.0	13
954	1234.0127449035645	0.43606091646894846	0.0	14
955	1235.109442949295	0.43606091646894846	0.0	15
956	1236.2159342765808	0.43606091646894846	0.0	16
957	1237.3204419612885	0.43606091646894846	0.0	17
958	1238.4175169467926	0.43606091646894846	0.0	18
959	1239.4901728630066	0.43606091646894846	0.0	19
960	1240.6126568317413	0.43606091646894846	0.0	20
961	1241.6935999393463	0.43668222757740327	0.000621311108454814	0
962	1242.7941279411316	0.43668222757740327	0.0	1
963	1243.9071679115295	0.43668222757740327	0.0	2
964	1244.9955370426178	0.43668222757740327	0.0	3
965	1246.1000015735626	0.43668222757740327	0.0	4
966	1247.1872878074646	0.43668222757740327	0.0	5
967	1249.207055091858	0.43668222757740327	0.0	6
968	1251.2411725521088	0.43668222757740327	0.0	7
969	1253.2746486663818	0.43668222757740327	0.0	8
970	1255.3168504238129	0.43668222757740327	0.0	9
971	1256.7276012897491	0.43703969906989754	0.0003574714924942657	0
972	1257.8278992176056	0.43703969906989754	0.0	1
973	1258.923583984375	0.43703969906989754	0.0	2
974	1260.0409429073334	0.43703969906989754	0.0	3
975	1261.141783952713	0.43703969906989754	0.0	4
976	1262.228217124939	0.43703969906989754	0.0	5
977	1263.330450296402	0.43703969906989754	0.0	6
978	1264.4138450622559	0.43703969906989754	0.0	7
979	1265.5116810798645	0.43730107190702583	0.00026137283712829307	0
980	1266.620980978012	0.43730107190702583	0.0	1
981	1267.71981716156	0.43792238301548064	0.000621311108454814	0
982	1268.8345317840576	0.43792238301548064	0.0	1
983	1269.9242832660675	0.43792238301548064	0.0	2
984	1271.033359527588	0.43809322506946446	0.0001708420539838218	0
985	1272.1307227611542	0.43809322506946446	0.0	1
986	1273.2195527553558	0.43809322506946446	0.0	2
987	1274.3336520195007	0.43809322506946446	0.0	3
988	1275.3996315002441	0.43809322506946446	0.0	4
989	1276.5021996498108	0.43811447460711966	2.1249537655199102e-05	0
990	1277.5902926921844	0.43811447460711966	0.0	1
991	1278.680900812149	0.4387199278516527	0.0006054532445330385	0
992	1279.7892262935638	0.4388907699056365	0.0001708420539838218	0
993	1281.475798368454	0.43916271465204604	0.0002719447464095137	0
994	1283.5262298583984	0.43916271465204604	0.0	1
995	1285.5436644554138	0.43974406394341803	0.0005813492913719909	0
996	1287.5580995082855	0.44071706723396004	0.0009730032905420072	0
997	1289.610054731369	0.44071706723396004	0.0	1
998	1290.6964297294617	0.44071706723396004	0.0	2
999	1291.8093354701996	0.44071706723396004	0.0	3
1000	1292.8900179862976	0.44071706723396004	0.0	4
1001	1293.9846034049988	0.44071706723396004	0.0	5
1002	1295.0762705802917	0.4414964283861684	0.000779361152208391	0
1003	1296.1715705394745	0.4414964283861684	0.0	1
1004	1297.2866423130035	0.4415677887738164	7.136038764798958e-05	0
1005	1298.3723559379578	0.4415677887738164	0.0	1
1006	1299.4568347930908	0.4415677887738164	0.0	2
1007	1300.5404226779938	0.44300271402055064	0.00143492524673422	0
1008	1301.6442670822144	0.44300271402055064	0.0	1
1009	1302.745027065277	0.44300271402055064	0.0	2
1010	1303.8282701969147	0.44300271402055064	0.0	3
1011	1304.92676115036	0.44300271402055064	0.0	4
1012	1306.0000262260437	0.44300271402055064	0.0	5
1013	1307.092638015747	0.44300271402055064	0.0	6
1014	1308.1825189590454	0.44300271402055064	0.0	7
1015	1309.2782061100006	0.44300271402055064	0.0	8
1016	1310.3791301250458	0.44312552436670033	0.00012281034614969322	0
1017	1311.4448246955872	0.44312552436670033	0.0	1
1018	1312.537535905838	0.44312552436670033	0.0	2
1019	1313.624046087265	0.44312552436670033	0.0	3
1020	1315.635216474533	0.44312552436670033	0.0	4
1021	1317.6590447425842	0.44312552436670033	0.0	5
1022	1319.6846644878387	0.44312552436670033	0.0	6
1023	1321.6949663162231	0.4433071850078486	0.00018166064114827352	0
1024	1323.0965685844421	0.4433071850078486	0.0	1
1025	1324.1826601028442	0.4433071850078486	0.0	2
1026	1325.2741332054138	0.4433071850078486	0.0	3
1027	1326.3538103103638	0.4433071850078486	0.0	4
1028	1327.4589211940765	0.44338732008019993	8.013507235132833e-05	0
1029	1328.5186817646027	0.44338732008019993	0.0	1
1030	1329.6088817119598	0.44338732008019993	0.0	2
1031	1330.689477443695	0.44361930300952657	0.0002319829293266351	0
1032	1331.7862524986267	0.44361930300952657	0.0	1
1033	1332.8679201602936	0.44361930300952657	0.0	2
1034	1333.946768283844	0.44361930300952657	0.0	3
1035	1335.0407087802887	0.44361930300952657	0.0	4
1036	1336.1290900707245	0.44361930300952657	0.0	5
1037	1337.2350549697876	0.44361930300952657	0.0	6
1038	1338.3161988258362	0.44361930300952657	0.0	7
1039	1339.4053056240082	0.44361930300952657	0.0	8
1040	1340.5095047950745	0.44361930300952657	0.0	9
1041	1341.5779390335083	0.44361930300952657	0.0	10
1042	1342.684978723526	0.44361930300952657	0.0	11
1043	1343.7628507614136	0.44361930300952657	0.0	12
1044	1344.8730244636536	0.44361930300952657	0.0	13
1045	1345.977991104126	0.44361930300952657	0.0	14
1046	1347.6296002864838	0.44361930300952657	0.0	15
1047	1349.6341738700867	0.44361930300952657	0.0	16
1048	1351.643031835556	0.44361930300952657	0.0	17
1049	1353.6567513942719	0.44361930300952657	0.0	18
1050	1355.7228581905365	0.44361930300952657	0.0	19
1051	1356.7752566337585	0.44361930300952657	0.0	20
1052	1357.8736157417297	0.44361930300952657	0.0	21
1053	1358.92911028862	0.44361930300952657	0.0	22
1054	1360.0368576049805	0.44361930300952657	0.0	23
1055	1361.1153011322021	0.44361930300952657	0.0	24
1056	1362.2003571987152	0.44361930300952657	0.0	25
1057	1363.2867817878723	0.44361930300952657	0.0	26
1058	1364.362351179123	0.44361930300952657	0.0	27
1059	1365.447520017624	0.44361930300952657	0.0	28
1060	1366.523235797882	0.44361930300952657	0.0	29
1061	1367.6029090881348	0.44361930300952657	0.0	30
1062	1368.6977031230927	0.44361930300952657	0.0	31
1063	1369.7850046157837	0.44361930300952657	0.0	32
1064	1370.8653681278229	0.44361930300952657	0.0	33
1065	1371.9402785301208	0.44455548081607243	0.0009361778065458681	0
1066	1373.037882566452	0.44455548081607243	0.0	1
1067	1374.1040167808533	0.44455548081607243	0.0	2
1068	1375.190137386322	0.44455548081607243	0.0	3
1069	1376.2734382152557	0.44455548081607243	0.0	4
1070	1377.360913515091	0.44455548081607243	0.0	5
1071	1378.4374549388885	0.44455548081607243	0.0	6
1072	1379.5069162845612	0.44455548081607243	0.0	7
1073	1381.5504567623138	0.44455548081607243	0.0	8
1074	1383.5717539787292	0.44455548081607243	0.0	9
1075	1385.5603332519531	0.44455548081607243	0.0	10
1076	1387.5747323036194	0.44455548081607243	0.0	11
1077	1388.9337368011475	0.44455548081607243	0.0	12
1078	1390.0194373130798	0.44455548081607243	0.0	13
1079	1391.0778739452362	0.44455548081607243	0.0	14
1080	1392.1537165641785	0.44455548081607243	0.0	15
1081	1393.2452030181885	0.44455548081607243	0.0	16
1082	1394.3060431480408	0.44455548081607243	0.0	17
1083	1395.3918375968933	0.44455548081607243	0.0	18
1084	1396.4554369449615	0.44455548081607243	0.0	19
1085	1397.5365748405457	0.44455548081607243	0.0	20
1086	1398.6288421154022	0.44455548081607243	0.0	21
1087	1399.6980748176575	0.44455548081607243	0.0	22
1088	1400.7814424037933	0.44455548081607243	0.0	23
1089	1401.8558390140533	0.44455548081607243	0.0	24
1090	1402.9469332695007	0.44507012135988017	0.0005146405438077317	0
1091	1404.016060590744	0.44507012135988017	0.0	1
1092	1405.1132564544678	0.44507012135988017	0.0	2
1093	1406.2071614265442	0.44507012135988017	0.0	3
1094	1407.283053636551	0.44507012135988017	0.0	4
1095	1408.3678951263428	0.4457102152271579	0.0006400938672777579	0
1096	1409.4554240703583	0.4457102152271579	0.0	1
1097	1410.5333797931671	0.4457102152271579	0.0	2
1098	1411.6170890331268	0.4457102152271579	0.0	3
1099	1413.257143497467	0.4457102152271579	0.0	4
1100	1415.2816834449768	0.4457102152271579	0.0	5
1101	1417.2855415344238	0.4457102152271579	0.0	6
1102	1419.2882194519043	0.4457102152271579	0.0	7
1103	1421.3215475082397	0.4457102152271579	0.0	8
1104	1422.3881258964539	0.4460811482841368	0.0003709330569788838	0
1105	1423.4781353473663	0.44686494963824336	0.0007838013541065503	0
1106	1424.5579743385315	0.44686494963824336	0.0	1
1107	1425.658986568451	0.44686494963824336	0.0	2
1108	1426.7555861473083	0.446931975543086	6.702590484264359e-05	0
1109	1427.8374350070953	0.446931975543086	0.0	1
1110	1428.935909986496	0.446931975543086	0.0	2
1111	1430.0096108913422	0.446931975543086	0.0	3
1112	1431.103173494339	0.446931975543086	0.0	4
1113	1432.1789858341217	0.4485480328355045	0.0016160572924184824	0
1114	1433.2724685668945	0.4485480328355045	0.0	1
1115	1434.3400287628174	0.4485480328355045	0.0	2
1116	1435.4262523651123	0.4485480328355045	0.0	3
1117	1436.5063560009003	0.4485480328355045	0.0	4
1118	1437.5603005886078	0.4485480328355045	0.0	5
1119	1438.649020910263	0.4485480328355045	0.0	6
1120	1439.7322268486023	0.44922287304461966	0.0006748402091151795	0
1121	1440.8074657917023	0.44922287304461966	0.0	1
1122	1441.8952441215515	0.44922287304461966	0.0	2
1123	1442.9662981033325	0.44922287304461966	0.0	3
1124	1444.0572657585144	0.44922287304461966	0.0	4
1125	1445.1116931438446	0.44922287304461966	0.0	5
1126	1447.1501078605652	0.44922287304461966	0.0	6
1127	1449.195883989334	0.44922287304461966	0.0	7
1128	1451.2268657684326	0.44922287304461966	0.0	8
1129	1453.2360010147095	0.44922287304461966	0.0	9
1130	1454.599538564682	0.44922287304461966	0.0	10
1131	1455.6814250946045	0.44922287304461966	0.0	11
1132	1456.7653579711914	0.44922287304461966	0.0	12
1133	1457.832912683487	0.44922287304461966	0.0	13
1134	1458.9149386882782	0.44922287304461966	0.0	14
1135	1459.9829406738281	0.44922287304461966	0.0	15
1136	1461.0556380748749	0.44922287304461966	0.0	16
1137	1462.1318221092224	0.44922287304461966	0.0	17
1138	1463.2152893543243	0.44922287304461966	0.0	18
1139	1464.2948715686798	0.44922287304461966	0.0	19
1140	1465.374024629593	0.44922287304461966	0.0	20
1141	1466.4602644443512	0.44922287304461966	0.0	21
1142	1467.5274109840393	0.44922287304461966	0.0	22
1143	1468.5981621742249	0.44922287304461966	0.0	23
1144	1469.6825234889984	0.44922287304461966	0.0	24
1145	1470.7636713981628	0.4496894466408956	0.0004665735962759432	0
1146	1471.8448221683502	0.4496894466408956	0.0	1
1147	1472.8976032733917	0.4496894466408956	0.0	2
1148	1473.9855952262878	0.4496894466408956	0.0	3
1149	1475.0612270832062	0.45153234186679053	0.001842895225894925	0
1150	1476.133463382721	0.45153234186679053	0.0	1
1151	1477.2178106307983	0.4517742976305391	0.0002419557637485803	0
1152	1478.8331232070923	0.4517742976305391	0.0	1
1153	1480.8531227111816	0.45292903204162455	0.001154734411085434	0
1154	1482.8420519828796	0.45292903204162455	0.0	1
1155	1484.8045017719269	0.45292903204162455	0.0	2
1156	1486.8499057292938	0.45292903204162455	0.0	3
1157	1487.9228706359863	0.45292903204162455	0.0	4
1158	1489.0002601146698	0.45292903204162455	0.0	5
1159	1490.0553724765778	0.45292903204162455	0.0	6
1160	1491.1242706775665	0.45292903204162455	0.0	7
1161	1492.2018599510193	0.4549157757131387	0.001986743671514135	0
1162	1493.2809884548187	0.4549157757131387	0.0	1
1163	1494.3596081733704	0.4549157757131387	0.0	2
1164	1495.4284603595734	0.4549157757131387	0.0	3
1165	1496.5050666332245	0.4549157757131387	0.0	4
1166	1497.5722906589508	0.4549157757131387	0.0	5
1167	1498.6636650562286	0.4549157757131387	0.0	6
1168	1499.7425374984741	0.4549157757131387	0.0	7
1169	1500.81107711792	0.4549157757131387	0.0	8
1170	1501.8958761692047	0.4549157757131387	0.0	9
1171	1502.9378838539124	0.4549157757131387	0.0	10
1172	1504.0234427452087	0.4549157757131387	0.0	11
1173	1505.082070350647	0.4549157757131387	0.0	12
1174	1506.1621932983398	0.4549157757131387	0.0	13
1175	1507.235774755478	0.4550702313077367	0.00015445559459803526	0
1176	1508.2955083847046	0.4550702313077367	0.0	1
1177	1509.3647253513336	0.4550702313077367	0.0	2
1178	1510.410721540451	0.4550702313077367	0.0	3
1179	1512.453955411911	0.4550702313077367	0.0	4
1180	1514.472541809082	0.4550702313077367	0.0	5
1181	1516.4774675369263	0.4550702313077367	0.0	6
1182	1518.4845077991486	0.4550702313077367	0.0	7
1183	1519.8426299095154	0.4550702313077367	0.0	8
1184	1520.9276688098907	0.4550702313077367	0.0	9
1185	1521.9983534812927	0.4550702313077367	0.0	10
1186	1523.0629024505615	0.4550702313077367	0.0	11
1187	1524.1297483444214	0.4550702313077367	0.0	12
1188	1525.1854736804962	0.4558569575567444	0.0007867262490076632	0
1189	1526.250500202179	0.4558569575567444	0.0	1
1190	1527.3191595077515	0.45737970012990764	0.0015227425731632604	0
1191	1528.395864725113	0.45737970012990764	0.0	1
1192	1529.47842335701	0.45737970012990764	0.0	2
1193	1530.5442728996277	0.45810243108806653	0.0007227309581588903	0
1194	1531.6219246387482	0.45810243108806653	0.0	1
1195	1532.6632328033447	0.45810243108806653	0.0	2
1196	1533.7402653694153	0.45894624564719255	0.0008438145591260215	0
1197	1534.8037502765656	0.46010513834259525	0.0011588926954027023	0
1198	1535.8875679969788	0.46010513834259525	0.0	1
1199	1536.9765253067017	0.46010513834259525	0.0	2
1200	1538.029322385788	0.46010513834259525	0.0	3
1201	1539.0906841754913	0.46010513834259525	0.0	4
1202	1540.1561918258667	0.46010513834259525	0.0	5
1203	1541.2068257331848	0.4611403044597106	0.0010351661171153492	0
1204	1542.284325838089	0.4611403044597106	0.0	1
1205	1543.9271974563599	0.4611403044597106	0.0	2
1206	1545.9287557601929	0.4611403044597106	0.0	3
1207	1547.8831236362457	0.4611403044597106	0.0	4
1208	1549.8744957447052	0.4611403044597106	0.0	5
1209	1551.8899540901184	0.4615216332274827	0.00038132876777208224	0
1210	1552.9470019340515	0.4621645110308711	0.0006428778033883975	0
1211	1554.020287513733	0.4621645110308711	0.0	1
1212	1555.0647943019867	0.4621645110308711	0.0	2
1213	1556.1301991939545	0.4636658983472864	0.0015013873164153035	0
1214	1557.1778514385223	0.4636658983472864	0.0	1
1215	1558.2439711093903	0.4636658983472864	0.0	2
1216	1559.3169045448303	0.4636658983472864	0.0	3
1217	1560.3708264827728	0.4636658983472864	0.0	4
1218	1561.4403982162476	0.4636658983472864	0.0	5
1219	1562.4926767349243	0.4636658983472864	0.0	6
1220	1563.5604288578033	0.4636658983472864	0.0	7
1221	1564.6205127239227	0.46404719187536086	0.0003812935280744778	0
1222	1565.702853679657	0.46404719187536086	0.0	1
1223	1566.7685859203339	0.46404719187536086	0.0	2
1224	1567.8293261528015	0.46404719187536086	0.0	3
1225	1568.8767607212067	0.4648206327583718	0.0007734408830109563	0
1226	1569.9484324455261	0.4648206327583718	0.0	1
1227	1571.0217916965485	0.4648206327583718	0.0	2
1228	1572.0790281295776	0.4648206327583718	0.0	3
1229	1573.126425743103	0.4648206327583718	0.0	4
1230	1574.1998300552368	0.4648206327583718	0.0	5
1231	1575.2579686641693	0.4648206327583718	0.0	6
1232	1577.239697933197	0.4648206327583718	0.0	7
1233	1579.2433724403381	0.4648206327583718	0.0	8
1234	1581.2418859004974	0.4648206327583718	0.0	9
1235	1583.2403786182404	0.4652019262864463	0.0003812935280744778	0
1236	1584.5925993919373	0.4652019262864463	0.0	1
1237	1585.643112897873	0.4652019262864463	0.0	2
1238	1586.7233483791351	0.4652019262864463	0.0	3
1239	1587.7833592891693	0.4667167751673463	0.0015148488808999772	0
1240	1588.8563997745514	0.4667167751673463	0.0	1
1241	1589.8890459537506	0.4667167751673463	0.0	2
1242	1590.9742743968964	0.4667167751673463	0.0	3
1243	1592.015991449356	0.4667167751673463	0.0	4
1244	1593.0755183696747	0.4667167751673463	0.0	5
1245	1594.1490807533264	0.4667167751673463	0.0	6
1246	1595.2211728096008	0.4678715095784317	0.001154734411085434	0
1247	1596.2829954624176	0.4678715095784317	0.0	1
1248	1597.3452484607697	0.4678715095784317	0.0	2
1249	1598.401537656784	0.4678715095784317	0.0	3
1250	1599.4841611385345	0.47049806519964277	0.0026265556212110575	0
1251	1600.5382771492004	0.47049806519964277	0.0	1
1252	1601.622726202011	0.47049806519964277	0.0	2
1253	1602.6649599075317	0.47049806519964277	0.0	3
1254	1603.7490565776825	0.47049806519964277	0.0	4
1255	1604.806650876999	0.47049806519964277	0.0	5
1256	1605.8828721046448	0.47049806519964277	0.0	6
1257	1606.9451365470886	0.47049806519964277	0.0	7
1258	1608.6269700527191	0.47049806519964277	0.0	8
1259	1610.6353352069855	0.47049806519964277	0.0	9
1260	1612.6134793758392	0.47133571281168807	0.0008376476120453002	0
1261	1614.6196732521057	0.47133571281168807	0.0	1
1262	1616.655849456787	0.4725328053392934	0.001197092527605359	0
1263	1617.7076632976532	0.4725328053392934	0.0	1
1264	1618.7776556015015	0.4725328053392934	0.0	2
1265	1619.8119537830353	0.47328506716404445	0.0007522618247510215	0
1266	1620.8980674743652	0.47328506716404445	0.0	1
1267	1621.9409716129303	0.47328506716404445	0.0	2
1268	1623.00413107872	0.473584851271561	0.00029978410751657636	0
1269	1624.0706896781921	0.473584851271561	0.0	1
1270	1625.1094689369202	0.47507031024465934	0.0014854589730983192	0
1271	1626.1726250648499	0.47507031024465934	0.0	1
1272	1627.2195174694061	0.47507031024465934	0.0	2
1273	1628.2805626392365	0.47529129838833356	0.0002209881436742167	0
1274	1629.3558940887451	0.4754810641599307	0.00018976577159712793	0
1275	1630.416758298874	0.4755234575161482	4.2393356217529377e-05	0
1276	1631.4959592819214	0.4755234575161482	0.0	1
1277	1632.5446982383728	0.4755234575161482	0.0	2
1278	1633.6051502227783	0.4755234575161482	0.0	3
1279	1634.6580033302307	0.4755234575161482	0.0	4
1280	1635.6919884681702	0.47728117839293444	0.0017577208767862174	0
1281	1636.7547273635864	0.47728117839293444	0.0	1
1282	1637.7900986671448	0.47728117839293444	0.0	2
1283	1638.8400716781616	0.47728117839293444	0.0	3
1284	1639.8877968788147	0.47728117839293444	0.0	4
1285	1641.887169122696	0.47728117839293444	0.0	5
1286	1643.8345432281494	0.47728117839293444	0.0	6
1287	1645.796694278717	0.47728117839293444	0.0	7
1288	1647.7611391544342	0.47728117839293444	0.0	8
1289	1649.1094505786896	0.47728117839293444	0.0	9
1290	1650.1695160865784	0.47728117839293444	0.0	10
1291	1651.2246866226196	0.47728117839293444	0.0	11
1292	1652.286587715149	0.47728117839293444	0.0	12
1293	1653.3518533706665	0.47728117839293444	0.0	13
1294	1654.3916380405426	0.47807209816595697	0.0007909197730225359	0
1295	1655.4587881565094	0.47807209816595697	0.0	1
1296	1656.5093331336975	0.4789422015394955	0.0008701033735385444	0
1297	1657.5612976551056	0.4789422015394955	0.0	1
1298	1658.6402492523193	0.4789422015394955	0.0	2
1299	1659.6759974956512	0.4789422015394955	0.0	3
1300	1660.7293045520782	0.4789422015394955	0.0	4
1301	1661.7827472686768	0.4789422015394955	0.0	5
1302	1662.8863027095795	0.4789422015394955	0.0	6
1303	1663.9488682746887	0.4789422015394955	0.0	7
1304	1665.012779712677	0.4789422015394955	0.0	8
1305	1666.073616027832	0.4789422015394955	0.0	9
1306	1667.1198716163635	0.4789422015394955	0.0	10
1307	1668.1912727355957	0.4789422015394955	0.0	11
1308	1669.2327864170074	0.4789422015394955	0.0	12
1309	1670.303535938263	0.48042353746797417	0.0014813359284786554	0
1310	1671.3771047592163	0.48042353746797417	0.0	1
1311	1673.0067737102509	0.48042353746797417	0.0	2
1312	1675.0032591819763	0.48042353746797417	0.0	3
1313	1676.9811096191406	0.48042353746797417	0.0	4
1314	1678.9725983142853	0.48042353746797417	0.0	5
1315	1680.9680879116058	0.48042353746797417	0.0	6
1316	1682.021734237671	0.48042353746797417	0.0	7
1317	1683.0825634002686	0.48042353746797417	0.0	8
1318	1684.122478723526	0.48042353746797417	0.0	9
1319	1685.1778786182404	0.48042353746797417	0.0	10
1320	1686.250689983368	0.48042353746797417	0.0	11
1321	1687.2958598136902	0.48042353746797417	0.0	12
1322	1688.3532214164734	0.48042353746797417	0.0	13
1323	1689.4027009010315	0.48042353746797417	0.0	14
1324	1690.4567730426788	0.48042353746797417	0.0	15
1325	1691.506132364273	0.48042353746797417	0.0	16
1326	1692.5677666664124	0.4808259395749134	0.00040240210693920364	0
1327	1693.6304965019226	0.4808259395749134	0.0	1
1328	1694.688080072403	0.4808259395749134	0.0	2
1329	1695.7576429843903	0.4815782718790596	0.0007523323041462304	0
1330	1696.7837426662445	0.4815782718790596	0.0	1
1331	1697.858883857727	0.4815782718790596	0.0	2
1332	1698.9170110225677	0.4815782718790596	0.0	3
1333	1699.9738128185272	0.4824064047727519	0.0008281328936922683	0
1334	1701.0341951847076	0.4848159190964203	0.002409514323668427	0
1335	1702.0924890041351	0.4848159190964203	0.0	1
1336	1703.145991563797	0.4848159190964203	0.0	2
1337	1704.1648151874542	0.4848159190964203	0.0	3
1338	1706.1465742588043	0.4852586354174184	0.00044271632099812663	0
1339	1708.1517977714539	0.4879544722841188	0.002695836866700385	0
1340	1710.101643562317	0.4879544722841188	0.0	1
1341	1712.0598347187042	0.4879544722841188	0.0	2
1342	1713.4121775627136	0.4879544722841188	0.0	3
1343	1714.4695990085602	0.4879544722841188	0.0	4
1344	1715.531274318695	0.4879544722841188	0.0	5
1345	1716.5800681114197	0.48994625523239027	0.001991782948271459	0
1346	1717.636420249939	0.48994625523239027	0.0	1
1347	1718.6669206619263	0.48994625523239027	0.0	2
1348	1719.7141659259796	0.48994625523239027	0.0	3
1349	1720.7428395748138	0.4914186755173751	0.0014724202849848433	0
1350	1721.789660692215	0.4914186755173751	0.0	1
1351	1722.851901769638	0.4914186755173751	0.0	2
1352	1723.8926815986633	0.4914186755173751	0.0	3
1353	1724.9470176696777	0.4927521456747077	0.0013334701573325947	0
1354	1725.9862866401672	0.4927521456747077	0.0	1
1355	1727.038536310196	0.4927521456747077	0.0	2
1356	1728.0866839885712	0.4927521456747077	0.0	3
1357	1729.1332926750183	0.49341045846564663	0.0006583127909389197	0
1358	1730.1881754398346	0.49341045846564663	0.0	1
1359	1731.2124950885773	0.49341045846564663	0.0	2
1360	1732.2673308849335	0.49341045846564663	0.0	3
1361	1733.303692817688	0.49341045846564663	0.0	4
1362	1734.3647847175598	0.49471207193634525	0.001301613470698626	0
1363	1735.4125061035156	0.49471207193634525	0.0	1
1364	1737.0458400249481	0.49471207193634525	0.0	2
1365	1739.0325756072998	0.49471207193634525	0.0	3
1366	1741.0013942718506	0.49471207193634525	0.0	4
1367	1742.9759712219238	0.49471207193634525	0.0	5
1368	1744.9986186027527	0.49471207193634525	0.0	6
1369	1746.0326895713806	0.49471207193634525	0.0	7
1370	1747.0909423828125	0.49471207193634525	0.0	8
1371	1748.1144976615906	0.4948146899357679	0.00010261799942262728	0
1372	1749.1681261062622	0.4948146899357679	0.0	1
1373	1750.2194883823395	0.4948146899357679	0.0	2
1374	1751.254821062088	0.4948146899357679	0.0	3
1375	1752.3187041282654	0.4948146899357679	0.0	4
1376	1753.3707022666931	0.4948146899357679	0.0	5
1377	1754.437898159027	0.4948146899357679	0.0	6
1378	1755.479321718216	0.4948146899357679	0.0	7
1379	1756.5274863243103	0.4948146899357679	0.0	8
1380	1757.5730299949646	0.4948146899357679	0.0	9
1381	1758.6191403865814	0.4948146899357679	0.0	10
1382	1759.666907787323	0.4948146899357679	0.0	11
1383	1760.6981117725372	0.4948146899357679	0.0	12
1384	1761.7462332248688	0.4948146899357679	0.0	13
1385	1762.783574104309	0.4948146899357679	0.0	14
1386	1763.8493249416351	0.4948146899357679	0.0	15
1387	1764.9007201194763	0.4948146899357679	0.0	16
1388	1765.9443271160126	0.4948146899357679	0.0	17
1389	1766.9823460578918	0.49621183822667075	0.001397148290902872	0
1390	1768.0134994983673	0.49621183822667075	0.0	1
1391	1769.9915668964386	0.49621183822667075	0.0	2
1392	1771.9521069526672	0.4978253935005593	0.0016135552738885672	0
1393	1773.8962986469269	0.4978253935005593	0.0	1
1394	1775.8365812301636	0.4978253935005593	0.0	2
1395	1777.1499044895172	0.4978253935005593	0.0	3
1396	1778.208405971527	0.4978253935005593	0.0	4
1397	1779.2565248012543	0.49823614741583067	0.00041075391527134464	0
1398	1780.3028802871704	0.49823614741583067	0.0	1
1399	1781.3487820625305	0.49823614741583067	0.0	2
1400	1782.3762633800507	0.49823614741583067	0.0	3
1401	1783.4219896793365	0.49823614741583067	0.0	4
1402	1784.4549968242645	0.49823614741583067	0.0	5
1403	1785.5126357078552	0.49823614741583067	0.0	6
1404	1786.5738101005554	0.49823614741583067	0.0	7
1405	1787.6043660640717	0.49823614741583067	0.0	8
1406	1788.6473202705383	0.49823614741583067	0.0	9
1407	1789.6721034049988	0.49823614741583067	0.0	10
1408	1790.7283205986023	0.49823614741583067	0.0	11
1409	1791.7819952964783	0.49823614741583067	0.0	12
1410	1792.8240599632263	0.49823614741583067	0.0	13
1411	1793.873249053955	0.49823614741583067	0.0	14
1412	1794.8926756381989	0.49823614741583067	0.0	15
1413	1795.9456851482391	0.49823614741583067	0.0	16
1414	1796.9814434051514	0.49823614741583067	0.0	17
1415	1798.039235830307	0.49823614741583067	0.0	18
1416	1799.0947988033295	0.49823614741583067	0.0	19
1417	1800.712256193161	0.5040098194712579	0.005773672055427226	0
