1	8.44621467590332	0.030057137873934124	10000000000.030058	0
2	14.330229043960571	0.04919848577908311	0.019141347905148987	0
3	20.22139024734497	0.04971070067993347	0.0005122149008503565	0
4	26.08368945121765	0.04971070067993347	0.0	1
5	32.09466624259949	0.05371857833290386	0.004007877652970393	0
6	38.036064863204956	0.05745978634218047	0.00374120800927661	0
7	43.934860706329346	0.05745978634218047	0.0	1
8	49.88638114929199	0.0595640854499508	0.0021042991077703313	0
9	55.848140478134155	0.05974291296734445	0.00017882751739364822	0
10	61.76219463348389	0.05990867328786778	0.000165760320523331	0
11	67.71910214424133	0.0610429572201204	0.0011342839322526221	0
12	73.72880005836487	0.06589122583483649	0.004848268614716086	0
13	79.6503975391388	0.06630437985353026	0.00041315401869376767	0
14	85.61199188232422	0.06783000254023379	0.0015256226867035316	0
15	91.58810305595398	0.06802461043648098	0.000194607896247187	0
16	97.48094987869263	0.07160072612619471	0.0035761156897137353	0
17	103.43116974830627	0.07200468369330959	0.0004039575671148793	0
18	109.34775471687317	0.07483214874496345	0.002827465051653863	0
19	115.26216220855713	0.07483214874496345	0.0	1
20	121.17559885978699	0.07636169250579787	0.0015295437608344176	0
21	127.17643690109253	0.07636169250579787	0.0	1
22	133.07541704177856	0.07791782819527736	0.0015561356894794875	0
23	138.99068641662598	0.08037070026998219	0.0024528720747048344	0
24	144.91456365585327	0.08037070026998219	0.0	1
25	150.8825569152832	0.08076461037059594	0.00039391010061375076	0
26	156.85123205184937	0.08076461037059594	0.0	1
27	162.78110885620117	0.08126434829460269	0.0004997379240067462	0
28	168.71601629257202	0.08526080587635869	0.003996457581755999	0
29	174.66081309318542	0.0874980142985148	0.002237208422156106	0
30	180.62880873680115	0.0874980142985148	0.0	1
31	186.51755619049072	0.08798297384510868	0.0004849595465938883	0
32	192.45317316055298	0.0880210865026471	3.8112657538419414e-05	0
33	198.39226126670837	0.08886887122844828	0.0008477847258011734	0
34	204.28086805343628	0.09102192068028485	0.0021530494518365723	0
35	210.1854588985443	0.0916748870437828	0.0006529663634979449	0
36	216.16113948822021	0.093285409907351	0.0016105228635682062	0
37	222.11713075637817	0.093285409907351	0.0	1
38	228.09341096878052	0.09379838889149175	0.0005129789841407523	0
39	234.09984707832336	0.09667453565697619	0.002876146765484436	0
40	241.08673524856567	0.09752526690756183	0.0008507312505856429	0
41	248.08788442611694	0.09930664245513961	0.0017813755475777765	0
42	255.14031052589417	0.09930664245513961	0.0	1
43	261.0550067424774	0.09995421905746345	0.0006475766023238405	0
44	267.01682567596436	0.10064484054359538	0.0006906214861319288	0
45	273.05620884895325	0.10341892042260119	0.0027740798790058113	0
46	278.97123193740845	0.1037569106071964	0.00033799018459521046	0
47	284.9977331161499	0.10469865470096983	0.0009417440937734278	0
48	290.99673867225647	0.10469865470096983	0.0	1
49	296.9799039363861	0.10469865470096983	0.0	2
50	302.94036841392517	0.10866534506184407	0.003966690360874242	0
51	308.9733180999756	0.10866534506184407	0.0	1
52	314.88995361328125	0.10881527009932533	0.0001499250374812633	0
53	320.8898015022278	0.10881527009932533	0.0	1
54	326.87767148017883	0.10923719048678784	0.0004219203874625127	0
55	332.8397727012634	0.10949497480263774	0.0002577843158498988	0
56	338.78323698043823	0.10992344708993158	0.0004284722872938407	0
57	344.7612428665161	0.10992344708993158	0.0	1
58	350.7059061527252	0.10992344708993158	0.0	2
59	356.7593960762024	0.11052516954413417	0.0006017224542025912	0
60	362.7082417011261	0.11124394772828429	0.0007187781841501151	0
61	368.7216737270355	0.11345859967965236	0.0022146519513680657	0
62	374.69630002975464	0.11345859967965236	0.0	1
63	380.69836044311523	0.11345859967965236	0.0	2
64	386.6535573005676	0.11642500893108132	0.002966409251428964	0
65	392.6508221626282	0.11642500893108132	0.0	1
66	398.62599205970764	0.11642500893108132	0.0	2
67	404.5962517261505	0.11676741890285325	0.00034240997177192867	0
68	410.59941244125366	0.1174562010986694	0.0006887821958161539	0
69	416.64285159111023	0.11909388323416416	0.0016376821354947557	0
70	422.6250786781311	0.11909388323416416	0.0	1
71	428.65253591537476	0.11909388323416416	0.0	2
72	434.6394248008728	0.11909388323416416	0.0	3
73	440.64750719070435	0.11993755929652361	0.0008436760623594525	0
74	446.6761956214905	0.1230227812119331	0.0030852219154094834	0
75	452.7483048439026	0.1230227812119331	0.0	1
76	458.7561459541321	0.1230227812119331	0.0	2
77	464.7624263763428	0.1230227812119331	0.0	3
78	470.8112494945526	0.12314986610698556	0.00012708489505246223	0
79	476.8793828487396	0.12534023210562686	0.002190365998641308	0
80	482.89049100875854	0.12534023210562686	0.0	1
81	488.90483021736145	0.12541519462436748	7.496251874061777e-05	0
82	496.0283088684082	0.12541519462436748	0.0	1
83	503.266699552536	0.1256506878396739	0.00023549321530641487	0
84	510.44267320632935	0.1256825505704179	3.186273074401447e-05	0
85	516.4019701480865	0.12657587832060532	0.0008933277501874115	0
86	522.437659740448	0.1279024184196964	0.0013265400990910836	0
87	528.4748318195343	0.12803649444808846	0.00013407602839204946	0
88	534.4897396564484	0.12803649444808846	0.0	1
89	540.5415823459625	0.12803649444808846	0.0	2
90	546.5376172065735	0.12874094263903205	0.0007044481909435907	0
91	552.5577204227448	0.12875043191294977	9.489273917723251e-06	0
92	558.57430768013	0.12903394799182438	0.0002835160788746127	0
93	564.6771857738495	0.12903394799182438	0.0	1
94	570.7362394332886	0.12955497959028298	0.0005210315984585934	0
95	576.7759170532227	0.12969826122095202	0.00014328163066903987	0
96	582.8698303699493	0.1298036955643272	0.00010543434337517699	0
97	588.9196617603302	0.13053133162422695	0.0007276360598997555	0
98	594.9320278167725	0.13063650974805566	0.00010517812382870861	0
99	600.9226772785187	0.1313880748834567	0.0007515651354010333	0
100	606.882958650589	0.1313880748834567	0.0	1
101	612.9511668682098	0.1313880748834567	0.0	2
102	618.9373438358307	0.132020388121369	0.0006323132379122964	0
103	624.9272663593292	0.132023700674077	3.312552708023553e-06	0
104	630.9455244541168	0.13232742149433094	0.00030372082025392766	0
105	636.9952857494354	0.13272391209180565	0.00039649059747470794	0
106	643.033447265625	0.1337781914706709	0.0010542793788652638	0
107	649.0872232913971	0.13408675301021364	0.0003085615395427288	0
108	655.1794867515564	0.13415126543173725	6.451242152361036e-05	0
109	661.2087478637695	0.13422622795047787	7.496251874061777e-05	0
110	667.2592220306396	0.13422622795047787	0.0	1
111	673.3030912876129	0.1352657930068169	0.0010395650563390368	0
112	679.280702829361	0.1352657930068169	0.0	1
113	685.3689420223236	0.13579920549978916	0.0005334124929722572	0
114	691.4208300113678	0.13602423946718045	0.00022503396739129156	0
115	697.4905014038086	0.13641922019947056	0.00039498073229010666	0
116	703.5032918453217	0.13641922019947056	0.0	1
117	709.5607664585114	0.13645973033990816	4.0510140437599595e-05	0
118	715.5835869312286	0.13647130597299006	1.1575633081906123e-05	0
119	721.6636073589325	0.13719523600016398	0.0007239300271739135	0
120	727.6614317893982	0.13719523600016398	0.0	1
121	733.7030076980591	0.1375509510869565	0.00035571508679252406	0
122	739.6870679855347	0.1380779946940592	0.0005270436071027063	0
123	745.750593662262	0.13833824969839298	0.00026025500433377036	0
124	752.884690284729	0.13842434861670727	8.60989183142924e-05	0
125	760.1276309490204	0.13842434861670727	0.0	1
126	767.3521790504456	0.1387672161233836	0.0003428675066763365	0
127	773.3110883235931	0.13920642217953522	0.0004392060561516087	0
128	779.3640348911285	0.13920642217953522	0.0	1
129	785.4181883335114	0.13986001079050317	0.0006535886109679534	0
130	791.472531080246	0.1408068243710176	0.0009468135805144329	0
131	797.5401577949524	0.14081733852312125	1.0514152103652252e-05	0
132	803.622079372406	0.14160378611963548	0.0007864475965142226	0
133	809.6470558643341	0.14160378611963548	0.0	1
134	815.6796510219574	0.14160378611963548	0.0	2
135	821.7957785129547	0.14202246715997469	0.0004186810403392083	0
136	827.8533113002777	0.142428227414613	0.00040576025463831544	0
137	833.8865699768066	0.1426729079308002	0.0002446805161872012	0
138	839.9090695381165	0.14467514472744095	0.002002236796640744	0
139	845.9004695415497	0.14467514472744095	0.0	1
140	851.9490602016449	0.1447596880270802	8.454329963925034e-05	0
141	857.9539318084717	0.14492429993499342	0.00016461190791322577	0
142	864.0066511631012	0.14539303529387648	0.00046873535888306006	0
143	870.0503056049347	0.14539303529387648	0.0	1
144	876.0966603755951	0.14662084851129123	0.0012278132174147471	0
145	882.1560289859772	0.14662084851129123	0.0	1
146	888.2324233055115	0.14662084851129123	0.0	2
147	894.2782938480377	0.1468521598575712	0.00023131134627996097	0
148	900.3191537857056	0.1475343352493675	0.0006821753917962969	0
149	906.4239060878754	0.1475343352493675	0.0	1
150	912.4800474643707	0.14780457366531577	0.0002702384159482818	0
151	918.5529880523682	0.14870109500913606	0.000896521343820289	0
152	924.6239347457886	0.14976478130563622	0.0010636862965001659	0
153	930.7037971019745	0.14976478130563622	0.0	1
154	936.7451963424683	0.14976478130563622	0.0	2
155	942.8431031703949	0.1499976848733836	0.0002329035677473834	0
156	948.8998324871063	0.1521683402683424	0.0021706553949587815	0
157	955.0072846412659	0.1521683402683424	0.0	1
158	961.0976061820984	0.1521683402683424	0.0	2
159	967.2157480716705	0.1521683402683424	0.0	3
160	973.2559885978699	0.15308791222064747	0.000919571952305076	0
161	979.3948702812195	0.15308791222064747	0.0	1
162	985.4965863227844	0.15311013011560626	2.221789495879256e-05	0
163	991.5410952568054	0.15311013011560626	0.0	1
164	997.6853923797607	0.1540224455643272	0.0009123154487209462	0
165	1003.8296804428101	0.1540224455643272	0.0	1
166	1011.0800521373749	0.1541827291920446	0.00016028362771738913	0
167	1018.3488781452179	0.15492627831592015	0.0007435491238755587	0
168	1025.6108849048615	0.15492627831592015	0.0	1
169	1031.6295595169067	0.1551645807955397	0.00023830247961956208	0
170	1037.6756851673126	0.1551645807955397	0.0	1
171	1043.8007628917694	0.1551645807955397	0.0	2
172	1049.8353197574615	0.15539451953710642	0.0002299387415667098	0
173	1055.9508876800537	0.15566909538394863	0.0002745758468422066	0
174	1062.0637049674988	0.15577553630411356	0.00010644092016492968	0
175	1068.1303095817566	0.15624824306596702	0.0004727067618534586	0
176	1074.1902124881744	0.15677958750117127	0.0005313444352042507	0
177	1080.2786989212036	0.15707892513704083	0.0002993376358695621	0
178	1086.3257229328156	0.15806205783826835	0.0009831327012275182	0
179	1092.445160150528	0.15809082763305846	2.8769794790106662e-05	0
180	1098.5648365020752	0.15848284353916792	0.0003920159061094608	0
181	1104.6588683128357	0.15856832936071025	8.548582154233042e-05	0
182	1110.7206478118896	0.15874894583958019	0.00018061647886993826	0
183	1116.8471744060516	0.1591452076696027	0.00039626183002250404	0
184	1122.8794765472412	0.15959498278204648	0.00044977511244378987	0
185	1128.9515252113342	0.16027804579155733	0.0006830630095108481	0
186	1135.0157301425934	0.1602793451906859	1.2993991285736861e-06	0
187	1141.100040435791	0.16069275542892614	0.00041341023824023604	0
188	1147.193913936615	0.16069275542892614	0.0	1
189	1153.3666462898254	0.16069275542892614	0.0	2
190	1159.4688127040863	0.16127915046383057	0.00058639503490443	0
191	1165.6153843402863	0.16184028957201085	0.0005611391081802863	0
192	1171.7267563343048	0.16184028957201085	0.0	1
193	1177.877695798874	0.16216621913652549	0.00032592956451463206	0
194	1183.994188785553	0.16256777007004308	0.0004015509335175971	0
195	1190.1209454536438	0.16268488070417914	0.00011711063413605283	0
196	1196.2351133823395	0.16268488070417914	0.0	1
197	1202.3792855739594	0.16312107618065966	0.00043619547648052204	0
198	1208.4799852371216	0.16408019745010305	0.0009591212694433915	0
199	1214.5914590358734	0.16408019745010305	0.0	1
200	1220.7275593280792	0.16444834833559782	0.0003681508854947724	0
201	1226.8646252155304	0.16444834833559782	0.0	1
202	1232.9727847576141	0.16444834833559782	0.0	2
203	1239.0923027992249	0.16467502942864504	0.00022668109304721518	0
204	1245.2800483703613	0.16471207145450711	3.704202586207739e-05	0
205	1251.4180493354797	0.1647899255938437	7.785413933658614e-05	0
206	1257.5841224193573	0.16532392373149363	0.000533998137649927	0
207	1263.7884650230408	0.16537906583817466	5.514210668103314e-05	0
208	1271.114652633667	0.16537906583817466	0.0	1
209	1278.439798116684	0.1657683182334614	0.0003892523952867266	0
210	1285.7654058933258	0.1657683182334614	0.0	1
211	1291.8617424964905	0.1657683182334614	0.0	2
212	1297.9678733348846	0.16613542593937405	0.00036710770591266706	0
213	1304.1145458221436	0.1669671328886338	0.0008317069492597418	0
214	1310.315200805664	0.16698181060836767	1.4677719733874328e-05	0
215	1316.5166318416595	0.16725887544508994	0.00027706483672226834	0
216	1322.6985311508179	0.16725887544508994	0.0	1
217	1328.865558385849	0.16780919842812966	0.0005503229830397249	0
218	1335.034396648407	0.16780919842812966	0.0	1
219	1341.232812166214	0.16780919842812966	0.0	2
220	1347.4081463813782	0.16876557448814655	0.0009563760600168891	0
221	1353.6460735797882	0.16876557448814655	0.0	1
222	1359.842633485794	0.1687738467192185	8.27223107194297e-06	0
223	1366.037502527237	0.1687738467192185	0.0	1
224	1372.2436113357544	0.16946867752647113	0.0006948308072526332	0
225	1378.4284608364105	0.16946867752647113	0.0	1
226	1384.6115016937256	0.17001654812242314	0.0005478705959520158	0
227	1390.7903509140015	0.17024341222943215	0.00022686410700900606	0
228	1397.01305270195	0.17024341222943215	0.0	1
229	1403.184980392456	0.1710594165807721	0.0008160043513399384	0
230	1409.4221272468567	0.1710594165807721	0.0	1
231	1415.5930087566376	0.1711056276061188	4.621102534671517e-05	0
232	1421.7791955471039	0.17181039607149548	0.0007047684653766761	0
233	1428.0021204948425	0.17181039607149548	0.0	1
234	1434.219910621643	0.17181039607149548	0.0	2
235	1440.3965928554535	0.17181039607149548	0.0	3
236	1446.6217575073242	0.1720352836277174	0.0002248875562219088	0
237	1452.8688752651215	0.1722121849231634	0.00017690129544600808	0
238	1459.036069393158	0.1722121849231634	0.0	1
239	1465.2649664878845	0.1723450347580116	0.00013284983484820878	0
240	1471.50803732872	0.1725915728659108	0.0002465381078991802	0
241	1477.7027432918549	0.1727137895895802	0.0001222167236694105	0
242	1483.9143106937408	0.17298558362420352	0.00027179403462332385	0
243	1490.1306612491608	0.17298558362420352	0.0	1
244	1496.377923488617	0.1730320325677005	4.644894349697948e-05	0
245	1502.570360660553	0.17335446656554535	0.0003224339978448454	0
246	1508.7966175079346	0.17356227891913417	0.00020781235358882655	0
247	1515.0555799007416	0.17356227891913417	0.0	1
248	1521.2472457885742	0.17356227891913417	0.0	2
249	1527.4898989200592	0.1736734599009089	0.00011118098177473335	0
250	1534.8271298408508	0.17368617937125186	1.2719470342953398e-05	0
251	1542.1669790744781	0.17368617937125186	0.0	1
252	1549.5425698757172	0.17374598833395802	5.980896270615932e-05	0
253	1555.7668406963348	0.17403710864294414	0.0002911203089861203	0
254	1561.9999463558197	0.17403710864294414	0.0	1
255	1568.2302451133728	0.1746611130469921	0.0006240044040479731	0
256	1574.425371646881	0.1751108881594359	0.00044977511244378987	0
257	1580.6142029762268	0.1751108881594359	0.0	1
258	1586.8791053295135	0.1751108881594359	0.0	2
259	1593.105015039444	0.1751108881594359	0.0	3
260	1599.3502643108368	0.17514880865231447	3.7920492878568135e-05	0
261	1605.6273016929626	0.17541816860124623	0.0002693599489317633	0
262	1611.9003033638	0.1758207078101574	0.00040253920891117345	0
263	1618.1245918273926	0.1758758133140461	5.510550388868052e-05	0
264	1624.3347103595734	0.1764334568555566	0.0005576435415104997	0
265	1630.5360963344574	0.1764334568555566	0.0	1
266	1636.7555496692657	0.1764334568555566	0.0	2
267	1643.0144655704498	0.1764334568555566	0.0	3
268	1649.2195909023285	0.17683242729221327	0.0003989704366566815	0
269	1655.4683666229248	0.17731089899386243	0.00047847170164916353	0
270	1661.7242517471313	0.17768594950571587	0.0003750505118534364	0
271	1667.9488441944122	0.17768594950571587	0.0	1
272	1674.1691620349884	0.17789970981306222	0.0002137603073463501	0
273	1680.4485359191895	0.17836725558119376	0.00046754576813154425	0
274	1686.6857044696808	0.1791864443754685	0.0008191887942747278	0
275	1692.888376712799	0.1791864443754685	0.0	1
276	1699.1313591003418	0.1791864443754685	0.0	2
277	1705.368257522583	0.17967657406648238	0.0004901296910138908	0
278	1711.5781626701355	0.17992915163511994	0.00025257756863755754	0
279	1717.8280985355377	0.18032017926583582	0.0003910276307158844	0
280	1724.030348777771	0.18032017926583582	0.0	1
281	1730.3013956546783	0.18069499185953897	0.00037481259370314435	0
282	1736.525997877121	0.18069499185953897	0.0	1
283	1742.7456591129303	0.18069499185953897	0.0	2
284	1748.967636346817	0.18069499185953897	0.0	3
285	1755.2439477443695	0.18106813902619	0.0003731471666510444	0
286	1761.528565645218	0.18138486298842765	0.00031672396223764165	0
287	1767.763314962387	0.18166908367105508	0.0002842206826274285	0
288	1774.0761668682098	0.18166908367105508	0.0	1
289	1780.3382315635681	0.18166908367105508	0.0	2
290	1786.56152009964	0.1818325883444996	0.00016350467344453112	0
291	1792.8457777500153	0.18214845214111694	0.0003158637966173272	0
292	1800.2708539962769	0.18293263036450524	0.0007841782233883043	0
293	1807.591159582138	0.18293263036450524	0.0	1
294	1815.0585279464722	0.18301904955725262	8.641919274737786e-05	0
295	1821.1943852901459	0.18301904955725262	0.0	1
296	1827.3820250034332	0.18301904955725262	0.0	2
297	1833.627008676529	0.18346229107126122	0.00044324151400859657	0
298	1839.8395302295685	0.18347210061961206	9.809548350836472e-06	0
299	1846.1030731201172	0.18365515118417353	0.00018305056456147106	0
300	1852.3396182060242	0.18386393351175973	0.00020878232758619886	0
301	1858.6080281734467	0.18407456428035981	0.00021063076860008967	0
302	1864.8954374790192	0.18450832567114878	0.0004337613907889615	0
303	1871.1899092197418	0.184659074271458	0.0001507486003092251	0
304	1877.517158985138	0.1847163210386994	5.724676724139233e-05	0
305	1883.7806334495544	0.18487473792400674	0.00015841688530734976	0
306	1890.0567729473114	0.18517467950595012	0.0002999415819433804	0
307	1896.304271221161	0.18557344862724887	0.0003987691212987421	0
308	1902.5962026119232	0.18557344862724887	0.0	1
309	1908.8712873458862	0.18567908428598198	0.00010563565873311642	0
310	1915.099559545517	0.18573499505130245	5.5910765320466016e-05	0
311	1921.4291269779205	0.18599794951157234	0.00026295446026988745	0
312	1927.6622397899628	0.18614386654329085	0.0001459170317185121	0
313	1933.9170751571655	0.18631031774151985	0.00016645119822900067	0
314	1940.1625170707703	0.18631031774151985	0.0	1
315	1946.4733109474182	0.18631031774151985	0.0	2
316	1952.8173463344574	0.18669248749648612	0.0003821697549662717	0
317	1959.1246757507324	0.18669248749648612	0.0	1
318	1965.3684539794922	0.18713825460316716	0.0004457671066810387	0
319	1971.667860031128	0.18713825460316716	0.0	1
320	1977.915411233902	0.1873006977956334	0.0001624431924662495	0
321	1984.209774017334	0.18767724902197339	0.0003765512263399773	0
322	1990.4816291332245	0.18777490527197338	9.765624999999445e-05	0
323	1996.826591014862	0.18780336394302846	2.8458671055081597e-05	0
324	2003.117791891098	0.1883669920410888	0.0005636280980603481	0
325	2009.3337774276733	0.18879846575735568	0.0004314737162668669	0
326	2015.6276247501373	0.18879846575735568	0.0	1
327	2021.9000461101532	0.18879846575735568	0.0	2
328	2028.1733491420746	0.1889534236787856	0.0001549579214299157	0
329	2034.456008195877	0.1893192502869659	0.00036582660818029744	0
330	2040.7984766960144	0.1896456556877811	0.0003264054008152162	0
331	2047.1356556415558	0.1896456556877811	0.0	1
332	2053.4419662952423	0.1896456556877811	0.0	2
333	2059.7083823680878	0.18974506887181408	9.941318403297594e-05	0
334	2067.163724899292	0.19026413307018364	0.0005190641983695565	0
335	2074.594197034836	0.19026413307018364	0.0	1
336	2082.0432453155518	0.19032031835644678	5.6185286263138456e-05	0
337	2088.2584681510925	0.19032031835644678	0.0	1
338	2094.604553937912	0.1905385991086488	0.00021828075220201026	0
339	2100.8868157863617	0.1905656119694059	2.7012860757125168e-05	0
340	2107.1878283023834	0.19142588739809782	0.000860275428691909	0
341	2113.453394174576	0.1914803523531203	5.446495502248183e-05	0
342	2119.7821311950684	0.1914803523531203	0.0	1
343	2126.0823686122894	0.19150782274878184	2.7470395661532976e-05	0
344	2132.3797178268433	0.19150782274878184	0.0	1
345	2138.750228881836	0.19150782274878184	0.0	2
346	2145.0219197273254	0.19150782274878184	0.0	3
347	2151.3572854995728	0.19167460337214204	0.00016678062336020205	0
348	2157.6540203094482	0.19236414507589955	0.0006895417037575124	0
349	2163.959143638611	0.19236414507589955	0.0	1
350	2170.2969739437103	0.19236414507589955	0.0	2
351	2176.648957014084	0.1923888336593422	2.4688583442650236e-05	0
352	2182.9537239074707	0.1923888336593422	0.0	1
353	2189.293250799179	0.19258529914730133	0.00019646548795912433	0
354	2195.5965254306793	0.19275808262860755	0.00017278348130622678	0
355	2201.8643584251404	0.19341069211488005	0.0006526094862724929	0
356	2208.1874647140503	0.19361273952867314	0.00020204741379309388	0
357	2214.505001783371	0.19361273952867314	0.0	1
358	2220.827030658722	0.19361273952867314	0.0	2
359	2227.0764348506927	0.19375655189983132	0.00014381237115818069	0
360	2233.431341648102	0.19387289387532794	0.00011634197549661995	0
361	2239.6919260025024	0.19387289387532794	0.0	1
362	2245.9339649677277	0.1941468657760963	0.00027397190076836053	0
363	2252.2222249507904	0.19459554280476948	0.0004486770286731834	0
364	2258.5119280815125	0.19459554280476948	0.0	1
365	2264.7857372760773	0.19459554280476948	0.0	2
366	2271.1432502269745	0.19459554280476948	0.0	3
367	2277.405905723572	0.19500457900932344	0.0004090362045539586	0
368	2283.6817836761475	0.19518062013914916	0.0001760411298257214	0
369	2289.9468009471893	0.19550658630645612	0.00032596616730695693	0
370	2296.242973089218	0.19550658630645612	0.0	1
371	2302.5675444602966	0.19550658630645612	0.0	2
372	2308.8680896759033	0.19550658630645612	0.0	3
373	2315.1542840003967	0.19584146525370127	0.0003348789472451541	0
374	2321.468407392502	0.19611399134417165	0.00027252609047037635	0
375	2327.7810781002045	0.19650948451555472	0.00039549317138307116	0
376	2335.2631361484528	0.19686465971116004	0.00035517519560532285	0
377	2342.746940135956	0.19738549914495876	0.0005208394337987143	0
378	2350.286295413971	0.19738549914495876	0.0	1
379	2356.5476853847504	0.1976773881125843	0.00029188896762555316	0
380	2362.9244129657745	0.1976773881125843	0.0	1
381	2369.252945423126	0.1976773881125843	0.0	2
382	2375.52139878273	0.1976773881125843	0.0	3
383	2381.862910270691	0.1976773881125843	0.0	4
384	2388.172658920288	0.1976773881125843	0.0	5
385	2394.4735493659973	0.19788479783545726	0.00020740972287294768	0
386	2400.8111112117767	0.19818142686469264	0.0002966290292353846	0
387	2407.147750854492	0.19818142686469264	0.0	1
388	2413.4894342422485	0.19818142686469264	0.0	2
389	2419.8262705802917	0.19818728331146926	5.8564467766142325e-06	0
390	2426.2260479927063	0.19859723458583206	0.000409951274362802	0
391	2432.5306911468506	0.1986508759780266	5.364139219454778e-05	0
392	2438.906809091568	0.19870138783147487	5.051185344825959e-05	0
393	2445.2178609371185	0.19889260081873125	0.00019121298725638392	0
394	2451.5846943855286	0.19962844505481633	0.0007358442360850814	0
395	2457.9360802173615	0.19962844505481633	0.0	1
396	2464.3047091960907	0.19962844505481633	0.0	2
397	2470.6313705444336	0.19962844505481633	0.0	3
398	2476.942616701126	0.19962844505481633	0.0	4
399	2483.280814409256	0.19986257481610756	0.0002341297612912241	0
400	2489.5397384166718	0.20000915069808844	0.0001465758819808871	0
401	2495.8761098384857	0.20000915069808844	0.0	1
402	2502.2745945453644	0.20013471657725823	0.00012556587916978668	0
403	2508.5868442058563	0.20041269648378934	0.0002779799065311117	0
404	2514.9799766540527	0.20041269648378934	0.0	1
405	2521.343584060669	0.20067270441927473	0.00026000793548539014	0
406	2527.669405221939	0.20067270441927473	0.0	1
407	2534.0553028583527	0.20067270441927473	0.0	2
408	2540.437972307205	0.20072112991355884	4.8425494284104476e-05	0
409	2546.767595052719	0.20100084845272675	0.0002797185391679169	0
410	2553.1092109680176	0.20100084845272675	0.0	1
411	2559.4695303440094	0.2010262507906203	2.5402337893554172e-05	0
412	2565.8248946666718	0.20121160733110005	0.00018535654047974193	0
413	2572.159789085388	0.2013207934606915	0.00010918612959145979	0
414	2578.496864795685	0.2014208288921945	0.00010003543150299832	0
415	2584.8155686855316	0.20151676481095387	9.593591875936558e-05	0
416	2591.1964542865753	0.20204670003865252	0.0005299352276986469	0
417	2597.5313427448273	0.20222630994073273	0.00017960990208021332	0
418	2605.0311946868896	0.20232413090329834	9.782096256560902e-05	0
419	2612.4813945293427	0.20250729127623687	0.00018316037293852894	0
420	2620.0723905563354	0.20280240128958957	0.00029511001335269516	0
421	2626.330796957016	0.20280240128958957	0.0	1
422	2632.70108294487	0.2031566248125937	0.00035422352300412685	0
423	2639.112054347992	0.2031566248125937	0.0	1
424	2645.417256593704	0.2031566248125937	0.0	2
425	2651.7724940776825	0.2031566248125937	0.0	3
426	2658.131297826767	0.20344604309173536	0.00028941827914166773	0
427	2664.5063741207123	0.20344604309173536	0.0	1
428	2670.8857791423798	0.20389303639196027	0.00044699330022490713	0
429	2677.228756427765	0.20389303639196027	0.0	1
430	2683.5954868793488	0.20389303639196027	0.0	2
431	2689.9350049495697	0.20414969517194526	0.0002566587799849862	0
432	2696.304965734482	0.2043333313811844	0.0001836362092391408	0
433	2702.610179901123	0.20444390841688528	0.00011057703570088728	0
434	2708.9752082824707	0.20470530725848013	0.0002613988415948454	0
435	2715.3254129886627	0.20470530725848013	0.0	1
436	2721.6849722862244	0.20470530725848013	0.0	2
437	2728.03772521019	0.20495376701297788	0.0002484597544977485	0
438	2734.37158203125	0.20495376701297788	0.0	1
439	2740.663866996765	0.20507056652337893	0.00011679951040105552	0
440	2747.0511944293976	0.20507056652337893	0.0	1
441	2753.353843688965	0.20536404771247188	0.00029348118909294785	0
442	2759.7171313762665	0.20536404771247188	0.0	1
443	2766.061683177948	0.20536404771247188	0.0	2
444	2772.460631132126	0.2056347253619284	0.0002706776494565133	0
445	2778.7553927898407	0.20567687347732383	4.214811539543506e-05	0
446	2785.118109703064	0.20582815281812217	0.00015127934079833816	0
447	2791.4676747322083	0.20607891854853821	0.0002507657304160471	0
448	2797.7607805728912	0.20607891854853821	0.0	1
449	2804.1051166057587	0.20607891854853821	0.0	2
450	2810.4883460998535	0.20649494588643177	0.0004160273378935597	0
451	2816.813168287277	0.20649494588643177	0.0	1
452	2823.161586999893	0.20649494588643177	0.0	2
453	2829.4934298992157	0.20673529812242314	0.00024035223599136457	0
454	2835.821128845215	0.20673529812242314	0.0	1
455	2842.1763076782227	0.20678529753677846	4.9999414355322847e-05	0
456	2848.552379846573	0.20678529753677846	0.0	1
457	2854.8860070705414	0.20690610505294227	0.0001208075161638067	0
458	2861.303769826889	0.20690610505294227	0.0	1
459	2867.690493583679	0.2069194833735476	1.3378320605328398e-05	0
460	2875.2143127918243	0.207088460164449	0.00016897679090141504	0
461	2882.7469851970673	0.2071101107161263	2.1650551677299124e-05	0
462	2890.289275407791	0.2071101107161263	0.0	1
463	2896.5484414100647	0.2071101107161263	0.0	2
464	2902.9104011058807	0.20723569489669227	0.000125584180565963	0
465	2909.305467605591	0.20733415640812405	9.846151143177995e-05	0
466	2915.6288862228394	0.20756715148285232	0.00023299507472826497	0
467	2922.039429664612	0.20756715148285232	0.0	1
468	2928.3840341567993	0.20757503938460456	7.887901752240412e-06	0
469	2934.7212901115417	0.207705638147723	0.0001305987631184391	0
470	2941.0643825531006	0.2078118411497376	0.00010620300201460986	0
471	2947.440771341324	0.20790437300880807	9.253185907046046e-05	0
472	2953.8281552791595	0.20815911014219451	0.00025473713338644566	0
473	2960.1964128017426	0.20835605146645425	0.0001969413242597362	0
474	2966.545530796051	0.2085102590306409	0.00015420756418665915	0
475	2972.856353998184	0.2085356247657421	2.5365735101201548e-05	0
476	2979.2525238990784	0.20876212284482756	0.00022649807908545205	0
477	2985.573494911194	0.2090619729197901	0.0002998500749625266	0
478	2991.9042570590973	0.2090619729197901	0.0	1
479	2998.2646725177765	0.2093452602312125	0.0002832873114224088	0
480	3004.67121052742	0.2093452602312125	0.0	1
481	3011.0066134929657	0.20953140373172788	0.00018614350051537887	0
482	3017.3965661525726	0.20972144542962892	0.00019004169790104442	0
483	3023.8668868541718	0.2098678016948557	0.00014635626522677136	0
484	3030.202314853668	0.2098678016948557	0.0	1
485	3036.5719435214996	0.2098678016948557	0.0	2
486	3043.016426086426	0.2098678016948557	0.0	3
487	3049.3670959472656	0.21068177459122	0.0008139728963643122	0
488	3055.752138853073	0.21068177459122	0.0	1
489	3062.1532788276672	0.21074237051396175	6.059592274174075e-05	0
490	3068.4839239120483	0.21074237051396175	0.0	1
491	3074.881072998047	0.21083486577023985	9.249525627810784e-05	0
492	3081.2656207084656	0.21119472612326648	0.00035986035302662533	0
493	3087.621210336685	0.21119472612326648	0.0	1
494	3094.034663915634	0.2113843285876593	0.00018960246439281292	0
495	3100.387151002884	0.21163322757566527	0.00024889898800598	0
496	3106.765657901764	0.2121697696073838	0.0005365420317185177	0
497	3113.1509625911713	0.2121697696073838	0.0	1
498	3119.5555350780487	0.21224473212612444	7.496251874064552e-05	0
499	3125.8846051692963	0.2122692376956053	2.4505569480859357e-05	0
500	3132.2291939258575	0.21232928457646175	6.004688085645138e-05	0
501	3138.5726823806763	0.21258863366168476	0.00025934908522301514	0
502	3146.138247489929	0.21259895564912853	1.0321987443773217e-05	0
503	3153.657973051071	0.2128019913383152	0.00020303568918667025	0
504	3161.3123977184296	0.21318148908943965	0.00037949775112444684	0
505	3167.6559069156647	0.21318148908943965	0.0	1
506	3174.1071438789368	0.21318148908943965	0.0	2
507	3180.507029771805	0.21318148908943965	0.0	3
508	3186.899703025818	0.2133407844417635	0.0001592953523238405	0
509	3193.3201761245728	0.21340937807463453	6.859363287103903e-05	0
510	3199.7401928901672	0.21343258424498687	2.3206170352341182e-05	0
511	3206.0887887477875	0.2135160935157421	8.350927075523318e-05	0
512	3212.490373849869	0.2135417154703898	2.5621954647697676e-05	0
513	3218.8930654525757	0.21360172574845387	6.0010278064071e-05	0
514	3225.255176782608	0.21373190357946026	0.00013017783100638392	0
515	3231.6666672229767	0.21379088897933843	5.898539987816975e-05	0
516	3238.0350544452667	0.2139129775932346	0.0001220886138961763	0
517	3244.413295507431	0.21405494152337892	0.00014196393014431763	0
518	3250.7683029174805	0.21413266755294227	7.772602956335195e-05	0
519	3257.27637052536	0.21413266755294227	0.0	1
520	3263.6657886505127	0.21422353398496063	9.086643201836053e-05	0
521	3270.1117713451385	0.21454763340985755	0.00032409942489691757	0
522	3276.481257200241	0.21468077606704458	0.00013314265718702978	0
523	3282.9261362552643	0.21476461476293102	8.383869588643456e-05	0
524	3289.3105397224426	0.2151922085832084	0.0004275938202773777	0
525	3295.711906671524	0.2151922085832084	0.0	1
526	3302.035229444504	0.2151922085832084	0.0	2
527	3308.4688329696655	0.2151922085832084	0.0	3
528	3314.917717695236	0.2154367335375281	0.00024452495431970256	0
529	3321.2948355674744	0.21565825363685343	0.00022152009932532857	0
530	3327.6902935504913	0.21565825363685343	0.0	1
531	3334.050052881241	0.21565825363685343	0.0	2
532	3340.4007534980774	0.21589800192677097	0.00023974828991754626	0
533	3346.818647623062	0.21589800192677097	0.0	1
534	3353.1601276397705	0.21600290552965704	0.00010490360288606393	0
535	3359.5386481285095	0.21600290552965704	0.0	1
536	3365.8943436145782	0.21602990008901798	2.6994559360948855e-05	0
537	3372.24072432518	0.2164751181538137	0.00044521806479572157	0
538	3378.576261281967	0.2164751181538137	0.0	1
539	3384.9451546669006	0.21657195084098574	9.683268717203264e-05	0
540	3391.3202481269836	0.21673726735265178	0.00016531651166604155	0
541	3397.687502145767	0.216751359427708	1.4092075056232334e-05	0
542	3404.065412759781	0.2169763933950993	0.00022503396739129156	0
543	3410.4845821857452	0.2169763933950993	0.0	1
544	3418.0667786598206	0.2169763933950993	0.0	2
545	3425.650623559952	0.2171333461687125	0.00015695277361318927	0
546	3433.2810995578766	0.2172311671312781	9.782096256560902e-05	0
547	3439.5922980308533	0.21735105957763304	0.00011989244635493557	0
548	3446.008468389511	0.21735105957763304	0.0	1
549	3452.416356563568	0.21735105957763304	0.0	2
550	3458.728240251541	0.21735105957763304	0.0	3
551	3465.1357107162476	0.21755856080748687	0.00020750122985382924	0
552	3471.528057575226	0.21755856080748687	0.0	1
553	3477.8782753944397	0.21796732249109818	0.00040876168361131393	0
554	3484.2596180438995	0.21796732249109818	0.0	1
555	3490.696772813797	0.21796732249109818	0.0	2
556	3497.0811381340027	0.21796732249109818	0.0	3
557	3503.522484064102	0.21796732249109818	0.0	4
558	3509.917241334915	0.21895484752740815	0.000987525036309972	0
559	3516.316040992737	0.21895484752740815	0.0	1
560	3522.743295431137	0.21895484752740815	0.0	2
561	3529.1905460357666	0.21895484752740815	0.0	3
562	3535.615140914917	0.21895484752740815	0.0	4
563	3541.997115135193	0.21902334965329834	6.850212589018523e-05	0
564	3548.4009561538696	0.21916203763352698	0.0001386879802286467	0
565	3554.803455591202	0.21950866607711766	0.0003466284435906797	0
566	3561.1807355880737	0.2198188198381278	0.0003101537610101235	0
567	3567.564284324646	0.2198188198381278	0.0	1
568	3573.9013056755066	0.2198265064245221	7.686586394300976e-06	0
569	3580.3357825279236	0.21988408261689465	5.757619237256595e-05	0
570	3586.7561824321747	0.21993322186562966	4.913924873500841e-05	0
571	3593.172991514206	0.22011446059196962	0.00018123872633996063	0
572	3599.598593235016	0.22035003616355883	0.00023557557158920828	0
573	3606.0103895664215	0.2205782545738849	0.00022821841032608092	0
