1	1.3790607452392578	0.03821706695800003	10000000000.038218	0
2	2.3787338733673096	0.054600114837597816	0.016383047879597788	0
3	3.420236349105835	0.054600114837597816	0.0	1
4	4.355173349380493	0.06513265217320201	0.010532537335604192	0
5	5.297245502471924	0.06888004163045443	0.0037473894572524202	0
6	6.272739410400391	0.07356617515357107	0.004686133523116642	0
7	7.261277675628662	0.08133814323461798	0.007771968081046909	0
8	8.23189926147461	0.10243804298899771	0.02109989975437973	0
9	9.254830360412598	0.10823231868956838	0.005794275700570672	0
10	10.281629085540771	0.10823231868956838	0.0	1
11	11.365485906600952	0.16527383369311952	0.05704151500355113	0
12	12.456535816192627	0.17095509214264354	0.005681258449524024	0
13	13.60743260383606	0.17095509214264354	0.0	1
14	14.938163757324219	0.19894804642721417	0.02799295428457063	0
15	16.39644765853882	0.21115742611923097	0.012209379692016797	0
16	17.954474925994873	0.21115742611923097	0.0	1
17	19.671293020248413	0.213306335741253	0.0021489096220220216	0
18	21.460430145263672	0.213306335741253	0.0	1
19	23.43182349205017	0.22764066607948316	0.014334330338230172	0
20	25.507301807403564	0.22764066607948316	0.0	1
21	27.641334533691406	0.22764066607948316	0.0	2
22	29.751147985458374	0.22764066607948316	0.0	3
23	31.92730450630188	0.22764066607948316	0.0	4
24	34.115411043167114	0.22879629424124054	0.0011556281617573771	0
25	36.368468046188354	0.22879629424124054	0.0	1
26	38.6265332698822	0.2322681919809734	0.00347189773973286	0
27	40.81571435928345	0.23280280933045505	0.0005346173494816531	0
28	43.09603953361511	0.23522012275561952	0.0024173134251644635	0
29	45.370834827423096	0.23522012275561952	0.0	1
30	47.65119123458862	0.23791450366639255	0.0026943809107730365	0
31	49.935370683670044	0.23791450366639255	0.0	1
32	52.251307010650635	0.23791450366639255	0.0	2
33	54.32872223854065	0.23791450366639255	0.0	3
34	56.65606069564819	0.23791450366639255	0.0	4
35	58.96806883811951	0.23911067591519639	0.001196172248803834	0
36	61.33211636543274	0.23911067591519639	0.0	1
37	63.68838930130005	0.23911067591519639	0.0	2
38	66.00771808624268	0.23911067591519639	0.0	3
39	68.33269262313843	0.23911067591519639	0.0	4
40	70.68792843818665	0.23911067591519639	0.0	5
41	73.05082416534424	0.23911067591519639	0.0	6
42	75.39740800857544	0.23911067591519639	0.0	7
43	77.74679636955261	0.2392223790121611	0.00011170309696470482	0
44	80.13181591033936	0.23952641099263608	0.00030403198047498914	0
45	82.53258752822876	0.23952641099263608	0.0	1
46	84.87547326087952	0.24016331333482854	0.0006369023421924636	0
47	87.28353428840637	0.24016331333482854	0.0	1
48	89.67147612571716	0.24126301693954347	0.0010997036047149245	0
49	92.11541938781738	0.24126301693954347	0.0	1
50	94.51725339889526	0.24126301693954347	0.0	2
51	96.9784460067749	0.24164511940696023	0.00038210246741676723	0
52	99.50077509880066	0.24164511940696023	0.0	1
53	102.04893469810486	0.24164511940696023	0.0	2
54	104.53708600997925	0.24164511940696023	0.0	3
55	106.96458148956299	0.2422178228886314	0.0005727034816711551	0
56	109.48038411140442	0.2422178228886314	0.0	1
57	111.98726534843445	0.2422178228886314	0.0	2
58	114.52359223365784	0.2422178228886314	0.0	3
59	116.98436164855957	0.24273131642805523	0.0005134935394238427	0
60	119.56721758842468	0.24273131642805523	0.0	1
61	122.14792323112488	0.24273131642805523	0.0	2
62	124.76966261863708	0.24273131642805523	0.0	3
63	127.26879501342773	0.24273131642805523	0.0	4
64	129.87968826293945	0.24273131642805523	0.0	5
65	132.4813470840454	0.24306613368470895	0.0003348172566537133	0
66	135.03313541412354	0.24306613368470895	0.0	1
67	137.63331723213196	0.24355933084442286	0.0004931971597139095	0
68	140.1592447757721	0.24355933084442286	0.0	1
69	142.7062747478485	0.24355933084442286	0.0	2
70	145.15241479873657	0.2436532198527213	9.388900829843116e-05	0
71	147.5794529914856	0.2436532198527213	0.0	1
72	150.00516486167908	0.2436532198527213	0.0	2
73	152.40915775299072	0.2439795681164025	0.00032634826368121983	0
74	154.91991925239563	0.2442655426463442	0.00028597452994169603	0
75	157.45352387428284	0.2442655426463442	0.0	1
76	159.95531392097473	0.2442655426463442	0.0	2
77	162.4564299583435	0.2442655426463442	0.0	3
78	164.93873119354248	0.24456889321359152	0.00030335056724731246	0
79	167.42770314216614	0.24456889321359152	0.0	1
80	169.89692997932434	0.24456889321359152	0.0	2
81	172.29010200500488	0.24456889321359152	0.0	3
82	174.8218469619751	0.24468093701717006	0.00011204380357854316	0
83	177.22647166252136	0.24489628793330093	0.00021535091613086865	0
84	179.71635818481445	0.24529579077421004	0.00039950284090911614	0
85	182.12754654884338	0.24529579077421004	0.0	1
86	184.61263751983643	0.24529579077421004	0.0	2
87	187.03154039382935	0.2453232663289972	2.7475554787159684e-05	0
88	189.43546962738037	0.24567463219260866	0.0003513658636114525	0
89	191.81486082077026	0.24567463219260866	0.0	1
90	194.22482109069824	0.24567463219260866	0.0	2
91	196.6427764892578	0.24567463219260866	0.0	3
92	199.05762553215027	0.24567463219260866	0.0	4
93	201.50026750564575	0.24567463219260866	0.0	5
94	203.9685263633728	0.24572164970531798	4.7017512709329745e-05	0
95	206.36719059944153	0.24572164970531798	0.0	1
96	208.75583672523499	0.2460690244343102	0.00034737472899221133	0
97	211.03897833824158	0.24607021690745864	1.1924731484480589e-06	0
98	213.4816746711731	0.24607021690745864	0.0	1
99	215.88553500175476	0.24607021690745864	0.0	2
100	218.26722979545593	0.24608971019300738	1.9493285548732864e-05	0
101	220.63115978240967	0.24608971019300738	0.0	1
102	222.94928622245789	0.24624589983926434	0.00015618964625696563	0
103	225.34732747077942	0.24624589983926434	0.0	1
104	227.72413110733032	0.24624589983926434	0.0	2
105	230.10146832466125	0.24653031685325708	0.00028441701399273267	0
106	232.48465776443481	0.24653031685325708	0.0	1
107	234.91624999046326	0.24653031685325708	0.0	2
108	237.20161843299866	0.2466536283112789	0.00012331145802182975	0
109	239.4924440383911	0.24666275438129237	9.126070013465437e-06	0
110	241.87735652923584	0.24666275438129237	0.0	1
111	244.26807355880737	0.24666275438129237	0.0	2
112	246.6930377483368	0.24674286910791718	8.011472662480812e-05	0
113	249.14423942565918	0.24676645087283194	2.3581764914765158e-05	0
114	251.56109976768494	0.24676645087283194	0.0	1
115	253.94879364967346	0.24689204993240382	0.00012559905957187922	0
116	256.35563349723816	0.24689204993240382	0.0	1
117	258.7282609939575	0.24689204993240382	0.0	2
118	261.17995405197144	0.24689204993240382	0.0	3
119	263.6232762336731	0.24690648129111842	1.4431358714595e-05	0
120	266.18061780929565	0.24690648129111842	0.0	1
121	268.66129970550537	0.24690648129111842	0.0	2
122	271.14009141921997	0.24693875107468602	3.226978356760113e-05	0
123	273.5940170288086	0.24696878192907695	3.0030854390933337e-05	0
124	276.07256388664246	0.24698883494691987	2.005301784291369e-05	0
125	278.5208010673523	0.24709956459641647	0.00011072964949659925	0
126	281.01699686050415	0.24709956459641647	0.0	1
127	283.4775414466858	0.24716977449505334	7.020989863687488e-05	0
128	285.917090177536	0.24716977449505334	0.0	1
129	288.41183042526245	0.24716977449505334	0.0	2
130	290.8769497871399	0.24716977449505334	0.0	3
131	293.45375204086304	0.24746285519151215	0.0002930806964588084	0
132	295.9118685722351	0.24749631744822817	3.346225671602143e-05	0
133	298.37169075012207	0.24749631744822817	0.0	1
134	300.81757402420044	0.24749631744822817	0.0	2
135	303.38546419143677	0.24749631744822817	0.0	3
136	305.7319333553314	0.24751133287542365	1.5015427195480546e-05	0
137	308.0923526287079	0.24751133287542365	0.0	1
138	310.4418978691101	0.2475118682715311	5.353961074483493e-07	2
139	312.7923948764801	0.2475118682715311	0.0	3
140	315.1283280849457	0.24754275089245664	3.088262092554306e-05	0
141	317.4811067581177	0.24760787452807267	6.51236356160323e-05	0
142	319.8103165626526	0.24760787452807267	0.0	1
143	322.20524191856384	0.24760787452807267	0.0	2
144	324.60971212387085	0.2476320403614683	2.416583339562295e-05	0
145	326.98732018470764	0.2476320403614683	0.0	1
146	329.3462474346161	0.24764131244860196	9.272087133666007e-06	0
147	331.7137224674225	0.24764131244860196	0.0	1
148	334.0566303730011	0.24764131244860196	0.0	2
149	336.38792514801025	0.24764131244860196	0.0	3
150	338.6900200843811	0.24765469735128837	1.3384902686403022e-05	0
151	341.06099009513855	0.24765469735128837	0.0	1
152	343.38591384887695	0.24765469735128837	0.0	2
153	345.77480030059814	0.24789854594204794	0.0002438485907595711	0
154	348.1388626098633	0.24789854594204794	0.0	1
155	350.5038957595825	0.24790151495682566	2.9690147777261533e-06	0
156	352.84448075294495	0.24790151495682566	0.0	1
157	355.22767519950867	0.24790151495682566	0.0	2
158	357.5422832965851	0.24790151495682566	0.0	3
159	359.9132010936737	0.24790151495682566	0.0	4
160	362.3242518901825	0.24790151495682566	0.0	5
161	364.65134477615356	0.24799912740168958	9.76124448639204e-05	0
162	366.9922196865082	0.248051620556407	5.249315471742011e-05	0
163	369.3394401073456	0.248051620556407	0.0	1
164	371.6723282337189	0.248051620556407	0.0	2
165	374.0347261428833	0.248051620556407	0.0	3
166	376.3458733558655	0.2480582399991901	6.619442783101226e-06	0
167	378.691068649292	0.2480659058980014	7.665898811293204e-06	0
168	381.00860810279846	0.24810333495314993	3.742905514853012e-05	0
169	383.3603413105011	0.24810333495314993	0.0	1
170	385.6754126548767	0.24810333495314993	0.0	2
171	387.9714081287384	0.24811160925662878	8.274303478855716e-06	0
172	390.2674219608307	0.24814762681294858	3.6017556319795085e-05	0
173	392.6311218738556	0.24814762681294858	0.0	1
174	394.95076036453247	0.24814762681294858	0.0	2
175	397.2853436470032	0.2481726930852522	2.5066272303614356e-05	0
176	399.59649658203125	0.2481726930852522	0.0	1
177	401.8968164920807	0.24823324151776816	6.054843251596109e-05	0
178	404.22818088531494	0.24823324151776816	0.0	1
179	406.5598793029785	0.24823324151776816	0.0	2
180	408.93113899230957	0.248253951612652	2.0710094883857888e-05	0
181	411.3152599334717	0.248253951612652	0.0	1
182	413.6268391609192	0.248253951612652	0.0	2
183	416.01857018470764	0.24825594717996163	1.995567309620583e-06	0
184	418.4282867908478	0.24833039157508474	7.444439512310774e-05	0
185	420.8567397594452	0.24833039157508474	0.0	1
186	423.31928539276123	0.24833039157508474	0.0	2
187	425.7802040576935	0.24833039157508474	0.0	3
188	428.2553141117096	0.24833039157508474	0.0	4
189	430.70450258255005	0.24833701101786781	6.61944278307347e-06	0
190	433.1972210407257	0.24833701101786781	0.0	1
191	435.6859292984009	0.24847368304238934	0.00013667202452152805	0
192	438.16349029541016	0.24847368304238934	0.0	1
193	440.6492168903351	0.24847368304238934	0.0	2
194	443.1133487224579	0.24847368304238934	0.0	3
195	445.66049909591675	0.2484988223232531	2.5139280863756275e-05	0
196	448.10343170166016	0.2484988223232531	0.0	1
197	450.58854722976685	0.2484988223232531	0.0	2
198	453.0110032558441	0.2484988223232531	0.0	3
199	455.41482615470886	0.24866401635859	0.00016519403533690746	0
200	457.88004755973816	0.24866401635859	0.0	1
201	460.38492798805237	0.24866401635859	0.0	2
202	462.67581844329834	0.24866401635859	0.0	3
203	465.0260474681854	0.24866401635859	0.0	4
204	467.35211277008057	0.24866401635859	0.0	5
205	469.71034359931946	0.24866401635859	0.0	6
206	472.02704644203186	0.24866401635859	0.0	7
207	474.3870589733124	0.24866401635859	0.0	8
208	476.68805146217346	0.24867311809241677	9.101733826760716e-06	0
209	478.95882987976074	0.24867311809241677	0.0	1
210	481.27651596069336	0.2486894720098809	1.6353917464129175e-05	0
211	483.5843062400818	0.2486894720098809	0.0	1
212	485.9045548439026	0.24868976404412133	2.920342404288956e-07	2
213	488.23154497146606	0.24868976404412133	0.0	3
214	490.5829403400421	0.24869339013594	3.6260918186703517e-06	0
215	492.8840911388397	0.24870249186976676	9.101733826760716e-06	0
216	495.1913688182831	0.24870249186976676	0.0	1
217	497.4474015235901	0.2488431793650942	0.00014068749532744618	0
218	499.7285134792328	0.2490881960928155	0.0002450167277212867	0
219	502.00259470939636	0.2490919682017544	3.7721089388986773e-06	0
220	504.2918748855591	0.2490919682017544	0.0	1
221	506.57406759262085	0.2490919682017544	0.0	2
222	508.93565917015076	0.24940797358608702	0.00031600538433262937	0
223	511.23721957206726	0.24940797358608702	0.0	1
224	513.5535480976105	0.24940797358608702	0.0	2
225	515.8442471027374	0.24940797358608702	0.0	3
226	518.1589002609253	0.24940797358608702	0.0	4
227	520.4695675373077	0.24940797358608702	0.0	5
228	522.7569282054901	0.24940797358608702	0.0	6
229	524.9659023284912	0.24948653079676286	7.855721067584476e-05	0
230	527.2312304973602	0.24948653079676286	0.0	1
231	529.6076285839081	0.24948653079676286	0.0	2
232	531.9196376800537	0.24967737517288427	0.00019084437612140737	0
233	534.1978363990784	0.24967737517288427	0.0	1
234	536.5196039676666	0.24967737517288427	0.0	2
235	538.8414361476898	0.24983001173588268	0.00015263656299840944	0
236	541.1652851104736	0.24983001173588268	0.0	1
237	543.4532961845398	0.2498950623629386	6.505062705591813e-05	0
238	545.7911913394928	0.2501218026144463	0.00022674025150767885	0
239	548.0733172893524	0.2501916231340959	6.982051964959934e-05	0
240	550.3744325637817	0.2501916231340959	0.0	1
241	552.716944694519	0.2501916231340959	0.0	2
242	554.8589382171631	0.2501916231340959	0.0	3
243	557.0714206695557	0.2501916231340959	0.0	4
244	559.3329977989197	0.25020364521032695	1.2022076231077428e-05	0
245	561.6175084114075	0.25022873581881727	2.5090608490319077e-05	0
246	563.8843548297882	0.25026110294713166	3.236712831439226e-05	0
247	566.2051537036896	0.25026110294713166	0.0	1
248	568.5990419387817	0.25026110294713166	0.0	2
249	570.9366154670715	0.25026110294713166	0.0	3
250	573.3527414798737	0.25027093476655954	9.831819427874589e-06	0
251	575.7611894607544	0.2502927156536583	2.1780887098754587e-05	0
252	578.2237868309021	0.25039485462924893	0.00010213897559063767	0
253	580.6172616481781	0.25039485462924893	0.0	1
254	583.097003698349	0.25039485462924893	0.0	2
255	585.4553158283234	0.25039485462924893	0.0	3
256	587.8046479225159	0.25039485462924893	0.0	4
257	590.2087934017181	0.25039485462924893	0.0	5
258	592.4782238006592	0.25039485462924893	0.0	6
259	594.8741829395294	0.25039485462924893	0.0	7
260	597.2645246982574	0.250669585840934	0.0002747312116850864	0
261	599.6609227657318	0.250669585840934	0.0	1
262	601.991194486618	0.250669585840934	0.0	2
263	604.4139449596405	0.250669585840934	0.0	3
264	606.8204987049103	0.2506766433350778	7.057494143758447e-06	0
265	609.2375795841217	0.2506766433350778	0.0	1
266	611.6062138080597	0.2506837495015949	7.106166517112378e-06	0
267	614.032881975174	0.2507158245956689	3.207509407399112e-05	0
268	616.2688071727753	0.2507158245956689	0.0	1
269	618.5629251003265	0.2507158245956689	0.0	2
270	620.831788778305	0.2507158245956689	0.0	3
271	623.1346650123596	0.2507158245956689	0.0	4
272	625.411557674408	0.2507158245956689	0.0	5
273	627.6498205661774	0.2507174307839912	1.606188322345048e-06	0
274	629.9395723342896	0.2507174307839912	0.0	1
275	632.2133884429932	0.2507174307839912	0.0	2
276	634.423401594162	0.2507174307839912	0.0	3
277	636.5842564105988	0.2507174307839912	0.0	4
278	638.7689089775085	0.2507174307839912	0.0	5
279	640.9718930721283	0.2507174307839912	0.0	6
280	643.2006905078888	0.2507174307839912	0.0	7
281	645.4964735507965	0.2507174307839912	0.0	8
282	647.7644505500793	0.2507174307839912	0.0	9
283	650.0332088470459	0.2507272869396058	9.856155614551554e-06	0
284	652.2819588184357	0.2507272869396058	0.0	1
285	654.5502228736877	0.2507272869396058	0.0	2
286	656.7838201522827	0.2507272869396058	0.0	3
287	659.0994079113007	0.2507272869396058	0.0	4
288	661.3615522384644	0.2507272869396058	0.0	5
289	663.665730714798	0.25072886879174144	1.5818521356680826e-06	0
290	665.9019513130188	0.25072886879174144	0.0	1
291	668.16255235672	0.25073110772091806	2.238929176612281e-06	0
292	670.4013397693634	0.25074257006485495	1.1462343936896602e-05	0
293	672.6305997371674	0.25074257006485495	0.0	1
294	674.942113161087	0.25152473510547496	0.0007821650406200087	0
295	677.1249356269836	0.25152473510547496	0.0	1
296	679.3698244094849	0.25152473510547496	0.0	2
297	681.6454970836639	0.25152473510547496	0.0	3
298	683.915869474411	0.25152473510547496	0.0	4
299	686.1628086566925	0.25152473510547496	0.0	5
300	688.3751068115234	0.25152473510547496	0.0	6
301	690.5999240875244	0.25152473510547496	0.0	7
302	692.8234090805054	0.25152473510547496	0.0	8
303	695.1099948883057	0.25152473510547496	0.0	9
304	697.3558077812195	0.25152473510547496	0.0	10
305	699.6318428516388	0.25152473510547496	0.0	11
306	701.8591432571411	0.25152473510547496	0.0	12
307	704.1365878582001	0.2515400182307242	1.5283125249232477e-05	0
308	706.3128678798676	0.2516561748498555	0.00011615661913128017	0
309	708.5243406295776	0.2516561748498555	0.0	1
310	710.7958812713623	0.2516586814770858	2.5066272303364556e-06	0
311	713.034987449646	0.25190077786240284	0.0002420963853170255	0
312	715.3038911819458	0.25190077786240284	0.0	1
313	717.59876537323	0.25190077786240284	0.0	2
314	719.8532667160034	0.25190077786240284	0.0	3
315	722.142970085144	0.25190077786240284	0.0	4
316	724.4606621265411	0.25190077786240284	0.0	5
317	726.8830597400665	0.25190077786240284	0.0	6
318	729.2269642353058	0.25190077786240284	0.0	7
319	731.6433072090149	0.25190077786240284	0.0	8
320	734.0069341659546	0.25190077786240284	0.0	9
321	736.3773453235626	0.25190077786240284	0.0	10
322	738.6944029331207	0.25190204334411137	1.265481708534466e-06	0
323	741.0735914707184	0.25190204334411137	0.0	1
324	743.398469209671	0.25190204334411137	0.0	2
325	745.7288801670074	0.2519319525175688	2.9909173457409732e-05	0
326	748.0530943870544	0.2519319525175688	0.0	1
327	750.4004375934601	0.25206120200514603	0.0001292494875772543	0
328	752.8005805015564	0.25206120200514603	0.0	1
329	755.1732187271118	0.2521363034773101	7.510147216405194e-05	0
330	757.5571024417877	0.2521363034773101	0.0	1
331	759.8857202529907	0.2521363034773101	0.0	2
332	762.25621342659	0.2521363034773101	0.0	3
333	764.6207127571106	0.2521363034773101	0.0	4
334	766.8454465866089	0.2521363034773101	0.0	5
335	769.0757348537445	0.252222794284851	8.649080754091765e-05	0
336	771.3458404541016	0.252222794284851	0.0	1
337	773.5558805465698	0.252222794284851	0.0	2
338	775.7847745418549	0.252222794284851	0.0	3
339	778.0210433006287	0.2522464003859525	2.360610110146988e-05	0
340	780.2559905052185	0.252247665867661	1.265481708534466e-06	0
341	782.5126030445099	0.2522995019453374	5.1836077676392645e-05	0
342	784.710732460022	0.25231198640911584	1.248446377843937e-05	0
343	786.8990893363953	0.25231198640911584	0.0	1
344	789.128931760788	0.25231198640911584	0.0	2
345	791.3647980690002	0.25231198640911584	0.0	3
346	793.6164133548737	0.25231198640911584	0.0	4
347	795.7988605499268	0.2525894189375249	0.00027743252840906063	0
348	798.0709567070007	0.2525894189375249	0.0	1
349	800.4176318645477	0.2525894189375249	0.0	2
350	802.6703398227692	0.2525894189375249	0.0	3
351	804.8715226650238	0.25260484807989436	1.5429142369460802e-05	0
352	807.1275811195374	0.25260484807989436	0.0	1
353	809.37535405159	0.25260484807989436	0.0	2
354	811.5811939239502	0.25260484807989436	0.0	3
355	813.8504033088684	0.2526379696299965	3.312155010215534e-05	0
356	816.0970959663391	0.25265853370776015	2.0564077763629562e-05	0
357	818.2968535423279	0.25282966577265253	0.00017113206489238753	0
358	820.5145242214203	0.25282966577265253	0.0	1
359	822.7274105548859	0.25282966577265253	0.0	2
360	824.9731967449188	0.2528563625694652	2.6696796812664125e-05	0
361	827.2118508815765	0.2528563625694652	0.0	1
362	829.4770147800446	0.2528608404278185	4.477858353280073e-06	0
363	831.7272307872772	0.2528608404278185	0.0	1
364	833.9158401489258	0.2528608404278185	0.0	2
365	836.1129338741302	0.2528627873227547	1.946894936211141e-06	0
366	838.3076884746552	0.2528627873227547	0.0	1
367	840.523003578186	0.2528627873227547	0.0	2
368	842.6683633327484	0.25287108596242025	8.298639665560437e-06	0
369	844.9109036922455	0.25287108596242025	0.0	1
370	847.1561019420624	0.2528894841195674	1.83981571471592e-05	0
371	849.3115475177765	0.25289578719192335	6.303072355939854e-06	0
372	851.5515375137329	0.25289578719192335	0.0	1
373	853.7285897731781	0.25289578719192335	0.0	2
374	855.9115858078003	0.25289578719192335	0.0	3
375	858.10138630867	0.2528980504572867	2.2632653633447575e-06	0
376	860.2923438549042	0.2528980504572867	0.0	1
377	862.5002727508545	0.2528980504572867	0.0	2
378	864.7593314647675	0.25292450389223237	2.6453434945672427e-05	0
379	867.0314326286316	0.25292450389223237	0.0	1
380	869.1918370723724	0.25292450389223237	0.0	2
381	871.3756558895111	0.25292450389223237	0.0	3
382	873.7058918476105	0.25292450389223237	0.0	4
383	876.0545997619629	0.25292450389223237	0.0	5
384	878.3656146526337	0.252937134373131	1.2630480898612184e-05	0
385	880.6930551528931	0.252937134373131	0.0	1
386	882.9959552288055	0.2531152995959804	0.0001781652228494135	0
387	885.2877578735352	0.2531152995959804	0.0	1
388	887.6279027462006	0.2531152995959804	0.0	2
389	890.0287284851074	0.2531152995959804	0.0	3
390	892.3313858509064	0.2531152995959804	0.0	4
391	894.6605648994446	0.25332493150823615	0.00020963191225575883	0
392	896.9313108921051	0.25332493150823615	0.0	1
393	899.2356691360474	0.25332493150823615	0.0	2
394	901.539272069931	0.25332493150823615	0.0	3
395	903.8322353363037	0.25332493150823615	0.0	4
396	906.1397998332977	0.25332493150823615	0.0	5
397	908.4364109039307	0.25332493150823615	0.0	6
398	910.7633118629456	0.25335162830504887	2.6696796812719636e-05	0
399	913.132119178772	0.25335162830504887	0.0	1
400	915.3213748931885	0.25335162830504887	0.0	2
401	917.500426530838	0.25336686275792464	1.5234452875767523e-05	0
402	919.6431081295013	0.25336686275792464	0.0	1
403	921.8641993999481	0.25336686275792464	0.0	2
404	924.0162930488586	0.25336686275792464	0.0	3
405	926.2346069812775	0.25336686275792464	0.0	4
406	928.4047055244446	0.25336686275792464	0.0	5
407	930.6017470359802	0.2533722653913726	5.402633447948446e-06	0
408	932.6547639369965	0.2533722653913726	0.0	1
409	934.8056893348694	0.2533722653913726	0.0	2
410	936.9980776309967	0.2533722653913726	0.0	3
411	939.2387516498566	0.2533722653913726	0.0	4
412	941.4482233524323	0.2533722653913726	0.0	5
413	943.6082985401154	0.2533837764076829	1.1511016310306044e-05	0
414	945.7947359085083	0.2533837764076829	0.0	1
415	947.9562103748322	0.2533837764076829	0.0	2
416	950.1091701984406	0.2533837764076829	0.0	3
417	952.272547006607	0.2533837764076829	0.0	4
418	954.3473258018494	0.2533837764076829	0.0	5
419	956.5868999958038	0.2533837764076829	0.0	6
420	958.6784226894379	0.2533837764076829	0.0	7
421	960.8894875049591	0.2533837764076829	0.0	8
422	963.0837726593018	0.2533837764076829	0.0	9
423	965.2614068984985	0.2533837764076829	0.0	10
424	967.39022564888	0.2533837764076829	0.0	11
425	969.5195291042328	0.2533837764076829	0.0	12
426	971.6545174121857	0.2533837764076829	0.0	13
427	973.7726767063141	0.2533837764076829	0.0	14
428	975.991037607193	0.2533837764076829	0.0	15
429	978.1456377506256	0.2533837764076829	0.0	16
430	980.3826725482941	0.2533837764076829	0.0	17
431	982.6000943183899	0.2533837764076829	0.0	18
432	984.773131608963	0.2533837764076829	0.0	19
433	986.9439041614532	0.2533837764076829	0.0	20
434	989.1417889595032	0.2533837764076829	0.0	21
435	991.3509244918823	0.2533837764076829	0.0	22
436	993.5611600875854	0.2533922697368421	8.493329159198204e-06	0
437	995.7274992465973	0.25339747768079646	5.20794395436619e-06	0
438	997.8985822200775	0.25339747768079646	0.0	1
439	1000.0479817390442	0.25339747768079646	0.0	2
440	1002.2595286369324	0.25339747768079646	0.0	3
441	1004.5068528652191	0.25339747768079646	0.0	4
442	1006.7670240402222	0.25339747768079646	0.0	5
443	1009.0070931911469	0.25340127412592206	3.796445125603398e-06	0
444	1011.2712740898132	0.2534038294255258	2.5552996037458975e-06	0
445	1013.4816772937775	0.2535242205411433	0.00012039111561751303	0
446	1015.6780557632446	0.2535242205411433	0.0	1
447	1017.8646152019501	0.2535242205411433	0.0	2
448	1020.1286306381226	0.2535242205411433	0.0	3
449	1022.3937141895294	0.2535283576928828	4.137151739469491e-06	0
450	1024.6763091087341	0.25359988174560155	7.152405271876328e-05	0
451	1026.9150235652924	0.25359988174560155	0.0	1
452	1029.1431291103363	0.25359988174560155	0.0	2
453	1031.3558433055878	0.2536722332286683	7.235148306672379e-05	0
454	1033.599797487259	0.2536722332286683	0.0	1
455	1035.8686971664429	0.25369919772353466	2.69644948663883e-05	0
456	1038.1756558418274	0.25378561552251544	8.641779898077573e-05	0
457	1040.5091450214386	0.25378561552251544	0.0	1
458	1042.7876348495483	0.25378561552251544	0.0	2
459	1045.0732860565186	0.25378561552251544	0.0	3
460	1047.327531337738	0.25378561552251544	0.0	4
461	1049.64728474617	0.25378561552251544	0.0	5
462	1051.925784111023	0.25378561552251544	0.0	6
463	1054.1960632801056	0.25378561552251544	0.0	7
464	1056.4617547988892	0.25378561552251544	0.0	8
465	1058.803962945938	0.25378561552251544	0.0	9
466	1061.03568649292	0.25378561552251544	0.0	10
467	1063.207347393036	0.25407898825321473	0.0002933727306992928	0
468	1065.3726208209991	0.25407898825321473	0.0	1
469	1067.542643070221	0.25407898825321473	0.0	2
470	1069.771087884903	0.25407898825321473	0.0	3
471	1071.9389638900757	0.25410308107805024	2.4092824835508786e-05	0
472	1074.1391258239746	0.25410308107805024	0.0	1
473	1076.3756716251373	0.25411286422510465	9.783147054409636e-06	0
474	1078.6360249519348	0.2541138863449462	1.022119841542768e-06	0
475	1080.8247849941254	0.2541138863449462	0.0	1
476	1083.0408489704132	0.25412213631223834	8.249967292150995e-06	0
477	1085.238540649414	0.25412213631223834	0.0	1
478	1087.423457622528	0.25412213631223834	0.0	2
479	1089.5833954811096	0.25412213631223834	0.0	3
480	1091.7487194538116	0.2541327225534539	1.058624121558216e-05	0
481	1093.9119448661804	0.2541327225534539	0.0	1
482	1096.0995082855225	0.2541327225534539	0.0	2
483	1098.2619936466217	0.2541327225534539	0.0	3
484	1100.4312431812286	0.2541327225534539	0.0	4
485	1102.6441655158997	0.2541360566110322	3.3340575782969673e-06	0
486	1104.8309943675995	0.25416122022808263	2.5163617050405485e-05	0
487	1107.0320727825165	0.25416122022808263	0.0	1
488	1109.210197687149	0.25435710219485147	0.0001958819667688405	0
489	1111.3746376037598	0.25435710219485147	0.0	1
490	1113.5587685108185	0.25435710219485147	0.0	2
491	1115.7790293693542	0.25435710219485147	0.0	3
492	1118.0075006484985	0.25435710219485147	0.0	4
493	1120.247714996338	0.25435710219485147	0.0	5
494	1122.43949842453	0.25435710219485147	0.0	6
495	1124.6640305519104	0.25435710219485147	0.0	7
496	1126.8761467933655	0.25435710219485147	0.0	8
497	1129.087014913559	0.25435805130613287	9.491112814008495e-07	9
498	1131.2068974971771	0.25435805130613287	0.0	10
499	1133.4476609230042	0.25435805130613287	0.0	11
500	1135.6913540363312	0.25435805130613287	0.0	12
501	1137.880264043808	0.25440859756591405	5.054625978118121e-05	0
502	1140.1487431526184	0.25440859756591405	0.0	1
503	1142.3599245548248	0.25440859756591405	0.0	2
504	1144.5171101093292	0.25440859756591405	0.0	3
505	1146.7044994831085	0.25440859756591405	0.0	4
506	1148.927936553955	0.25440859756591405	0.0	5
507	1151.1274983882904	0.2544366328529954	2.803528708134051e-05	0
508	1153.3431270122528	0.2545108582224382	7.422536944279301e-05	0
509	1155.554089307785	0.2545108582224382	0.0	1
510	1157.7953572273254	0.2545108582224382	0.0	2
511	1159.983675479889	0.2545278448807566	1.6986658318396408e-05	0
512	1162.244087934494	0.2545331988418311	5.353961074539004e-06	0
513	1164.5160522460938	0.2545331988418311	0.0	1
514	1166.854326248169	0.2545331988418311	0.0	2
515	1169.1832625865936	0.2545331988418311	0.0	3
516	1171.4578604698181	0.2545331988418311	0.0	4
517	1173.7962181568146	0.2545331988418311	0.0	5
518	1176.10591506958	0.2545331988418311	0.0	6
519	1178.4282140731812	0.2545331988418311	0.0	7
520	1180.78022813797	0.2545583624588816	2.5163617050460996e-05	0
521	1183.1471064090729	0.2545583624588816	0.0	1
522	1185.4670417308807	0.2545583624588816	0.0	2
523	1187.7762780189514	0.2545583624588816	0.0	3
524	1190.156470298767	0.2545583624588816	0.0	4
525	1192.5164935588837	0.25456118545653905	2.822997657470072e-06	0
526	1194.8526737689972	0.2545633270409689	2.1415844298489084e-06	0
527	1197.2040870189667	0.2545633270409689	0.0	1
528	1199.5588567256927	0.2545633270409689	0.0	2
529	1201.900862455368	0.2545708712588467	7.5442178777973545e-06	0
530	1204.303763628006	0.2549322392951929	0.00036136803634617687	0
531	1206.6375451087952	0.2549322392951929	0.0	1
532	1208.9315657615662	0.2549322392951929	0.0	2
533	1211.1801116466522	0.2549322392951929	0.0	3
534	1213.4010422229767	0.2549322392951929	0.0	4
535	1215.5994703769684	0.2549322392951929	0.0	5
536	1217.7946102619171	0.25494146270995316	9.22341476028432e-06	0
537	1220.0294597148895	0.25494146270995316	0.0	1
538	1222.3144135475159	0.25494146270995316	0.0	2
539	1224.5623409748077	0.25494146270995316	0.0	3
540	1226.7362983226776	0.25494146270995316	0.0	4
541	1228.911545753479	0.25494146270995316	0.0	5
542	1231.0913031101227	0.25494146270995316	0.0	6
543	1233.2440993785858	0.25494146270995316	0.0	7
544	1235.4160492420197	0.25494146270995316	0.0	8
545	1237.6275854110718	0.25494146270995316	0.0	9
546	1239.8476121425629	0.25494146270995316	0.0	10
547	1242.0215237140656	0.25494146270995316	0.0	11
548	1244.236999988556	0.2549757037246436	3.424101469046148e-05	0
549	1246.421228170395	0.2549757037246436	0.0	1
550	1248.6939265727997	0.2549757037246436	0.0	2
551	1250.841524362564	0.255020019920629	4.431619598538328e-05	0
552	1253.0246498584747	0.255020019920629	0.0	1
553	1255.227616071701	0.255020019920629	0.0	2
554	1257.4044835567474	0.25510244658499054	8.242666436153456e-05	0
555	1259.595016002655	0.25510244658499054	0.0	1
556	1261.8317663669586	0.25510244658499054	0.0	2
557	1264.0197896957397	0.25523237748579547	0.00012993090080493097	0
558	1266.1978776454926	0.25523237748579547	0.0	1
559	1268.4496953487396	0.2553538150574412	0.00012143757164573277	0
560	1270.6030974388123	0.25536101856870513	7.2035112639312615e-06	0
561	1272.7309427261353	0.25536101856870513	0.0	1
562	1274.898681640625	0.25536101856870513	0.0	2
563	1277.1231517791748	0.2553735030324836	1.248446377843937e-05	0
564	1279.3061521053314	0.25537832159745066	4.818564967090655e-06	0
565	1281.4679181575775	0.25537832159745066	0.0	1
566	1283.6797580718994	0.25537832159745066	0.0	2
567	1285.886551141739	0.25537832159745066	0.0	3
568	1288.018714427948	0.25537832159745066	0.0	4
569	1290.1723141670227	0.2554396001155677	6.127851811704721e-05	0
570	1292.2952325344086	0.2554396001155677	0.0	1
571	1294.4819977283478	0.2554396001155677	0.0	2
572	1296.6589620113373	0.2554396001155677	0.0	3
573	1298.8242592811584	0.25549073044382975	5.1130328262039004e-05	0
574	1301.0023574829102	0.25549073044382975	0.0	1
575	1303.2456424236298	0.25549073044382975	0.0	2
576	1305.4768340587616	0.25549073044382975	0.0	3
577	1307.6962530612946	0.25549073044382975	0.0	4
578	1309.9111807346344	0.25549073044382975	0.0	5
579	1312.1350905895233	0.25550628126713265	1.555082330290114e-05	0
580	1314.4247376918793	0.25550628126713265	0.0	1
581	1316.7375800609589	0.25550628126713265	0.0	2
582	1319.049026966095	0.25553572805304275	2.94467859101033e-05	0
583	1321.393330335617	0.25553572805304275	0.0	1
584	1323.6833629608154	0.25553572805304275	0.0	2
585	1325.952356338501	0.25553572805304275	0.0	3
586	1328.2306454181671	0.25559671453691934	6.098648387659056e-05	0
587	1330.495377779007	0.25559671453691934	0.0	1
588	1332.776523590088	0.25559671453691934	0.0	2
589	1335.0446650981903	0.25559671453691934	0.0	3
590	1337.342665195465	0.25559671453691934	0.0	4
591	1339.5919873714447	0.25560236053223434	5.6459953149956554e-06	0
592	1341.8912250995636	0.25560236053223434	0.0	1
593	1344.1989147663116	0.25560236053223434	0.0	2
594	1346.5562777519226	0.25560236053223434	0.0	3
595	1348.8963906764984	0.2556030906178354	7.300856010861168e-07	4
596	1351.1722600460052	0.2556030906178354	0.0	5
597	1353.525708436966	0.2556030906178354	0.0	6
598	1355.7269637584686	0.25561194898979517	8.858371959741262e-06	0
599	1357.8501484394073	0.2559807152268989	0.0003687662371037459	0
600	1360.071634054184	0.2559807152268989	0.0	1
601	1362.256801366806	0.2559807152268989	0.0	2
602	1364.4694831371307	0.25600281248442486	2.2097257525943714e-05	0
603	1366.659643650055	0.25600281248442486	0.0	1
604	1368.827764749527	0.25600281248442486	0.0	2
605	1371.0591464042664	0.25600935891864784	6.546434222987063e-06	0
606	1373.2279071807861	0.25606805780097436	5.8698882326513324e-05	0
607	1375.3832340240479	0.25606805780097436	0.0	1
608	1377.604514837265	0.25606805780097436	0.0	2
609	1379.8085587024689	0.25606805780097436	0.0	3
610	1381.9525623321533	0.25606805780097436	0.0	4
611	1384.1647629737854	0.25606810647334777	4.867237340944186e-08	5
612	1386.3539371490479	0.25606810647334777	0.0	6
613	1388.5731024742126	0.25606810647334777	0.0	7
614	1390.823928117752	0.25606810647334777	0.0	8
615	1393.017478942871	0.25606810647334777	0.0	9
616	1395.2073340415955	0.2560688122227622	7.057494144091514e-07	10
617	1397.4389991760254	0.2560688122227622	0.0	11
618	1399.6725280284882	0.256069152929376	3.4070661381058187e-07	12
619	1401.9082436561584	0.256069152929376	0.0	13
620	1404.156625032425	0.256069152929376	0.0	14
621	1406.3849239349365	0.256069152929376	0.0	15
622	1408.5884053707123	0.256069152929376	0.0	16
623	1410.7725491523743	0.256069152929376	0.0	17
624	1412.957715511322	0.256069152929376	0.0	18
625	1415.1379804611206	0.256069152929376	0.0	19
626	1417.3409249782562	0.256069152929376	0.0	20
627	1419.5527276992798	0.2560719272546601	2.7743252841161414e-06	0
628	1421.8087878227234	0.2560719272546601	0.0	1
629	1424.0198698043823	0.2560719272546601	0.0	2
630	1426.2760972976685	0.2560719272546601	0.0	3
631	1428.5722913742065	0.2560719272546601	0.0	4
632	1430.8046922683716	0.2560719272546601	0.0	5
633	1433.036212682724	0.25607275468500795	8.274303478494893e-07	6
634	1435.2376599311829	0.25607275468500795	0.0	7
635	1437.4601039886475	0.25607275468500795	0.0	8
636	1439.6490216255188	0.2563076718952477	0.0002349172102397712	0
637	1441.8481545448303	0.2563076718952477	0.0	1
638	1444.0404784679413	0.2563076718952477	0.0	2
639	1446.2419164180756	0.2563076718952477	0.0	3
640	1448.529061794281	0.2563076718952477	0.0	4
641	1450.804215669632	0.2563142913380308	6.61944278307347e-06	0
642	1453.054354429245	0.2563177470765426	3.4557385117928163e-06	0
643	1455.288474559784	0.25663686749277315	0.0003191204162305561	0
644	1457.5007770061493	0.25663686749277315	0.0	1
645	1459.7879886627197	0.25663686749277315	0.0	2
646	1462.1636109352112	0.25663686749277315	0.0	3
647	1464.4919202327728	0.25663686749277315	0.0	4
648	1466.7948243618011	0.2566452391409988	8.371648225646844e-06	0
649	1469.1739253997803	0.25671647115947716	7.123201847836214e-05	0
650	1471.4877624511719	0.25671647115947716	0.0	1
651	1473.8233788013458	0.25671647115947716	0.0	2
652	1476.1599743366241	0.25671647115947716	0.0	3
653	1478.5189898014069	0.25671647115947716	0.0	4
654	1480.8719606399536	0.25703284158661033	0.00031637042713317243	0
655	1483.215770483017	0.25703284158661033	0.0	1
656	1485.5707409381866	0.25705265124258625	1.980965597592199e-05	0
657	1487.9494030475616	0.25705401406904155	1.3628264552978386e-06	0
658	1490.2957737445831	0.25705401406904155	0.0	1
659	1492.6002986431122	0.25705401406904155	0.0	2
660	1494.9313480854034	0.25705401406904155	0.0	3
661	1497.207715511322	0.25705401406904155	0.0	4
662	1499.5522916316986	0.25705401406904155	0.0	5
663	1501.9366126060486	0.25706026846902413	6.254399982585923e-06	0
664	1504.1360569000244	0.25706026846902413	0.0	1
665	1506.3574323654175	0.25706026846902413	0.0	2
666	1508.588053226471	0.25706026846902413	0.0	3
667	1510.787692785263	0.25706026846902413	0.0	4
668	1512.9848339557648	0.25706026846902413	0.0	5
669	1515.1886672973633	0.25706026846902413	0.0	6
670	1517.4011180400848	0.25706026846902413	0.0	7
671	1519.6966664791107	0.2570610228908119	7.544217877630821e-07	8
672	1521.8995616436005	0.2570610228908119	0.0	9
673	1524.1473169326782	0.2570610228908119	0.0	10
674	1526.3504774570465	0.2570610228908119	0.0	11
675	1528.607130765915	0.2570610228908119	0.0	12
676	1530.816109418869	0.2570610228908119	0.0	13
677	1533.0590572357178	0.2570610228908119	0.0	14
678	1535.3129227161407	0.25706367553516246	2.652644350564781e-06	0
679	1537.580851316452	0.25706367553516246	0.0	1
680	1539.821539402008	0.25706997860751846	6.303072355995365e-06	0
681	1542.068097114563	0.25706997860751846	0.0	1
682	1544.2811131477356	0.25706997860751846	0.0	2
683	1546.2999396324158	0.25706997860751846	0.0	3
684	1548.5186913013458	0.25706997860751846	0.0	4
685	1550.8148083686829	0.25707107373592003	1.095128401573664e-06	0
686	1552.9514842033386	0.25707107373592003	0.0	1
687	1555.1199102401733	0.25707107373592003	0.0	2
688	1557.37091422081	0.25707107373592003	0.0	3
689	1559.5996696949005	0.25707107373592003	0.0	4
690	1561.8666834831238	0.25707107373592003	0.0	5
691	1564.118140220642	0.25707107373592003	0.0	6
692	1566.3392703533173	0.25707107373592003	0.0	7
693	1568.514456987381	0.25707107373592003	0.0	8
694	1570.8033802509308	0.25707487018104563	3.796445125603398e-06	0
695	1573.061282634735	0.25707487018104563	0.0	1
696	1575.2976894378662	0.25707487018104563	0.0	2
697	1577.5439624786377	0.25707487018104563	0.0	3
698	1579.7455141544342	0.25707487018104563	0.0	4
699	1581.9569120407104	0.25707487018104563	0.0	5
700	1584.1660466194153	0.25707487018104563	0.0	6
701	1586.4221997261047	0.25707487018104563	0.0	7
702	1588.6520464420319	0.25707487018104563	0.0	8
703	1590.8498299121857	0.2570758923008872	1.022119841542768e-06	0
704	1593.0600335597992	0.2570758923008872	0.0	1
705	1595.3000283241272	0.2570758923008872	0.0	2
706	1597.4605770111084	0.2570758923008872	0.0	3
707	1599.6863305568695	0.25707686574835525	9.73447468077815e-07	4
708	1601.984755039215	0.25707686574835525	0.0	5
709	1604.205714225769	0.25707686574835525	0.0	6
710	1606.4746210575104	0.25707686574835525	0.0	7
711	1608.6903228759766	0.25707686574835525	0.0	8
712	1611.0383965969086	0.25707686574835525	0.0	9
713	1613.3881587982178	0.25707686574835525	0.0	10
714	1615.7894694805145	0.25707686574835525	0.0	11
715	1618.1543700695038	0.25707686574835525	0.0	12
716	1620.521047592163	0.25707686574835525	0.0	13
717	1622.925166606903	0.25707781485963666	9.491112814008495e-07	14
718	1625.3151161670685	0.25707781485963666	0.0	15
719	1627.60671043396	0.25707781485963666	0.0	16
720	1629.8850421905518	0.25707781485963666	0.0	17
721	1632.2449679374695	0.25707781485963666	0.0	18
722	1634.600040435791	0.25707781485963666	0.0	19
723	1636.9283826351166	0.25707781485963666	0.0	20
724	1639.2673852443695	0.25707781485963666	0.0	21
725	1641.602420091629	0.25707781485963666	0.0	22
726	1643.9048674106598	0.25707876397091806	9.491112814008495e-07	23
727	1646.2308642864227	0.25707876397091806	0.0	24
728	1648.5668742656708	0.25707876397091806	0.0	25
729	1650.9573998451233	0.25707876397091806	0.0	26
730	1653.1167583465576	0.25707876397091806	0.0	27
731	1655.2793555259705	0.25707876397091806	0.0	28
732	1657.512218952179	0.25707876397091806	0.0	29
733	1659.7365210056305	0.25707876397091806	0.0	30
734	1661.9550931453705	0.25707876397091806	0.0	31
735	1664.1848187446594	0.25707876397091806	0.0	32
736	1666.3983759880066	0.25707876397091806	0.0	33
737	1668.6436960697174	0.25707876397091806	0.0	34
738	1670.8613317012787	0.25707876397091806	0.0	35
739	1673.0572607517242	0.25707876397091806	0.0	36
740	1675.2298135757446	0.25707876397091806	0.0	37
741	1677.4668338298798	0.25707876397091806	0.0	38
742	1679.6941757202148	0.25707876397091806	0.0	39
743	1681.937195777893	0.25707876397091806	0.0	40
744	1684.2018647193909	0.25707876397091806	0.0	41
745	1686.4227781295776	0.25707876397091806	0.0	42
746	1688.6244053840637	0.2570789099880383	1.4601712022832558e-07	43
747	1690.8236458301544	0.2570789099880383	0.0	44
748	1693.0838079452515	0.2570789099880383	0.0	45
749	1695.3562309741974	0.2570789099880383	0.0	46
750	1697.578206062317	0.2570789099880383	0.0	47
751	1699.7552626132965	0.2570789099880383	0.0	48
752	1701.9520943164825	0.2570789099880383	0.0	49
753	1704.1850810050964	0.2570789099880383	0.0	50
754	1706.3936929702759	0.2570789099880383	0.0	51
755	1708.5592982769012	0.2570789099880383	0.0	52
756	1710.8357393741608	0.2570789099880383	0.0	53
757	1713.0317900180817	0.2570792750308388	3.650428005430584e-07	54
758	1715.1085276603699	0.2570792750308388	0.0	55
759	1717.2881679534912	0.2570792750308388	0.0	56
760	1719.5317976474762	0.2570792750308388	0.0	57
761	1721.7767932415009	0.2570792750308388	0.0	58
762	1724.0311121940613	0.2570792750308388	0.0	59
763	1726.3053374290466	0.2570792750308388	0.0	60
764	1728.4523208141327	0.2570792750308388	0.0	61
765	1730.66454744339	0.2570792750308388	0.0	62
766	1732.9310367107391	0.2570792750308388	0.0	63
767	1735.1911907196045	0.2570792750308388	0.0	64
768	1737.4018015861511	0.2570793480393989	7.300856008640721e-08	65
769	1739.6775465011597	0.2570793480393989	0.0	66
770	1741.9201588630676	0.25707937237558565	2.4336186732476506e-08	67
771	1744.1127984523773	0.25707937237558565	0.0	68
772	1746.3258230686188	0.25707937237558565	0.0	69
773	1748.5794434547424	0.25707937237558565	0.0	70
774	1750.8650209903717	0.25707937237558565	0.0	71
775	1753.1448965072632	0.25707937237558565	0.0	72
776	1755.4315106868744	0.25707937237558565	0.0	73
777	1757.7104105949402	0.25707937237558565	0.0	74
778	1760.015756368637	0.25707937237558565	0.0	75
779	1762.3460712432861	0.25707937237558565	0.0	76
780	1764.7230472564697	0.25707944538414573	7.300856008640721e-08	77
781	1767.0681591033936	0.25707944538414573	0.0	78
782	1769.4085993766785	0.25707944538414573	0.0	79
783	1771.8213856220245	0.25707944538414573	0.0	80
784	1774.195646762848	0.25707944538414573	0.0	81
785	1776.4970302581787	0.25707944538414573	0.0	82
786	1778.7915835380554	0.25707944538414573	0.0	83
787	1781.1973383426666	0.2570803458230537	9.004389079914077e-07	84
788	1783.592197418213	0.2570803458230537	0.0	85
789	1785.9795851707458	0.2570803458230537	0.0	86
790	1788.284850358963	0.2570803458230537	0.0	87
791	1790.6553659439087	0.25710514439730364	2.4798574249917937e-05	0
792	1793.0138552188873	0.25710514439730364	0.0	1
793	1795.2876875400543	0.25710514439730364	0.0	2
794	1797.6570484638214	0.25710514439730364	0.0	3
795	1800.0526595115662	0.25710514439730364	0.0	4
