1	4.326949119567871	0.04936985002494118	10000000000.04937	0
2	7.472848415374756	0.08084533319721408	0.0314754831722729	0
3	10.750118732452393	0.09081027137769018	0.009964938180476099	0
4	14.159224033355713	0.09794240227526989	0.007132130897579705	0
5	17.6374409198761	0.1001233362935966	0.0021809340183267106	0
6	21.100670099258423	0.10171864142297357	0.0015953051293769727	0
7	24.44973659515381	0.11568649018860144	0.013967848765627872	0
8	27.819312810897827	0.11568649018860144	0.0	1
9	31.131797075271606	0.11587102608083248	0.0001845358922310386	0
10	34.47056460380554	0.12088649627972758	0.005015470198895103	0
11	37.804922342300415	0.12797772494997348	0.0070912286702458915	0
12	41.0901198387146	0.12797772494997348	0.0	1
13	44.41333603858948	0.12797772494997348	0.0	2
14	47.672279357910156	0.1296698821385115	0.0016921571885380182	0
15	50.93545389175415	0.1296698821385115	0.0	1
16	54.20259666442871	0.1315122563189126	0.0018423741804011184	0
17	57.4800283908844	0.1315122563189126	0.0	1
18	60.715086221694946	0.13463243793178514	0.00312018161287253	0
19	64.02948188781738	0.13463243793178514	0.0	1
20	67.32607889175415	0.13463243793178514	0.0	2
21	70.61535429954529	0.13614089270319132	0.0015084547714061813	0
22	73.86006546020508	0.13936060701135472	0.003219714308163396	0
23	77.1173210144043	0.13936060701135472	0.0	1
24	80.34891605377197	0.1398885796971593	0.0005279726858045675	0
25	83.62655735015869	0.14029262364625622	0.00040404394909693275	0
26	86.90073657035828	0.14140967175317748	0.001117048106921259	0
27	90.12512278556824	0.14337636888148184	0.0019666971283043566	0
28	93.38439965248108	0.14337636888148184	0.0	1
29	96.6736855506897	0.14337636888148184	0.0	2
30	99.97750520706177	0.14446793968199276	0.0010915708005109215	0
31	103.9181478023529	0.14446793968199276	0.0	1
32	107.78991484642029	0.14707952127352833	0.0026115815915355722	0
33	111.2466049194336	0.14707952127352833	0.0	1
34	114.37382459640503	0.14707952127352833	0.0	2
35	117.56107974052429	0.14951217603498684	0.0024326547614585137	0
36	120.64146280288696	0.15052594080867088	0.0010137647736840338	0
37	123.7344741821289	0.15664770278043688	0.006121761971766004	0
38	126.8283908367157	0.15664770278043688	0.0	1
39	129.93463683128357	0.15701677456489896	0.0003690717844620772	0
40	132.9873526096344	0.15701677456489896	0.0	1
41	136.04562139511108	0.15873319263672955	0.0017164180718305944	0
42	139.01813101768494	0.1615559137446081	0.0028227211078785397	0
43	142.03041052818298	0.1615559137446081	0.0	1
44	145.00547862052917	0.1615559137446081	0.0	2
45	147.99673891067505	0.1615559137446081	0.0	3
46	151.004643201828	0.16393736610335163	0.002381452358743541	0
47	154.06177377700806	0.16393736610335163	0.0	1
48	157.0196168422699	0.16393736610335163	0.0	2
49	160.09421920776367	0.16393736610335163	0.0	3
50	163.1220293045044	0.16438540402187327	0.0004480379185216321	0
51	166.11476635932922	0.16438540402187327	0.0	1
52	169.11139941215515	0.16467707525388103	0.00029167123200776746	0
53	172.1176300048828	0.16633882186447568	0.00166174661059465	0
54	175.11529970169067	0.16633882186447568	0.0	1
55	178.14022421836853	0.166409194194472	7.037232999632104e-05	0
56	181.12299489974976	0.1668924295411688	0.0004832353466968087	0
57	184.1172959804535	0.16710300589866095	0.0002105763574921371	0
58	187.0974555015564	0.16809084283885403	0.000987836940193082	0
59	190.0996208190918	0.1682267893854378	0.00013594654658377614	0
60	193.08361911773682	0.16866741613348288	0.00044062674804506985	0
61	196.11284017562866	0.16866741613348288	0.0	1
62	199.1631317138672	0.16866741613348288	0.0	2
63	202.16691493988037	0.16929663351748478	0.0006292173840019011	0
64	205.1685528755188	0.1696392931518442	0.00034265963435942126	0
65	208.20698046684265	0.17120814107841045	0.0015688479265662525	0
66	211.19988703727722	0.17120814107841045	0.0	1
67	214.22399377822876	0.17189398971644906	0.0006858486380386108	0
68	217.23307609558105	0.17197888028161906	8.489056516999827e-05	0
69	220.22699642181396	0.17305015483714709	0.0010712745555280234	0
70	223.26585602760315	0.17305015483714709	0.0	1
71	226.3101806640625	0.17305015483714709	0.0	2
72	229.95031094551086	0.17432577721327736	0.0012756223761302699	0
73	233.96056652069092	0.17580957689019538	0.0014837996769180295	0
74	237.92182779312134	0.17580957689019538	0.0	1
75	241.57016897201538	0.17580957689019538	0.0	2
76	244.59393167495728	0.17580957689019538	0.0	3
77	247.6122748851776	0.17680330447196785	0.0009937275817724633	0
78	250.59613680839539	0.17680330447196785	0.0	1
79	253.5783817768097	0.1781542549759815	0.0013509505040136538	0
80	256.6537928581238	0.17841174246574554	0.00025748748976403557	0
81	259.68514800071716	0.17857267073895092	0.0001609282732053796	0
82	262.7429401874542	0.1792218802621563	0.0006492095232053796	0
83	265.7471203804016	0.1792923877502768	7.050748812051366e-05	0
84	268.7726447582245	0.1813090145422933	0.0020166267920165015	0
85	271.77928733825684	0.18228983452320538	0.0009808199809120677	0
86	274.8492293357849	0.18228983452320538	0.0	1
87	277.86636447906494	0.18228983452320538	0.0	2
88	280.8968434333801	0.1824530830108761	0.0001632484876707141	0
89	283.9328360557556	0.1824530830108761	0.0	1
90	286.9306650161743	0.18265890630766746	0.00020582329679136313	0
91	289.9731161594391	0.18340975474026572	0.0007508484325982612	0
92	292.9493176937103	0.18340975474026572	0.0	1
93	295.9744567871094	0.18340975474026572	0.0	2
94	298.9994697570801	0.18340975474026572	0.0	3
95	302.0286774635315	0.18427960990121564	0.0008698551609499228	0
96	304.97888803482056	0.18427960990121564	0.0	1
97	308.0211019515991	0.18447379833614944	0.00019418843493379523	0
98	311.0027003288269	0.18469033291428308	0.00021653457813364252	0
99	313.98299837112427	0.18469033291428308	0.0	1
100	317.0227806568146	0.18553169223738236	0.0008413593230992833	0
101	320.04749035835266	0.18601159368368242	0.00047990144630005727	0
102	323.0904905796051	0.18601159368368242	0.0	1
103	326.09465193748474	0.18601159368368242	0.0	2
104	329.1230742931366	0.1863806654681445	0.0003690717844620772	0
105	332.1147401332855	0.1863806654681445	0.0	1
106	335.1421971321106	0.1864201091140547	3.944364591021432e-05	0
107	338.13870096206665	0.18668321692914974	0.00026310781509503167	0
108	341.1484868526459	0.18668321692914974	0.0	1
109	344.21941781044006	0.18705228871361182	0.0003690717844620772	0
110	347.2335216999054	0.18705228871361182	0.0	1
111	350.2565538883209	0.18710493280298487	5.264408937305509e-05	0
112	353.2670874595642	0.18723682460584287	0.0001318918028579974	0
113	356.3215386867523	0.18779043228253597	0.000553607676693102	0
114	359.4906611442566	0.1878495864882243	5.9154205688333183e-05	0
115	363.5574131011963	0.1884649952172045	0.0006154087289801935	0
116	367.562625169754	0.1884649952172045	0.0	1
117	371.6448965072632	0.1884649952172045	0.0	2
118	374.72046518325806	0.1884649952172045	0.0	3
119	377.76554703712463	0.18866796893021084	0.0002029737130063436	0
120	380.82257628440857	0.1890768898349557	0.0004089209047448694	0
121	383.84819769859314	0.1890768898349557	0.0	1
122	386.9280996322632	0.18920315004930569	0.00012626021434997137	0
123	389.974143743515	0.18927178785004153	6.863780073584902e-05	0
124	392.99954319000244	0.19030892371603386	0.001037135865992328	0
125	396.0424590110779	0.19030892371603386	0.0	1
126	399.05165815353394	0.19043615256360721	0.00012722884757335184	0
127	402.1070418357849	0.19043615256360721	0.0	1
128	405.17380261421204	0.19043615256360721	0.0	2
129	408.2461049556732	0.19082925996782155	0.0003931074042143323	0
130	411.3092427253723	0.19082925996782155	0.0	1
131	414.4130222797394	0.19082925996782155	0.0	2
132	417.45472621917725	0.19104706728495802	0.00021780731713647028	0
133	420.5356616973877	0.19104706728495802	0.0	1
134	423.58445048332214	0.19167314224257243	0.0006260749576144087	0
135	426.64186358451843	0.19167314224257243	0.0	1
136	429.6803238391876	0.19167314224257243	0.0	2
137	432.7039279937744	0.19185596613189704	0.00018282388932461258	0
138	435.7330090999603	0.1919244913008627	6.852516896566074e-05	0
139	438.8188021183014	0.1921543952701144	0.0002299039692517102	0
140	441.86554646492004	0.193081557475722	0.0009271622056075957	0
141	444.8635449409485	0.193081557475722	0.0	1
142	447.89905524253845	0.19334507076518961	0.00026351328946760955	0
143	450.890376329422	0.19334507076518961	0.0	1
144	453.9360599517822	0.19334507076518961	0.0	2
145	456.96653962135315	0.1937141425496517	0.0003690717844620772	0
146	460.0226721763611	0.19417264395962125	0.00045850140996955835	0
147	463.05436301231384	0.1943139067257566	0.0001412627661353527	0
148	466.0766577720642	0.19439069906665205	7.679234089544296e-05	0
149	469.1008810997009	0.19468297851021868	0.00029227944356663427	0
150	472.1386630535126	0.19515943342435182	0.00047645491413314534	0
151	475.14383339881897	0.19515943342435182	0.0	1
152	478.15172386169434	0.19593846232584425	0.0007790289014924234	0
153	481.1846754550934	0.19593846232584425	0.0	1
154	484.2050566673279	0.19593846232584425	0.0	2
155	487.2316632270813	0.19593846232584425	0.0	3
156	490.3029601573944	0.19593846232584425	0.0	4
157	494.3022756576538	0.19593846232584425	0.0	5
158	498.32327222824097	0.19602356689137757	8.510456553331713e-05	0
159	502.35861015319824	0.1961229982180753	9.943132669773536e-05	0
160	505.3600962162018	0.19647774324137296	0.000354745023297659	0
161	508.3886613845825	0.19647774324137296	0.0	1
162	511.4275121688843	0.1971993299400835	0.0007215866987105302	0
163	514.5456402301788	0.19731266002721903	0.0001133300871355436	0
164	517.6114983558655	0.19731266002721903	0.0	1
165	520.698237657547	0.1974822609467268	0.00016960091950776746	0
166	523.7071142196655	0.19838473426831518	0.0009024733215883818	0
167	526.7304911613464	0.19838473426831518	0.0	1
168	529.8416793346405	0.19838473426831518	0.0	2
169	532.8658962249756	0.19839741660563526	1.2682337320074621e-05	0
170	535.9520404338837	0.19856927016054624	0.00017185355491097787	0
171	538.9992067813873	0.19856927016054624	0.0	1
172	542.0410776138306	0.19894003142156072	0.00037076126101448503	0
173	545.0573029518127	0.19894003142156072	0.0	1
174	548.127769947052	0.19926860082147305	0.00032856939991232625	0
175	551.1617429256439	0.19957480155183152	0.0003062007303584746	0
176	554.2204802036285	0.2010929651818255	0.0015181636299939905	0
177	557.2843196392059	0.20111860017271407	2.5634990888562248e-05	0
178	560.254626750946	0.20111860017271407	0.0	1
179	563.3446431159973	0.20111860017271407	0.0	2
180	566.369514465332	0.20241035141833133	0.0012917512456172564	0
181	569.3688478469849	0.20241035141833133	0.0	1
182	572.4008145332336	0.20241035141833133	0.0	2
183	575.4128804206848	0.20241035141833133	0.0	3
184	578.4216446876526	0.20241035141833133	0.0	4
185	581.3772146701813	0.20367121903257057	0.0012608676142392417	0
186	584.4132599830627	0.20367121903257057	0.0	1
187	587.444342136383	0.2039499601373639	0.0002787411047933397	0
188	590.451737165451	0.2039499601373639	0.0	1
189	593.4575016498566	0.20424136105312327	0.00029140091575935445	0
190	596.4724185466766	0.20424136105312327	0.0	1
191	599.4451184272766	0.20424136105312327	0.0	2
192	602.4334423542023	0.2044394352841276	0.00019807423100434707	0
193	605.4604616165161	0.20463487393171018	0.00019543864758256313	0
194	608.4217324256897	0.20474786612353524	0.00011299219182506204	0
195	611.4573814868927	0.2049510763632589	0.0002032102397236668	0
196	614.4553270339966	0.20519012603224765	0.00023904966898874447	0
197	617.4564015865326	0.2059834141158424	0.0007932880835947453	0
198	620.438530921936	0.2059834141158424	0.0	1
199	624.4580607414246	0.2059834141158424	0.0	2
200	628.4373819828033	0.20625262657288015	0.00026921245703775964	0
201	632.4570069313049	0.2067047530246586	0.0004521264517784451	0
202	635.4390096664429	0.2067047530246586	0.0	1
203	638.42826628685	0.2067047530246586	0.0	2
204	641.4662420749664	0.2067047530246586	0.0	3
205	644.4275145530701	0.20678589295188227	8.113992722366681e-05	0
206	647.4446380138397	0.20729316391833133	0.0005072709664490638	0
207	650.465980052948	0.20729316391833133	0.0	1
208	653.3926386833191	0.20729316391833133	0.0	2
209	656.3946421146393	0.20729316391833133	0.0	3
210	659.4107766151428	0.20729316391833133	0.0	4
211	662.4483842849731	0.20783246736021407	0.0005393034418827436	0
212	665.432909488678	0.20783246736021407	0.0	1
213	668.4362163543701	0.20828189064950867	0.00044942328929459263	0
214	671.4344868659973	0.20828189064950867	0.0	1
215	674.4360942840576	0.2084794017216622	0.00019751107215354446	0
216	677.4458291530609	0.20881493176497049	0.0003355300433082742	0
217	680.4713237285614	0.20881493176497049	0.0	1
218	683.4639930725098	0.20881493176497049	0.0	2
219	686.4884607791901	0.20884723455665252	3.230279168203731e-05	0
220	689.5070397853851	0.20918055701726565	0.000333322460613128	0
221	692.5248820781708	0.20918055701726565	0.0	1
222	695.6028954982758	0.20973520090624423	0.0005546438889785787	0
223	698.6490299701691	0.20973520090624423	0.0	1
224	701.6814975738525	0.20991973679847528	0.0001845358922310525	0
225	704.6515221595764	0.20991973679847528	0.0	1
226	707.6686341762543	0.2101042726907063	0.00018453589223102473	0
227	710.6950919628143	0.21017872229078244	7.444960007613188e-05	0
228	713.6786463260651	0.210232447645149	5.3725354366568334e-05	0
229	716.6789474487305	0.2111833301015524	0.0009508824564034013	0
230	719.687029838562	0.2111833301015524	0.0	1
231	722.7074403762817	0.21126314097388818	7.981087233577266e-05	0
232	725.7117493152618	0.21126314097388818	0.0	1
233	728.7112212181091	0.21142105071565326	0.00015790974176507766	0
234	731.6854891777039	0.21175079148597528	0.0003297407703220234	0
235	734.7114431858063	0.21216212271060159	0.00041133122462630456	0
236	737.7257902622223	0.21275931888234684	0.0005971961717452512	0
237	740.7141132354736	0.21275931888234684	0.0	1
238	743.7071826457977	0.21275931888234684	0.0	2
239	746.7494342327118	0.21275931888234684	0.0	3
240	749.7507839202881	0.21275931888234684	0.0	4
241	753.7188904285431	0.21275931888234684	0.0	5
242	757.6857101917267	0.21278551703208617	2.6198149739337095e-05	0
243	761.6946017742157	0.21278551703208617	0.0	1
244	764.6550786495209	0.21278551703208617	0.0	2
245	767.6463351249695	0.21278551703208617	0.0	3
246	770.649915933609	0.21357200215676325	0.0007864851246770777	0
247	773.6124775409698	0.21357200215676325	0.0	1
248	776.6045546531677	0.21357200215676325	0.0	2
249	779.6475698947906	0.21357200215676325	0.0	3
250	782.6183185577393	0.21357200215676325	0.0	4
251	785.6172850131989	0.21357200215676325	0.0	5
252	788.6361048221588	0.2139893253915621	0.00041732323479884426	0
253	791.6161684989929	0.2139893253915621	0.0	1
254	794.6311185359955	0.2139893253915621	0.0	2
255	797.6829771995544	0.2139893253915621	0.0	3
256	800.6667039394379	0.2139893253915621	0.0	4
257	803.6760604381561	0.21406093667103018	7.161127946808676e-05	0
258	806.612065076828	0.21430329771406165	0.00024236104303146377	0
259	809.665872335434	0.21458176850260657	0.0002784707885449267	0
260	812.5888936519623	0.21471850347158147	0.00013673496897489978	0
261	815.5980017185211	0.21514594103934073	0.000427437567759259	0
262	818.6044919490814	0.21514594103934073	0.0	1
263	821.6275610923767	0.2153079731038937	0.00016203206455298047	0
264	824.6292757987976	0.2153079731038937	0.0	1
265	827.6616795063019	0.21627286695250508	0.0009648938486113701	0
266	830.610470533371	0.2163126710200798	3.9804067574727986e-05	0
267	833.6070823669434	0.2163126710200798	0.0	1
268	836.6102979183197	0.21635463761764162	4.196659756180998e-05	0
269	839.600843667984	0.21686483701011489	0.0005101993924732651	0
270	842.59823346138	0.2171248361883535	0.0002599991782386013	0
271	845.5912184715271	0.2171248361883535	0.0	1
272	848.5787794589996	0.2171248361883535	0.0	2
273	851.5991795063019	0.21788009978634204	0.0007552635979885536	0
274	854.6024034023285	0.21788009978634204	0.0	1
275	857.5810730457306	0.21788009978634204	0.0	2
276	860.6139183044434	0.21824917157080412	0.0003690717844620772	0
277	863.6436712741852	0.21824917157080412	0.0	1
278	866.6082019805908	0.21824917157080412	0.0	2
279	869.5240485668182	0.21824917157080412	0.0	3
280	872.5198602676392	0.2186390802327459	0.00038990866194177354	0
281	875.5147716999054	0.2186390802327459	0.0	1
282	878.5604248046875	0.2192502877966991	0.00061120756395322	0
283	882.5328319072723	0.2192502877966991	0.0	1
284	886.5336549282074	0.2192502877966991	0.0	2
285	890.5610997676849	0.2194299354701052	0.0001796476734060859	0
286	893.5665748119354	0.21975627476096835	0.00032633929086314795	0
287	896.5494494438171	0.22004832894099466	0.0002920541800263132	0
288	899.554146528244	0.22004832894099466	0.0	1
289	902.5400233268738	0.22004832894099466	0.0	2
290	905.5458347797394	0.22054262472752123	0.0004942957865265718	0
291	908.5502943992615	0.22054262472752123	0.0	1
292	911.571268081665	0.22133872860537	0.0007961038778487584	0
293	914.5942318439484	0.22133872860537	0.0	1
294	917.5600726604462	0.22133872860537	0.0	2
295	920.5678260326385	0.22172856968824967	0.0003898410828796772	0
296	923.548330783844	0.22172856968824967	0.0	1
297	926.5607347488403	0.22172856968824967	0.0	2
298	929.5400352478027	0.22210142590018914	0.0003728562119394707	0
299	932.4574365615845	0.22222777621995524	0.00012635031976609978	0
300	935.4236233234406	0.2230809844052754	0.0008532081853201701	0
301	938.4315495491028	0.2230809844052754	0.0	1
302	941.4558851718903	0.2230809844052754	0.0	2
303	944.4109234809875	0.2230809844052754	0.0	3
304	947.470495223999	0.2230809844052754	0.0	4
305	950.476419210434	0.2230809844052754	0.0	5
306	953.4945812225342	0.22364738705105877	0.0005664026457833649	0
307	956.5149490833282	0.22364738705105877	0.0	1
308	959.488865852356	0.223859405095209	0.00021201804415021952	0
309	962.4917423725128	0.223859405095209	0.0	1
310	965.4434370994568	0.2240907732774728	0.00023136818226379696	0
311	968.4571924209595	0.22432394356805915	0.0002331702905863653	0
312	971.4662976264954	0.22432394356805915	0.0	1
313	974.4677078723907	0.22450847946029018	0.00018453589223102473	0
314	977.4771349430084	0.22547666215659024	0.0009681826963000573	0
315	980.488968372345	0.22547666215659024	0.0	1
316	983.4695861339569	0.22547666215659024	0.0	2
317	986.451385974884	0.22547666215659024	0.0	3
318	989.4527702331543	0.2254953815567909	1.8719400200678527e-05	0
319	992.4639191627502	0.2254953815567909	0.0	1
320	995.4600899219513	0.22559753857232653	0.00010215701553561995	0
321	998.4584047794342	0.22581397178186705	0.00021643320954051193	0
322	1001.4349880218506	0.22596746635824183	0.00015349457637478525	0
323	1004.4324407577515	0.22657896676479747	0.0006115004065556373	0
324	1007.4170436859131	0.22657896676479747	0.0	1
325	1011.4307806491852	0.22657896676479747	0.0	2
326	1015.3894736766815	0.22657896676479747	0.0	3
327	1019.3909096717834	0.2267945664992388	0.00021559973444132408	0
328	1022.3651053905487	0.2268902584511672	9.569195192840607e-05	0
329	1025.3437559604645	0.22714933404889048	0.00025907559772328503	0
330	1028.3318736553192	0.22714933404889048	0.0	1
331	1031.3352317810059	0.22753933281624839	0.00038999876735790195	0
332	1034.350732088089	0.22753933281624839	0.0	1
333	1037.3033781051636	0.22757798803976748	3.8655223519090676e-05	0
334	1040.255214691162	0.22763808835232516	6.010031255768156e-05	0
335	1043.2923283576965	0.22763808835232516	0.0	1
336	1046.2259302139282	0.22782942720347388	0.00019133885114872018	0
337	1049.200982093811	0.22809312070377377	0.00026369350029989413	0
338	1052.2224249839783	0.2282776565960048	0.00018453589223102473	0
339	1055.2244262695312	0.2282776565960048	0.0	1
340	1058.1739106178284	0.22837134370242435	9.36871064195488e-05	0
341	1061.1875672340393	0.22844108529450774	6.974159208339437e-05	0
342	1064.1938517093658	0.2286736924262433	0.0002326071317355627	0
343	1067.1995985507965	0.22889017068849188	0.00021647826224857614	0
344	1070.1823954582214	0.22889017068849188	0.0	1
345	1073.1952617168427	0.22889017068849188	0.0	2
346	1076.1307609081268	0.22945589754365428	0.0005657268551624017	0
347	1079.1269311904907	0.2299778106402242	0.0005219130965699315	0
348	1082.1428110599518	0.23069637880749447	0.000718568167270256	0
349	1085.0413653850555	0.23069637880749447	0.0	1
350	1088.03724193573	0.23069637880749447	0.0	2
351	1090.9700722694397	0.23069637880749447	0.0	3
352	1093.9551825523376	0.23069637880749447	0.0	4
353	1096.993596792221	0.23069637880749447	0.0	5
354	1099.9661605358124	0.23081630911636142	0.00011993030886695011	0
355	1102.9531481266022	0.23088936208248753	7.305296612611367e-05	0
356	1105.9239964485168	0.23116157054461156	0.0002722084621240295	0
357	1108.8878753185272	0.23143452237641862	0.0002729518318070612	0
358	1111.8749525547028	0.23143452237641862	0.0	1
359	1114.8181881904602	0.2316517665347043	0.00021724415828566768	0
360	1117.8259913921356	0.2318035941608807	0.00015182762617640955	0
361	1120.7770085334778	0.2318035941608807	0.0	1
362	1123.7446641921997	0.2319965774358738	0.00019298327499309154	0
363	1126.711360692978	0.232125811128956	0.0001292336930822091	0
364	1129.7024700641632	0.23272627362203588	0.0006004624930798785	0
365	1132.7001543045044	0.23272627362203588	0.0	1
366	1135.6316711902618	0.23272627362203588	0.0	2
367	1139.5411767959595	0.23272627362203588	0.0	3
368	1143.4661824703217	0.23272627362203588	0.0	4
369	1147.428109884262	0.23272627362203588	0.0	5
370	1150.3606715202332	0.23272627362203588	0.0	6
371	1153.3190786838531	0.23306907967769652	0.0003428060556606438	0
372	1156.2393939495087	0.23306907967769652	0.0	1
373	1159.1321606636047	0.23333594939391492	0.00026686971621839306	0
374	1162.0785925388336	0.23352048528614597	0.0001845358922310525	0
375	1165.0212228298187	0.23363910906647906	0.00011862378033308807	0
376	1167.958219051361	0.23370502117837702	6.591211189796442e-05	0
377	1170.8737304210663	0.23370502117837702	0.0	1
378	1173.8008134365082	0.2338633589208687	0.00015833774249168764	0
379	1176.7375917434692	0.2338633589208687	0.0	1
380	1179.6831395626068	0.2338633589208687	0.0	2
381	1182.622885465622	0.2338633589208687	0.0	3
382	1185.5765690803528	0.23401599749579027	0.0001526385749215653	0
383	1188.4833660125732	0.2344169665975618	0.00040096910177153666	0
384	1191.4432985782623	0.2344169665975618	0.0	1
385	1194.3957250118256	0.2344169665975618	0.0	2
386	1197.3247487545013	0.23442683314062787	9.866543066061606e-06	0
387	1200.2541477680206	0.23462835390379913	0.000201520763171259	0
388	1203.2227756977081	0.23462835390379913	0.0	1
389	1206.1699500083923	0.23477452741511348	0.0001461735113143514	0
390	1209.082768201828	0.23477452741511348	0.0	1
391	1211.962379693985	0.23477452741511348	0.0	2
392	1214.8709108829498	0.2347860383820239	1.1510966910405207e-05	0
393	1217.7892291545868	0.2350952125911146	0.00030917420909071236	0
394	1220.753438949585	0.2350952125911146	0.0	1
395	1223.6752457618713	0.23527346363057067	0.00017825103945606768	0
396	1226.6565227508545	0.23527346363057067	0.0	1
397	1229.5801217556	0.23527346363057067	0.0	2
398	1232.5491688251495	0.23527346363057067	0.0	3
399	1235.5017070770264	0.23564253541503274	0.0003690717844620772	0
400	1238.438640832901	0.23579857546941319	0.00015604005438044077	0
401	1241.3673663139343	0.23612883434587792	0.00033025887646473406	0
402	1244.3005349636078	0.23620578437125161	7.695002537369544e-05	0
403	1247.2217700481415	0.23628408597786724	7.830160661562169e-05	0
404	1250.1859588623047	0.23643305275708157	0.00014896677921433232	0
405	1253.0989742279053	0.23705532076086455	0.0006222680037829831	0
406	1256.0203034877777	0.23705532076086455	0.0	1
407	1258.9890761375427	0.23705532076086455	0.0	2
408	1261.9627585411072	0.23723983412674154	0.00018451336587699263	0
409	1265.8211462497711	0.23723983412674154	0.0	1
410	1269.7687284946442	0.23760890591120362	0.0003690717844620772	0
411	1273.7347321510315	0.23779344180343467	0.0001845358922310525	0
412	1276.6779477596283	0.23779344180343467	0.0	1
413	1279.5982208251953	0.23779344180343467	0.0	2
414	1282.4740974903107	0.23816251358789675	0.0003690717844620772	0
415	1285.4200899600983	0.2383470494801278	0.0001845358922310525	0
416	1288.3096103668213	0.2383470494801278	0.0	1
417	1291.2416496276855	0.23838723649572108	4.0187015593273756e-05	0
418	1294.1687421798706	0.23838723649572108	0.0	1
419	1297.117537021637	0.23876874282760888	0.0003815063318877987	0
420	1300.0628674030304	0.23908519304905196	0.000316450221443082	0
421	1302.9647498130798	0.23967898774133833	0.0005937946922863757	0
422	1305.886095046997	0.23967898774133833	0.0	1
423	1308.801359653473	0.23967898774133833	0.0	2
424	1311.7583153247833	0.23967898774133833	0.0	3
425	1314.6940042972565	0.23967898774133833	0.0	4
426	1317.5814111232758	0.23967898774133833	0.0	5
427	1320.5022394657135	0.23967898774133833	0.0	6
428	1323.3886306285858	0.2398635236335694	0.0001845358922310525	0
429	1326.304756641388	0.2398635236335694	0.0	1
430	1329.2526416778564	0.24000787251020714	0.00014434887663775098	0
431	1332.186859846115	0.24000787251020714	0.0	1
432	1335.124259710312	0.24000787251020714	0.0	2
433	1338.0644340515137	0.24000787251020714	0.0	3
434	1340.9855148792267	0.24000787251020714	0.0	4
435	1343.9444379806519	0.24011057015823953	0.00010269764803239045	0
436	1346.8423581123352	0.24026480810429737	0.0001542379460578447	0
437	1349.746163368225	0.24037694429466921	0.00011213619037184208	0
438	1352.6958827972412	0.24039947064870132	2.2526354032104123e-05	0
439	1355.651799440384	0.24044934399652843	4.9873347827106285e-05	0
440	1358.6009941101074	0.24072767962694916	0.00027833563042073406	0
441	1361.5558137893677	0.24072767962694916	0.0	1
442	1364.551266670227	0.2408184157809905	9.073615404134316e-05	0
443	1367.4675631523132	0.2408184157809905	0.0	1
444	1370.4023303985596	0.2408184157809905	0.0	2
445	1373.3402330875397	0.2408184157809905	0.0	3
446	1376.2621395587921	0.2408184157809905	0.0	4
447	1379.1652336120605	0.24110418510824183	0.0002857693272513284	0
448	1382.0562386512756	0.24110418510824183	0.0	1
449	1385.0021796226501	0.24110418510824183	0.0	2
450	1387.9311697483063	0.24123891523170787	0.00013473012346604252	0
451	1391.8036441802979	0.24123891523170787	0.0	1
452	1395.6667411327362	0.24141351700181077	0.00017460177010289457	0
453	1399.6508858203888	0.24141351700181077	0.0	1
454	1402.557762145996	0.2418061964052985	0.00039267940348772234	0
455	1405.5017411708832	0.2421745248200775	0.0003683284147790178	0
456	1408.4544162750244	0.24268614337285477	0.0005116185527772599	0
457	1411.3617751598358	0.2431195729507866	0.00043342957793182646	0
458	1414.268477678299	0.2431195729507866	0.0	1
459	1417.2234556674957	0.2431195729507866	0.0	2
460	1420.1613278388977	0.2431195729507866	0.0	3
461	1423.0952789783478	0.24325887592412115	0.00013930297333455965	0
462	1426.0665340423584	0.2434851531503737	0.00022627722625254143	0
463	1429.0333471298218	0.24404741094701513	0.0005622577966414299	0
464	1431.988228559494	0.24404741094701513	0.0	1
465	1434.8862900733948	0.24420441963461895	0.00015700868760382125	0
466	1437.754374742508	0.24420441963461895	0.0	1
467	1440.678329706192	0.24498056516279526	0.0007761455281763141	0
468	1443.6025516986847	0.2455699672160454	0.0005894020532501432	0
469	1446.522097826004	0.24575450310827643	0.00018453589223102473	0
470	1449.432992219925	0.24575450310827643	0.0	1
471	1452.3261044025421	0.24575450310827643	0.0	2
472	1455.2443029880524	0.24575450310827643	0.0	3
473	1458.1466369628906	0.24593370025460187	0.0001791971463254438	0
474	1461.0773231983185	0.24593903900050748	5.338745905608677e-06	0
475	1463.9992725849152	0.24593903900050748	0.0	1
476	1466.933217048645	0.24593903900050748	0.0	2
477	1469.8772294521332	0.24593903900050748	0.0	3
478	1472.8022017478943	0.24630277203906395	0.00036373303855646855	0
479	1475.726636648178	0.24630277203906395	0.0	1
480	1478.643234014511	0.24642686972342684	0.00012409768436288937	0
481	1481.5770771503448	0.24656387500865012	0.00013700528522328503	0
482	1484.5128207206726	0.24656387500865012	0.0	1
483	1487.4137210845947	0.24656387500865012	0.0	2
484	1490.3763728141785	0.2469329467931122	0.0003690717844620772	0
485	1493.3181524276733	0.2469329467931122	0.0	1
486	1496.2293100357056	0.2469329467931122	0.0	2
487	1499.1978805065155	0.2469329467931122	0.0	3
488	1502.13844704628	0.2469329467931122	0.0	4
489	1505.0885202884674	0.2470409156079881	0.00010796881487590282	0
490	1507.9876708984375	0.24724441869031416	0.0002035030823260564	0
491	1510.9263603687286	0.24724441869031416	0.0	1
492	1513.8666110038757	0.24730201857757428	5.7599887260118e-05	0
493	1517.749222278595	0.24731055606575245	8.537488178167463e-06	0
494	1521.6520793437958	0.24761349047477624	0.00030293440902379176	0
495	1525.5958230495453	0.24761349047477624	0.0	1
496	1528.499740600586	0.24761349047477624	0.0	2
497	1531.4439878463745	0.2477980263670073	0.0001845358922310525	0
498	1534.4286541938782	0.2479071214995848	0.00010909513257750802	0
499	1537.3823263645172	0.2479071214995848	0.0	1
500	1540.2878172397614	0.24794492072165067	3.779922206587072e-05	0
501	1543.2059862613678	0.24822469803872946	0.0002797773170787887	0
502	1546.121386051178	0.24830094974712816	7.625170839870021e-05	0
503	1549.062625169754	0.24830094974712816	0.0	1
504	1552.0262792110443	0.24830094974712816	0.0	2
505	1554.964429140091	0.24830094974712816	0.0	3
506	1557.882705450058	0.2484092339309605	0.00010828418383235228	0
507	1560.8165616989136	0.24901433685297103	0.0006051029220105197	0
508	1563.7429506778717	0.24901433685297103	0.0	1
509	1566.6774520874023	0.24901433685297103	0.0	2
510	1569.5824084281921	0.24901433685297103	0.0	3
511	1572.5365331172943	0.24901433685297103	0.0	4
512	1575.4609668254852	0.24909157972094714	7.72428679761128e-05	0
513	1578.3957648277283	0.24909157972094714	0.0	1
514	1581.271919965744	0.24919887274520205	0.00010729302425491194	0
515	1584.2410039901733	0.24919887274520205	0.0	1
516	1587.1608130931854	0.24934547425724304	0.00014660151204098915	0
517	1590.1007294654846	0.2494151257439103	6.965148666726595e-05	0
518	1592.9960794448853	0.2494151257439103	0.0	1
519	1595.908863067627	0.2494151257439103	0.0	2
520	1598.787671804428	0.24948446186162115	6.933611771084425e-05	0
521	1601.7135653495789	0.2497106715088116	0.00022620964719044512	0
522	1604.6234822273254	0.2497106715088116	0.0	1
523	1607.571881532669	0.24988162400956127	0.00017095250074966595	0
524	1610.52583694458	0.25012155220635723	0.00023992819679596877	0
525	1613.4370958805084	0.25012155220635723	0.0	1
526	1616.3220245838165	0.25012155220635723	0.0	2
527	1619.2705664634705	0.25012155220635723	0.0	3
528	1622.2136135101318	0.25012155220635723	0.0	4
529	1625.126226902008	0.25012155220635723	0.0	5
530	1628.0226645469666	0.2501445741401781	2.3021933820865925e-05	0
531	1630.9640336036682	0.2502556290655564	0.00011105492537827333	0
532	1633.8819823265076	0.2513885695152473	0.0011329404496909223	0
533	1636.8482720851898	0.2513885695152473	0.0	1
534	1639.761025428772	0.2513885695152473	0.0	2
535	1643.6746315956116	0.25147811177252494	8.954225727764165e-05	0
536	1647.5905449390411	0.25147811177252494	0.0	1
537	1651.5114216804504	0.25147811177252494	0.0	2
538	1654.3836982250214	0.25147811177252494	0.0	3
539	1657.2974691390991	0.251804383484326	0.00032627171180105163	0
540	1660.218005657196	0.251804383484326	0.0	1
541	1663.1384665966034	0.2521738832695147	0.0003694997851886872	0
542	1666.0585870742798	0.2521738832695147	0.0	1
543	1669.0138220787048	0.2521738832695147	0.0	2
544	1671.904699087143	0.2521738832695147	0.0	3
545	1674.829214334488	0.25226955269508905	9.566942557437397e-05	0
546	1677.764229297638	0.25226955269508905	0.0	1
547	1680.6541085243225	0.25241471252047193	0.00014515982538287897	0
548	1683.5712332725525	0.25241471252047193	0.0	1
549	1686.491816997528	0.25241471252047193	0.0	2
550	1689.4199500083923	0.25241471252047193	0.0	3
551	1692.3494827747345	0.25241471252047193	0.0	4
552	1695.282382965088	0.2524701048250369	5.5392304564971795e-05	0
553	1698.1980240345001	0.2530076962640132	0.0005375914389763037	0
554	1701.1282796859741	0.2530076962640132	0.0	1
555	1704.0404245853424	0.2530076962640132	0.0	2
556	1706.9730062484741	0.2530076962640132	0.0	3
557	1709.8865702152252	0.25320182838306193	0.00019413211904872885	0
558	1712.869187116623	0.25320182838306193	0.0	1
559	1715.7621183395386	0.25320182838306193	0.0	2
560	1718.7304708957672	0.253570900167524	0.00036907178446204947	0
561	1721.6074945926666	0.253570900167524	0.0	1
562	1724.59219455719	0.25357556312280866	4.662955284673309e-06	0
563	1727.515963792801	0.25357556312280866	0.0	1
564	1730.4551634788513	0.25444127343461664	0.0008657103118079879	0
565	1733.3656046390533	0.25444127343461664	0.0	1
566	1736.2148594856262	0.25444127343461664	0.0	2
567	1739.1079468727112	0.25444127343461664	0.0	3
568	1742.013468503952	0.25444127343461664	0.0	4
569	1744.9314620494843	0.25471776190400675	0.0002764884693901015	0
570	1747.861004114151	0.2549022977962378	0.0001845358922310525	0
571	1750.7653069496155	0.2549022977962378	0.0	1
572	1753.667828321457	0.2551332154514209	0.00023091765518312712	0
573	1756.5331938266754	0.2554400469196923	0.00030683146827137353	0
574	1759.4570925235748	0.2555861979046526	0.00014615098496029155	0
575	1762.3544104099274	0.2555861979046526	0.0	1
576	1765.2859041690826	0.2559789899399105	0.00039279203525788287	0
577	1769.1519095897675	0.2559789899399105	0.0	1
578	1773.0658388137817	0.25636973207695146	0.00039074213704098915	0
579	1776.9739470481873	0.25636973207695146	0.0	1
580	1779.8582997322083	0.25636973207695146	0.0	2
581	1782.7540409564972	0.25673880386141357	0.000369071784462105	0
582	1785.6584997177124	0.25673880386141357	0.0	1
583	1788.5527515411377	0.25673880386141357	0.0	2
584	1791.477017402649	0.25673880386141357	0.0	3
585	1794.39857006073	0.25694100041520573	0.0002021965537921666	0
586	1797.2976083755493	0.2576879292622024	0.0007469288469966751	0
587	1800.226960659027	0.25777774183572844	8.98125735260269e-05	0
588	1803.145677804947	0.25777774183572844	0.0	1
589	1806.0832514762878	0.25777774183572844	0.0	2
590	1808.9722611904144	0.25800699254071324	0.00022925070498480693	0
591	1811.9021553993225	0.2581915284329443	0.0001845358922310525	0
592	1814.8678758144379	0.2583760643251753	0.00018453589223099698	0
593	1817.8450140953064	0.2583760643251753	0.0	1
594	1820.7474920749664	0.2583760643251753	0.0	2
595	1823.6568622589111	0.2584197203992895	4.365607411421779e-05	0
596	1826.5698020458221	0.2584197203992895	0.0	1
597	1829.5220682621002	0.2584197203992895	0.0	2
598	1832.39510512352	0.25853154122070493	0.00011182082141542038	0
599	1835.2855529785156	0.25853154122070493	0.0	1
600	1838.1675598621368	0.25853154122070493	0.0	2
601	1841.077507019043	0.25853154122070493	0.0	3
602	1843.984958410263	0.2585983994394722	6.685821876728504e-05	0
603	1846.8937833309174	0.258716077112936	0.00011767767346376745	0
604	1849.782895565033	0.2587766054262202	6.0528313284236024e-05	0
605	1852.7045047283173	0.258828348461432	5.174303521177093e-05	0
606	1855.567706823349	0.25895150003892553	0.000123151577493541	0
607	1858.4571769237518	0.25935179335007613	0.0004002933111506013	0
608	1861.3470768928528	0.25935179335007613	0.0	1
609	1864.2549123764038	0.2597208651345382	0.00036907178446204947	0
610	1867.1003637313843	0.2597208651345382	0.0	1
611	1870.0382850170135	0.2600241374388725	0.0003032723043343011	0
612	1872.9686007499695	0.2600241374388725	0.0	1
613	1875.8785183429718	0.2600241374388725	0.0	2
614	1878.7590115070343	0.26013264688624516	0.00010850944737267332	0
615	1881.6771919727325	0.26013264688624516	0.0	1
616	1884.5137679576874	0.26020867333110353	7.602644485837917e-05	0
617	1887.4538576602936	0.26020867333110353	0.0	1
618	1890.3615033626556	0.26020867333110353	0.0	2
619	1894.2504150867462	0.26068625456293826	0.0004775812318347228	0
620	1898.092873096466	0.26068625456293826	0.0	1
621	1901.9648892879486	0.2609468169000277	0.00026056233708943166	0
622	1904.839814901352	0.2609468169000277	0.0	1
623	1907.7399401664734	0.2609468169000277	0.0	2
624	1910.650164604187	0.26126817786664974	0.00032136096662205293	0
625	1913.519859790802	0.26126817786664974	0.0	1
626	1916.381579875946	0.26126817786664974	0.0	2
627	1919.2619445323944	0.26126817786664974	0.0	3
628	1922.130654335022	0.26126817786664974	0.0	4
629	1924.9495522975922	0.26155759646325427	0.0002894185966045293	0
630	1927.853917837143	0.26179511434016883	0.0002375178769145614	0
631	1930.7344360351562	0.26179511434016883	0.0	1
632	1933.5924129486084	0.26179511434016883	0.0	2
633	1936.46076130867	0.26179511434016883	0.0	3
634	1939.3128745555878	0.26179511434016883	0.0	4
635	1942.211858034134	0.26179511434016883	0.0	5
636	1945.1451299190521	0.26211122666630143	0.00031611232613260043	0
637	1948.0337026119232	0.26211122666630143	0.0	1
638	1950.9016568660736	0.2622957625585325	0.0001845358922310525	0
639	1953.8064308166504	0.2622957625585325	0.0	1
640	1956.709665775299	0.2622957625585325	0.0	2
641	1959.5654714107513	0.2622957625585325	0.0	3
642	1962.4665093421936	0.2622957625585325	0.0	4
643	1965.2944340705872	0.2622957625585325	0.0	5
644	1968.2000646591187	0.2622957625585325	0.0	6
645	1971.1096892356873	0.26248029845076354	0.0001845358922310525	0
646	1974.0108823776245	0.2625237968403995	4.3498389635965307e-05	0
647	1976.861335515976	0.26266483434299454	0.00014103750259503167	0
648	1979.8090448379517	0.26266483434299454	0.0	1
649	1982.707757949829	0.2628493702352256	0.0001845358922310525	0
650	1985.5922737121582	0.26303390612745664	0.0001845358922310525	0
651	1988.5099172592163	0.26303390612745664	0.0	1
652	1991.3877170085907	0.26303390612745664	0.0	2
653	1994.2785720825195	0.26303390612745664	0.0	3
654	1997.1689581871033	0.26303390612745664	0.0	4
655	2000.0718672275543	0.2632184420196877	0.0001845358922310525	0
656	2002.9578702449799	0.2632184420196877	0.0	1
657	2005.8215870857239	0.26341241645425817	0.00019397443457047636	0
658	2008.6834473609924	0.26341241645425817	0.0	1
659	2011.55033659935	0.26358751380414974	0.0001750973498915731	0
660	2014.4785227775574	0.26358751380414974	0.0	1
661	2018.3608257770538	0.26395658558861185	0.000369071784462105	0
662	2022.2005534172058	0.26395658558861185	0.0	1
663	2026.081775188446	0.2640437625787161	8.717699010424296e-05	0
664	2028.970443725586	0.26414112148084284	9.735890212675402e-05	0
665	2031.838406085968	0.2644996509316179	0.00035852945077508025	0
666	2034.7229726314545	0.2644996509316179	0.0	1
667	2037.6034111976624	0.2644996509316179	0.0	2
668	2040.5161979198456	0.2644996509316179	0.0	3
669	2043.4153423309326	0.2644996509316179	0.0	4
670	2046.261238336563	0.26486872271608	0.00036907178446204947	0
671	2049.1082634925842	0.26486872271608	0.0	1
672	2052.00839138031	0.2649273137629175	5.859104683753058e-05	0
673	2054.8467211723328	0.2649273137629175	0.0	1
674	2057.73810505867	0.2649412801024174	1.3966339499904556e-05	0
675	2060.5887639522552	0.26511184965514856	0.00017056955273114793	0
676	2063.4674100875854	0.26511184965514856	0.0	1
677	2066.306025505066	0.26511184965514856	0.0	2
678	2069.186811685562	0.2652963855473796	0.0001845358922310525	0
679	2072.0501391887665	0.2652963855473796	0.0	1
680	2074.955592393875	0.2652963855473796	0.0	2
681	2077.8077070713043	0.26566545733184166	0.00036907178446204947	0
682	2080.6802961826324	0.26566545733184166	0.0	1
683	2083.531309604645	0.26566545733184166	0.0	2
684	2086.3738918304443	0.26566545733184166	0.0	3
685	2089.2278316020966	0.26566545733184166	0.0	4
686	2092.054607152939	0.26566545733184166	0.0	5
687	2094.8965368270874	0.26566545733184166	0.0	6
688	2097.780014038086	0.26603452911630376	0.000369071784462105	0
689	2100.6089124679565	0.26603452911630376	0.0	1
690	2103.469473361969	0.26603452911630376	0.0	2
691	2106.338057756424	0.26603452911630376	0.0	3
692	2109.20121717453	0.26603452911630376	0.0	4
693	2112.0552504062653	0.2661604739616973	0.0001259448453935219	0
694	2114.9176914691925	0.2664036009007658	0.00024312693906852756	0
695	2117.770049571991	0.2664036009007658	0.0	1
696	2120.605431318283	0.2664036009007658	0.0	2
697	2123.4838030338287	0.2667726726852279	0.000369071784462105	0
698	2126.362235546112	0.2667726726852279	0.0	1
699	2129.2815403938293	0.2667726726852279	0.0	2
700	2132.147147655487	0.2669572085774589	0.00018453589223099698	0
701	2135.015543937683	0.2670064962400812	4.928766262229933e-05	0
702	2137.857296228409	0.2670064962400812	0.0	1
703	2141.7400171756744	0.2670064962400812	0.0	2
704	2145.5501301288605	0.26714174446968997	0.00013524822960875316	0
705	2149.460111141205	0.26714174446968997	0.0	1
706	2152.301857948303	0.26714174446968997	0.0	2
707	2155.1529960632324	0.26726746405154317	0.00012571958185320087	0
708	2158.000262737274	0.26726746405154317	0.0	1
709	2160.8609206676483	0.26726746405154317	0.0	2
710	2163.736549139023	0.2676365358360053	0.000369071784462105	0
711	2166.5215051174164	0.2676365358360053	0.0	1
712	2169.3550124168396	0.2676365358360053	0.0	2
713	2172.2319796085358	0.2676365358360053	0.0	3
714	2175.121916770935	0.2676365358360053	0.0	4
715	2177.9979107379913	0.26777714533787367	0.00014060950186839394	0
716	2180.860659599304	0.2681462171223358	0.000369071784462105	0
717	2183.7173657417297	0.2681462171223358	0.0	1
718	2186.5761544704437	0.2683307530145668	0.0001845358922310525	0
719	2189.4467067718506	0.2683307530145668	0.0	1
720	2192.334766149521	0.2683307530145668	0.0	2
721	2195.1854135990143	0.2683307530145668	0.0	3
722	2198.055956363678	0.2683307530145668	0.0	4
723	2200.9412457942963	0.2683307530145668	0.0	5
724	2203.815929412842	0.2685152889067978	0.00018453589223099698	0
725	2206.652652025223	0.2685152889067978	0.0	1
726	2209.505095243454	0.26865254198191546	0.00013725307511763818	0
727	2212.3603649139404	0.26865254198191546	0.0	1
728	2215.2203104496	0.2686998247990289	4.728281711341431e-05	0
729	2218.0427899360657	0.2686998247990289	0.0	1
730	2220.8735885620117	0.2686998247990289	0.0	2
731	2223.724177837372	0.2687437511893915	4.392639036260304e-05	0
732	2226.5692222118378	0.2687437511893915	0.0	1
733	2229.388647556305	0.268884428270322	0.000140677080930518	0
734	2232.301784515381	0.26902161376637757	0.00013718549605556962	0
735	2235.1823353767395	0.26902161376637757	0.0	1
736	2238.053522825241	0.26902161376637757	0.0	2
737	2240.8605403900146	0.26902161376637757	0.0	3
738	2243.740406036377	0.26902161376637757	0.0	4
739	2246.5792305469513	0.26975293185002996	0.0007313180836523991	0
740	2249.4415793418884	0.26975293185002996	0.0	1
741	2252.3106319904327	0.26975293185002996	0.0	2
742	2255.162518262863	0.26975293185002996	0.0	3
743	2258.0082099437714	0.27012200363449207	0.000369071784462105	0
744	2260.827439069748	0.27012200363449207	0.0	1
745	2264.6324841976166	0.27012200363449207	0.0	2
746	2268.461578607559	0.27012200363449207	0.0	3
747	2272.2923407554626	0.27012200363449207	0.0	4
748	2275.122543334961	0.27012200363449207	0.0	5
749	2277.9300541877747	0.27012200363449207	0.0	6
750	2280.7943074703217	0.27012200363449207	0.0	7
751	2283.685685634613	0.2703065395267231	0.0001845358922310525	0
752	2286.585360765457	0.2703487539141793	4.221438745616313e-05	0
753	2289.4401528835297	0.2703487539141793	0.0	1
754	2292.315370321274	0.2704910754189541	0.00014232150477483385	0
755	2295.140844106674	0.2704910754189541	0.0	1
756	2297.994652748108	0.2704910754189541	0.0	2
757	2300.8443944454193	0.2704910754189541	0.0	3
758	2303.732527732849	0.27067561131118517	0.0001845358922310525	0
759	2306.556539773941	0.27067561131118517	0.0	1
760	2309.432076692581	0.27067561131118517	0.0	2
761	2312.2887308597565	0.27067561131118517	0.0	3
762	2315.156484603882	0.27081281933359475	0.00013720802240957397	0
763	2318.031634569168	0.2709101557093675	9.733637577274967e-05	0
764	2320.895297765732	0.2709101557093675	0.0	1
765	2323.772590637207	0.27109469160159855	0.0001845358922310525	0
766	2326.6357963085175	0.27109469160159855	0.0	1
767	2329.4745564460754	0.2711869820740681	9.229047246955835e-05	0
768	2332.2907724380493	0.27141368730104726	0.0002267052269791514	0
769	2335.115035533905	0.27155605385853016	0.00014236655748289806	0
770	2337.971457004547	0.27155605385853016	0.0	1
771	2340.8324649333954	0.2717405897507612	0.0001845358922310525	0
772	2343.6828174591064	0.27178782751516656	4.72377644053501e-05	0
773	2346.5265786647797	0.2719296534401527	0.00014182592498612756	0
774	2349.3879816532135	0.2719296534401527	0.0	1
775	2352.20685839653	0.27211418933238374	0.0001845358922310525	0
776	2355.0780124664307	0.27211418933238374	0.0	1
777	2357.930751800537	0.27211418933238374	0.0	2
778	2360.779999256134	0.2722779784525512	0.00016378912016745684	0
779	2363.612146615982	0.2722779784525512	0.0	1
780	2366.4611480236053	0.2722779784525512	0.0	2
781	2369.259812116623	0.27232636506101215	4.838660846095966e-05	0
782	2372.137366771698	0.27232636506101215	0.0	1
783	2374.9651691913605	0.27234497182944273	1.8606768430573517e-05	0
784	2377.783570289612	0.27248326111684584	0.00013828928740311497	0
785	2380.610380411148	0.27266779700907684	0.00018453589223099698	0
786	2383.4505796432495	0.27266779700907684	0.0	1
787	2387.211526632309	0.27289857950613583	0.00023078249705899	0
788	2391.038986682892	0.2730831153983669	0.0001845358922310525	0
789	2394.879243373871	0.2730831153983669	0.0	1
790	2397.703419446945	0.27363672307506	0.000553607676693102	0
791	2400.5519077777863	0.27363672307506	0.0	1
792	2403.4042716026306	0.27363672307506	0.0	2
793	2406.2161722183228	0.27363672307506	0.0	3
794	2409.0499856472015	0.27363672307506	0.0	4
795	2411.8952202796936	0.27363672307506	0.0	5
796	2414.7231380939484	0.2736821362047887	4.541312972872191e-05	0
797	2417.5715069770813	0.2736821362047887	0.0	1
798	2420.4262895584106	0.27382125896729104	0.00013912276250233058	0
799	2423.2887184619904	0.27382125896729104	0.0	1
800	2426.1373336315155	0.27382125896729104	0.0	2
801	2429.0294904708862	0.2740054344378575	0.0001841754705664833	0
802	2431.867762565613	0.2740054344378575	0.0	1
803	2434.699368953705	0.2740054344378575	0.0	2
804	2437.5352227687836	0.27437486664398414	0.00036943220612661865	0
805	2440.3168516159058	0.27437486664398414	0.0	1
806	2443.1764101982117	0.27437486664398414	0.0	2
807	2445.9810190200806	0.27437486664398414	0.0	3
808	2448.8175904750824	0.27437486664398414	0.0	4
809	2451.606709718704	0.27437486664398414	0.0	5
810	2454.4737300872803	0.27437486664398414	0.0	6
811	2457.312175512314	0.27437486664398414	0.0	7
812	2460.1846861839294	0.2745577806387249	0.000182913994740741	0
813	2463.0065743923187	0.2747439384284462	0.00018615778972130848	0
814	2465.828670501709	0.2747439384284462	0.0	1
815	2468.6799540519714	0.2747439384284462	0.0	2
816	2471.527049779892	0.27492847432067724	0.0001845358922310525	0
817	2474.347499370575	0.27492847432067724	0.0	1
818	2477.2221190929413	0.27492847432067724	0.0	2
819	2480.04083108902	0.27492847432067724	0.0	3
820	2482.8903996944427	0.27492847432067724	0.0	4
821	2485.6447229385376	0.27492847432067724	0.0	5
822	2488.4788920879364	0.27506421813007476	0.00013574380939751496	0
823	2491.242175579071	0.2751058693586801	4.165122860533277e-05	0
824	2494.0723073482513	0.2751058693586801	0.0	1
825	2496.9000866413116	0.2751058693586801	0.0	2
826	2499.697416782379	0.2752518626591622	0.00014599330048209458	0
827	2502.519953727722	0.2752518626591622	0.0	1
828	2505.395007133484	0.2752518626591622	0.0	2
829	2509.2177295684814	0.27529754610513935	4.568344597716267e-05	0
830	2512.984066724777	0.27539130079062096	9.375468548161736e-05	0
831	2516.8109471797943	0.27543639855139324	4.5097760772272455e-05	0
832	2519.6387372016907	0.27543639855139324	0.0	1
833	2522.4425234794617	0.275481113364147	4.471481275375444e-05	0
834	2525.2555451393127	0.27580513244054483	0.0003240190763978412	0
835	2528.097702026367	0.27580513244054483	0.0	1
836	2530.9606051445007	0.27621308471206635	0.0004079522715215167	0
837	2533.7929966449738	0.27621308471206635	0.0	1
838	2536.628256082535	0.27621308471206635	0.0	2
839	2539.4620475769043	0.27621308471206635	0.0	3
840	2542.2842919826508	0.27621308471206635	0.0	4
841	2545.112041950226	0.27621308471206635	0.0	5
842	2548.0053939819336	0.27621308471206635	0.0	6
843	2550.851592063904	0.27621308471206635	0.0	7
844	2553.6493599414825	0.27621308471206635	0.0	8
845	2556.471210002899	0.2764037928253022	0.00019070811323584902	0
846	2559.3269855976105	0.27649536245444273	9.156962914053102e-05	0
847	2562.1445512771606	0.27649536245444273	0.0	1
848	2564.9826471805573	0.27649536245444273	0.0	2
849	2567.8219134807587	0.27652843114216186	3.306868771912885e-05	0
850	2570.701655626297	0.27652843114216186	0.0	1
851	2573.5406773090363	0.27657909291238003	5.066177021817442e-05	0
852	2576.3648879528046	0.2765883287175332	9.23580515316269e-06	0
853	2579.1692819595337	0.2770482492878068	0.00045992057027360866	0
854	2581.989144563675	0.27704897013113583	7.20843329027332e-07	1
855	2584.7647659778595	0.27704897013113583	0.0	2
856	2587.576405286789	0.27704897013113583	0.0	3
857	2590.379714012146	0.27704897013113583	0.0	4
858	2593.2286853790283	0.2770918377828589	4.286765172306639e-05	0
859	2596.052510023117	0.27737048878223614	0.00027865099937723903	0
860	2598.916141986847	0.27737048878223614	0.0	1
861	2601.732833623886	0.27792409645892924	0.000553607676693102	0
862	2604.5790004730225	0.27792409645892924	0.0	1
863	2607.3685598373413	0.27795842662247416	3.4330163544926684e-05	0
864	2610.1860687732697	0.2781429625147052	0.0001845358922310525	0
865	2613.0306556224823	0.2781429625147052	0.0	1
866	2615.8537878990173	0.2781429625147052	0.0	2
867	2618.6622653007507	0.2781429625147052	0.0	3
868	2621.43431019783	0.2781880828018315	4.5120287126276803e-05	0
869	2624.240664958954	0.27837261869406255	0.0001845358922310525	0
870	2627.0503747463226	0.27837261869406255	0.0	1
871	2630.8123774528503	0.27837261869406255	0.0	2
872	2634.633890390396	0.27864917474251477	0.0002765560484522256	0
873	2638.4944546222687	0.27864917474251477	0.0	1
874	2641.3013994693756	0.27864917474251477	0.0	2
875	2644.1205666065216	0.2790182465269768	0.00036907178446204947	0
876	2646.9344556331635	0.2790182465269768	0.0	1
877	2649.746153354645	0.2790182465269768	0.0	2
878	2652.6118988990784	0.2790182465269768	0.0	3
879	2655.4181892871857	0.2790182465269768	0.0	4
880	2658.2422654628754	0.2790182465269768	0.0	5
881	2661.066004514694	0.2790182465269768	0.0	6
882	2663.8916268348694	0.2790182465269768	0.0	7
883	2666.712597846985	0.2790182465269768	0.0	8
884	2669.5580534934998	0.2790656419758604	4.739544888360259e-05	0
885	2672.3404624462128	0.2790656419758604	0.0	1
886	2675.1934492588043	0.2790816582135772	1.6016237716798276e-05	0
887	2678.040014028549	0.2792027824192079	0.00012112420563065163	0
888	2680.8881611824036	0.2794347137603225	0.00023193134111459957	0
889	2683.6868300437927	0.2794347137603225	0.0	1
890	2686.547520875931	0.2794347137603225	0.0	2
891	2689.4025044441223	0.2794347137603225	0.0	3
892	2692.239767551422	0.2794347137603225	0.0	4
893	2695.0877344608307	0.2796192496525535	0.0001845358922310525	0
894	2697.8905940055847	0.27994092598813203	0.0003216763355785024	0
895	2700.7038419246674	0.27994092598813203	0.0	1
896	2703.5426065921783	0.27994092598813203	0.0	2
897	2706.3568744659424	0.27999034880887846	4.942282074643645e-05	0
898	2709.2147521972656	0.27999034880887846	0.0	1
899	2712.0343203544617	0.27999034880887846	0.0	2
900	2714.833587169647	0.2801728573292466	0.00018250852036816312	0
901	2717.6776628494263	0.2801728573292466	0.0	1
902	2720.451352119446	0.2801728573292466	0.0	2
903	2723.2954754829407	0.2801728573292466	0.0	3
904	2726.1250505447388	0.28026294021902104	9.008288977441214e-05	0
905	2728.95676779747	0.28026294021902104	0.0	1
906	2731.782516479492	0.28026294021902104	0.0	2
907	2734.6036767959595	0.2803573932214777	9.445300245664034e-05	0
908	2737.4354586601257	0.28045182369758026	9.443047610258049e-05	0
909	2740.2238354682922	0.28045182369758026	0.0	1
910	2743.0253126621246	0.28045182369758026	0.0	2
911	2745.845721244812	0.28045182369758026	0.0	3
912	2748.6460514068604	0.28054192911370873	9.0105416128472e-05	0
913	2752.4089155197144	0.28054192911370873	0.0	1
914	2756.24787068367	0.28054192911370873	0.0	2
915	2760.081885099411	0.28054192911370873	0.0	3
916	2762.8546619415283	0.28072646500593973	0.00018453589223099698	0
917	2765.6582849025726	0.28072646500593973	0.0	1
918	2768.444479942322	0.28072646500593973	0.0	2
919	2771.286011695862	0.28072646500593973	0.0	3
920	2774.1176314353943	0.280819949375173	9.348436923328762e-05	0
921	2776.9441480636597	0.2812944670228594	0.0004745176476863566	0
922	2779.7263202667236	0.2812944670228594	0.0	1
923	2782.6093306541443	0.2812944670228594	0.0	2
924	2785.4167487621307	0.2812944670228594	0.0	3
925	2788.240662097931	0.2812944670228594	0.0	4
926	2791.0568556785583	0.2813851581241927	9.069110133330671e-05	0
927	2793.8940918445587	0.2813851581241927	0.0	1
928	2796.7354357242584	0.2813851581241927	0.0	2
929	2799.552352666855	0.2813851581241927	0.0	3
930	2802.317233324051	0.2815220507776458	0.0001368926534531245	0
931	2805.172683238983	0.2815220507776458	0.0	1
932	2807.968718290329	0.2816103315590976	8.82807814517883e-05	0
933	2810.788501024246	0.2816617366989989	5.140513990131712e-05	0
934	2813.6077959537506	0.2816617366989989	0.0	1
935	2816.4050216674805	0.28198600356529113	0.0003242668662922221	0
936	2819.2149946689606	0.28198600356529113	0.0	1
937	2822.0641593933105	0.28198600356529113	0.0	2
938	2824.9066693782806	0.28198600356529113	0.0	3
939	2827.7353291511536	0.28198600356529113	0.0	4
940	2830.576862335205	0.28198600356529113	0.0	5
941	2833.414834499359	0.28198600356529113	0.0	6
942	2836.256982088089	0.28217053945752213	0.00018453589223099698	0
943	2839.1106255054474	0.28217053945752213	0.0	1
944	2841.9519934654236	0.28217053945752213	0.0	2
945	2844.767461538315	0.28217053945752213	0.0	3
946	2847.5905199050903	0.28217053945752213	0.0	4
947	2850.4596700668335	0.28234919597135083	0.00017865651382870107	0
948	2853.319713115692	0.28234919597135083	0.0	1
949	2856.195011615753	0.2823550753497532	5.879378402351421e-06	0
950	2859.0049414634705	0.28253961124198423	0.0001845358922310525	0
951	2861.84259557724	0.28253961124198423	0.0	1
952	2864.6609601974487	0.28253961124198423	0.0	2
953	2867.4766643047333	0.28253961124198423	0.0	3
954	2870.2939727306366	0.28253961124198423	0.0	4
955	2874.05974149704	0.28253961124198423	0.0	5
956	2877.8451182842255	0.28253961124198423	0.0	6
957	2881.743674516678	0.2827241471342153	0.0001845358922310525	0
958	2884.5171177387238	0.2827241471342153	0.0	1
959	2887.361070394516	0.28272558882087334	1.441686658054664e-06	0
960	2890.2113378047943	0.2829086830264463	0.00018309420557294231	0
961	2893.0756616592407	0.2829086830264463	0.0	1
962	2895.9274032115936	0.28291012471310434	1.441686658054664e-06	0
963	2898.810959815979	0.2830946606053354	0.0001845358922310525	0
964	2901.6106100082397	0.2830946606053354	0.0	1
965	2904.3712725639343	0.2830946606053354	0.0	2
966	2907.212700366974	0.2830946606053354	0.0	3
967	2910.0037434101105	0.2830946606053354	0.0	4
968	2912.8310961723328	0.2830946606053354	0.0	5
969	2915.713851928711	0.28327919649756644	0.0001845358922310525	0
970	2918.5740263462067	0.28327919649756644	0.0	1
971	2921.4039359092712	0.2834637323897975	0.0001845358922310525	0
972	2924.266134738922	0.2834637323897975	0.0	1
973	2927.075776576996	0.2834637323897975	0.0	2
974	2929.9081902503967	0.2834637323897975	0.0	3
975	2932.713723182678	0.2834637323897975	0.0	4
976	2935.5471234321594	0.2834637323897975	0.0	5
977	2938.3846929073334	0.2836482682820285	0.00018453589223099698	0
978	2941.193313598633	0.2836482682820285	0.0	1
979	2943.993230819702	0.2836482682820285	0.0	2
980	2946.777412414551	0.28383280417425955	0.0001845358922310525	0
981	2949.605229139328	0.2838782848830504	4.548070879084598e-05	0
982	2952.460322856903	0.2838782848830504	0.0	1
983	2955.292207956314	0.2840173400664906	0.0001390551834402065	0
984	2958.124449968338	0.2840173400664906	0.0	1
985	2960.9464218616486	0.2840173400664906	0.0	2
986	2963.79106092453	0.2840173400664906	0.0	3
987	2966.5869307518005	0.28406282077528144	4.548070879084598e-05	0
988	2969.389285326004	0.28406282077528144	0.0	1
989	2972.2291870117188	0.28406282077528144	0.0	2
990	2975.0381832122803	0.28424735666751244	0.00018453589223099698	0
991	2977.880989074707	0.28424735666751244	0.0	1
992	2980.721294403076	0.28424735666751244	0.0	2
993	2983.6001415252686	0.28424735666751244	0.0	3
994	2986.4268600940704	0.28429340053515406	4.604386764162083e-05	0
995	2989.2424976825714	0.28429340053515406	0.0	1
996	2992.050466775894	0.2844318925597435	0.00013849202458943166	0
997	2995.8584475517273	0.2844318925597435	0.0	1
998	2999.65375995636	0.2844318925597435	0.0	2
999	3003.467206478119	0.2844318925597435	0.0	3
1000	3006.266659975052	0.2844318925597435	0.0	4
1001	3009.0758907794952	0.2844779364273851	4.604386764162083e-05	0
1002	3011.889549255371	0.2845709477431837	9.301131579858568e-05	0
1003	3014.7042644023895	0.2845709477431837	0.0	1
1004	3017.5374109745026	0.28461642845197455	4.548070879084598e-05	0
1005	3020.4129841327667	0.28461642845197455	0.0	1
1006	3023.2227663993835	0.28473487202147535	0.00011844356950080348	0
1007	3026.0749859809875	0.28473487202147535	0.0	1
1008	3028.9304962158203	0.28473487202147535	0.0	2
1009	3031.750684738159	0.2848470082118472	0.00011213619037186984	0
1010	3034.5574073791504	0.2848470082118472	0.0	1
1011	3037.3254854679108	0.28505537698664424	0.00020836877479701865	0
1012	3040.201154232025	0.28510394380593745	4.856681929321649e-05	0
1013	3043.0081553459167	0.28510394380593745	0.0	1
1014	3045.842892408371	0.28510394380593745	0.0	2
1015	3048.6912908554077	0.28521607999630927	0.00011213619037181433	0
1016	3051.5167365074158	0.28521607999630927	0.0	1
1017	3054.3667550086975	0.2854006158885403	0.0001845358922310525	0
1018	3057.154691696167	0.2854006158885403	0.0	1
1019	3059.980630874634	0.2854730155903995	7.239970185918265e-05	0
1020	3062.7991766929626	0.2854730155903995	0.0	1
1021	3065.576912879944	0.2854730155903995	0.0	2
1022	3068.4235949516296	0.2854730155903995	0.0	3
1023	3071.2002375125885	0.2854730155903995	0.0	4
1024	3074.0123381614685	0.2857059380910915	0.00023292250069201215	0
1025	3076.8395783901215	0.2857059380910915	0.0	1
1026	3079.689225435257	0.28589047398332257	0.0001845358922310525	0
1027	3082.4810569286346	0.28589047398332257	0.0	1
1028	3085.300767660141	0.28589047398332257	0.0	2
1029	3088.120690345764	0.2860750098755536	0.0001845358922310525	0
1030	3090.984292268753	0.2860750098755536	0.0	1
1031	3093.7710082530975	0.2860750098755536	0.0	2
1032	3096.5992844104767	0.28612323879953633	4.822892398270717e-05	0
1033	3099.4305317401886	0.28612323879953633	0.0	1
1034	3102.2541511058807	0.28612323879953633	0.0	2
1035	3105.0423572063446	0.28612323879953633	0.0	3
1036	3107.8847737312317	0.28612323879953633	0.0	4
1037	3110.6596710681915	0.2862595457677847	0.00013630696824834532	0
1038	3113.4840388298035	0.2862595457677847	0.0	1
1039	3117.315987110138	0.2862595457677847	0.0	2
1040	3121.1638860702515	0.28644408166001567	0.00018453589223099698	0
1041	3124.9641020298004	0.28644408166001567	0.0	1
1042	3127.7997465133667	0.28644408166001567	0.0	2
1043	3130.641932249069	0.28644408166001567	0.0	3
1044	3133.4676859378815	0.28644408166001567	0.0	4
1045	3136.2507424354553	0.28647823161272834	3.414995271266985e-05	0
1046	3139.071268796921	0.2866627675049594	0.0001845358922310525	0
1047	3141.919699192047	0.2866627675049594	0.0	1
1048	3144.7178778648376	0.2867839818160062	0.00012121431104678004	0
1049	3147.5132443904877	0.2867839818160062	0.0	1
1050	3150.3279819488525	0.2867839818160062	0.0	2
1051	3153.085195541382	0.2867839818160062	0.0	3
1052	3155.950710773468	0.2867839818160062	0.0	4
1053	3158.7544445991516	0.2867839818160062	0.0	5
1054	3161.550609588623	0.28690609718121424	0.0001221153652080642	0
1055	3164.343185186386	0.28690609718121424	0.0	1
1056	3167.1382400989532	0.28699768933670883	9.159215549459088e-05	0
1057	3169.931028366089	0.28699768933670883	0.0	1
1058	3172.7297213077545	0.28701377315348775	1.6083816778922344e-05	0
1059	3175.4970779418945	0.28701377315348775	0.0	1
1060	3178.320523262024	0.28701377315348775	0.0	2
1061	3181.1154460906982	0.28701377315348775	0.0	3
1062	3183.978278875351	0.28713696978368936	0.0001231966302016052	0
1063	3186.7575063705444	0.28724219038337334	0.00010522059968398612	0
1064	3189.5806934833527	0.28724219038337334	0.0	1
1065	3192.3755719661713	0.28724219038337334	0.0	2
1066	3195.1997842788696	0.28726122515253044	1.903476915710023e-05	0
1067	3198.0017173290253	0.28726122515253044	0.0	1
1068	3200.8264026641846	0.2872884595145553	2.723436202484164e-05	0
1069	3203.641677379608	0.2872884595145553	0.0	1
1070	3206.465258836746	0.2875633260864551	0.00027486657189979	0
1071	3209.233815431595	0.2875633260864551	0.0	1
1072	3212.031896352768	0.2876112621678354	4.7936081380317574e-05	0
1073	3214.8184139728546	0.2876112621678354	0.0	1
1074	3217.623489379883	0.2877024713753114	9.120920747601735e-05	0
1075	3220.417984724045	0.2877024713753114	0.0	1
1076	3223.2286031246185	0.2877024713753114	0.0	2
1077	3226.031491756439	0.2878456939342476	0.00014322255893617353	0
1078	3228.809152841568	0.2878456939342476	0.0	1
1079	3231.607310295105	0.2878456939342476	0.0	2
1080	3234.4248077869415	0.2878456939342476	0.0	3
1081	3238.1581168174744	0.2878456939342476	0.0	4
1082	3241.881553173065	0.2879823162714523	0.00013662233720473926	0
1083	3245.679943084717	0.2879823162714523	0.0	1
1084	3248.47766828537	0.2879823162714523	0.0	2
1085	3251.2376182079315	0.2879823162714523	0.0	3
1086	3254.048740386963	0.2879823162714523	0.0	4
1087	3256.8450570106506	0.2879823162714523	0.0	5
1088	3259.700714826584	0.2879823162714523	0.0	6
1089	3262.5109837055206	0.2879823162714523	0.0	7
1090	3265.2886986732483	0.2881668521636833	0.00018453589223099698	0
1091	3268.101714372635	0.2881668521636833	0.0	1
1092	3270.8369040489197	0.2881668521636833	0.0	2
1093	3273.6460177898407	0.28835138805591437	0.0001845358922310525	0
1094	3276.4198660850525	0.28835138805591437	0.0	1
1095	3279.2142250537872	0.28835138805591437	0.0	2
1096	3281.9403553009033	0.28835138805591437	0.0	3
1097	3284.721437931061	0.28835138805591437	0.0	4
1098	3287.485861301422	0.28835138805591437	0.0	5
1099	3290.2890372276306	0.2883993016109407	4.7913555026313226e-05	0
1100	3293.0964920520782	0.2883993016109407	0.0	1
1101	3295.9539115428925	0.2883993016109407	0.0	2
1102	3298.7490315437317	0.2883993016109407	0.0	3
1103	3301.548006772995	0.2885359239481454	0.00013662233720473926	0
1104	3304.3543000221252	0.2885359239481454	0.0	1
1105	3307.1884684562683	0.2885359239481454	0.0	2
1106	3309.9702038764954	0.28858383750317174	4.7913555026313226e-05	0
1107	3312.79350399971	0.28858383750317174	0.0	1
1108	3315.621913909912	0.28858383750317174	0.0	2
1109	3318.383305311203	0.28858383750317174	0.0	3
1110	3321.1990213394165	0.28858383750317174	0.0	4
1111	3323.9819111824036	0.28858572971691043	1.8922137386967464e-06	0
1112	3326.7851474285126	0.28858572971691043	0.0	1
1113	3329.599274158478	0.28858572971691043	0.0	2
1114	3332.3703215122223	0.28858572971691043	0.0	3
1115	3335.1795206069946	0.28858572971691043	0.0	4
1116	3337.9463460445404	0.28858572971691043	0.0	5
1117	3340.7519285678864	0.28886854809178353	0.000282818374873095	0
1118	3343.5662245750427	0.28886854809178353	0.0	1
1119	3346.359924554825	0.28886854809178353	0.0	2
1120	3349.1165392398834	0.28886854809178353	0.0	3
1121	3351.926142692566	0.28886854809178353	0.0	4
1122	3354.722176551819	0.28886854809178353	0.0	5
1123	3358.546379804611	0.28886854809178353	0.0	6
1124	3362.337605714798	0.28886854809178353	0.0	7
1125	3366.1650397777557	0.2890555618829581	0.00018701379117458394	0
1126	3368.93994140625	0.2890555618829581	0.0	1
1127	3371.769176006317	0.2890555618829581	0.0	2
1128	3374.5782520771027	0.2890555618829581	0.0	3
1129	3377.393655538559	0.2891891206360145	0.0001335587530563731	0
1130	3380.1734545230865	0.2891891206360145	0.0	1
1131	3382.9888410568237	0.2891891206360145	0.0	2
1132	3385.7747073173523	0.28923761987624563	4.849924023114793e-05	0
1133	3388.5838012695312	0.28923761987624563	0.0	1
1134	3391.3929245471954	0.28942463366742016	0.00018701379117452843	0
1135	3394.202257871628	0.28942463366742016	0.0	1
1136	3397.0107159614563	0.28942463366742016	0.0	2
1137	3399.7909622192383	0.28942463366742016	0.0	3
1138	3402.5811524391174	0.28942463366742016	0.0	4
1139	3405.3737359046936	0.28942463366742016	0.0	5
1140	3408.154001235962	0.28942463366742016	0.0	6
1141	3410.929849386215	0.28942463366742016	0.0	7
1142	3413.7329347133636	0.28942463366742016	0.0	8
1143	3416.514847278595	0.28942463366742016	0.0	9
1144	3419.3637294769287	0.28942463366742016	0.0	10
1145	3422.169928789139	0.28942463366742016	0.0	11
1146	3424.9951939582825	0.28942463366742016	0.0	12
1147	3427.8118274211884	0.28942463366742016	0.0	13
1148	3430.6250960826874	0.28953800880726377	0.00011337513984360781	0
1149	3433.465255022049	0.28953800880726377	0.0	1
1150	3436.2667610645294	0.28953800880726377	0.0	2
1151	3439.082731485367	0.28953800880726377	0.0	3
1152	3441.8861842155457	0.28953800880726377	0.0	4
1153	3444.698651075363	0.28953800880726377	0.0	5
1154	3447.5387902259827	0.2896091695596512	7.116075238744468e-05	0
1155	3450.318829536438	0.2896091695596512	0.0	1
1156	3453.1633489131927	0.2896091695596512	0.0	2
1157	3455.974828481674	0.2896091695596512	0.0	3
1158	3458.7862293720245	0.2896091695596512	0.0	4
1159	3461.5911791324615	0.2896091695596512	0.0	5
1160	3464.3783276081085	0.2896898139070862	8.064434743498827e-05	0
1161	3467.169102668762	0.2896898139070862	0.0	1
1162	3469.9921996593475	0.28974049820365844	5.068429657223428e-05	0
1163	3472.764456510544	0.28974049820365844	0.0	1
1164	3475.478889942169	0.28974049820365844	0.0	2
1165	3479.2626650333405	0.28974049820365844	0.0	3
1166	3483.0254838466644	0.28980300883609755	6.25106324391167e-05	0
1167	3486.8643851280212	0.28980300883609755	0.0	1
1168	3489.639235019684	0.28980300883609755	0.0	2
1169	3492.423017501831	0.28980300883609755	0.0	3
1170	3495.24050617218	0.28998754472832855	0.00018453589223099698	0
1171	3498.073696374893	0.28998754472832855	0.0	1
1172	3500.8382790088654	0.28998754472832855	0.0	2
1173	3503.622035741806	0.28998754472832855	0.0	3
1174	3506.3734142780304	0.28998754472832855	0.0	4
1175	3509.1905784606934	0.28998754472832855	0.0	5
1176	3511.972030878067	0.28998754472832855	0.0	6
1177	3514.760702610016	0.28998754472832855	0.0	7
1178	3517.4982509613037	0.28998754472832855	0.0	8
1179	3520.3205189704895	0.28998754472832855	0.0	9
1180	3523.0940001010895	0.28999027041716646	2.7256888379123545e-06	0
1181	3525.943833589554	0.28999027041716646	0.0	1
1182	3528.721905231476	0.2901720806205596	0.00018181020339314014	0
1183	3531.5521368980408	0.2901720806205596	0.0	1
1184	3534.335510492325	0.2901720806205596	0.0	2
1185	3537.1259021759033	0.2901720806205596	0.0	3
1186	3539.8814725875854	0.2904510920416013	0.0002790114210416972	0
1187	3542.702337741852	0.2904510920416013	0.0	1
1188	3545.4492297172546	0.2904510920416013	0.0	2
1189	3548.316108942032	0.2904510920416013	0.0	3
1190	3551.085172176361	0.2904510920416013	0.0	4
1191	3553.8822405338287	0.2904510920416013	0.0	5
1192	3556.657021522522	0.29058230805383833	0.00013121601223703427	0
1193	3559.504491329193	0.29058230805383833	0.0	1
1194	3562.285726070404	0.29058230805383833	0.0	2
1195	3565.0855071544647	0.29073195062367363	0.00014964256983529545	0
1196	3567.8970284461975	0.29073195062367363	0.0	1
1197	3570.736592054367	0.29073195062367363	0.0	2
1198	3573.522101163864	0.29073195062367363	0.0	3
1199	3576.3355507850647	0.29073195062367363	0.0	4
1200	3579.1439640522003	0.29077698080538383	4.50301817102039e-05	0
1201	3581.994252204895	0.2908643830590284	8.7402253644564e-05	0
1202	3584.783133506775	0.29095137983830044	8.699677927204164e-05	0
1203	3587.575078010559	0.29095137983830044	0.0	1
1204	3590.3250699043274	0.29095137983830044	0.0	2
1205	3593.1716079711914	0.2910046997182944	5.3319879993962704e-05	0
1206	3595.9736075401306	0.2910046997182944	0.0	1
1207	3599.755043745041	0.2910046997182944	0.0	2
1208	3603.5038101673126	0.2910046997182944	0.0	3
