1	9.273780822753906	0.032759460266204785	10000000000.032759	0
2	16.012901544570923	0.09424499786239691	0.06148553759619213	0
3	23.278937816619873	0.09424499786239691	0.0	1
4	30.87202477455139	0.09424499786239691	0.0	2
5	38.710100173950195	0.10669300359585832	0.0124480057334614	0
6	46.45700812339783	0.10691925460609539	0.00022625101023707184	0
7	54.09993600845337	0.11689902424276143	0.009979769636666039	0
8	61.5384247303009	0.12448638961769115	0.007587365374929725	0
9	68.64374136924744	0.1254855817940639	0.0009991921763727596	0
10	75.57372832298279	0.13369088466020895	0.008205302866145042	0
11	82.46455812454224	0.13369088466020895	0.0	1
12	89.33599829673767	0.13369088466020895	0.0	2
13	96.23246574401855	0.13836904179746062	0.004678157137251671	0
14	102.97115683555603	0.1392642179886619	0.0008951761912012746	0
15	109.66560816764832	0.14470896570757588	0.005444747718913984	0
16	116.49130535125732	0.14650445163160605	0.0017954859240301713	0
17	123.1922402381897	0.14650445163160605	0.0	1
18	130.05486226081848	0.14650445163160605	0.0	2
19	136.8023419380188	0.1478137518154985	0.0013093001838924423	0
20	143.52426052093506	0.1478137518154985	0.0	1
21	150.2262716293335	0.1483173330327024	0.0005035812172038967	0
22	156.93306636810303	0.14953800870560813	0.0012206756729057355	0
23	163.61689686775208	0.15158489175822243	0.002046883052614301	0
24	170.37448620796204	0.15158489175822243	0.0	1
25	177.10906624794006	0.15270414109351574	0.0011192493352933097	0
26	183.78366994857788	0.15367867213854008	0.0009745310450243461	0
27	190.4729299545288	0.15367867213854008	0.0	1
28	197.19632697105408	0.15367867213854008	0.0	2
29	204.9891791343689	0.1542716556760682	0.0005929835375281245	0
30	212.78211498260498	0.15449908712635868	0.00022743145029047174	0
31	220.6340308189392	0.15451530216337142	1.6215037012740074e-05	0
32	227.537677526474	0.15534400768365816	0.0008287055202867433	0
33	234.25215792655945	0.15534400768365816	0.0	1
34	240.99489617347717	0.15585209104432157	0.0005080833606634083	0
35	247.6236367225647	0.15731023648332082	0.0014581454389992476	0
36	254.354412317276	0.1580639062792822	0.0007536697959613925	0
37	261.11892795562744	0.15821386791955583	0.00014996164027361591	0
38	267.77780270576477	0.15892956231845015	0.0007156943988943232	0
39	274.4947123527527	0.15892956231845015	0.0	1
40	281.2408962249756	0.161362678035982	0.002433115717531853	0
41	287.8961126804352	0.161362678035982	0.0	1
42	294.57516288757324	0.161362678035982	0.0	2
43	301.2607157230377	0.161362678035982	0.0	3
44	307.87636137008667	0.161362678035982	0.0	4
45	314.5440971851349	0.16196290892639617	0.0006002308904141662	0
46	321.2424943447113	0.16196290892639617	0.0	1
47	327.8398668766022	0.16252661023004122	0.0005637013036450533	0
48	334.554975271225	0.16284304136994002	0.0003164311398987929	0
49	341.22991394996643	0.16284304136994002	0.0	1
50	347.88049149513245	0.16284304136994002	0.0	2
51	354.59381651878357	0.16284304136994002	0.0	3
52	361.29854345321655	0.16310347023753746	0.0002604288675974453	0
53	367.9041819572449	0.16310347023753746	0.0	1
54	374.6433916091919	0.16341699145544414	0.000313521217906676	0
55	381.35925936698914	0.16341699145544414	0.0	1
56	388.0425708293915	0.16371684153040666	0.0002998500749625266	0
57	394.7419111728668	0.16392847887579645	0.00021163734538978685	0
58	401.5051050186157	0.16466430481048538	0.0007358259346889329	0
59	408.1551601886749	0.16466430481048538	0.0	1
60	414.9095051288605	0.16534299378630996	0.0006786889758245707	0
61	421.61001324653625	0.16534299378630996	0.0	1
62	428.31453704833984	0.1653971842203898	5.4190434079837146e-05	0
63	435.05358719825745	0.16559068488216827	0.00019350066177847847	0
64	441.7463233470917	0.16562318816177848	3.2503279610213154e-05	0
65	448.40919852256775	0.16567979438015365	5.6606218375165884e-05	0
66	455.1522493362427	0.16647222653321775	0.0007924321530640988	0
67	461.8914954662323	0.16647222653321775	0.0	1
68	468.613320350647	0.16733597922718327	0.0008637526939655193	0
69	475.3606345653534	0.16733597922718327	0.0	1
70	482.095712184906	0.16746282620408545	0.00012684697690218405	0
71	489.1224675178528	0.16746282620408545	0.0	1
72	497.044629573822	0.16772956905336392	0.00026674284927846736	0
73	504.93205213546753	0.16772956905336392	0.0	1
74	512.4042067527771	0.1685902837155641	0.0008607146622001682	0
75	519.169602394104	0.1685902837155641	0.0	1
76	525.9499773979187	0.16889785697971327	0.0003075732641491802	0
77	532.7339332103729	0.16889785697971327	0.0	1
78	539.4856367111206	0.16889785697971327	0.0	2
79	546.3447525501251	0.16889785697971327	0.0	3
80	553.0641117095947	0.16897426530875187	7.640832903860195e-05	0
81	559.8309228420258	0.169258559196964	0.00028429388821213375	0
82	566.6096556186676	0.16962982131980883	0.00037126212284482873	0
83	573.3830621242523	0.16962982131980883	0.0	1
84	580.1996560096741	0.16962982131980883	0.0	2
85	586.945220708847	0.16981860022137368	0.0001887789015648511	0
86	593.7252471446991	0.1703044839884745	0.0004858837671008198	0
87	600.4999244213104	0.1703044839884745	0.0	1
88	607.3032989501953	0.1703044839884745	0.0	2
89	614.0273103713989	0.17037944650721512	7.496251874061777e-05	0
90	620.8742139339447	0.1706210615395427	0.00024161503232758563	0
91	627.637139081955	0.1707372754052661	0.00011621386572338577	0
92	634.4041049480438	0.17084338690029985	0.00010611149503375605	0
93	641.1720242500305	0.1712789967321027	0.0004356098318028523	0
94	648.0056712627411	0.1712789967321027	0.0	1
95	654.7508912086487	0.171519550283452	0.000240553551349304	0
96	661.6355431079865	0.17188277809337518	0.0003632278099231778	0
97	668.3994383811951	0.17210071111904984	0.00021793302567466033	0
98	675.2141110897064	0.17210071111904984	0.0	1
99	681.9771456718445	0.17242627465564092	0.00032556353659107806	0
100	688.7573044300079	0.17242627465564092	0.0	1
101	695.5066657066345	0.17242627465564092	0.0	2
102	702.323249578476	0.17249733897699587	7.106432135495222e-05	0
103	709.1339828968048	0.17255195034318777	5.461136619189233e-05	0
104	715.8419048786163	0.17358823029891304	0.0010362799557252778	0
105	722.6815962791443	0.17358823029891304	0.0	1
106	729.4483413696289	0.17358823029891304	0.0	2
107	736.2198138237	0.17358823029891304	0.0	3
108	743.0471942424774	0.17395206205491004	0.00036383175599699613	0
109	749.871438741684	0.1742745326555472	0.00032247060063717026	0
110	756.6256611347198	0.1742745326555472	0.0	1
111	763.4263021945953	0.17462048394747937	0.0003459512919321561	0
112	770.222950220108	0.17512036828265554	0.0004998843351761706	0
113	776.9695453643799	0.17512036828265554	0.0	1
114	784.8606488704681	0.17512036828265554	0.0	2
115	792.7657740116119	0.17537408053785605	0.00025371225520051666	0
116	800.5579452514648	0.17539316889406859	1.908835621253213e-05	0
117	807.3611974716187	0.17591477698650673	0.0005216080924381472	0
118	814.1142954826355	0.17591477698650673	0.0	1
119	820.9007818698883	0.17599770061258432	8.292362607759118e-05	0
120	827.7028450965881	0.176179634791979	0.00018193417939468826	0
121	834.4861752986908	0.17624207915573462	6.24443637556038e-05	0
122	841.2541308403015	0.17624698392991003	4.904774175418236e-06	0
123	848.0013446807861	0.17742442255434782	0.0011774386244377821	0
124	854.715393781662	0.17742442255434782	0.0	1
125	861.5122661590576	0.17742442255434782	0.0	2
126	868.2945401668549	0.17742442255434782	0.0	3
127	875.0801982879639	0.17757434759182908	0.0001499250374812633	0
128	881.8323032855988	0.17757434759182908	0.0	1
129	888.5717594623566	0.1776493101105697	7.496251874061777e-05	0
130	895.3577234745026	0.17797408668712517	0.0003247765765554689	0
131	902.1547758579254	0.17797408668712517	0.0	1
132	908.9265878200531	0.17797408668712517	0.0	2
133	915.7298438549042	0.17814185558587892	0.00016776889875375067	0
134	922.5070557594299	0.17814185558587892	0.0	1
135	929.2430274486542	0.17814185558587892	0.0	2
136	936.1282849311829	0.17831915951204083	0.0001773039261619147	0
137	942.9084813594818	0.17863756720272675	0.0003184076906859179	0
138	949.6703987121582	0.17863756720272675	0.0	1
139	956.4108536243439	0.17863756720272675	0.0	2
140	963.2253386974335	0.17863756720272675	0.0	3
141	970.0011734962463	0.17899934920235194	0.00036178199962519364	0
142	976.7925119400024	0.17899934920235194	0.0	1
143	983.5648758411407	0.17899934920235194	0.0	2
144	990.3869659900665	0.17899934920235194	0.0	3
145	997.187066078186	0.17911816186633245	0.00011881266398050538	0
146	1003.9555814266205	0.17918067943567278	6.251756934033681e-05	0
147	1010.756165266037	0.1792945690240817	0.00011388958840891084	0
148	1017.5166733264923	0.17943958928738754	0.00014502026330584505	0
149	1024.3591420650482	0.1795391122797976	9.952299241006157e-05	0
150	1031.1440262794495	0.17977745136220952	0.0002383390824119147	0
151	1037.9380943775177	0.17977745136220952	0.0	1
152	1044.7036590576172	0.17978861521387743	1.116385166791134e-05	0
153	1051.4116125106812	0.17978861521387743	0.0	1
154	1058.2364547252655	0.17987690114903485	8.828593515741723e-05	0
155	1064.9767656326294	0.18002497774550225	0.00014807659646740023	0
156	1072.9220442771912	0.18011602719148237	9.104944598012366e-05	0
157	1080.7684462070465	0.18027557876335268	0.00015955157187030888	0
158	1088.8267769813538	0.18027557876335268	0.0	1
159	1095.5819780826569	0.18027557876335268	0.0	2
160	1102.3403475284576	0.1808622117164074	0.0005866329530547221	0
161	1109.1206035614014	0.1808622117164074	0.0	1
162	1115.8975853919983	0.1808622117164074	0.0	2
163	1122.6997740268707	0.1809982459941904	0.00013603427778299815	0
164	1129.48348736763	0.1809982459941904	0.0	1
165	1136.3302965164185	0.18130548983320838	0.0003072438390179788	0
166	1143.093445301056	0.18138574145544414	8.025162223576632e-05	0
167	1149.8937685489655	0.18180110994307533	0.0004153684876311847	0
168	1156.6373753547668	0.18202491771692278	0.00022380777384745087	0
169	1163.4194738864899	0.18202491771692278	0.0	1
170	1170.1469526290894	0.1821252459707646	0.00010032825384181931	0
171	1176.9235525131226	0.1823598881711488	0.0002346422003841886	0
172	1183.6678955554962	0.1823598881711488	0.0	1
173	1190.404356956482	0.1824001329413418	4.024477019301531e-05	0
174	1197.1272971630096	0.1824001329413418	0.0	1
175	1203.9284617900848	0.18245243833161542	5.2305390273621466e-05	0
176	1210.6670734882355	0.1825211051700712	6.866683845577204e-05	0
177	1217.4232404232025	0.18290201212870127	0.0003809069586300784	0
178	1224.136733531952	0.1829723809970015	7.03688683002246e-05	0
179	1230.9314522743225	0.1829723809970015	0.0	1
180	1237.615513086319	0.1829723809970015	0.0	2
181	1244.4424283504486	0.18311436322854197	0.00014198223154046619	0
182	1251.1665732860565	0.18311436322854197	0.0	1
183	1257.9511349201202	0.18311436322854197	0.0	2
184	1264.6824474334717	0.18311436322854197	0.0	3
185	1271.428403377533	0.18311436322854197	0.0	4
186	1278.1516771316528	0.18326428826602323	0.0001499250374812633	0
187	1284.958568572998	0.18326428826602323	0.0	1
188	1291.6917262077332	0.18333925078476385	7.496251874061777e-05	0
189	1298.481769323349	0.18333925078476385	0.0	1
190	1305.2723150253296	0.18333925078476385	0.0	2
191	1312.1084370613098	0.18346260219499624	0.00012335141023239737	0
192	1318.9343490600586	0.1836317803012556	0.00016917810625935448	0
193	1325.6942954063416	0.1836317803012556	0.0	1
194	1332.4462802410126	0.1836317803012556	0.0	2
195	1339.2300386428833	0.1836317803012556	0.0	3
196	1345.9814229011536	0.18375778541393364	0.00012600511267804593	0
197	1352.760418176651	0.1839077104514149	0.0001499250374812633	0
198	1360.7356398105621	0.18410743358789355	0.0001997231364786467	0
199	1368.5989789962769	0.18410743358789355	0.0	1
200	1376.5161292552948	0.18410743358789355	0.0	2
201	1383.2974593639374	0.1842370623770146	0.00012962878912103903	0
202	1390.0822341442108	0.18435924249789168	0.00012218012087708563	0
203	1396.8671815395355	0.18435924249789168	0.0	1
204	1403.6974411010742	0.18461569996251873	0.00025645746462704677	0
205	1410.4060807228088	0.18461569996251873	0.0	1
206	1417.24351978302	0.18461569996251873	0.0	2
207	1424.060704946518	0.18467862016257494	6.292020005621568e-05	0
208	1430.8948991298676	0.18482010825641865	0.00014148809384370575	0
209	1437.710675239563	0.1849405497446589	0.00012044148824025269	0
210	1444.4880239963531	0.18513148821097264	0.00019093846631373923	0
211	1451.2828578948975	0.18513148821097264	0.0	1
212	1458.119221687317	0.18558327647699585	0.000451788266023212	0
213	1464.905428647995	0.18558327647699585	0.0	1
214	1471.7054362297058	0.18558327647699585	0.0	2
215	1478.5110747814178	0.18558327647699585	0.0	3
216	1485.323160648346	0.18558327647699585	0.0	4
217	1492.1450684070587	0.18562952410513492	4.62476281390678e-05	0
218	1498.9452865123749	0.1856837511420071	5.422703687218977e-05	0
219	1505.7615220546722	0.18604749139102322	0.00036374024901611457	0
220	1512.5434877872467	0.18611958059056408	7.208919954085347e-05	0
221	1519.3646087646484	0.18632005408428598	0.00020047349372190326	0
222	1526.130402803421	0.18632005408428598	0.0	1
223	1532.9419033527374	0.18634219877366004	2.2144689374059556e-05	0
224	1539.7322030067444	0.18642541522207645	8.321644841641218e-05	0
225	1546.5620272159576	0.1865262010108227	0.00010078578874625488	0
226	1553.3733282089233	0.18659613064561467	6.992963479196534e-05	0
227	1560.1232702732086	0.1866650171008246	6.888645520991554e-05	0
228	1566.947390794754	0.18684830558353635	0.00018328848271176312	0
229	1573.7504816055298	0.18691221405898611	6.39084754497643e-05	0
230	1580.5808470249176	0.1873819559946589	0.000469741935672785	0
231	1587.387267589569	0.1873819559946589	0.0	1
232	1594.2118654251099	0.1873819559946589	0.0	2
233	1600.948843717575	0.1873819559946589	0.0	3
234	1607.7072021961212	0.1874319737104104	5.001771575149916e-05	0
235	1614.5272645950317	0.1875193994799475	8.742576953710279e-05	0
236	1621.3312559127808	0.1878378254720296	0.0003184259920820942	0
237	1628.138704776764	0.1878378254720296	0.0	1
238	1634.965824842453	0.18795702246532983	0.0001191969933002357	0
239	1641.7848522663116	0.18795702246532983	0.0	1
240	1649.7473320960999	0.18795702246532983	0.0	2
241	1657.6661562919617	0.18795702246532983	0.0	3
242	1665.6430234909058	0.1881588502623688	0.00020182779703897813	0
243	1672.3770282268524	0.18853366285607195	0.00037481259370314435	0
244	1679.211773633957	0.18929253024854759	0.0007588673924756317	0
245	1685.9988029003143	0.18929253024854759	0.0	1
246	1692.7988955974579	0.18929253024854759	0.0	2
247	1699.613127231598	0.18929253024854759	0.0	3
248	1706.449807882309	0.18929253024854759	0.0	4
249	1713.1926667690277	0.18929253024854759	0.0	5
250	1720.0485615730286	0.18929253024854759	0.0	6
251	1726.8741466999054	0.18929253024854759	0.0	7
252	1733.667870759964	0.18929253024854759	0.0	8
253	1740.4839358329773	0.18930126001452396	8.729765976378534e-06	0
254	1747.3360524177551	0.18930126001452396	0.0	1
255	1754.1097567081451	0.18941551563085643	0.00011425561633246484	0
256	1760.970296382904	0.1895810334578804	0.000165517827023981	0
257	1767.7061851024628	0.18961653816646362	3.550470858321164e-05	0
258	1774.5439870357513	0.18977607143693775	0.00015953327047413257	0
259	1781.3379063606262	0.18989385922273236	0.00011778778579460414	0
260	1788.1564092636108	0.18992575855626873	3.189933353636709e-05	0
261	1794.931806564331	0.18996931587916976	4.3557322901038864e-05	0
262	1801.7532849311829	0.1900579861436469	8.867026447714754e-05	0
263	1808.5529911518097	0.1900579861436469	0.0	1
264	1815.3428144454956	0.1900579861436469	0.0	2
265	1822.1623001098633	0.19010051858836205	4.253244471513762e-05	0
266	1829.011872768402	0.19042910185532233	0.0003285832669602806	0
267	1835.7555866241455	0.19042910185532233	0.0	1
268	1842.5745840072632	0.1905383611904985	0.00010925933517616504	0
269	1849.3963017463684	0.19054407122610567	5.710035607175978e-06	0
270	1856.1285843849182	0.19057324365161168	2.917242550601329e-05	0
271	1862.8864860534668	0.19063867114294414	6.542749133245374e-05	0
272	1869.7199416160583	0.19106330013704084	0.00042462899409670407	0
273	1876.4473342895508	0.19106330013704084	0.0	1
274	1883.2352771759033	0.19113826265578146	7.496251874061777e-05	0
275	1890.0072131156921	0.19116904560415104	3.0782948369584284e-05	0
276	1896.7396059036255	0.1912086864282702	3.964082411916925e-05	0
277	1903.5455784797668	0.19134709988755622	0.00013841345928600202	0
278	1910.3256204128265	0.19153373752576835	0.0001866376382121393	0
279	1917.0975432395935	0.19153373752576835	0.0	1
280	1923.914829492569	0.19153373752576835	0.0	2
281	1930.6927285194397	0.19157883216594826	4.509464017990461e-05	0
282	1938.5459051132202	0.19159393081779422	1.5098651845957267e-05	0
283	1946.4228909015656	0.19159393081779422	0.0	1
284	1954.3005464076996	0.19161318388657234	1.9253068778118942e-05	0
285	1960.979953289032	0.19161318388657234	0.0	1
286	1967.6952476501465	0.19181298022863566	0.0001997963420633242	0
287	1974.429432630539	0.1920875377740817	0.0002745575454460303	0
288	1981.1647808551788	0.1920875377740817	0.0	1
289	1987.9830131530762	0.1920875377740817	0.0	2
290	1994.7449605464935	0.19230903957201084	0.00022150179792915226	0
291	2001.4944586753845	0.1923840020907515	7.496251874064552e-05	0
292	2008.2451910972595	0.1923840020907515	0.0	1
293	2014.9862122535706	0.19257300060907045	0.00018899851831896686	0
294	2021.757479429245	0.19266346441037294	9.046380130248166e-05	0
295	2028.5089526176453	0.19266346441037294	0.0	1
296	2035.2894306182861	0.19266346441037294	0.0	2
297	2042.0350794792175	0.19266346441037294	0.0	3
298	2048.8427999019623	0.19279334941904047	0.00012988500866753516	0
299	2055.625339746475	0.19279334941904047	0.0	1
300	2062.3288254737854	0.19279651556057908	3.1661415386130543e-06	0
301	2069.12042593956	0.19290559188179346	0.00010907632121437416	0
302	2075.882707595825	0.19290559188179346	0.0	1
303	2082.683397769928	0.19296250922390365	5.691734211019095e-05	0
304	2089.4668548107147	0.19296250922390365	0.0	1
305	2096.2664334774017	0.1929661329003467	3.623676443048618e-06	0
306	2103.0620090961456	0.19304446287598387	7.832997563717026e-05	0
307	2109.8637113571167	0.1932618834625656	0.00021742058658172358	0
308	2116.670893907547	0.19330351913886806	4.163567630247056e-05	0
309	2123.4365611076355	0.19330351913886806	0.0	1
310	2130.236165046692	0.1933855825993253	8.2063460457249e-05	0
311	2137.000410556793	0.19343353225730883	4.7949657983520355e-05	0
312	2143.8333978652954	0.19345909930776797	2.5567050459140983e-05	0
313	2150.602126121521	0.19347324628701273	1.414697924476127e-05	0
314	2157.442748069763	0.19347324628701273	0.0	1
315	2164.1977729797363	0.19369939663957084	0.00022615035255810212	0
316	2170.9946761131287	0.1937077237748313	8.327135260471907e-06	0
317	2177.8014583587646	0.1937077237748313	0.0	1
318	2184.602156162262	0.1937077237748313	0.0	2
319	2191.371320962906	0.193841140952961	0.00013341717812970222	0
320	2198.110003709793	0.19387410176747563	3.296081451462096e-05	0
321	2204.8752794265747	0.19423451116238755	0.0003604093949119147	0
322	2211.682687520981	0.1942505614868347	1.6050324447153264e-05	0
323	2218.4035120010376	0.1942505614868347	0.0	1
324	2226.3116703033447	0.19447993288511992	0.00022937139828521635	0
325	2234.1854593753815	0.19458749019045163	0.00010755730533171248	0
326	2242.1182730197906	0.19458749019045163	0.0	1
327	2248.829998254776	0.19466867518389241	8.1184993440786e-05	0
328	2255.6057839393616	0.19474475408779984	7.607890390742833e-05	0
329	2262.359929561615	0.1948698624320652	0.0001251083442653511	0
330	2269.1005866527557	0.19492621243089392	5.634999882872527e-05	0
331	2275.8765983581543	0.1950481363322245	0.0001219239013305895	0
332	2282.640030860901	0.1950481363322245	0.0	1
333	2289.3968665599823	0.1950481363322245	0.0	2
334	2296.214676141739	0.1950481363322245	0.0	3
335	2302.9922335147858	0.19516087293267428	0.0001127366004497754	0
336	2309.7514069080353	0.1953950942009464	0.00023422126827210565	0
337	2316.536383867264	0.1953950942009464	0.0	1
338	2323.3504111766815	0.1953950942009464	0.0	2
339	2330.0903832912445	0.1956979640062781	0.0003028698053317014	0
340	2336.847693681717	0.19572693511642614	2.8971110148046098e-05	0
341	2343.5850596427917	0.19572693511642614	0.0	1
342	2350.344822883606	0.19579353389711393	6.659878068779324e-05	0
343	2357.052258491516	0.19583670689069527	4.3172993581336305e-05	0
344	2363.8478620052338	0.19611496131816902	0.0002782544274737564	0
345	2370.6200926303864	0.19611496131816902	0.0	1
346	2377.367780685425	0.19611496131816902	0.0	2
347	2384.112377643585	0.19616834649081707	5.338517264805165e-05	0
348	2390.855080842972	0.19623311513188718	6.476864107010649e-05	0
349	2397.598031282425	0.19623311513188718	0.0	1
350	2404.326434135437	0.19623311513188718	0.0	2
351	2411.050630569458	0.19623311513188718	0.0	3
352	2417.801736831665	0.19623311513188718	0.0	4
353	2424.557107925415	0.1963080776506278	7.496251874061777e-05	0
354	2431.338891983032	0.19631744796547038	9.370314842577221e-06	0
355	2438.1022419929504	0.19631744796547038	0.0	1
356	2444.8838148117065	0.19635430697737066	3.685901190028651e-05	0
357	2451.575293779373	0.19639162352417538	3.731654680472207e-05	0
358	2458.343791246414	0.19680012898824023	0.00040850546406484556	0
359	2465.071910381317	0.19680012898824023	0.0	1
360	2471.852909564972	0.19680012898824023	0.0	2
361	2478.616993665695	0.19680012898824023	0.0	3
362	2485.3899331092834	0.19680012898824023	0.0	4
363	2492.0895998477936	0.19680012898824023	0.0	5
364	2498.851153612137	0.19687701315357944	7.688416533921383e-05	0
365	2505.633458137512	0.1970672927696308	0.00019027961605136423	0
366	2513.5901367664337	0.1970672927696308	0.0	1
367	2521.5417408943176	0.1971749415819434	0.00010764881231259404	0
368	2529.5075664520264	0.1971749415819434	0.0	1
369	2536.1777625083923	0.1971749415819434	0.0	2
370	2542.991983652115	0.1971749415819434	0.0	3
371	2549.740058660507	0.19724990410068402	7.496251874061777e-05	0
372	2556.501606941223	0.19724990410068402	0.0	1
373	2563.2311465740204	0.1973289478307721	7.90437300880742e-05	0
374	2570.0201914310455	0.19762123942911355	0.0002922915983414598	0
375	2576.7280201911926	0.1976996792131278	7.843978401425589e-05	0
376	2583.5247695446014	0.19789588848154047	0.00019620926841265596	0
377	2590.2427208423615	0.19789588848154047	0.0	1
378	2597.0410661697388	0.19789588848154047	0.0	2
379	2603.744247674942	0.19789588848154047	0.0	3
380	2610.5529243946075	0.19789588848154047	0.0	4
381	2617.273991584778	0.19801283440311093	0.00011694592157046602	0
382	2624.0392932891846	0.19811252210808658	9.968770497564838e-05	0
383	2630.764534473419	0.19811252210808658	0.0	1
384	2637.5423727035522	0.19822326385635305	0.0001107417482664741	0
385	2644.290435552597	0.19822326385635305	0.0	1
386	2651.107853412628	0.1982361480392616	1.288418290854021e-05	0
387	2657.856899023056	0.1982361480392616	0.0	1
388	2664.6247415542603	0.1983847919790105	0.00014864393974889367	0
389	2671.3975286483765	0.1983847919790105	0.0	1
390	2678.1693453788757	0.1983847919790105	0.0	2
391	2684.9263586997986	0.19838923921828147	4.4472392709826725e-06	0
392	2691.729911804199	0.1985388897348201	0.0001496505165386186	0
393	2698.4769933223724	0.1985388897348201	0.0	1
394	2705.2350521087646	0.198726021510729	0.00018713177590889973	0
395	2712.042678833008	0.198726021510729	0.0	1
396	2718.811845064163	0.19880098402946964	7.496251874064552e-05	0
397	2725.5715415477753	0.1989191012403954	0.00011811721092577776	0
398	2732.334945678711	0.1989191012403954	0.0	1
399	2739.1015770435333	0.1989191012403954	0.0	2
400	2745.8945019245148	0.19928800248313341	0.0003689012427380012	0
401	2752.685514688492	0.19928800248313341	0.0	1
402	2759.3931922912598	0.19928800248313341	0.0	2
403	2766.1465830802917	0.19928800248313341	0.0	3
404	2772.9429421424866	0.19936001847708956	7.201599395614822e-05	0
405	2779.6738588809967	0.19936001847708956	0.0	1
406	2786.499918937683	0.1994287951239224	6.877664683282991e-05	0
407	2793.281369447708	0.1994349809958302	6.18587190781561e-06	0
408	2801.236111164093	0.19974123655945464	0.0003062555636244302	0
409	2809.109163761139	0.1997425908627717	1.3543033170748675e-06	0
410	2817.085417032242	0.1998920400639524	0.00014944920118067917	0
411	2823.7765197753906	0.1998920400639524	0.0	1
412	2830.500466108322	0.1998920400639524	0.0	2
413	2837.2635543346405	0.20003378437734257	0.00014174431339017413	0
414	2843.96999001503	0.20007095451297788	3.7170135635311574e-05	0
415	2850.7034282684326	0.20007095451297788	0.0	1
416	2857.4298417568207	0.20021601137907608	0.00014505686609819768	0
417	2864.1703855991364	0.20034038766749437	0.00012437628841829862	0
418	2870.963451385498	0.20034038766749437	0.0	1
419	2877.7180149555206	0.20056527522371626	0.00022488755622188106	0
420	2884.461763381958	0.20064023774245687	7.496251874061777e-05	0
421	2891.2097392082214	0.20066393805050597	2.3700308049101615e-05	0
422	2897.948399066925	0.20071578590587516	5.18478553691859e-05	0
423	2904.6830837726593	0.20074924085808657	3.345495221140915e-05	0
424	2911.467669725418	0.20074924085808657	0.0	1
425	2918.2197642326355	0.20079680618675036	4.756532866379004e-05	0
426	2924.953507423401	0.20092412899995313	0.00012732281320276817	0
427	2931.7256729602814	0.2010079310930472	8.380209309408193e-05	0
428	2938.4816269874573	0.2010079310930472	0.0	1
429	2945.230127096176	0.2010079310930472	0.0	2
430	2951.986571073532	0.20111739174358131	0.00010946065053410448	0
431	2958.7925810813904	0.20111832511478633	9.333712050196841e-07	1
432	2965.5653924942017	0.2012328186492691	0.0001144935344827569	0
433	2972.3538422584534	0.2014701328534951	0.00023731420422601346	0
434	2979.1509149074554	0.2015422586558283	7.212580233320609e-05	0
435	2985.94961476326	0.2015422586558283	0.0	1
436	2992.677686691284	0.20154509537223575	2.8367164074394324e-06	0
437	2999.4558503627777	0.2015952228963643	5.012752412855703e-05	0
438	3006.199254512787	0.20176090543595387	0.0001656825395895678	0
439	3012.9434950351715	0.20176090543595387	0.0	1
440	3019.728131532669	0.20191059255528485	0.00014968711933097123	0
441	3026.46266913414	0.20191059255528485	0.0	1
442	3033.3034732341766	0.20198555507402546	7.496251874061777e-05	0
443	3040.0084862709045	0.20198555507402546	0.0	1
444	3046.802966117859	0.2020605175927661	7.496251874064552e-05	0
445	3053.589362382889	0.2020605175927661	0.0	1
446	3060.39471411705	0.2020605175927661	0.0	2
447	3067.07567858696	0.20218088587542166	0.00012036828265554744	0
448	3073.8078229427338	0.20218088587542166	0.0	1
449	3080.5239877700806	0.20218088587542166	0.0	2
450	3088.3096537590027	0.20218088587542166	0.0	3
451	3096.1219522953033	0.20225584839416227	7.496251874061777e-05	0
452	3103.997290611267	0.20225584839416227	0.0	1
453	3110.7120218276978	0.20229938741566716	4.353902150489031e-05	0
454	3117.4538905620575	0.20230517065685905	5.783241191881228e-06	0
455	3124.216921567917	0.20251960811586392	0.00021443745900487365	0
456	3130.9295711517334	0.20251960811586392	0.0	1
457	3137.692454099655	0.2025207428024269	1.1346865629868752e-06	0
458	3144.4012756347656	0.20258999528556032	6.925248313341403e-05	0
459	3151.1911959648132	0.20258999528556032	0.0	1
460	3157.961583137512	0.20274870499320652	0.00015870970764619852	0
461	3164.720949411392	0.20274870499320652	0.0	1
462	3171.486755132675	0.20274870499320652	0.0	2
463	3178.2502069473267	0.20280430463479196	5.559964158544095e-05	0
464	3185.0261495113373	0.20280430463479196	0.0	1
465	3191.720906972885	0.20282659573533543	2.2291100543470055e-05	0
466	3198.507286310196	0.2028860203687219	5.942463338645676e-05	0
467	3205.282954454422	0.20295066090001873	6.464053129684455e-05	0
468	3212.018532037735	0.2029609828874625	1.0321987443773217e-05	0
469	3218.776597738266	0.2029735925494284	1.2609661965895524e-05	0
470	3225.5848813056946	0.20306628912106445	9.269657163604728e-05	0
471	3232.315005540848	0.20306628912106445	0.0	1
472	3239.1056039333344	0.20327637084777922	0.00021008172671477254	0
473	3245.8675043582916	0.20327637084777922	0.0	1
474	3252.531795024872	0.20327637084777922	0.0	2
475	3259.358455657959	0.20327637084777922	0.0	3
476	3266.0871980190277	0.2034398389184314	0.0001634680706521785	0
477	3272.811470746994	0.2034398389184314	0.0	1
478	3279.471028804779	0.2034398389184314	0.0	2
479	3286.319364786148	0.2034398389184314	0.0	3
480	3293.0028030872345	0.20348464073627248	4.480181784108361e-05	0
481	3299.7870597839355	0.20373374103963643	0.0002491003033639472	0
482	3306.5981121063232	0.20373374103963643	0.0	1
483	3313.393444299698	0.20373374103963643	0.0	2
484	3320.1547498703003	0.20373374103963643	0.0	3
485	3326.9806468486786	0.20384825287551536	0.00011451183587893321	0
486	3333.700918674469	0.20398587937476573	0.00013762649925036508	0
487	3340.532218694687	0.20406084189350635	7.496251874061777e-05	0
488	3347.31222820282	0.20406084189350635	0.0	1
489	3354.101813554764	0.20406084189350635	0.0	2
490	3360.8691449165344	0.20419654674615817	0.00013570485265182453	0
491	3367.6497638225555	0.20419654674615817	0.0	1
492	3375.504720211029	0.20419654674615817	0.0	2
493	3383.5213837623596	0.2042715092648988	7.496251874061777e-05	0
494	3391.5023646354675	0.2042715092648988	0.0	1
495	3398.1131942272186	0.2042715092648988	0.0	2
496	3404.918789625168	0.20442143430238005	0.0001499250374812633	0
497	3411.6721003055573	0.20442143430238005	0.0	1
498	3418.489986896515	0.20442143430238005	0.0	2
499	3425.2260847091675	0.20442143430238005	0.0	3
500	3432.020131111145	0.20442143430238005	0.0	4
501	3438.7813005447388	0.20442143430238005	0.0	5
502	3445.5870695114136	0.20454474910982007	0.000123314807440017	0
503	3452.332029104233	0.20454474910982007	0.0	1
504	3459.087968826294	0.20455446715119002	9.71804136995491e-06	0
505	3465.8280878067017	0.20472390147699587	0.0001694343258058506	0
506	3472.590887784958	0.2047988639957365	7.496251874061777e-05	0
507	3479.3459956645966	0.2047988639957365	0.0	1
508	3486.156781435013	0.20486914135705583	7.027736131934303e-05	0
509	3492.878844976425	0.20486914135705583	0.0	1
510	3499.653284549713	0.20486914135705583	0.0	2
511	3506.4196355342865	0.2050190663945371	0.0001499250374812633	0
512	3513.2277088165283	0.2050190663945371	0.0	1
513	3519.9521086215973	0.2052219739739505	0.0002029075794134083	0
514	3526.7448284626007	0.20536697593586017	0.00014500196190966874	0
515	3533.4826052188873	0.20549298104853822	0.00012600511267804593	0
516	3540.23841381073	0.20549298104853822	0.0	1
517	3546.982411623001	0.20549298104853822	0.0	2
518	3553.740698814392	0.20551133734890367	1.8356300365451883e-05	0
519	3560.441603422165	0.2055862998676443	7.496251874061777e-05	0
520	3567.1788194179535	0.20610796286427097	0.0005216629966266761	0
521	3573.950836658478	0.20610796286427097	0.0	1
522	3580.733331680298	0.20610796286427097	0.0	2
523	3587.45437002182	0.20625788790175223	0.0001499250374812633	0
524	3594.197740793228	0.20663573852722075	0.0003778506254685232	0
525	3600.938061952591	0.20663573852722075	0.0	1
