1	74.69711685180664	0.06488903680483976	10000000000.06489	0
2	129.91122198104858	0.06488903680483976	0.0	1
3	187.89457535743713	0.10610544642229666	0.0412164096174569	0
4	249.14193177223206	0.10610544642229666	0.0	1
5	313.2075228691101	0.10868059927555752	0.002575152853260862	0
6	382.53488278388977	0.10899339758831521	0.0003127983127576839	0
7	459.5224070549011	0.10899339758831521	0.0	1
8	543.0176692008972	0.12383356051466453	0.01484016292634932	0
9	626.1447923183441	0.13085783768272113	0.007024277168056606	0
10	715.906261920929	0.14439892175494284	0.01354108407222171	0
11	800.7633504867554	0.14439892175494284	0.0	1
12	884.7831861972809	0.14439892175494284	0.0	2
13	966.853093624115	0.14439892175494284	0.0	3
14	1047.3345754146576	0.14616117234351572	0.0017622505885728779	0
15	1125.4621913433075	0.14623614401295446	7.497166943873368e-05	0
16	1202.7990369796753	0.14747323603823087	0.001237092025276415	0
17	1280.5744421482086	0.15862919980439466	0.01115596376616379	0
18	1357.635434627533	0.15862919980439466	0.0	1
19	1436.3627705574036	0.15862919980439466	0.0	2
20	1511.660463809967	0.15862919980439466	0.0	3
21	1587.8383014202118	0.15996851427801723	0.001339314473622566	0
22	1661.9991343021393	0.16121110587284482	0.0012425915948275912	0
23	1733.8337156772614	0.16659367459824773	0.005382568725402909	0
24	1805.1321907043457	0.16659367459824773	0.0	1
25	1874.6096110343933	0.16675959505598761	0.00016592045773988762	0
26	1942.8756935596466	0.16675959505598761	0.0	1
27	2012.1486909389496	0.16675959505598761	0.0	2
28	2081.2543387413025	0.16699663473927098	0.00023703968328336877	0
29	2147.803563594818	0.1678006882789074	0.0008040535396364179	0
30	2219.059927225113	0.1686643860686844	0.0008636977897769904	0
31	2288.3788254261017	0.1686643860686844	0.0	1
32	2358.045345544815	0.1686643860686844	0.0	2
33	2423.904261112213	0.17098374030758057	0.0023193542388961763	0
34	2492.6618523597717	0.17098374030758057	0.0	1
35	2560.6865026950836	0.17098374030758057	0.0	2
36	2627.7822971343994	0.1722108489212425	0.0012271086136619314	0
37	2694.2148554325104	0.1722108489212425	0.0	1
38	2760.4213194847107	0.17281942524831334	0.0006085763270708422	0
39	2825.439596891403	0.17281942524831334	0.0	1
40	2893.519082069397	0.17387808781156297	0.0010586625632496294	0
41	2960.712745666504	0.17421238111413043	0.0003342933025674566	0
42	3026.731271505356	0.17427118350004683	5.880238591640663e-05	0
43	3093.707623720169	0.17619680150159295	0.0019256180015461144	0
44	3160.184718608856	0.17619680150159295	0.0	1
45	3227.324835062027	0.17619680150159295	0.0	2
46	3293.755736351013	0.17861481856727884	0.0024180170656858957	0
47	3360.4601390361786	0.17861481856727884	0.0	1
48	3426.867983818054	0.18048088382566527	0.0018660652583864235	0
49	3494.3532700538635	0.1817643424381559	0.0012834586124906289	0
50	3562.0045907497406	0.1817643424381559	0.0	1
51	3629.553977251053	0.18289084827703334	0.0011265058388774396	0
