1	28.744985103607178	0.07762666636451317	10000000000.077627	0
2	49.475223779678345	0.07762666636451317	0.0	1
3	71.17293429374695	0.07762666636451317	0.0	2
4	93.79474329948425	0.07762666636451317	0.0	3
5	116.36733913421631	0.07762666636451317	0.0	4
6	140.0359184741974	0.0929099528370231	0.015283286472509927	0
7	165.0684003829956	0.09316689969429034	0.0002569468572672512	0
8	191.23738384246826	0.09339935477313618	0.00023245507884583905	0
9	217.90945410728455	0.10733951864965861	0.01394016387652243	0
10	245.1516308784485	0.11029289261092337	0.0029533739612647575	0
11	273.7193109989166	0.12252370042760426	0.012230807816680886	0
12	303.3067092895508	0.12252370042760426	0.0	1
13	335.7303831577301	0.13627322376995293	0.013749523342348677	0
14	370.56245374679565	0.13627322376995293	0.0	1
15	404.2969226837158	0.14276608489804393	0.006492861128090999	0
16	438.8246560096741	0.14276608489804393	0.0	1
17	470.23699831962585	0.1429453834129625	0.0001792985149185744	0
18	503.3135828971863	0.14999008389895507	0.007044700485992567	0
19	537.5847775936127	0.1536962660856189	0.0037061821866638256	0
20	570.2213995456696	0.16454385439613511	0.010847588310516215	0
21	600.9827921390533	0.16454385439613511	0.0	1
22	630.431946516037	0.17257666213856915	0.008032807742434034	0
23	658.978321313858	0.17257666213856915	0.0	1
24	687.6476390361786	0.17257666213856915	0.0	2
25	716.1726891994476	0.17257666213856915	0.0	3
26	742.4916439056396	0.17272960481927016	0.00015294268070101258	0
27	772.6608846187592	0.17340580091460603	0.0006761960953358681	0
28	800.3272662162781	0.1753360504020864	0.0019302494874803844	0
29	827.1861176490784	0.18059972723288428	0.00526367683079787	0
30	854.6518249511719	0.18572911320411975	0.005129385971235467	0
31	881.8208801746368	0.18572911320411975	0.0	1
32	906.4751303195953	0.18572911320411975	0.0	2
33	931.42396235466	0.18862495485718653	0.0028958416530667774	0
34	954.5415403842926	0.18862495485718653	0.0	1
35	978.7801778316498	0.18891566871914792	0.00029071386196138915	0
36	1002.2709152698517	0.19627852016631298	0.007362851447165059	0
37	1026.209395647049	0.19722784830428816	0.0009493281379751861	0
38	1049.3998873233795	0.19920991966921942	0.001982071364931254	0
39	1072.4246509075165	0.2078477852809559	0.00863786561173649	0
40	1095.8728346824646	0.2078477852809559	0.0	1
41	1119.0993418693542	0.20803306454287	0.00018527926191408417	0
42	1142.6406209468842	0.20803306454287	0.0	1
43	1165.9070818424225	0.20803306454287	0.0	2
44	1189.32004904747	0.20872547961310897	0.0006924150702389831	0
45	1212.543402671814	0.21037483672898596	0.0016493571158769926	0
46	1235.8553240299225	0.21042286291578244	4.8026186796473747e-05	0
47	1259.0503027439117	0.21236977064206958	0.0019469077262871393	0
48	1282.4059598445892	0.2145668335298833	0.002197062887813711	0
49	1305.875010251999	0.2145668335298833	0.0	1
50	1329.2699201107025	0.21577654379411562	0.0012097102642323332	0
51	1352.462955713272	0.21689808590866627	0.00112154211455065	0
52	1375.9322233200073	0.21689808590866627	0.0	1
53	1399.3169589042664	0.21732761842735052	0.0004295325186842447	0
54	1422.556833267212	0.21732761842735052	0.0	1
55	1445.8457856178284	0.21732761842735052	0.0	2
56	1469.1330137252808	0.21732761842735052	0.0	3
57	1492.2870244979858	0.21836216376262918	0.0010345453352786638	0
58	1515.528373003006	0.2185846340350503	0.00022247027242111583	0
59	1538.7236921787262	0.21859450057811636	9.866543066061606e-06	0
60	1562.097936630249	0.21859450057811636	0.0	1
61	1585.7293498516083	0.21982263739994695	0.0012281368218305944	0
62	1609.2187404632568	0.21982263739994695	0.0	1
63	1632.7046656608582	0.21982263739994695	0.0	2
64	1656.3035831451416	0.21982263739994695	0.0	3
65	1679.7890672683716	0.2204834029427708	0.000660765542823849	0
66	1703.2099845409393	0.2211926677258258	0.000709264783054997	0
67	1726.7872042655945	0.2211926677258258	0.0	1
68	1750.231662273407	0.2211926677258258	0.0	2
69	1773.6118800640106	0.2211926677258258	0.0	3
70	1797.1042838096619	0.2212445233928077	5.185566698190369e-05	0
71	1820.5072331428528	0.22164450133500185	0.00039997794219415184	0
72	1844.161458015442	0.22164450133500185	0.0	1
73	1867.7017352581024	0.22197036757243033	0.00032586623742847376	0
74	1891.1002292633057	0.22304735255870548	0.001076984986275148	0
75	1914.5972628593445	0.2231794020460417	0.00013204948733622213	0
76	1937.53204703331	0.22357442419034879	0.00039502214430708893	0
77	1960.8340928554535	0.22357442419034879	0.0	1
78	1984.3014481067657	0.22583476360663868	0.0022603394162898915	0
79	2007.8881964683533	0.22583476360663868	0.0	1
80	2031.447049856186	0.22583476360663868	0.0	2
81	2055.108495235443	0.2258484596298902	1.3696023251519307e-05	0
82	2078.8156864643097	0.2258484596298902	0.0	1
83	2102.310797929764	0.2262604666451375	0.00041200701524729544	0
84	2125.6837668418884	0.2262604666451375	0.0	1
85	2149.1249301433563	0.22909297545384297	0.002832508808705475	0
86	2172.845797777176	0.22909297545384297	0.0	1
87	2196.4908134937286	0.22909297545384297	0.0	2
88	2220.0607585906982	0.22909297545384297	0.0	3
89	2243.4360513687134	0.22909297545384297	0.0	4
90	2267.137947320938	0.229277511346074	0.00018453589223102473	0
91	2290.7795944213867	0.22990146882640938	0.0006239574803353909	0
92	2314.538763999939	0.22990146882640938	0.0	1
93	2338.1364727020264	0.22990146882640938	0.0	2
94	2361.6124510765076	0.23033809714661377	0.00043662832020438525	0
95	2385.1283752918243	0.23033809714661377	0.0	1
96	2408.541705608368	0.23050828375132634	0.0001701866047125744	0
97	2432.03653216362	0.23051535702649242	7.073275166080695e-06	0
98	2455.5815324783325	0.2313280853536169	0.000812728327124479	0
99	2479.0777547359467	0.23186671300487866	0.0005386276512617527	0
100	2502.4712142944336	0.23186671300487866	0.0	1
101	2526.3261082172394	0.23186671300487866	0.0	2
102	2550.1569736003876	0.2318975290571946	3.0816052315946196e-05	0
103	2573.5977334976196	0.2322473858616673	0.0003498568044726924	0
104	2597.002945423126	0.23304236342181445	0.0007949775601471532	0
105	2620.8263607025146	0.23311782670782202	7.546328600757657e-05	0
106	2644.8098022937775	0.23315265245115566	3.4825743333632975e-05	0
107	2668.6874125003815	0.23399290798290737	0.0008402555317517102	0
108	2692.454107761383	0.23406039693958755	6.748895668018395e-05	0
109	2716.2736434936523	0.23406039693958755	0.0	1
110	2740.227381706238	0.23419713190856248	0.00013673496897492754	0
111	2764.0562241077423	0.23419713190856248	0.0	1
112	2787.6849086284637	0.23510422313272744	0.0009070912241649631	0
113	2811.4719820022583	0.23510422313272744	0.0	1
114	2835.206531524658	0.23510422313272744	0.0	2
115	2859.051061630249	0.23561293578583456	0.0005087126531071184	0
116	2882.8001782894135	0.23561293578583456	0.0	1
117	2906.34369969368	0.23561293578583456	0.0	2
118	2930.0837824344635	0.23592670537114782	0.0003137695853132616	0
119	2954.1585721969604	0.23592670537114782	0.0	1
120	2977.948217391968	0.2365822222734822	0.0006555169023343688	0
121	3001.69562292099	0.2365822222734822	0.0	1
122	3025.6540143489838	0.2365822222734822	0.0	2
123	3049.594850063324	0.2365822222734822	0.0	3
124	3073.4813771247864	0.2369585475439426	0.00037632527046041475	0
125	3097.3975014686584	0.23699995098265364	4.1403438711035134e-05	0
126	3121.3864784240723	0.23712341792910363	0.00012346694644999046	0
127	3145.411450624466	0.23741459358132266	0.0002911756522190334	0
128	3169.36274433136	0.2379217744423556	0.0005071808610329354	0
129	3193.2855575084686	0.2379217744423556	0.0	1
130	3217.0880353450775	0.2379217744423556	0.0	2
131	3241.236162662506	0.2379217744423556	0.0	3
132	3265.1581592559814	0.23812054699033494	0.0001987725479793423	0
133	3289.010446548462	0.23812054699033494	0.0	1
134	3312.828730583191	0.23827798367866534	0.00015743668833040347	0
135	3336.4901123046875	0.2384723410612544	0.0001943573825890499	0
136	3360.1651487350464	0.23982707599274544	0.0013547349314910473	0
137	3384.0330350399017	0.23982707599274544	0.0	1
138	3407.9137845039368	0.23982707599274544	0.0	2
139	3431.7934379577637	0.23982707599274544	0.0	3
140	3455.825854063034	0.23982707599274544	0.0	4
141	3479.937646627426	0.23982707599274544	0.0	5
142	3504.159315109253	0.23982707599274544	0.0	6
143	3528.4230268001556	0.24005612396054393	0.00022904796779849024	0
144	3552.544632434845	0.24007092377514302	1.4799814599092409e-05	0
145	3576.57936167717	0.2404399955596051	0.0003690717844620772	0
146	3600.5633013248444	0.24099522513378852	0.0005552295741834135	0
