1	4.3499062061309814	0.06606027545884906	10000000000.066061	0
2	7.431335687637329	0.06868393701989436	0.002623661561045307	0
3	10.566535711288452	0.06868393701989436	0.0	1
4	13.73879861831665	0.08140519034229304	0.012721253322398679	0
5	16.944059133529663	0.08140519034229304	0.0	1
6	20.231891632080078	0.08370732049743793	0.0023021301551448825	0
7	23.627007007598877	0.08498209893841116	0.0012747784409732343	0
8	27.132013082504272	0.09920529019750018	0.014223191259089024	0
9	30.698721885681152	0.09920529019750018	0.0	1
10	34.36256670951843	0.10399247096812753	0.004787180770627342	0
11	38.10692358016968	0.10903999381472827	0.005047522846600747	0
12	41.97283697128296	0.10903999381472827	0.0	1
13	46.132237911224365	0.11566666037050737	0.006626666555779093	0
14	50.864851236343384	0.12364728896777569	0.007980628597268322	0
15	55.842480421066284	0.12409599603736648	0.000448707069590798	0
16	61.46021294593811	0.12580756172021598	0.0017115656828494974	0
17	67.38368391990662	0.13615797188210432	0.01035041016188834	0
18	73.73894119262695	0.14486206266125684	0.008704090779152518	0
19	80.39657068252563	0.14717153148342776	0.0023094688221709236	0
20	86.99280953407288	0.14717153148342776	0.0	1
21	93.3565924167633	0.15207238670860096	0.004900855225173195	0
22	99.48942542076111	0.15419029253459693	0.0021179058259959693	0
23	105.88195943832397	0.1552356781640174	0.00104538562942047	0
24	112.24077272415161	0.1552356781640174	0.0	1
25	118.97063279151917	0.1552356781640174	0.0	2
26	125.62339782714844	0.1552356781640174	0.0	3
27	132.32875204086304	0.17115496487870777	0.015919286714690367	0
28	138.83621764183044	0.17115496487870777	0.0	1
29	145.5641610622406	0.17115496487870777	0.0	2
30	152.27326560020447	0.17376416494884886	0.0026092000701410933	0
31	158.9725410938263	0.17376416494884886	0.0	1
32	165.7403404712677	0.1845936764195114	0.01082951147066255	0
33	172.4029188156128	0.1845936764195114	0.0	1
34	179.075101852417	0.18692726681469218	0.0023335903951807735	0
35	186.05398225784302	0.18692726681469218	0.0	1
36	192.99252700805664	0.1909819288011511	0.0040546619864589295	0
37	200.41285181045532	0.1909819288011511	0.0	1
38	207.74170017242432	0.19334300616046296	0.0023610773593118473	0
39	214.96381759643555	0.19334300616046296	0.0	1
40	222.08016443252563	0.1953033729183206	0.001960366757857629	0
41	229.29747128486633	0.1953033729183206	0.0	1
42	236.56302690505981	0.20153299380119624	0.006229620882875653	0
43	243.93740010261536	0.20153299380119624	0.0	1
44	251.25414395332336	0.2042722635951934	0.002739269793997162	0
45	258.5512914657593	0.2042722635951934	0.0	1
46	265.920774936676	0.20854093626520098	0.004268672670007578	0
47	273.2539281845093	0.20854093626520098	0.0	1
48	280.50430250167847	0.21221638386574407	0.003675447600543086	0
49	287.7555675506592	0.21251941002544025	0.00030302615969618474	0
50	294.9141707420349	0.21251941002544025	0.0	1
51	302.153058052063	0.21655407348350894	0.004034663458068688	0
52	309.3432402610779	0.21655407348350894	0.0	1
53	316.4807348251343	0.21687545952565676	0.00032138604214781985	0
54	323.6290645599365	0.21991756166101328	0.0030421021353565225	0
55	330.7527811527252	0.2207517557826934	0.0008341941216801207	0
56	337.84638833999634	0.220947177525756	0.00019542174306258486	0
57	344.9680554866791	0.220947177525756	0.0	1
58	352.00076627731323	0.22747843260027245	0.006531255074516462	0
59	358.99340987205505	0.22747843260027245	0.0	1
60	365.9922742843628	0.22747843260027245	0.0	2
61	372.9877281188965	0.22747843260027245	0.0	3
62	380.1273386478424	0.22747843260027245	0.0	4
63	387.0799069404602	0.22747843260027245	0.0	5
64	393.97453808784485	0.22747843260027245	0.0	6
65	400.8512976169586	0.22859886116574046	0.0011204285654680124	0
66	407.65140199661255	0.22936352736404805	0.0007646661983075898	0
67	414.47680854797363	0.22936352736404805	0.0	1
68	421.22246861457825	0.2297569962076447	0.0003934688435966449	0
69	427.9426839351654	0.23237673294736938	0.002619736739724682	0
70	434.7268159389496	0.23237673294736938	0.0	1
71	441.6003272533417	0.2331120444775729	0.0007353115302035085	0
72	448.4921009540558	0.23328949397485746	0.00017744949728457082	0
73	455.29238867759705	0.23379197682299185	0.0005024828481343946	0
74	462.1005401611328	0.23469562838864932	0.0009036515656574706	0
75	468.87894344329834	0.23469562838864932	0.0	1
76	475.64199352264404	0.23469562838864932	0.0	2
77	482.3153579235077	0.23469562838864932	0.0	3
78	488.95588183403015	0.23602770657792652	0.0013320781892771916	0
79	495.71356749534607	0.23655591440531176	0.0005282078273852464	0
80	502.47671008110046	0.2378306752264362	0.0012747608211244321	0
81	509.37357211112976	0.2378306752264362	0.0	1
82	516.2317252159119	0.2378306752264362	0.0	2
83	523.0795342922211	0.2378306752264362	0.0	3
84	529.8209404945374	0.23996271217117132	0.0021320369447351273	0
85	536.5798804759979	0.24108569561471566	0.0011229834435443342	0
86	543.3670384883881	0.24108569561471566	0.0	1
87	550.2089855670929	0.24108569561471566	0.0	2
88	557.105640411377	0.24108569561471566	0.0	3
89	563.9882740974426	0.24387782495511873	0.002792129340403071	0
90	570.926952123642	0.24387782495511873	0.0	1
91	577.9245462417603	0.24465382071620598	0.0007759957610872503	0
92	584.760933637619	0.24536326630836822	0.0007094455921622389	0
93	591.5667798519135	0.24536326630836822	0.0	1
94	598.5554344654083	0.24670679739936668	0.0013435310909984677	0
95	605.4862492084503	0.24670679739936668	0.0	1
96	612.4061033725739	0.24670679739936668	0.0	2
97	619.4607927799225	0.24670679739936668	0.0	3
98	626.3073592185974	0.24795199211420144	0.001245194714834752	0
99	633.3819382190704	0.24795199211420144	0.0	1
100	640.4078595638275	0.24795199211420144	0.0	2
101	647.4241988658905	0.2494615198007632	0.0015095276865617624	0
102	654.4159941673279	0.2514387839936219	0.0019772641928587076	0
103	661.5701622962952	0.2514387839936219	0.0	1
104	668.7725222110748	0.2514387839936219	0.0	2
105	675.8588910102844	0.2514387839936219	0.0	3
106	682.9447729587555	0.2514387839936219	0.0	4
107	690.1061625480652	0.2514387839936219	0.0	5
108	697.3076434135437	0.25168514471957093	0.00024636072594902414	0
109	704.4888551235199	0.25239325120322426	0.0007081064836533257	0
110	711.6225707530975	0.2537482528157928	0.0013550016125685183	0
111	718.7425470352173	0.2537482528157928	0.0	1
112	725.8951945304871	0.25379996707202657	5.1714256233792444e-05	0
113	733.2253277301788	0.25510128100529555	0.0013013139332689883	0
114	740.3564023971558	0.25510128100529555	0.0	1
115	747.4805822372437	0.2554336794529446	0.0003323984476490405	0
116	754.6293165683746	0.2560048092320114	0.0005711297790668146	0
117	761.7750606536865	0.2562254625985584	0.00022065336654697454	0
118	768.9831488132477	0.2562254625985584	0.0	1
119	776.2464690208435	0.25733274675682016	0.0011072841582617787	0
120	783.4814467430115	0.25733274675682016	0.0	1
121	790.6328616142273	0.25900132881851723	0.001668582061697066	0
122	797.9632105827332	0.2596449995151018	0.0006436706965845529	0
123	805.0756826400757	0.2596449995151018	0.0	1
124	812.2561647891998	0.26045343341783345	0.0008084339027316645	0
125	819.3048710823059	0.26045343341783345	0.0	1
126	826.3920197486877	0.2606075542353042	0.00015412081747073758	0
127	833.5859260559082	0.26087738459985743	0.0002698303645532474	0
128	840.7576677799225	0.26087738459985743	0.0	1
129	847.7814607620239	0.26290648638789155	0.0020291017880341156	0
130	854.7782440185547	0.26290648638789155	0.0	1
131	861.9478464126587	0.26290648638789155	0.0	2
132	868.9582190513611	0.26290648638789155	0.0	3
133	876.0476353168488	0.2632853307569825	0.0003788443690909693	0
134	883.0599908828735	0.2632853307569825	0.0	1
135	890.153716802597	0.2633280412704785	4.271051349596933e-05	0
136	897.1800661087036	0.2640198141542924	0.0006917728838138903	0
137	904.1932907104492	0.2642145839629493	0.00019476980865690274	0
138	911.2447955608368	0.2642145839629493	0.0	1
139	918.2522461414337	0.26634887624833103	0.002134292285381756	0
140	925.2154455184937	0.26634887624833103	0.0	1
141	932.1930725574493	0.26634887624833103	0.0	2
142	939.1586601734161	0.26758577201438005	0.0012368957660490176	0
143	946.120991230011	0.2678162748764073	0.00023050286202724868	0
144	953.0158913135529	0.2678162748764073	0.0	1
145	959.9039747714996	0.2701596090479756	0.00234333417156829	0
146	966.8542168140411	0.27121359316361143	0.001053984115635842	0
147	973.8317408561707	0.27121359316361143	0.0	1
148	980.740315914154	0.27121359316361143	0.0	2
149	987.7309770584106	0.27121359316361143	0.0	3
150	994.5770604610443	0.27121359316361143	0.0	4
151	1001.5362010002136	0.27238219439570405	0.0011686012320926142	0
152	1008.4536147117615	0.27238219439570405	0.0	1
153	1015.3026864528656	0.2724348072642267	5.2612868522650125e-05	0
154	1022.2469589710236	0.27265373388559105	0.00021892662136435703	0
155	1029.1367239952087	0.27308462728804306	0.0004308934024520039	0
156	1036.1027677059174	0.27350967090069284	0.0004250436126497781	0
157	1043.015352010727	0.2738509497521381	0.00034127885144524805	0
158	1049.97642660141	0.2742266754079911	0.00037572565585303197	0
159	1056.8486120700836	0.2742266754079911	0.0	1
160	1063.7230038642883	0.2749285092254709	0.0007018338174797911	0
161	1070.6634500026703	0.2749285092254709	0.0	1
162	1077.548410654068	0.27508488538358833	0.00015637615811742167	0
163	1084.5327262878418	0.2762611160102122	0.0011762306266238642	0
164	1091.392739057541	0.2762611160102122	0.0	1
165	1098.3428246974945	0.27634990242832524	8.878641811305155e-05	0
166	1105.2765119075775	0.27634990242832524	0.0	1
167	1112.2240283489227	0.27725337779549475	0.0009034753671695039	0
168	1119.1910181045532	0.27725337779549475	0.0	1
169	1126.2277433872223	0.27756204230680753	0.00030866451131278394	0
170	1133.2528030872345	0.2791238128450671	0.001561770538259566	0
171	1140.2852656841278	0.2794270328231001	0.00030321997803300915	0
172	1147.2767610549927	0.2794270328231001	0.0	1
173	1154.2075538635254	0.2794270328231001	0.0	2
174	1161.1767880916595	0.2794270328231001	0.0	3
175	1168.206386089325	0.2798257876213373	0.0003987547982371997	0
176	1175.2830696105957	0.28155544007898203	0.0017296524576447259	0
177	1182.048151254654	0.28155544007898203	0.0	1
178	1189.2165608406067	0.28155544007898203	0.0	2
179	1196.1602625846863	0.28155544007898203	0.0	3
180	1203.1810142993927	0.28155544007898203	0.0	4
181	1210.1803166866302	0.28155544007898203	0.0	5
182	1217.1268303394318	0.28380796154982496	0.0022525214708429275	0
183	1224.1380007266998	0.284502747427784	0.0006947858779590144	0
184	1231.1783380508423	0.284502747427784	0.0	1
185	1238.2602932453156	0.2852076294791065	0.0007048820513225196	0
186	1245.3315784931183	0.2852076294791065	0.0	1
187	1252.3680140972137	0.2852076294791065	0.0	2
188	1259.4403297901154	0.2852076294791065	0.0	3
189	1266.4703693389893	0.2852076294791065	0.0	4
190	1273.5064599514008	0.2852076294791065	0.0	5
191	1280.4715323448181	0.2855421423086118	0.0003345128295053068	0
192	1287.4083964824677	0.2855421423086118	0.0	1
193	1294.4395461082458	0.28702166339266383	0.0014795210840520268	0
194	1301.509545326233	0.28702166339266383	0.0	1
195	1308.3851969242096	0.28702166339266383	0.0	2
196	1315.3061187267303	0.2873005855991989	0.0002789222065350816	0
197	1322.2218718528748	0.2873005855991989	0.0	1
198	1329.1246559619904	0.2874746344656647	0.00017404886646577022	0
199	1335.9216651916504	0.2890219919676043	0.001547357501939628	0
200	1342.7714383602142	0.2890219919676043	0.0	1
201	1349.6749045848846	0.28999462524132147	0.0009726332737171606	0
202	1356.4209568500519	0.28999462524132147	0.0	1
203	1363.254492521286	0.28999462524132147	0.0	2
204	1370.106962442398	0.28999462524132147	0.0	3
205	1376.99103307724	0.29040855072937716	0.00041392548805568863	0
206	1383.9077596664429	0.29040855072937716	0.0	1
207	1390.7442917823792	0.29040855072937716	0.0	2
208	1397.6274418830872	0.2905418096458664	0.00013325891648924282	0
209	1404.432285785675	0.29122077289960124	0.0006789632537348433	0
210	1411.2435290813446	0.29122077289960124	0.0	1
211	1418.152791261673	0.29122077289960124	0.0	2
212	1425.0827386379242	0.29165321684874784	0.0004324439491465992	0
213	1431.9444034099579	0.29200432757582456	0.00035111072707672	0
214	1438.869086265564	0.2923100143326898	0.00030568675686526436	0
215	1445.766611814499	0.29426685712078704	0.001956842788097213	0
216	1452.6661028862	0.29426685712078704	0.0	1
217	1459.5928528308868	0.29426685712078704	0.0	2
218	1466.5199987888336	0.29426685712078704	0.0	3
219	1473.3778393268585	0.29426685712078704	0.0	4
220	1480.13454079628	0.29426685712078704	0.0	5
221	1486.9608614444733	0.2956442535611829	0.0013773964403958616	0
222	1493.8616435527802	0.2956442535611829	0.0	1
223	1500.7627437114716	0.2956442535611829	0.0	2
224	1507.590758562088	0.2956442535611829	0.0	3
225	1514.360247373581	0.295659899986919	1.5646425736093317e-05	0
226	1521.1611626148224	0.29570250478132215	4.260479440315601e-05	0
227	1527.9814503192902	0.2965937872131207	0.0008912824317985346	0
228	1534.748693227768	0.2965937872131207	0.0	1
229	1541.538857460022	0.29698674508110207	0.00039295786798138055	0
230	1548.3750641345978	0.29744116098170464	0.0004544159006025783	0
231	1555.220416545868	0.29744116098170464	0.0	1
232	1562.0379226207733	0.29744116098170464	0.0	2
233	1568.9288566112518	0.2988759100299509	0.0014347490482462533	0
234	1575.7763423919678	0.2988759100299509	0.0	1
235	1582.6436519622803	0.2988759100299509	0.0	2
236	1589.5699479579926	0.29941638127210235	0.0005404712421514524	0
237	1596.4630479812622	0.29941638127210235	0.0	1
238	1603.3092114925385	0.29941638127210235	0.0	2
239	1610.257960319519	0.29941638127210235	0.0	3
240	1617.1904017925262	0.29941641651179995	3.52396976044389e-08	4
241	1624.0486528873444	0.2995497635275332	0.00013334701573325392	0
242	1630.9153308868408	0.3000306444410364	0.00048088091350317885	0
243	1637.760278224945	0.3000306444410364	0.0	1
244	1644.5599873065948	0.3000306444410364	0.0	2
245	1651.3717858791351	0.30116405883507147	0.0011334143940350816	0
246	1658.2090706825256	0.30116405883507147	0.0	1
247	1665.1485385894775	0.30116405883507147	0.0	2
248	1671.9839625358582	0.30116405883507147	0.0	3
249	1678.914721250534	0.3029850349690567	0.0018209761339852415	0
250	1685.7081344127655	0.3029850349690567	0.0	1
251	1692.5558197498322	0.3029850349690567	0.0	2
252	1699.4015398025513	0.3029850349690567	0.0	3
253	1706.1873173713684	0.3029850349690567	0.0	4
254	1712.9403381347656	0.3029850349690567	0.0	5
255	1719.856501340866	0.30310544901576936	0.00012041404671264688	0
256	1726.787202835083	0.30310544901576936	0.0	1
257	1733.649510383606	0.3031715939281719	6.614491240253262e-05	0
258	1740.5457382202148	0.305475882514795	0.0023042885866231266	0
259	1747.4230415821075	0.30623906864580325	0.0007631861310082311	0
260	1754.3338482379913	0.3066306169258805	0.0003915482800772585	0
261	1761.1481850147247	0.3066306169258805	0.0	1
262	1768.0349864959717	0.3066306169258805	0.0	2
263	1774.869511604309	0.3066306169258805	0.0	3
264	1781.6417608261108	0.30710790339022803	0.0004772864643475261	0
265	1788.4174292087555	0.30710790339022803	0.0	1
266	1795.1870188713074	0.30710790339022803	0.0	2
267	1802.0064253807068	0.30710790339022803	0.0	3
