1	504.3878481388092	0.03091476908277	10000000000.030914	0
2	849.2403860092163	0.03091476908277	0.0	1
3	1192.1700072288513	0.03826626351128626	0.007351494428516257	0
4	1564.7234780788422	0.07873447232185027	0.04046820881056401	0
5	1948.2138695716858	0.08366633011448615	0.004931857792635885	0
6	2363.0864717960358	0.08366633011448615	0.0	1
7	2794.1459476947784	0.09714212003581689	0.013475789921330736	0
8	3237.928300380707	0.09810982286500766	0.0009677028291907724	0
9	3672.9090015888214	0.09848336080792203	0.0003735379429143648	0
10	4090.7991514205933	0.10591634595042704	0.007432985142505011	0
11	4494.112221479416	0.10599289273748376	7.654678705672213e-05	0
12	4907.947059869766	0.1072160269869032	0.0012231342494194442	0
13	5317.304765701294	0.1101832287546247	0.0029672017677215	0
14	5720.418257713318	0.11496746060079406	0.004784231846169357	0
15	6127.564688205719	0.11496746060079406	0.0	1
16	6527.668692588806	0.11575966123078776	0.0007922006299937029	0
17	6910.368815898895	0.11995244759072302	0.004192786359935252	0
18	7316.411407232285	0.12492500990130671	0.0049725623105836975	0
19	7712.752823352814	0.1333436286167444	0.008418618715437684	0
20	8104.093745470047	0.14290905580585567	0.00956542718911127	0
21	8486.949956417084	0.14290905580585567	0.0	1
22	8862.630685806274	0.15674577641619433	0.013836720610338665	0
23	9229.780495405197	0.16061830777750716	0.0038725313613128254	0
24	9593.939486980438	0.1640285795683768	0.00341027179086964	0
25	9961.75979232788	0.16756668237960995	0.0035381028112331514	0
26	10326.906265258789	0.1832095362498524	0.015642853870242446	0
27	10701.011725902557	0.1832095362498524	0.0	1
28	11077.36604142189	0.1832095362498524	0.0	2
29	11447.081660032272	0.183808323155282	0.0005987869054296102	0
30	11834.602865457535	0.18394838667124216	0.0001400635159601593	0
31	12210.402663707733	0.18394838667124216	0.0	1
32	12588.497766256332	0.1874632929040225	0.003514906232780335	0
33	12967.467723846436	0.1908132093886527	0.0033499164846302054	0
34	13345.379118919373	0.1908132093886527	0.0	1
35	13721.38860321045	0.19260447723560434	0.001791267846951633	0
36	14105.65746831894	0.1948148401830696	0.0022103629474652664	0
37	14488.637468338013	0.19805238682990906	0.003237546646839451	0
38	14873.557355642319	0.19972461606299444	0.0016722292330853816	0
39	15258.109901666641	0.2013083062431121	0.0015836901801176695	0
40	15646.260294675827	0.20243951900558899	0.0011312127624768797	0
41	16035.086190462112	0.2036384573210631	0.0011989383154741018	0
42	16423.706605434418	0.2036384573210631	0.0	1
43	16816.059147119522	0.20461371297157277	0.0009752556505096821	0
44	17203.41078519821	0.20574984563801313	0.0011361326664403593	0
45	17592.961483716965	0.20616084980271182	0.0004110041646986917	0
46	17986.62247824669	0.20814337891624354	0.0019825291135317225	0
47	18379.30673956871	0.21051117879054	0.0023677998742964446	0
48	18769.886034965515	0.21341993748032037	0.002908758689780383	0
49	19154.77435016632	0.21341993748032037	0.0	1
50	19549.5222594738	0.21341993748032037	0.0	2
51	19942.520634174347	0.21369343417291492	0.00027349669259454923	0
52	20330.181555747986	0.21369343417291492	0.0	1
53	20722.10129261017	0.2143943283039615	0.00070089413104657	0
54	21112.899455070496	0.2162551282311469	0.001860799927185408	0
55	21500.494626045227	0.21841398593399455	0.002158857702847655	0
56	21889.02542614937	0.21841398593399455	0.0	1
57	22272.70843911171	0.21845445983144407	4.047389744951668e-05	0
58	22659.613959550858	0.21845445983144407	0.0	1
59	23051.446561813354	0.21871921216347856	0.0002647523320344902	0
60	23450.13117337227	0.21986720256720588	0.001147990403727317	0
61	23847.56657719612	0.220644931760932	0.0007777291937261233	0
62	24240.843277692795	0.220644931760932	0.0	1
63	24636.354897022247	0.220644931760932	0.0	2
64	25038.087808847427	0.220644931760932	0.0	3
65	25439.651832818985	0.22079862110466603	0.00015368934373402587	0
66	25846.75699186325	0.22115727441625338	0.0003586533115873536	0
67	26251.200434446335	0.22115727441625338	0.0	1
68	26657.58829975128	0.22149540250349312	0.0003381280872397363	0
69	27063.92714047432	0.22149540250349312	0.0	1
70	27471.724066495895	0.2216425768181505	0.0001471743146573834	0
71	27882.380155563354	0.2216425768181505	0.0	1
72	28291.247003555298	0.22164945699634941	6.880178198914733e-06	0
73	28701.18917655945	0.2222450536515527	0.0005955966552032843	0
74	29113.026468992233	0.2222450536515527	0.0	1
75	29515.94961643219	0.22256350212293854	0.000318448471385846	0
76	29928.026037454605	0.22256350212293854	0.0	1
77	30339.58304977417	0.22256350212293854	0.0	2
78	30749.038761377335	0.22256350212293854	0.0	3
79	31157.518781661987	0.22256350212293854	0.0	4
80	31567.30691218376	0.22292707533848938	0.0003635732155508331	0
81	31980.732607603073	0.2238757519765714	0.0009486766380820133	0
82	32393.22495174408	0.2238757519765714	0.0	1
83	32804.14436149597	0.22412130515212342	0.0002455531755520268	0
84	33217.93708872795	0.22412130515212342	0.0	1
85	33634.95147418976	0.22412130515212342	0.0	2
86	34050.352544784546	0.2244010093797969	0.0002797042276734829	0
87	34468.3782646656	0.2244010093797969	0.0	1
88	34884.55884242058	0.2246209828984138	0.0002199735186169116	0
89	35304.50226569176	0.22541243401178807	0.000791451113374253	0
