1	39.75002908706665	0.02283688114879752	10000000000.022837	0
2	67.66845345497131	0.03236977117794366	0.009532890029146139	0
3	96.82942485809326	0.03236977117794366	0.0	1
4	125.8561007976532	0.03236977117794366	0.0	2
5	156.1646749973297	0.03236977117794366	0.0	3
6	186.45414304733276	0.03366849272524039	0.0012987215472967314	0
7	218.57957983016968	0.041414415732853364	0.0077459230076129745	0
8	251.24256014823914	0.043434311936528316	0.002019896203674952	0
9	282.9533131122589	0.05837909541860887	0.014944783482080552	0
10	317.4202835559845	0.0691655085768066	0.010786413158197734	0
11	356.6947064399719	0.10458672410341711	0.03542121552661051	0
12	401.1322696208954	0.11928693083690374	0.014700206733486626	0
13	456.18910932540894	0.13502808963037655	0.015741158793472806	0
14	515.8154759407043	0.13502808963037655	0.0	1
15	579.1136610507965	0.1460180498471823	0.01098996021680576	0
16	646.3699507713318	0.1460180498471823	0.0	1
17	710.7655234336853	0.1460180498471823	0.0	2
18	777.269809961319	0.16105500532506908	0.015036955477886776	0
19	845.194013595581	0.16105500532506908	0.0	1
20	909.763906955719	0.16109720028278254	4.219495771345949e-05	0
21	973.5723991394043	0.1645021807270006	0.003404980444218053	0
22	1037.049612045288	0.1645021807270006	0.0	1
23	1100.1903114318848	0.16473021885118067	0.00022803812418006886	0
24	1168.3922023773193	0.16687608322197645	0.0021458643707957803	0
25	1236.5082733631134	0.1675758162707246	0.0006997330487481523	0
26	1306.3051702976227	0.1675758162707246	0.0	1
27	1376.2027826309204	0.16795521653972562	0.00037940026900101786	0
28	1444.2815999984741	0.16978562726348145	0.0018304107237558376	0
29	1511.7628426551819	0.16978562726348145	0.0	1
30	1578.458113193512	0.17733438152004774	0.007548754256566287	0
31	1645.36989402771	0.17733438152004774	0.0	1
32	1711.3274104595184	0.17815230406275295	0.0008179225427052128	0
33	1776.342272758484	0.1813304048360873	0.003178100773334358	0
34	1842.4828171730042	0.18277858048748152	0.0014481756513942123	0
35	1908.0519382953644	0.18318636967667543	0.0004077891891939023	0
36	1971.0800478458405	0.18352989878007508	0.00034352910339965903	0
37	2036.8674750328064	0.18497547131876796	0.0014455725386928742	0
38	2101.194694519043	0.185562234727824	0.0005867634090560292	0
39	2164.435705423355	0.1883297660240531	0.0027675312962291143	0
40	2228.3371176719666	0.1883297660240531	0.0	1
41	2291.9914190769196	0.1883297660240531	0.0	2
42	2356.726562976837	0.18876756596805483	0.0004377999440017266	0
43	2421.670339345932	0.1895585442499721	0.000790978281917265	0
44	2486.44921875	0.19406037553294303	0.004501831282970936	0
45	2551.0164833068848	0.1942629140557401	0.00020253852279705775	0
46	2616.0746994018555	0.19465511182645073	0.000392197770710645	0
47	2681.195425271988	0.19577048428908367	0.0011153724626329353	0
48	2746.4599192142487	0.19577048428908367	0.0	1
49	2811.387102127075	0.19752761262019566	0.0017571283311119956	0
50	2876.58433675766	0.19752761262019566	0.0	1
51	2941.032912492752	0.19792091432875344	0.00039330170855778057	0
52	3005.302009820938	0.19792091432875344	0.0	1
53	3069.880306005478	0.1982362589448949	0.00031534461614146636	0
54	3133.835731267929	0.20052496742156753	0.0022887084766726185	0
55	3197.445162296295	0.20052496742156753	0.0	1
56	3261.469573497772	0.20065339219111983	0.00012842476955229887	0
57	3324.9850347042084	0.20065339219111983	0.0	1
58	3388.3336701393127	0.20277306188855473	0.002119669697434906	0
59	3452.884682893753	0.20277306188855473	0.0	1
60	3516.9100239276886	0.20277306188855473	0.0	2
61	3580.89959025383	0.20277306188855473	0.0	3
62	3644.868180036545	0.20277306188855473	0.0	4
63	3708.3975045681	0.20277306188855473	0.0	5
64	3772.3630583286285	0.20277306188855473	0.0	6
65	3835.132663488388	0.20277306188855473	0.0	7
66	3899.443670988083	0.2033102707542496	0.0005372088656948604	0
67	3962.9550540447235	0.2033102707542496	0.0	1
68	4027.3116979599	0.20502129264416502	0.0017110218899154261	0
69	4092.3876276016235	0.20502129264416502	0.0	1
70	4156.795412540436	0.20502129264416502	0.0	2
71	4220.603018045425	0.20502129264416502	0.0	3
72	4283.561953306198	0.20502129264416502	0.0	4
73	4347.0206661224365	0.20523850945167052	0.0002172168075054992	0
74	4410.344548225403	0.20744052473518576	0.0022020152835152407	0
75	4473.7995529174805	0.20744052473518576	0.0	1
76	4537.644177436829	0.20850611096379826	0.0010655862286124973	0
77	4601.156112909317	0.21099074796504733	0.002484637001249068	0
78	4682.171057939529	0.21516361939842857	0.004172871433381242	0
79	4745.957140207291	0.21516361939842857	0.0	1
80	4809.267631053925	0.21679446269137104	0.0016308432929424688	0
81	4872.175343990326	0.2173311264025735	0.0005366637112024508	0
82	4934.228492498398	0.21879994978036815	0.0014688233777946647	0
83	4996.225692033768	0.21879994978036815	0.0	1
84	5057.244913101196	0.21879994978036815	0.0	2
85	5119.598917961121	0.21896271928294303	0.00016276950257487766	0
86	5182.221562862396	0.21896271928294303	0.0	1
87	5245.069813251495	0.21989303905312335	0.0009303197701803212	0
88	5307.123898506165	0.21989303905312335	0.0	1
89	5370.362806797028	0.22010138347126468	0.00020834441814132632	0
90	5432.790199518204	0.2208046736530759	0.000703290181811228	0
91	5495.35924243927	0.2218406716216122	0.0010359979685362897	0
92	5558.73238992691	0.2218406716216122	0.0	1
93	5622.15772485733	0.2218406716216122	0.0	2
94	5685.815794229507	0.22184837192881765	7.700307205454893e-06	0
95	5749.804648160934	0.22184837192881765	0.0	1
96	5813.352877855301	0.22184837192881765	0.0	2
97	5876.617089748383	0.22234453066123316	0.0004961587324155137	0
98	5939.929923295975	0.22234453066123316	0.0	1
99	6002.841387987137	0.22234453066123316	0.0	2
100	6066.985007047653	0.22273374371109778	0.0003892130498646118	0
101	6131.735531806946	0.22453422545321963	0.0018004817421218566	0
102	6196.381150007248	0.22453422545321963	0.0	1
103	6260.484977722168	0.22453422545321963	0.0	2
104	6325.115125417709	0.22453422545321963	0.0	3
105	6390.075115680695	0.22454525120282887	1.1025749609233637e-05	0
106	6454.611485958099	0.2249476161048232	0.00040236490199432873	0
107	6518.6100997924805	0.2249476161048232	0.0	1
108	6583.625344514847	0.2249476161048232	0.0	2
109	6648.591132640839	0.22527162867739414	0.0003240125725709475	0
110	6713.668106555939	0.22527162867739414	0.0	1
111	6778.831212282181	0.2253917262120747	0.00012009753468056328	0
112	6843.0733942985535	0.2253917262120747	0.0	1
113	6908.169513702393	0.2255702915660675	0.00017856535399279894	0
114	6972.783200979233	0.22580853770811818	0.0002382461420506743	0
115	7037.946852207184	0.22580853770811818	0.0	1
116	7102.911343097687	0.22586339387891813	5.485617079994953e-05	0
117	7168.0217072963715	0.22590493465124067	4.154077232254583e-05	0
118	7233.153030633926	0.2260280850510788	0.00012315039983812337	0
119	7297.9838745594025	0.22612301007707175	9.49250259929535e-05	0
120	7362.308094739914	0.22621469143383482	9.168135676307365e-05	0
121	7427.1503393650055	0.22621469143383482	0.0	1
122	7491.732023239136	0.22643958129082117	0.0002248898569863489	0
123	7556.280971765518	0.22647921402242024	3.963273159907077e-05	0
124	7619.850103855133	0.22647921402242024	0.0	1
125	7684.655914783478	0.22738524715996317	0.000906033137542922	0
126	7749.355299949646	0.22738524715996317	0.0	1
127	7814.316651344299	0.22738524715996317	0.0	2
128	7879.792887210846	0.22738524715996317	0.0	3
129	7945.186329841614	0.2273947328481313	9.485688168137107e-06	0
130	8010.671061038971	0.2274213500162238	2.6617168092490928e-05	0
131	8076.078600168228	0.2274213500162238	0.0	1
132	8141.75218296051	0.2274213500162238	0.0	2
133	8206.982289075851	0.22760422209070674	0.00018287207448294818	0
134	8272.603257894516	0.22760422209070674	0.0	1
135	8338.136260271072	0.22782322427917492	0.00021900218846818142	0
136	8403.114267587662	0.22782322427917492	0.0	1
137	8468.817612171173	0.22782322427917492	0.0	2
138	8534.185198783875	0.22782322427917492	0.0	3
139	8599.659512281418	0.2279153145018073	9.209022263237387e-05	0
140	8665.511965751648	0.22793791115551817	2.2596653710876824e-05	0
141	8731.360366821289	0.2280831539411617	0.00014524278564351234	0
142	8797.250569105148	0.22820712207273844	0.00012396813157675157	0
143	8862.49682855606	0.22820712207273844	0.0	1
144	8928.280061006546	0.22820712207273844	0.0	2
145	8994.16675043106	0.2282804726096938	7.335053695536886e-05	0
146	9059.936648845673	0.22857441991200772	0.00029394730231391275	0
147	9125.712224006653	0.22857441991200772	0.0	1
148	9191.426446914673	0.22886389694748374	0.0002894770354760212	0
149	9256.772755384445	0.22886389694748374	0.0	1
150	9322.479445457458	0.22886389694748374	0.0	2
151	9387.890285015106	0.22886389694748374	0.0	3
152	9453.223315000534	0.22886389694748374	0.0	4
153	9518.870412111282	0.22894406191559438	8.016496811064089e-05	0
154	9584.543943405151	0.22894406191559438	0.0	1
155	9650.22301530838	0.2290823130948726	0.0001382511792782093	0
156	9716.187118291855	0.2290823130948726	0.0	1
157	9781.88474392891	0.2290823130948726	0.0	2
158	9847.68349313736	0.2290823130948726	0.0	3
159	9912.74240732193	0.22917013748360177	8.782438872917409e-05	0
160	9978.821738481522	0.229206662834594	3.652535099224474e-05	0
161	10044.475684165955	0.229206662834594	0.0	1
162	10109.978107452393	0.229206662834594	0.0	2
163	10175.657953977585	0.22938956216680156	0.0001828993322075534	0
164	10241.419939994812	0.22938956216680156	0.0	1
165	10306.355575799942	0.22938956216680156	0.0	2
166	10372.033529043198	0.22946809167143495	7.852950463338448e-05	0
167	10437.765792131424	0.22946809167143495	0.0	1
168	10503.31858921051	0.22948090280200686	1.2811130571915852e-05	0
169	10568.933761835098	0.22948090280200686	0.0	1
170	10634.612888097763	0.22949720292133027	1.6300119323409135e-05	0
171	10700.367249011993	0.22966339326834512	0.00016619034701484403	0
172	10765.538799762726	0.22966339326834512	0.0	1
173	10831.065746545792	0.22971706372812403	5.367045977891505e-05	0
174	10896.524481773376	0.22974701996748262	2.9956239358586156e-05	0
175	10962.318511247635	0.2299123925827588	0.00016537261527618807	0
176	11028.049050092697	0.22999253029314484	8.013771038603568e-05	0
177	11094.16799902916	0.23019142990970498	0.00019889961656013866	0
178	11159.774491071701	0.2302162616968348	2.4831787129808713e-05	0
179	11225.379363536835	0.2302162616968348	0.0	1
180	11290.362290859222	0.23026826943541184	5.200773857705343e-05	0
181	11356.236118555069	0.23027219454775727	3.925112345426474e-06	0
182	11421.414150476456	0.23027219454775727	0.0	1
183	11486.82571721077	0.23039526317442152	0.00012306862666425222	0
184	11552.4200963974	0.23048447770710637	8.92145326848448e-05	0
185	11617.82834815979	0.23054441744354817	5.993973644180528e-05	0
186	11683.10113286972	0.23054441744354817	0.0	1
187	11748.919242620468	0.23056248931497195	1.8071871423774866e-05	0
188	11814.664881944656	0.23062561820519442	6.31288902224747e-05	0
189	11880.213136911392	0.23080584628038908	0.00018022807519466055	0
190	11945.90369105339	0.23080584628038908	0.0	1
191	12011.630297422409	0.23080584628038908	0.0	2
192	12077.200313091278	0.23092422657841852	0.00011838029802943573	0
193	12142.311248540878	0.23092558946464956	1.362886231037752e-06	0
194	12207.181420326233	0.23107122748730008	0.00014563802265052384	0
195	12272.701400279999	0.23111186875471013	4.064126741004648e-05	0
196	12338.319698095322	0.23111186875471013	0.0	1
197	12404.035739183426	0.23111186875471013	0.0	2
198	12469.365765333176	0.23111186875471013	0.0	3
199	12534.440032958984	0.23111186875471013	0.0	4
200	12599.799797773361	0.23111186875471013	0.0	5
201	12665.306644439697	0.23111186875471013	0.0	6
202	12730.66368842125	0.23111952817532866	7.659420618533197e-06	0
203	12796.237661600113	0.23127601477237839	0.00015648659704972645	0
204	12861.906257867813	0.23127601477237839	0.0	1
205	12927.040256261826	0.23127601477237839	0.0	2
206	12992.45163846016	0.23127601477237839	0.0	3
207	13057.794864416122	0.2312940048706283	1.799009824990372e-05	0
208	13123.42152428627	0.23135116431915873	5.7159448530436086e-05	0
209	13189.26807641983	0.23149732023857705	0.00014615591941832817	0
210	13255.310949087143	0.23149732023857705	0.0	1
211	13321.254286527634	0.23149732023857705	0.0	2
212	13387.153506040573	0.2315540980789628	5.6777840385741074e-05	0
213	13452.60625052452	0.2315540980789628	0.0	1
214	13518.59968996048	0.23174784598556955	0.000193747906606756	0
215	13584.228530168533	0.23174784598556955	0.0	1
216	13650.24825501442	0.2318441747843805	9.63287988109407e-05	0
217	13715.784160852432	0.2318441747843805	0.0	1
218	13781.159990549088	0.23186688046898987	2.270568460938094e-05	0
219	13846.82245349884	0.23186688046898987	0.0	1
220	13911.499526023865	0.23191856111487147	5.16806458815966e-05	0
221	13977.052110910416	0.2322365769880258	0.00031801587315433144	0
222	14042.81193971634	0.2322365769880258	0.0	1
223	14108.334914684296	0.23227152139099003	3.494440296422652e-05	0
224	14174.10598063469	0.23257225586673458	0.0003007344757445518	0
225	14239.661925792694	0.2328889633691071	0.00031670750237253187	0
226	14305.142921924591	0.23320430798524855	0.0003153446161414386	0
227	14370.822291135788	0.23320430798524855	0.0	1
228	14436.49025130272	0.23327580499692968	7.149701168113198e-05	0
229	14501.666072845459	0.23327580499692968	0.0	1
230	14567.129714488983	0.23327580499692968	0.0	2
231	14632.498235464096	0.23327580499692968	0.0	3
232	14697.92708992958	0.23327580499692968	0.0	4
233	14763.560060977936	0.23334473978249645	6.893478556677102e-05	0
234	14829.065450191498	0.23334473978249645	0.0	1
235	14894.871170520782	0.2333724881461607	2.774836366425948e-05	0
236	14960.036541461945	0.2333870437711084	1.4555624947676371e-05	0
237	15025.448969602585	0.2333870437711084	0.0	1
238	15090.485107660294	0.23342566796689648	3.862419578809506e-05	0
239	15155.667934179306	0.23342566796689648	0.0	1
240	15221.429054498672	0.23368349878408742	0.0002578308171909405	0
241	15286.805347204208	0.23368349878408742	0.0	1
242	15352.52349114418	0.23368349878408742	0.0	2
243	15417.74524641037	0.23368349878408742	0.0	3
244	15482.591174125671	0.23368349878408742	0.0	4
245	15548.066691160202	0.23375499579576856	7.149701168113198e-05	0
246	15613.622951507568	0.23377579343965446	2.079764388590588e-05	0
247	15678.662353277206	0.2338151263362827	3.9332896628246905e-05	0
248	15744.763353586197	0.2338151263362827	0.0	1
249	15810.230159282684	0.23396286320372903	0.00014773686744631864	0
250	15875.674790859222	0.23404858874766238	8.572554393335152e-05	0
251	15941.43661570549	0.23426136254605465	0.0002127737983922684	0
252	16006.429117918015	0.23426136254605465	0.0	1
253	16072.116519451141	0.23426136254605465	0.0	2
254	16137.451475143433	0.23426136254605465	0.0	3
255	16202.86366057396	0.23426136254605465	0.0	4
256	16268.182459831238	0.23432972491940438	6.83623733497285e-05	0
257	16333.37444782257	0.23432972491940438	0.0	1
258	16398.338887691498	0.23432972491940438	0.0	2
259	16463.55358195305	0.2345560185492087	0.0002262936298043361	0
260	16528.878880262375	0.2345560185492087	0.0	1
261	16594.29188656807	0.2345560185492087	0.0	2
262	16659.284297704697	0.2345560185492087	0.0	3
263	16724.54688167572	0.23455746320861362	1.444659404908899e-06	0
264	16789.980668783188	0.23455746320861362	0.0	1
265	16855.662822008133	0.23467224548699306	0.00011478227837943833	0
266	16920.45863676071	0.23469293409998046	2.0688612987401767e-05	0
267	16985.882904052734	0.23469293409998046	0.0	1
268	17050.889538526535	0.23469293409998046	0.0	2
269	17116.682045936584	0.23469293409998046	0.0	3
270	17182.046309947968	0.23471103322912887	1.8099129148407833e-05	0
271	17247.39292526245	0.23471103322912887	0.0	1
272	17312.786892414093	0.23473839998464846	2.7366755519592223e-05	0
273	17378.122099161148	0.2348773326070422	0.00013893262239372817	0
274	17443.951750278473	0.2348773326070422	0.0	1
275	17509.316714286804	0.2348773326070422	0.0	2
276	17574.657562732697	0.2348773326070422	0.0	3
277	17640.073077440262	0.2348773326070422	0.0	4
278	17705.874303102493	0.2348773326070422	0.0	5
279	17771.39275956154	0.2348773326070422	0.0	6
280	17836.305326223373	0.23490936043347196	3.202782642977575e-05	0
281	17901.144889354706	0.23496567489253914	5.6314459067174916e-05	0
282	17966.863668441772	0.23496567489253914	0.0	1
283	18032.345227956772	0.23496567489253914	0.0	2
