1	1.535013198852539	0.06806886785528496	10000000000.06807	0
2	2.6627461910247803	0.06806886785528496	0.0	1
3	3.847895622253418	0.06806886785528496	0.0	2
4	5.0776262283325195	0.06806886785528496	0.0	3
5	6.311985969543457	0.0729649557451312	0.004896087889846246	0
6	7.630913019180298	0.09430257745526814	0.021337621710136936	0
7	8.935886144638062	0.09667594581129449	0.002373368356026348	0
8	10.235108137130737	0.09667594581129449	0.0	1
9	11.59836220741272	0.12410256661106335	0.02742662079976886	0
10	13.009292602539062	0.12410256661106335	0.0	1
11	14.50624394416809	0.12410256661106335	0.0	2
12	16.07687735557556	0.1322303662459816	0.008127799634918262	0
13	17.618034601211548	0.15759124025773774	0.02536087401175613	0
14	19.309267044067383	0.1597162639125112	0.0021250236547734613	0
15	21.017366886138916	0.20064032401004286	0.04092406009753166	0
16	22.862210035324097	0.20064032401004286	0.0	1
17	24.82088875770569	0.20167856657524047	0.0010382425651976057	0
18	26.772071838378906	0.20496216307036233	0.00328359649512186	0
19	28.879231691360474	0.2085332064347214	0.0035710433643590667	0
20	31.075283527374268	0.2167416318561852	0.0082084254214638	0
21	33.31260395050049	0.2199201081928454	0.003178476336660213	0
22	35.65780019760132	0.2199201081928454	0.0	1
23	38.05026030540466	0.22076501192278458	0.0008449037299391726	0
24	40.52557635307312	0.22369511313795853	0.0029301012151739525	0
25	42.837788105010986	0.22369511313795853	0.0	1
26	45.20919895172119	0.2260874576355662	0.002392344497607668	0
27	47.582998275756836	0.2261848267185631	9.736908299690095e-05	0
28	49.91526436805725	0.2263069213672498	0.00012209464868670472	0
29	52.11292266845703	0.2263069213672498	0.0	1
30	54.3936653137207	0.2271375640917813	0.0008306427245314829	0
31	56.77071022987366	0.2271375640917813	0.0	1
32	59.16433262825012	0.22779950837009072	0.0006619442783094287	0
33	61.47340965270996	0.2296504700583134	0.0018509616882226854	0
34	63.696242809295654	0.2296504700583134	0.0	1
35	65.95526051521301	0.23014773136120664	0.0004972613028932371	0
36	68.26933813095093	0.23040598697449413	0.00025825561328748914	0
37	70.58273673057556	0.23040598697449413	0.0	1
38	72.84334182739258	0.23040598697449413	0.0	2
39	75.18312549591064	0.23040598697449413	0.0	3
40	77.53003406524658	0.232807068163128	0.002401081188633858	0
41	79.8494827747345	0.232807068163128	0.0	1
42	82.08745765686035	0.232807068163128	0.0	2
43	84.47629833221436	0.2334862181254361	0.0006791499623081121	0
44	86.79579329490662	0.2334862181254361	0.0	1
45	89.1451165676117	0.2334862181254361	0.0	2
46	91.53028893470764	0.2335384192459131	5.2201120476991214e-05	0
47	93.95449590682983	0.23374160206869268	0.00020318282277959065	0
48	96.24158382415771	0.23406566273082385	0.00032406066213117035	0
49	98.64982628822327	0.23406566273082385	0.0	1
50	101.00078058242798	0.23438478314705444	0.00031912041623058385	0
51	103.29751467704773	0.23438478314705444	0.0	1
52	105.65997767448425	0.23438478314705444	0.0	2
53	107.93279337882996	0.2350759065132202	0.0006911233661657523	0
54	110.36618757247925	0.2350759065132202	0.0	1
55	112.75845241546631	0.23628154553865133	0.0012056390254311378	0
56	115.07344436645508	0.23628154553865133	0.0	1
57	117.40584206581116	0.23628154553865133	0.0	2
58	119.8434226512909	0.23628154553865133	0.0	3
59	122.097647190094	0.23628154553865133	0.0	4
60	124.55828714370728	0.23628154553865133	0.0	5
61	127.004399061203	0.23628154553865133	0.0	6
62	129.51620411872864	0.23628154553865133	0.0	7
63	132.04077196121216	0.2366751590223784	0.0003936134837270733	0
64	134.2738356590271	0.2366751590223784	0.0	1
65	136.79026126861572	0.2366751590223784	0.0	2
66	139.09507036209106	0.2366751590223784	0.0	3
67	141.5600402355194	0.2366751590223784	0.0	4
68	144.08481454849243	0.2366751590223784	0.0	5
69	146.62572407722473	0.2366751590223784	0.0	6
70	149.1688244342804	0.23686729321639505	0.00019213419401664655	0
71	151.76063990592957	0.23686729321639505	0.0	1
72	154.40627264976501	0.23690547669333134	3.8183476936293204e-05	0
73	157.0612280368805	0.2369374787788452	3.20020855138492e-05	0
74	159.7191858291626	0.23702886115991328	9.138238106809471e-05	0
75	162.34870600700378	0.23702886115991328	0.0	1
76	164.9691457748413	0.23745812715715958	0.00042926599724629755	0
77	167.59699153900146	0.23745812715715958	0.0	1
78	170.2331953048706	0.23745812715715958	0.0	2
79	172.854106426239	0.23745812715715958	0.0	3
80	175.53662991523743	0.23745812715715958	0.0	4
81	178.15341806411743	0.23757240988991477	0.00011428273275518319	0
82	180.82138228416443	0.23766179670367324	8.938681375847413e-05	0
83	183.48188614845276	0.23766179670367324	0.0	1
84	185.98064398765564	0.23766179670367324	0.0	2
85	188.49149775505066	0.23766179670367324	0.0	3
86	190.97852301597595	0.23766179670367324	0.0	4
87	193.46878600120544	0.23766179670367324	0.0	5
88	195.9739224910736	0.23766179670367324	0.0	6
89	198.44695115089417	0.23799004318991726	0.00032824648624402153	0
90	200.97112846374512	0.23799004318991726	0.0	1
91	203.48427557945251	0.23799004318991726	0.0	2
92	205.91732239723206	0.23799004318991726	0.0	3
93	208.40775513648987	0.23799004318991726	0.0	4
94	210.87927556037903	0.23799004318991726	0.0	5
95	213.37685585021973	0.23800148119766745	1.1438007750191881e-05	0
96	215.92948007583618	0.23833790464264354	0.0003364234449760861	0
97	218.38588666915894	0.23839699290395733	5.908826131378886e-05	0
98	220.9170913696289	0.23851828445848286	0.0001212915545255322	0
99	223.3694245815277	0.23851828445848286	0.0	1
100	225.8764727115631	0.23851828445848286	0.0	2
101	228.336421251297	0.23851828445848286	0.0	3
102	230.74040865898132	0.2386207398045006	0.00010245534601774353	0
103	233.16678094863892	0.2386207398045006	0.0	1
104	235.56998753547668	0.2386207398045006	0.0	2
105	237.95320868492126	0.23870314213267543	8.240232817482984e-05	0
106	240.32936906814575	0.23875227689362788	4.913476095244618e-05	0
107	242.71785473823547	0.23876215738542914	9.880491801256275e-06	0
108	245.07594537734985	0.23876215738542914	0.0	1
109	247.5084137916565	0.2387971771580941	3.501977266495704e-05	0
110	249.89002180099487	0.2387971771580941	0.0	1
111	252.25968408584595	0.23905587082274224	0.00025869366464814636	0
112	254.63361310958862	0.23906073806008274	4.867237340500097e-06	0
113	256.9499509334564	0.23906073806008274	0.0	1
114	259.29706144332886	0.23906073806008274	0.0	2
115	261.6967558860779	0.23913141034626695	7.067228618420907e-05	0
116	264.0612473487854	0.23922413121760366	9.272087133671558e-05	0
117	266.4309697151184	0.2392244232518441	2.920342404288956e-07	1
118	268.8572254180908	0.23928409558163877	5.9672329794674406e-05	0
119	271.3127660751343	0.23928409558163877	0.0	1
120	273.66181111335754	0.23928409558163877	0.0	2
121	276.03803873062134	0.23928409558163877	0.0	3
122	278.4283814430237	0.23928409558163877	0.0	4
123	280.77389788627625	0.23928409558163877	0.0	5
124	283.154666185379	0.23928409558163877	0.0	6
125	285.54197692871094	0.23928584778708134	1.7522054425733735e-06	0
126	287.9076814651489	0.23928584778708134	0.0	1
127	290.2169678211212	0.23928584778708134	0.0	2
128	292.5998899936676	0.23929784552712569	1.1997740044344951e-05	0
129	295.0080318450928	0.23929784552712569	0.0	1
130	297.38279271125793	0.23929784552712569	0.0	2
131	299.81533885002136	0.23929784552712569	0.0	3
132	302.2047402858734	0.23930687425239236	9.028725266674309e-06	0
133	304.5939416885376	0.23931140078311902	4.526530726661759e-06	0
134	306.9961950778961	0.23931140078311902	0.0	1
135	309.40353894233704	0.23932342285935007	1.2022076231049672e-05	0
136	311.86803340911865	0.23932342285935007	0.0	1
137	314.28098917007446	0.23932342285935007	0.0	2
138	316.78447580337524	0.23932342285935007	0.0	3
139	319.2936623096466	0.23932342285935007	0.0	4
140	321.83422923088074	0.23932342285935007	0.0	5
141	324.2979121208191	0.2393389980188397	1.5575159489633617e-05	0
142	326.7642297744751	0.2393389980188397	0.0	1
143	329.3001823425293	0.2393389980188397	0.0	2
144	331.7872109413147	0.2393389980188397	0.0	3
145	334.25188755989075	0.2393389980188397	0.0	4
146	336.7384338378906	0.2393389980188397	0.0	5
147	339.2177982330322	0.23933909536358652	9.734474681888372e-08	6
148	341.65488266944885	0.23934199136980414	2.8960062176119905e-06	0
149	344.107764005661	0.23934199136980414	0.0	1
150	346.4227840900421	0.23934199136980414	0.0	2
151	348.764146566391	0.23934199136980414	0.0	3
152	351.11314868927	0.23934199136980414	0.0	4
153	353.47067523002625	0.23934291614489883	9.247750946961286e-07	5
154	355.80553579330444	0.23934291614489883	0.0	6
155	358.14720129966736	0.23934291614489883	0.0	7
156	360.46512937545776	0.23934291614489883	0.0	8
157	362.7532947063446	0.23934291614489883	0.0	9
158	365.09070682525635	0.23934471702271481	1.8008778159828154e-06	0
159	367.43244099617004	0.23934471702271481	0.0	1
160	369.7544391155243	0.23934471702271481	0.0	2
161	372.0530409812927	0.23934471702271481	0.0	3
162	374.41686487197876	0.23934471702271481	0.0	4
163	376.7320144176483	0.23934471702271481	0.0	5
164	379.0596013069153	0.23934471702271481	0.0	6
165	381.4199569225311	0.23934471702271481	0.0	7
166	383.7637150287628	0.23945797763562848	0.00011326061291366818	0
167	386.0842845439911	0.23945797763562848	0.0	1
168	388.4309148788452	0.23950884026583683	5.0862630208342585e-05	0
169	390.81946778297424	0.23973781944652114	0.00022897918068431888	0
170	393.1876575946808	0.23973781944652114	0.0	1
171	395.57897090911865	0.23973781944652114	0.0	2
172	397.9650559425354	0.23973959598815042	1.7765416292780944e-06	0
173	400.3674657344818	0.23973959598815042	0.0	1
174	402.7299485206604	0.23974202960682067	2.4336186702500484e-06	0
175	405.08753085136414	0.23974202960682067	0.0	1
176	407.4280457496643	0.24012839090691038	0.0003863613000897048	0
177	409.7970771789551	0.24013143293024822	3.042023337840316e-06	0
178	412.1933035850525	0.24013143293024822	0.0	1
179	414.54308104515076	0.24013143293024822	0.0	2
180	416.90125370025635	0.24013143293024822	0.0	3
181	419.2744734287262	0.24013299044619718	1.5575159489633617e-06	0
182	421.65959000587463	0.24013299044619718	0.0	1
183	423.9495565891266	0.24013299044619718	0.0	2
184	426.2732779979706	0.24013299044619718	0.0	3
185	428.67153787612915	0.24052156633927682	0.00038857589307964013	0
186	431.04331493377686	0.24053597336180474	1.4407022527918034e-05	0
187	433.4213638305664	0.24053597336180474	0.0	1
188	435.7846784591675	0.24053597336180474	0.0	2
189	438.1279892921448	0.24053597336180474	0.0	3
190	440.52918672561646	0.24053597336180474	0.0	4
191	442.90907406806946	0.24053597336180474	0.0	5
192	445.21588826179504	0.24053597336180474	0.0	6
193	447.60748624801636	0.24053597336180474	0.0	7
194	449.9452631473541	0.24053597336180474	0.0	8
195	452.24936866760254	0.2405369224730861	9.49111281373094e-07	9
196	454.598237991333	0.2405369224730861	0.0	10
197	456.94603848457336	0.2405369224730861	0.0	11
198	459.2884681224823	0.2405369224730861	0.0	12
199	461.66796135902405	0.2405369224730861	0.0	13
200	464.05691361427307	0.24053699548164623	7.300856011416279e-08	14
201	466.4100511074066	0.24054176537423994	4.769892593708969e-06	0
202	468.71767258644104	0.24054176537423994	0.0	1
203	471.08982849121094	0.2405433715625623	1.6061883223728035e-06	0
204	473.54026198387146	0.2405433715625623	0.0	1
205	475.95839381217957	0.2405433715625623	0.0	2
206	478.3572688102722	0.2405433715625623	0.0	3
207	480.76305627822876	0.2405433715625623	0.0	4
208	483.1734781265259	0.2405433715625623	0.0	5
209	485.57612919807434	0.2405433715625623	0.0	6
210	488.02059864997864	0.2405433715625623	0.0	7
211	490.4586808681488	0.2405433715625623	0.0	8
212	492.8793647289276	0.2405433715625623	0.0	9
213	495.29369282722473	0.2405433715625623	0.0	10
214	497.7199697494507	0.2405433715625623	0.0	11
215	500.1783390045166	0.2405433715625623	0.0	12
216	502.4244213104248	0.2405433715625623	0.0	13
217	504.7227113246918	0.240543395898749	2.433618670472093e-08	14
218	507.0177493095398	0.240543395898749	0.0	15
219	509.26873421669006	0.240543395898749	0.0	16
220	511.6442310810089	0.24054368793298944	2.920342404288956e-07	17
221	513.9339883327484	0.24054368793298944	0.0	18
222	516.2603032588959	0.24054368793298944	0.0	19
223	518.5690088272095	0.24054368793298944	0.0	20
224	520.9096868038177	0.24054373660536285	4.867237340944186e-08	21
225	523.2129342556	0.24054373660536285	0.0	22
226	525.504744052887	0.24054373660536285	0.0	23
227	527.8021636009216	0.24054373660536285	0.0	24
228	530.214350938797	0.24054373660536285	0.0	25
229	532.50572514534	0.24054373660536285	0.0	26
230	534.8571751117706	0.24054373660536285	0.0	27
231	537.1701743602753	0.2405443206738437	5.840684808577912e-07	28
232	539.5180439949036	0.2405443206738437	0.0	29
233	541.8823935985565	0.2405443206738437	0.0	30
234	544.179349899292	0.2405443206738437	0.0	31
235	546.481362581253	0.2405443206738437	0.0	32
236	548.7683358192444	0.24054497775088468	6.57077040971954e-07	33
237	551.0781705379486	0.24054497775088468	0.0	34
238	553.3861608505249	0.24054497775088468	0.0	35
239	555.6699697971344	0.24054497775088468	0.0	36
240	557.9622912406921	0.24054497775088468	0.0	37
241	560.2526488304138	0.2405454158022453	4.380513606294656e-07	38
242	562.5312871932983	0.2405454158022453	0.0	39
243	564.8533828258514	0.24054561049173895	1.9468949363776744e-07	40
244	567.1662294864655	0.24054590252597938	2.920342404288956e-07	41
245	569.4696891307831	0.24054590252597938	0.0	42
246	571.782333612442	0.24054590252597938	0.0	43
247	574.072336435318	0.24054590252597938	0.0	44
248	576.3653407096863	0.24054590252597938	0.0	45
249	578.6854531764984	0.24054597553453946	7.300856008640721e-08	46
250	580.9614734649658	0.24054597553453946	0.0	47
251	583.2536408901215	0.24054597553453946	0.0	48
252	585.5500984191895	0.24054597553453946	0.0	49
253	587.8573474884033	0.24054597553453946	0.0	50
254	590.158280134201	0.24054597553453946	0.0	51
255	592.4354591369629	0.24054597553453946	0.0	52
256	594.7312262058258	0.2408133328816537	0.00026735734711424985	0
257	596.9877800941467	0.2408133328816537	0.0	1
258	599.2663540840149	0.2408133328816537	0.0	2
259	601.5389180183411	0.24083053856565242	1.720568399871114e-05	0
260	603.8457148075104	0.24084239028857657	1.1851722924144381e-05	0
261	606.1247081756592	0.24084239028857657	0.0	1
262	608.3572380542755	0.24093657133111543	9.418104253886006e-05	0
263	610.6339104175568	0.24093657133111543	0.0	1
264	612.9264483451843	0.24093657133111543	0.0	2
265	615.2425053119659	0.24093657133111543	0.0	3
266	617.5437591075897	0.24093657133111543	0.0	4
267	619.8725228309631	0.24093657133111543	0.0	5
268	622.2059161663055	0.24093657133111543	0.0	6
269	624.5278964042664	0.24093657133111543	0.0	7
270	626.9251260757446	0.24093657133111543	0.0	8
271	629.3300862312317	0.24093657133111543	0.0	9
272	631.7360939979553	0.24093657133111543	0.0	10
273	634.1686260700226	0.24093657133111543	0.0	11
274	636.5364215373993	0.24093657133111543	0.0	12
275	638.8904213905334	0.24093657133111543	0.0	13
276	641.2812945842743	0.24093657133111543	0.0	14
277	643.6175723075867	0.24093657133111543	0.0	15
278	646.0006649494171	0.24093686336535586	2.920342404288956e-07	16
279	648.4248278141022	0.24093686336535586	0.0	17
280	650.800032377243	0.24093686336535586	0.0	18
281	653.198704957962	0.24093686336535586	0.0	19
282	655.4771153926849	0.24093686336535586	0.0	20
283	657.7162799835205	0.24093749610621013	6.32740854267233e-07	21
284	659.9734165668488	0.24093749610621013	0.0	22
285	662.2251396179199	0.24093842088130482	9.247750946961286e-07	23
286	664.4685091972351	0.24109590034545703	0.00015747946415220482	0
287	666.6844494342804	0.2412832889830667	0.00018738863760967006	0
288	668.963588476181	0.2412938265519089	1.0537568842200473e-05	0
289	671.2330720424652	0.24133622018914475	4.23936372358491e-05	0
290	673.4737100601196	0.24133622018914475	0.0	1
291	675.6923666000366	0.24133714496423944	9.247750946961286e-07	2
292	677.9479713439941	0.24133714496423944	0.0	3
293	680.196914434433	0.24133714496423944	0.0	4
294	682.4206874370575	0.24133714496423944	0.0	5
295	684.6723017692566	0.24133714496423944	0.0	6
296	686.9056067466736	0.24133714496423944	0.0	7
297	689.1687898635864	0.24133714496423944	0.0	8
298	691.3958501815796	0.24173509028919957	0.000397945324960125	0
299	693.6641235351562	0.24173509028919957	0.0	1
300	695.9083981513977	0.24173509028919957	0.0	2
301	698.1725852489471	0.24173509028919957	0.0	3
302	700.3680567741394	0.24173509028919957	0.0	4
303	702.6110382080078	0.24173509028919957	0.0	5
304	704.8612637519836	0.24173586904717403	7.78757974467803e-07	6
305	707.0921728610992	0.24173586904717403	0.0	7
306	709.3485579490662	0.24173586904717403	0.0	8
307	711.5987584590912	0.24173616108141446	2.920342404288956e-07	9
308	713.8137431144714	0.24173679382226873	6.32740854267233e-07	10
309	716.0217034816742	0.24173679382226873	0.0	11
310	718.2640182971954	0.24173679382226873	0.0	12
311	720.4887325763702	0.24173679382226873	0.0	13
312	722.742938041687	0.24173679382226873	0.0	14
313	724.9571897983551	0.24173679382226873	0.0	15
314	727.1870160102844	0.24173754824405652	7.544217877908377e-07	16
315	729.4210953712463	0.24173854602771133	9.977836548102914e-07	17
316	731.6158893108368	0.24173854602771133	0.0	18
317	733.839702129364	0.24173854602771133	0.0	19
318	736.0613825321198	0.24173854602771133	0.0	20
319	738.2894144058228	0.24173854602771133	0.0	21
320	740.5050241947174	0.24173854602771133	0.0	22
321	742.7121906280518	0.24173854602771133	0.0	23
322	744.9616923332214	0.24173854602771133	0.0	24
323	747.1948573589325	0.24173854602771133	0.0	25
324	749.3694334030151	0.241960297360945	0.00022175133323365515	0
325	751.60547041893	0.241960297360945	0.0	1
326	753.7959930896759	0.241960297360945	0.0	2
327	756.0322906970978	0.241960297360945	0.0	3
328	758.2541706562042	0.241960297360945	0.0	4
329	760.5051236152649	0.241960297360945	0.0	5
330	762.7516605854034	0.241960297360945	0.0	6
331	764.9964904785156	0.241960297360945	0.0	7
332	767.2485041618347	0.241960297360945	0.0	8
333	769.5648999214172	0.241960297360945	0.0	9
334	771.8179402351379	0.241960297360945	0.0	10
335	774.0785846710205	0.241960297360945	0.0	11
336	776.4451055526733	0.241960297360945	0.0	12
337	778.8099644184113	0.241960297360945	0.0	13
338	781.1286234855652	0.241960297360945	0.0	14
339	783.5058879852295	0.241960297360945	0.0	15
340	785.8393552303314	0.241960297360945	0.0	16
341	788.1985342502594	0.241960297360945	0.0	17
342	790.5099387168884	0.24197609154611494	1.579418516994835e-05	0
343	792.8427836894989	0.24197609154611494	0.0	1
344	795.1852788925171	0.24200171755071273	2.5626004597795182e-05	0
345	797.5167260169983	0.24200171755071273	0.0	1
346	799.8663861751556	0.24200950513045755	7.787579744816808e-06	0
347	802.2939746379852	0.24200950513045755	0.0	1
348	804.5492997169495	0.24201242547286184	2.920342404288956e-06	0
349	806.7578978538513	0.24201244980904854	2.433618670472093e-08	1
350	809.0175416469574	0.24201515112577254	2.7013167240019786e-06	0
351	811.2298591136932	0.24201746306350927	2.3119377367264438e-06	0
352	813.4366393089294	0.2420749694726874	5.7506409178120776e-05	0
353	815.6356933116913	0.2420749694726874	0.0	1
354	817.8435981273651	0.2420749694726874	0.0	2
355	820.0685489177704	0.2420749694726874	0.0	3
356	822.2066338062286	0.24208297607811255	8.006605425159297e-06	0
357	824.4589214324951	0.24208297607811255	0.0	1
358	826.6625039577484	0.24208297607811255	0.0	2
359	828.8563697338104	0.24208297607811255	0.0	3
360	831.0027792453766	0.24208297607811255	0.0	4
361	833.1736452579498	0.24208438757694128	1.411498828735036e-06	0
362	835.478928565979	0.24208438757694128	0.0	1
363	837.7097852230072	0.24209246719092653	8.079613985245704e-06	0
364	839.9458658695221	0.24209246719092653	0.0	1
365	842.1748647689819	0.24209246719092653	0.0	2
366	844.4415993690491	0.24209246719092653	0.0	3
367	846.7055816650391	0.24209246719092653	0.0	4
368	848.9297542572021	0.24209246719092653	0.0	5
369	851.2162771224976	0.24209246719092653	0.0	6
370	853.4829986095428	0.24209246719092653	0.0	7
371	855.750262260437	0.24209246719092653	0.0	8
372	857.9948399066925	0.24211079233951355	1.832514858701728e-05	0
373	860.224294424057	0.24211079233951355	0.0	1
374	862.4349637031555	0.24211079233951355	0.0	2
375	864.6926651000977	0.24211079233951355	0.0	3
376	866.9615695476532	0.24211079233951355	0.0	4
377	869.2327945232391	0.24211079233951355	0.0	5
378	871.5167622566223	0.24211079233951355	0.0	6
379	873.7603671550751	0.24211079233951355	0.0	7
380	876.0294258594513	0.24211079233951355	0.0	8
381	878.2574579715729	0.24211772815272378	6.9358132102348424e-06	0
382	880.513076543808	0.24211772815272378	0.0	1
383	882.812732219696	0.24211772815272378	0.0	2
384	885.1134469509125	0.24211772815272378	0.0	3
385	887.3924009799957	0.24211772815272378	0.0	4
386	889.6616230010986	0.24211948035816636	1.7522054425733735e-06	0
387	891.9166352748871	0.24211948035816636	0.0	1
388	894.1993353366852	0.24211948035816636	0.0	2
389	896.4868731498718	0.24211948035816636	0.0	3
390	898.7841963768005	0.24211948035816636	0.0	4
391	901.13432097435	0.24212023477995415	7.544217877908377e-07	5
392	903.4203593730927	0.24212023477995415	0.0	6
393	905.7014291286469	0.24212023477995415	0.0	7
394	908.0091347694397	0.24212023477995415	0.0	8
395	910.3136112689972	0.24212023477995415	0.0	9
396	912.6115119457245	0.24212023477995415	0.0	10
397	914.9663941860199	0.24212434759550688	4.112815552737015e-06	0
398	917.2930173873901	0.24212434759550688	0.0	1
399	919.6487393379211	0.24212434759550688	0.0	2
400	921.9708936214447	0.24212434759550688	0.0	3
401	924.3248691558838	0.24251895886288877	0.00039461126738188357	0
402	926.7243375778198	0.24251895886288877	0.0	1
403	929.1231286525726	0.24251895886288877	0.0	2
404	931.4910337924957	0.24251895886288877	0.0	3
405	933.8880677223206	0.24251895886288877	0.0	4
406	936.2938661575317	0.24251895886288877	0.0	5
407	938.6524374485016	0.24251895886288877	0.0	6
408	940.9555525779724	0.24251895886288877	0.0	7
409	943.3206663131714	0.24251895886288877	0.0	8
410	945.6896915435791	0.24251895886288877	0.0	9
411	948.0830271244049	0.24252080841307816	1.8495501893922572e-06	0
412	950.4387691020966	0.24252080841307816	0.0	1
413	952.8220889568329	0.24252080841307816	0.0	2
414	955.0810039043427	0.24252212256716008	1.3141540819161524e-06	0
415	957.3642578125	0.24252672210644688	4.599539286803678e-06	0
416	959.6543660163879	0.24252672210644688	0.0	1
417	961.939290523529	0.24252672210644688	0.0	2
418	964.2268590927124	0.24252672210644688	0.0	3
419	966.5136604309082	0.24252672210644688	0.0	4
420	968.8256921768188	0.24252672210644688	0.0	5
421	971.0946745872498	0.24252672210644688	0.0	6
422	973.3332793712616	0.24252672210644688	0.0	7
423	975.6086161136627	0.24252672210644688	0.0	8
424	977.876148223877	0.24252686812356708	1.4601712020057e-07	9
425	980.1503434181213	0.24252686812356708	0.0	10
426	982.3955805301666	0.24252754953679476	6.814132276766749e-07	11
427	984.6535494327545	0.24252754953679476	0.0	12
428	986.9189929962158	0.24252754953679476	0.0	13
429	989.1663517951965	0.24252754953679476	0.0	14
430	991.3957321643829	0.24252754953679476	0.0	15
431	993.6692097187042	0.24252754953679476	0.0	16
432	995.904237985611	0.24252754953679476	0.0	17
433	998.1892230510712	0.24252754953679476	0.0	18
434	1000.4436860084534	0.24252754953679476	0.0	19
435	1002.6990323066711	0.2425290097079969	1.460171202144478e-06	0
436	1004.948258638382	0.2425290097079969	0.0	1
437	1007.224413394928	0.2425290097079969	0.0	2
438	1009.4180784225464	0.2425290097079969	0.0	3
439	1011.6689147949219	0.2425290097079969	0.0	4
440	1013.9414699077606	0.2425290097079969	0.0	5
441	1016.1814117431641	0.2425290097079969	0.0	6
442	1018.4575712680817	0.2425290097079969	0.0	7
443	1020.7503888607025	0.2425290097079969	0.0	8
444	1023.0370955467224	0.2425290097079969	0.0	9
445	1025.3211092948914	0.2425290097079969	0.0	10
446	1027.6105473041534	0.2425290097079969	0.0	11
447	1029.9048936367035	0.2425290097079969	0.0	12
448	1032.1968958377838	0.2425290097079969	0.0	13
449	1034.4571216106415	0.2425290097079969	0.0	14
450	1036.709394454956	0.2425290097079969	0.0	15
451	1039.0098559856415	0.2425290097079969	0.0	16
452	1041.2138884067535	0.2425290097079969	0.0	17
453	1043.4727997779846	0.2425290097079969	0.0	18
454	1045.7678673267365	0.24256955379504336	4.0544087046456845e-05	0
455	1048.0629043579102	0.24256955379504336	0.0	1
456	1050.3466534614563	0.24292452141428678	0.00035496761924341813	0
457	1052.5900280475616	0.24292452141428678	0.0	1
458	1054.8655853271484	0.24292452141428678	0.0	2
459	1057.227345943451	0.2429257868959953	1.265481708534466e-06	0
460	1059.4832074642181	0.2429257868959953	0.0	1
461	1061.7453722953796	0.2429257868959953	0.0	2
462	1064.0126693248749	0.2429257868959953	0.0	3
463	1066.328061580658	0.2429257868959953	0.0	4
464	1068.6680743694305	0.2429257868959953	0.0	5
465	1070.9311633110046	0.2429257868959953	0.0	6
466	1073.3212881088257	0.24292678467965012	9.977836548102914e-07	7
467	1075.6413748264313	0.24292678467965012	0.0	8
468	1078.0136210918427	0.24292678467965012	0.0	9
469	1080.388792514801	0.24292678467965012	0.0	10
470	1082.7701950073242	0.24292678467965012	0.0	11
471	1085.1698756217957	0.24292678467965012	0.0	12
472	1087.5263319015503	0.24292678467965012	0.0	13
473	1089.8507335186005	0.24292678467965012	0.0	14
474	1092.178985118866	0.24292678467965012	0.0	15
475	1094.5158562660217	0.24292678467965012	0.0	16
476	1096.8415699005127	0.24292678467965012	0.0	17
477	1099.1984922885895	0.24292678467965012	0.0	18
478	1101.5773005485535	0.24292678467965012	0.0	19
479	1103.9864690303802	0.24292824485085227	1.460171202144478e-06	0
480	1106.2734904289246	0.24292824485085227	0.0	1
481	1108.4917843341827	0.24292824485085227	0.0	2
482	1110.7396948337555	0.24292824485085227	0.0	3
483	1113.0306737422943	0.24292824485085227	0.0	4
484	1115.2930927276611	0.24292824485085227	0.0	5
485	1117.5849120616913	0.24292824485085227	0.0	6
486	1119.891135931015	0.24292824485085227	0.0	7
487	1122.1438586711884	0.24292824485085227	0.0	8
488	1124.3882145881653	0.24292824485085227	0.0	9
489	1126.6536483764648	0.24292824485085227	0.0	10
490	1128.9324550628662	0.24292824485085227	0.0	11
491	1131.170104265213	0.24292824485085227	0.0	12
492	1133.370008945465	0.243214706104528	0.00028646125367573494	0
493	1135.6328914165497	0.243214706104528	0.0	1
494	1137.8803493976593	0.243214706104528	0.0	2
495	1140.189207792282	0.243214706104528	0.0	3
496	1142.4329462051392	0.2432374847752816	2.2778670753592634e-05	0
497	1144.6657021045685	0.2432374847752816	0.0	1
498	1146.9771597385406	0.2432374847752816	0.0	2
499	1149.2299551963806	0.2432374847752816	0.0	3
500	1151.5028340816498	0.2432394316702178	1.946894936211141e-06	0
501	1153.760558605194	0.2432394316702178	0.0	1
502	1156.069501876831	0.2432394316702178	0.0	2
503	1158.3940522670746	0.2432394316702178	0.0	3
504	1160.652310371399	0.2432394316702178	0.0	4
505	1162.9544968605042	0.2432859624591931	4.653078897529084e-05	0
506	1165.2216758728027	0.2432859624591931	0.0	1
507	1167.4981405735016	0.24328919917202452	3.2367128314225724e-06	0
508	1169.7932982444763	0.24328919917202452	0.0	1
509	1172.0712277889252	0.24328919917202452	0.0	2
510	1174.2885780334473	0.24329343366851078	4.234496486260619e-06	0
511	1176.6022908687592	0.24329343366851078	0.0	1
512	1178.8843841552734	0.24329343366851078	0.0	2
513	1181.1623425483704	0.24329343366851078	0.0	3
514	1183.466510295868	0.24329343366851078	0.0	4
515	1185.769452571869	0.2433002964731609	6.86280465012068e-06	0
516	1188.072716474533	0.2433091061727472	8.809699586304065e-06	0
517	1190.3599228858948	0.2433091061727472	0.0	1
518	1192.6007914543152	0.2433091061727472	0.0	2
519	1194.867259502411	0.2433091061727472	0.0	3
520	1197.172492980957	0.2433091061727472	0.0	4
521	1199.4055263996124	0.2433091061727472	0.0	5
522	1201.6596670150757	0.2433091061727472	0.0	6
523	1203.9420611858368	0.2433127322645659	3.6260918186981073e-06	0
524	1206.2039494514465	0.2433127322645659	0.0	1
525	1208.4481508731842	0.24331557959841008	2.847333844174793e-06	0
526	1210.7493870258331	0.2433205685166841	4.9889182740237015e-06	0
527	1213.0555229187012	0.2433224910754336	1.92255874950642e-06	0
528	1215.3154139518738	0.2433224910754336	0.0	1
529	1217.5724794864655	0.2433224910754336	0.0	2
530	1219.950959444046	0.2433224910754336	0.0	3
531	1222.2121906280518	0.2433224910754336	0.0	4
532	1224.4947419166565	0.2433224910754336	0.0	5
533	1226.7946965694427	0.2433224910754336	0.0	6
534	1229.1515891551971	0.2433224910754336	0.0	7
535	1231.4771423339844	0.2433224910754336	0.0	8
536	1233.8683712482452	0.24334110825826108	1.8617182827473933e-05	0
537	1236.2975723743439	0.24334110825826108	0.0	1
538	1238.6669383049011	0.24334110825826108	0.0	2
539	1241.0918970108032	0.24334110825826108	0.0	3
540	1243.4774675369263	0.24334110825826108	0.0	4
541	1245.8411962985992	0.24334110825826108	0.0	5
542	1248.2457764148712	0.24334110825826108	0.0	6
543	1250.6324663162231	0.24334110825826108	0.0	7
544	1253.0246431827545	0.24334281179133024	1.7035330691639317e-06	0
545	1255.3865132331848	0.24334281179133024	0.0	1
546	1257.5903916358948	0.24339065673438745	4.784494305720699e-05	0
547	1259.815973997116	0.2433985416588791	7.884924491635692e-06	0
548	1262.0632185935974	0.2433985416588791	0.0	1
549	1264.3247487545013	0.24343524062842653	3.6698969547444005e-05	0
550	1266.6299970149994	0.24343524062842653	0.0	1
551	1268.8366770744324	0.24343524062842653	0.0	2
552	1270.9624683856964	0.24343524062842653	0.0	3
553	1273.2058551311493	0.24350250584847238	6.726522004585345e-05	0
554	1275.3960280418396	0.24350250584847238	0.0	1
555	1277.6023938655853	0.24350250584847238	0.0	2
556	1279.8905622959137	0.24350250584847238	0.0	3
557	1282.1441345214844	0.24350250584847238	0.0	4
558	1284.3953120708466	0.24350250584847238	0.0	5
559	1286.6411135196686	0.24351630446633274	1.3798617860355522e-05	0
560	1288.8796753883362	0.24351630446633274	0.0	1
561	1291.1161963939667	0.24351630446633274	0.0	2
562	1293.4376747608185	0.24351630446633274	0.0	3
563	1295.6848390102386	0.2436647065328449	0.00014840206651214882	0
564	1297.9417762756348	0.2436647065328449	0.0	1
565	1300.225793838501	0.2436647065328449	0.0	2
566	1302.52499294281	0.2436647065328449	0.0	3
567	1304.8618431091309	0.2436647065328449	0.0	4
568	1307.092972278595	0.24370432584479665	3.9619311951760716e-05	0
569	1309.311942100525	0.24370432584479665	0.0	1
570	1311.5619821548462	0.24370432584479665	0.0	2
571	1313.8134531974792	0.24371447403465163	1.014818985498045e-05	0
572	1316.052294254303	0.24371447403465163	0.0	1
573	1318.2454154491425	0.24371447403465163	0.0	2
574	1320.4568285942078	0.24371447403465163	0.0	3
575	1322.7087581157684	0.24372024171090012	5.7676762484915045e-06	0
576	1324.9566066265106	0.24372024171090012	0.0	1
577	1327.132299900055	0.24372024171090012	0.0	2
578	1329.315397977829	0.24372033905564694	9.734474681888372e-08	3
579	1331.639158964157	0.24372033905564694	0.0	4
580	1333.9163131713867	0.24372033905564694	0.0	5
581	1336.1449611186981	0.24372033905564694	0.0	6
582	1338.471839427948	0.24372406249221243	3.7234365654892354e-06	0
583	1340.7316009998322	0.24372406249221243	0.0	1
584	1342.9320983886719	0.24372406249221243	0.0	2
585	1345.1670966148376	0.24372406249221243	0.0	3
586	1347.3769280910492	0.24372406249221243	0.0	4
587	1349.5835344791412	0.24372635009376245	2.287601550021723e-06	0
588	1351.896108865738	0.24372686115368322	5.11059920771384e-07	1
589	1354.100456237793	0.24372686115368322	0.0	2
590	1356.3041687011719	0.24372686115368322	0.0	3
591	1358.4799783229828	0.24372686115368322	0.0	4
592	1360.6691451072693	0.24398725835140053	0.0002603971977173103	0
593	1362.8782124519348	0.24398725835140053	0.0	1
594	1365.135344028473	0.24398725835140053	0.0	2
595	1367.4084270000458	0.24398725835140053	0.0	3
596	1369.6884326934814	0.24398725835140053	0.0	4
597	1371.9736437797546	0.24398725835140053	0.0	5
598	1374.2163405418396	0.24398725835140053	0.0	6
599	1376.5012800693512	0.24398725835140053	0.0	7
600	1378.8461027145386	0.24402356794196073	3.6309590560196225e-05	0
601	1381.214520931244	0.2440413576944403	1.7789752479568932e-05	0
602	1383.627090215683	0.2440413576944403	0.0	1
603	1385.948766708374	0.2440413576944403	0.0	2
604	1388.317307472229	0.2440413576944403	0.0	3
605	1390.6776156425476	0.2440413576944403	0.0	4
606	1393.0136075019836	0.2440413576944403	0.0	5
607	1395.3450663089752	0.2440517005737889	1.0342879348590461e-05	0
608	1397.67676115036	0.2440517005737889	0.0	1
609	1400.049595117569	0.2440517005737889	0.0	2
610	1402.4273200035095	0.24407228898773925	2.058841395036204e-05	0
611	1404.849765777588	0.24407228898773925	0.0	1
612	1407.0901312828064	0.24407228898773925	0.0	2
613	1409.2841503620148	0.24407311641808713	8.274303478772449e-07	3
614	1411.5047731399536	0.24407311641808713	0.0	4
615	1413.7259554862976	0.24408878892232358	1.56725042364525e-05	0
616	1415.9928517341614	0.24408878892232358	0.0	1
617	1418.2587578296661	0.24408878892232358	0.0	2
618	1420.5006639957428	0.2440938751853444	5.08626302081483e-06	0
619	1422.7465834617615	0.2440938751853444	0.0	1
620	1424.969680070877	0.2440938751853444	0.0	2
621	1427.2403914928436	0.2440938751853444	0.0	3
622	1429.502596616745	0.2440938751853444	0.0	4
623	1431.7550778388977	0.24409406987483803	1.9468949363776744e-07	5
624	1434.0374341011047	0.2440948486328125	7.78757974467803e-07	6
625	1436.3250291347504	0.24409939949972587	4.55086691336648e-06	0
626	1438.5603568553925	0.24410200347170305	2.603971977183095e-06	0
627	1440.7919101715088	0.24410200347170305	0.0	1
628	1442.9827816486359	0.2441117866187575	9.783147054437391e-06	0
629	1445.1998009681702	0.2441117866187575	0.0	1
630	1447.4366006851196	0.2441117866187575	0.0	2
631	1449.6585960388184	0.24411945251756878	7.665898811293204e-06	0
632	1451.9489607810974	0.24411945251756878	0.0	1
633	1454.188236951828	0.24411945251756878	0.0	2
634	1456.449927330017	0.24411945251756878	0.0	3
635	1458.666972398758	0.24411945251756878	0.0	4
636	1460.9203569889069	0.24411945251756878	0.0	5
637	1463.1365160942078	0.24411945251756878	0.0	6
638	1465.3885304927826	0.24411945251756878	0.0	7
639	1467.5919826030731	0.2442265804114334	0.00010712789386463362	0
640	1469.815973997116	0.2442265804114334	0.0	1
641	1472.0428235530853	0.2442265804114334	0.0	2
642	1474.267052412033	0.24425527277555573	2.8692364122312464e-05	0
643	1476.4902725219727	0.24425527277555573	0.0	1
644	1478.7306842803955	0.24425527277555573	0.0	2
645	1480.997650384903	0.24425527277555573	0.0	3
646	1483.2282240390778	0.24429377262291915	3.849984736342682e-05	0
647	1485.4988145828247	0.24429377262291915	0.0	1
648	1487.7049651145935	0.24429377262291915	0.0	2
649	1489.9406492710114	0.2445181766005034	0.00022440397758424768	0
650	1492.1809251308441	0.2445181766005034	0.0	1
651	1494.391018152237	0.2445181766005034	0.0	2
652	1496.5725219249725	0.2445181766005034	0.0	3
653	1498.7537224292755	0.2445181766005034	0.0	4
654	1501.0603618621826	0.2445648290704122	4.665246990878669e-05	0
655	1503.3123428821564	0.24460091963529207	3.609056487988149e-05	0
656	1505.5516147613525	0.24478782154916767	0.0001869019138756034	0
657	1507.739935874939	0.24489748040644937	0.00010965885728170255	0
658	1509.9966917037964	0.24489748040644937	0.0	1
659	1512.2205982208252	0.24489748040644937	0.0	2
660	1514.4147791862488	0.24489932995663877	1.8495501893922572e-06	0
661	1516.6539905071259	0.24489932995663877	0.0	1
662	1518.920355796814	0.24489932995663877	0.0	2
663	1521.1554310321808	0.24489932995663877	0.0	3
664	1523.279625415802	0.24490694718307665	7.617226437883762e-06	0
665	1525.4802432060242	0.24490694718307665	0.0	1
666	1527.8100275993347	0.2449158542274098	8.907044333150704e-06	0
667	1530.138301372528	0.2449158542274098	0.0	1
668	1532.4403793811798	0.2449158542274098	0.0	2
669	1534.7566587924957	0.2449158542274098	0.0	3
670	1537.07342171669	0.2449158542274098	0.0	4
671	1539.305094718933	0.2449158542274098	0.0	5
672	1541.6314585208893	0.2449158542274098	0.0	6
673	1543.8773355484009	0.2449158542274098	0.0	7
674	1546.164226770401	0.2449158542274098	0.0	8
675	1548.478586435318	0.24491641395970395	5.597322941530702e-07	9
676	1550.7882676124573	0.24491641395970395	0.0	10
677	1553.1308422088623	0.24491765510522578	1.2411455218297451e-06	0
678	1555.3230788707733	0.24491765510522578	0.0	1
679	1557.5125250816345	0.24491765510522578	0.0	2
680	1559.6960408687592	0.24491814182895982	4.867237340389075e-07	3
681	1561.888950586319	0.24491814182895982	0.0	4
682	1564.0450208187103	0.24491814182895982	0.0	5
683	1566.30144906044	0.24491814182895982	0.0	6
684	1568.4326710700989	0.24491814182895982	0.0	7
685	1570.6819775104523	0.24491814182895982	0.0	8
686	1572.9014492034912	0.24491814182895982	0.0	9
687	1575.1197049617767	0.24491814182895982	0.0	10
688	1577.301822900772	0.24491814182895982	0.0	11
689	1579.4765243530273	0.24491814182895982	0.0	12
690	1581.6432099342346	0.24491814182895982	0.0	13
691	1583.8416683673859	0.24491814182895982	0.0	14
692	1586.029153585434	0.24491892058693432	7.787579744955586e-07	15
693	1588.2416608333588	0.24491892058693432	0.0	16
694	1590.4809374809265	0.24491892058693432	0.0	17
695	1592.7378962039948	0.24491892058693432	0.0	18
696	1594.9102284908295	0.24492130553323116	2.3849462968406065e-06	0
697	1597.137976884842	0.24492130553323116	0.0	1
698	1599.3226826190948	0.24492130553323116	0.0	2
699	1601.5155937671661	0.24492130553323116	0.0	3
700	1603.7299613952637	0.24492130553323116	0.0	4
701	1605.937077999115	0.24492130553323116	0.0	5
702	1608.1604433059692	0.24492130553323116	0.0	6
703	1610.341364622116	0.24492130553323116	0.0	7
704	1612.6085035800934	0.24492130553323116	0.0	8
705	1614.8528051376343	0.24492130553323116	0.0	9
706	1617.0692875385284	0.24492130553323116	0.0	10
707	1619.2546994686127	0.24492130553323116	0.0	11
708	1621.520575761795	0.24492198694645884	6.814132276766749e-07	12
709	1623.7935509681702	0.24492198694645884	0.0	13
710	1626.0328702926636	0.24492198694645884	0.0	14
711	1628.285588979721	0.24492198694645884	0.0	15
712	1630.4799253940582	0.24492198694645884	0.0	16
713	1632.7087669372559	0.24492198694645884	0.0	17
714	1634.943564414978	0.24492198694645884	0.0	18
715	1637.1769859790802	0.24492198694645884	0.0	19
716	1639.415031671524	0.24492198694645884	0.0	20
717	1641.6559484004974	0.24492198694645884	0.0	21
718	1643.851781129837	0.24492242499781947	4.380513606294656e-07	22
719	1646.0266103744507	0.24492242499781947	0.0	23
720	1648.26331615448	0.24492242499781947	0.0	24
721	1650.5268304347992	0.24492325242816737	8.274303479050005e-07	25
722	1652.7511236667633	0.24492325242816737	0.0	26
723	1655.0244743824005	0.24492325242816737	0.0	27
724	1657.252506494522	0.24492325242816737	0.0	28
725	1659.4843816757202	0.24492325242816737	0.0	29
726	1661.7226023674011	0.24492325242816737	0.0	30
727	1663.9993996620178	0.24492325242816737	0.0	31
728	1666.260635137558	0.24492325242816737	0.0	32
729	1668.4679234027863	0.24492325242816737	0.0	33
730	1670.6797194480896	0.24492325242816737	0.0	34
731	1672.9918086528778	0.24492325242816737	0.0	35
732	1675.3318405151367	0.24492327676435408	2.433618670472093e-08	36
733	1677.673357963562	0.24492327676435408	0.0	37
734	1679.9751379489899	0.24492327676435408	0.0	38
735	1682.3568782806396	0.24492327676435408	0.0	39
736	1684.6613683700562	0.24492459091843602	1.314154081943908e-06	0
737	1687.0101075172424	0.24492459091843602	0.0	1
738	1689.3603048324585	0.24492459091843602	0.0	2
739	1691.7414572238922	0.24492459091843602	0.0	3
740	1694.0607674121857	0.24492459091843602	0.0	4
741	1696.4233338832855	0.24492459091843602	0.0	5
742	1698.7741675376892	0.24492459091843602	0.0	6
743	1701.2052264213562	0.24492459091843602	0.0	7
744	1703.4532239437103	0.24492459091843602	0.0	8
745	1705.6666049957275	0.24492459091843602	0.0	9
746	1707.887290239334	0.24492459091843602	0.0	10
747	1710.1404881477356	0.24492459091843602	0.0	11
748	1712.3966267108917	0.24492459091843602	0.0	12
749	1714.6761717796326	0.24492459091843602	0.0	13
750	1716.9499006271362	0.24492459091843602	0.0	14
751	1719.247976064682	0.24492459091843602	0.0	15
752	1721.5367410182953	0.24492459091843602	0.0	16
753	1723.7448382377625	0.24492459091843602	0.0	17
754	1725.9366109371185	0.24492459091843602	0.0	18
755	1728.1495296955109	0.24492459091843602	0.0	19
756	1730.3808743953705	0.24492459091843602	0.0	20
757	1732.601336479187	0.24492459091843602	0.0	21
758	1734.832073688507	0.24492459091843602	0.0	22
759	1737.053092956543	0.24492459091843602	0.0	23
760	1739.2946643829346	0.24492459091843602	0.0	24
761	1741.5052199363708	0.24492459091843602	0.0	25
762	1743.7563209533691	0.24492459091843602	0.0	26
763	1746.0229144096375	0.24492459091843602	0.0	27
764	1748.2798690795898	0.24492459091843602	0.0	28
765	1750.4784007072449	0.2449254183487839	8.274303478772449e-07	29
766	1752.6846442222595	0.2449254183487839	0.0	30
767	1754.8887205123901	0.2449254183487839	0.0	31
768	1757.1145734786987	0.2449254183487839	0.0	32
769	1759.3020968437195	0.2449254183487839	0.0	33
770	1761.5619456768036	0.2449254183487839	0.0	34
771	1763.80925989151	0.2449254183487839	0.0	35
772	1766.046229839325	0.2449254183487839	0.0	36
773	1768.2896823883057	0.2449254183487839	0.0	37
774	1770.5365960597992	0.2449254183487839	0.0	38
775	1772.7460181713104	0.2449254183487839	0.0	39
776	1774.923540353775	0.244925491357344	7.300856011416279e-08	40
777	1777.1364510059357	0.244925491357344	0.0	41
778	1779.3317284584045	0.244925491357344	0.0	42
779	1781.5060980319977	0.244925491357344	0.0	43
780	1783.7737965583801	0.2450713867966258	0.0001458954392817846	0
781	1785.9851214885712	0.2450713867966258	0.0	1
782	1788.2446715831757	0.2450713867966258	0.0	2
783	1790.5129039287567	0.2450713867966258	0.0	3
784	1792.7502415180206	0.2450713867966258	0.0	4
785	1794.9831035137177	0.2450713867966258	0.0	5
786	1797.2246067523956	0.2450713867966258	0.0	6
787	1799.4262475967407	0.2453242154402786	0.0002528286436528082	0
788	1801.6591057777405	0.2453242154402786	0.0	1
