1	22.334359169006348	0.0768150066853511	10000000000.076815	0
2	38.13692331314087	0.0768150066853511	0.0	1
3	54.68497347831726	0.08192461586542417	0.005109609180073069	0
4	71.58769607543945	0.08439953856939914	0.002474922703974966	0
5	89.69249701499939	0.09604969597825044	0.011650157408851308	0
6	109.39078879356384	0.09604969597825044	0.0	1
7	130.74379301071167	0.09610125254476037	5.155656650993046e-05	0
8	153.29609894752502	0.10025798900526432	0.004156736460503949	0
9	176.49125814437866	0.11395342660122834	0.013695437595964019	0
10	198.41273045539856	0.11395342660122834	0.0	1
11	219.97163462638855	0.11622586494005677	0.0022724383388284253	0
12	241.39287948608398	0.12025797401088507	0.0040321090708283075	0
13	263.0553116798401	0.12655956270820767	0.006301588697322599	0
14	284.60615944862366	0.13213772615808017	0.0055781634498724975	0
15	305.62573194503784	0.13213772615808017	0.0	1
16	326.03050231933594	0.13476139444299737	0.0026236682849171966	0
17	346.19133377075195	0.13476139444299737	0.0	1
18	366.31843304634094	0.14046053040260337	0.005699135959606	0
19	386.3546504974365	0.1432978552039921	0.0028373248013887353	0
20	406.28746247291565	0.1432978552039921	0.0	1
21	425.85284900665283	0.14570860330356164	0.0024107480995695374	0
22	445.75956177711487	0.14570860330356164	0.0	1
23	465.6377422809601	0.1480481682652103	0.002339564961648666	0
24	484.9847412109375	0.15099451023644853	0.00294634197123822	0
25	504.6056921482086	0.15119694774415993	0.00020243750771140046	0
26	524.1615176200867	0.15119694774415993	0.0	1
27	543.4597408771515	0.15223986037234044	0.0010429126281805146	0
28	562.9460034370422	0.1530709640057784	0.0008311036334379684	0
29	582.5216271877289	0.15638959499324825	0.003318630987469845	0
30	602.2435646057129	0.15638959499324825	0.0	1
31	621.8098337650299	0.15638959499324825	0.0	2
32	641.4945480823517	0.15638959499324825	0.0	3
33	661.3204333782196	0.15638959499324825	0.0	4
34	680.9092390537262	0.1593236870921529	0.0029340920989046337	0
35	700.5114979743958	0.1607462520478038	0.0014225649556509068	0
36	720.1449434757233	0.1607462520478038	0.0	1
37	740.2752351760864	0.1607462520478038	0.0	2
38	760.3490507602692	0.16333938267283807	0.0025931306250342734	0
39	780.2934999465942	0.16401360761337466	0.0006742249405365941	0
40	800.2305116653442	0.16406070602962547	4.709841625080702e-05	0
41	820.11017537117	0.16406070602962547	0.0	1
42	840.1419467926025	0.16406070602962547	0.0	2
43	860.0571069717407	0.16406070602962547	0.0	3
44	879.8891589641571	0.16406070602962547	0.0	4
45	899.8858349323273	0.16406070602962547	0.0	5
46	919.7002551555634	0.16406070602962547	0.0	6
47	939.784654378891	0.16508681692034302	0.001026110890717552	0
48	959.5011627674103	0.16748000017564846	0.0023931832553054366	0
49	979.4437708854675	0.16748000017564846	0.0	1
50	999.301317691803	0.16748000017564846	0.0	2
51	1019.2345545291901	0.16748000017564846	0.0	3
52	1039.0945789813995	0.16748000017564846	0.0	4
53	1059.0940434932709	0.16770087273713397	0.00022087256148550782	0
54	1079.1383662223816	0.1684566965540346	0.000755823816900647	0
55	1098.8704228401184	0.1692404741779653	0.0007837776239306982	0
56	1118.6208038330078	0.1692404741779653	0.0	1
57	1138.4981014728546	0.17026100233997998	0.0010205281620146722	0
58	1158.385968208313	0.17065935747799682	0.0003983551380168371	0
59	1178.1553585529327	0.17065935747799682	0.0	1
60	1198.0311555862427	0.17065935747799682	0.0	2
61	1217.9162423610687	0.17143768625161082	0.000778328773614001	0
62	1237.8913869857788	0.17145763413114856	1.9947879537740576e-05	0
63	1257.6507165431976	0.17145763413114856	0.0	1
64	1277.4206149578094	0.17145763413114856	0.0	2
65	1297.1104831695557	0.17145763413114856	0.0	3
66	1316.8150100708008	0.17145763413114856	0.0	4
67	1336.5223562717438	0.17184016484392137	0.00038253071277280504	0
68	1356.2811481952667	0.17236020204711835	0.000520037203196988	0
69	1376.0420043468475	0.17244483996284823	8.463791572987933e-05	0
70	1395.7842819690704	0.1726865975525746	0.0002417575897263602	0
71	1415.6379098892212	0.17300504068189296	0.00031844312931836316	0
72	1435.530696630478	0.17403397640655846	0.0010289357246655029	0
73	1455.1339251995087	0.17403397640655846	0.0	1
74	1474.7390151023865	0.17666253125257048	0.0026285548460120156	0
75	1494.3161432743073	0.17666253125257048	0.0	1
76	1514.0232467651367	0.17666253125257048	0.0	2
77	1533.7942559719086	0.17666253125257048	0.0	3
78	1553.5020201206207	0.17666253125257048	0.0	4
79	1573.2936902046204	0.17713794678966058	0.0004754155370901014	0
80	1592.9762613773346	0.17713794678966058	0.0	1
81	1612.7504365444183	0.17713794678966058	0.0	2
82	1632.4442644119263	0.17713794678966058	0.0	3
83	1652.297809123993	0.17713794678966058	0.0	4
84	1671.9164204597473	0.17736389334198152	0.00022594655232094363	0
85	1691.5527997016907	0.17743871797200594	7.482463002442263e-05	0
86	1711.111792087555	0.17806658082741555	0.0006278628554096111	0
87	1730.533097743988	0.17806658082741555	0.0	1
88	1750.191505432129	0.17843060954722118	0.00036402871980562024	0
89	1769.5407614707947	0.17869551470991446	0.00026490516269328523	0
90	1789.0108895301819	0.17869551470991446	0.0	1
91	1808.6205124855042	0.17918722324660014	0.0004917085366856755	0
92	1828.153971195221	0.17918722324660014	0.0	1
93	1847.6512591838837	0.17955848139925834	0.00037125815265820483	0
94	1867.1783819198608	0.17955848139925834	0.0	1
95	1886.8691945075989	0.17980151083365323	0.0002430294343948869	0
96	1906.29838681221	0.18002361507629142	0.00022210424263818807	0
97	1925.6769680976868	0.18002361507629142	0.0	1
98	1945.207206249237	0.18011690153576718	9.328645947576097e-05	0
99	1964.8103775978088	0.18011690153576718	0.0	1
100	1984.2001061439514	0.18040516847684526	0.0002882669410780858	0
101	2003.7904741764069	0.1815004811053685	0.0010953126285232484	0
102	2023.1703310012817	0.1815004811053685	0.0	1
103	2042.6290578842163	0.1824726657821411	0.0009721846767725972	0
104	2062.2256712913513	0.1824726657821411	0.0	1
105	2081.836370229721	0.1824726657821411	0.0	2
106	2101.3603682518005	0.1824726657821411	0.0	3
107	2120.941514492035	0.1824726657821411	0.0	4
108	2140.300783395767	0.18275684943244133	0.00028418365030022374	0
109	2159.8568155765533	0.18275684943244133	0.0	1
110	2179.2240056991577	0.18317769613933294	0.0004208467068916033	0
111	2198.848026037216	0.18317769613933294	0.0	1
112	2218.362882375717	0.18352877881919694	0.000351082679864001	0
113	2238.0141248703003	0.18354831167573757	1.9532856540632748e-05	0
114	2257.4776661396027	0.18426568562013326	0.0007173739443956939	0
115	2276.935303211212	0.18426568562013326	0.0	1
116	2296.4965064525604	0.1846889287501371	0.00042324313000383085	0
117	2316.041263103485	0.18574648767376345	0.001057558923626356	0
118	2335.5299167633057	0.18574648767376345	0.0	1
119	2354.9132118225098	0.18636246212848215	0.0006159744547186985	0
120	2374.278856277466	0.18636246212848215	0.0	1
121	2393.8443281650543	0.18636246212848215	0.0	2
122	2413.3674314022064	0.1867988387281682	0.00043637659968603915	0
123	2432.7171993255615	0.18693725559161825	0.00013841686345006377	0
124	2452.2451510429382	0.18779513490228808	0.000857879310669829	0
125	2471.6254460811615	0.18779513490228808	0.0	1
126	2490.933103322983	0.18807598498077294	0.00028085007848485666	0
127	2510.3661024570465	0.18807598498077294	0.0	1
128	2529.7846393585205	0.18851467767653954	0.0004386926957666015	0
129	2549.3135492801666	0.1885920593837396	7.738170720006377e-05	0
130	2568.796369791031	0.1892398299551711	0.0006477705714315052	0
131	2588.177840232849	0.1892398299551711	0.0	1
132	2607.465474128723	0.1892398299551711	0.0	2
133	2626.860187768936	0.1892398299551711	0.0	3
134	2646.259986639023	0.1892398299551711	0.0	4
135	2665.724149942398	0.1897203730344511	0.0004805430792799992	0
136	2685.26628780365	0.1902214262824907	0.0005010532480395902	0
137	2704.797507762909	0.1902214262824907	0.0	1
138	2724.3294727802277	0.1902214262824907	0.0	2
139	2743.881363630295	0.1902214262824907	0.0	3
140	2763.241173028946	0.1906806291470169	0.0004592028645261925	0
141	2782.6383771896362	0.19068838070557553	7.751558558644067e-06	0
142	2802.098259449005	0.19068838070557553	0.0	1
143	2821.4108967781067	0.19095648556169803	0.00026810485612249746	0
144	2840.8401951789856	0.19122108280410316	0.00026459724240512905	0
145	2860.281008720398	0.19122108280410316	0.0	1
146	2879.733390569687	0.19131391407706597	9.283127296280669e-05	0
147	2899.188709497452	0.19140023886046145	8.63247833954861e-05	0
148	2918.6491770744324	0.19187912184775308	0.0004788829872916234	0
149	2938.0201528072357	0.1921505335000137	0.0002714116522606336	0
150	2957.490795850754	0.19236987984789702	0.00021934634788331464	0
151	2976.8676924705505	0.19236987984789702	0.0	1
152	2996.3038704395294	0.19236987984789702	0.0	2
153	3015.8731920719147	0.19236987984789702	0.0	3
154	3035.267385005951	0.19236987984789702	0.0	4
155	3054.749748945236	0.19268347657963644	0.0003135967317394184	0
156	3074.1585416793823	0.19268347657963644	0.0	1
157	3093.687417268753	0.19331176784588178	0.0006282912662453344	0
158	3113.2528355121613	0.19331176784588178	0.0	1
159	3132.729622364044	0.1933967002940612	8.493244817942003e-05	0
160	3151.9794070720673	0.19389917265299408	0.0005024723589328872	0
161	3171.4641869068146	0.19389917265299408	0.0	1
162	3190.9736337661743	0.19455998297923752	0.0006608103262434328	0
163	3210.2807834148407	0.19455998297923752	0.0	1
164	3229.6759057044983	0.19456000975491475	2.6775677230972406e-08	2
165	3249.1886899471283	0.19458357235087878	2.3562595964032873e-05	0
166	3268.5359518527985	0.19552958380315724	0.0009460114522784613	0
167	3288.095383644104	0.19552958380315724	0.0	1
168	3307.4194581508636	0.196183967966865	0.0006543841637077497	0
169	3326.6155099868774	0.196183967966865	0.0	1
170	3346.0846519470215	0.196183967966865	0.0	2
171	3365.5030133724213	0.196183967966865	0.0	3
172	3384.9988009929657	0.196183967966865	0.0	4
173	3404.074678659439	0.196183967966865	0.0	5
174	3423.481158733368	0.19660308764257514	0.0004191196757101501	0
175	3442.744505882263	0.19660308764257514	0.0	1
176	3462.0414583683014	0.19660308764257514	0.0	2
177	3481.3541152477264	0.19683607619800808	0.00023298855543293917	0
178	3500.6755306720734	0.19683607619800808	0.0	1
179	3520.157427072525	0.19700417389966962	0.00016809770166154037	0
180	3539.548448085785	0.19707130052248986	6.712662282024051e-05	0
181	3559.088222026825	0.19713142530571398	6.012478322411918e-05	0
182	3578.5182971954346	0.19750744952891947	0.00037602422320548445	0
183	3598.036319255829	0.19773063818648554	0.0002231886575660702	0
184	3617.5012383461	0.1978559617437692	0.00012532355728367417	0
