1	66.7876501083374	0.03232970572996623	10000000000.03233	0
2	112.87798428535461	0.03603059943988647	0.0037008937099202444	0
3	159.93744945526123	0.04533212760605654	0.009301528166170067	0
4	207.4841182231903	0.04549324460907626	0.0001611170030197187	0
5	254.9010453224182	0.04980192424816654	0.0043086796390902835	0
6	304.6765055656433	0.04984601702495674	4.4092776790197186e-05	0
7	355.41047048568726	0.056518173079355305	0.0066721560543985675	0
8	408.92302083969116	0.09921650941503615	0.04269833633568085	0
9	463.0357491970062	0.10440478560600246	0.005188276190966304	0
10	520.2618539333344	0.1167100809532615	0.012305295347259049	0
11	581.3827517032623	0.11850309407883719	0.0017930131255756848	0
12	647.7070350646973	0.13263908635596058	0.014135992277123394	0
13	718.0123333930969	0.13355768530455384	0.0009185989485932522	0
14	792.7717258930206	0.13994983978999778	0.006392154485443946	0
15	869.2104134559631	0.1492034420618528	0.00925360227185501	0
16	947.319534778595	0.1492034420618528	0.0	1
17	1022.6341664791107	0.1522091377269587	0.0030056956651059175	0
18	1094.3489563465118	0.15299113458861333	0.0007819968616546158	0
19	1169.3540198802948	0.15843785489557458	0.00544672030696125	0
20	1245.1371874809265	0.15843785489557458	0.0	1
21	1319.4488770961761	0.15843785489557458	0.0	2
22	1392.2528800964355	0.15843785489557458	0.0	3
23	1464.94282412529	0.1588216572871019	0.000383802391527327	0
24	1536.355084657669	0.1598142337003168	0.0009925764132149018	0
25	1607.9375965595245	0.16510180978207775	0.005287576081760947	0
26	1679.1746337413788	0.16510180978207775	0.0	1
27	1749.4664497375488	0.16520285416724817	0.00010104438517041792	0
28	1819.8504271507263	0.1662054477942613	0.001002593627013132	0
29	1890.6862604618073	0.16628585808189356	8.041028763225433e-05	0
30	1958.8765602111816	0.16634725610660256	6.139802470900291e-05	0
31	2027.9609203338623	0.16634725610660256	0.0	1
32	2098.4979870319366	0.16634725610660256	0.0	2
33	2168.9291179180145	0.167317562958802	0.000970306852199454	0
34	2241.4743280410767	0.1679901745715522	0.0006726116127501736	0
35	2311.9779291152954	0.17148683637253329	0.003496661800981099	0
36	2378.8345992565155	0.17148683637253329	0.0	1
37	2447.3575048446655	0.17148683637253329	0.0	2
38	2517.2207498550415	0.1728496135726896	0.0013627772001563176	0
39	2587.6817252635956	0.1728496135726896	0.0	1
40	2658.0576198101044	0.17395942545949983	0.0011098118868102247	0
41	2728.341579437256	0.1742196413275951	0.0002602158680952704	0
42	2798.3435525894165	0.17444981918315797	0.00023017785556286863	0
43	2869.0307879447937	0.1751095924076116	0.0006597732244536247	0
44	2939.070527791977	0.1751095924076116	0.0	1
45	3009.2895460128784	0.17528051196984817	0.00017091956223658222	0
46	3079.370754480362	0.17567625324475955	0.00039574127491137645	0
47	3149.9319891929626	0.1758519292799425	0.00017567603518295338	0
48	3220.2285203933716	0.17666558598874452	0.000813656708802013	0
49	3290.385416507721	0.17666558598874452	0.0	1
50	3360.3277468681335	0.17666558598874452	0.0	2
51	3430.8076474666595	0.17688381133206102	0.00021822534331650267	0
52	3501.307146549225	0.17830051794038015	0.0014167066083191349	0
53	3572.4579050540924	0.17837581740464595	7.529946426579337e-05	0
54	3643.9165596961975	0.17837581740464595	0.0	1
55	3715.0086822509766	0.17837581740464595	0.0	2
56	3786.3287098407745	0.17837581740464595	0.0	3
57	3857.7011539936066	0.1784633692161289	8.755181148295543e-05	0
58	3929.372436285019	0.1784633692161289	0.0	1
59	4001.0489826202393	0.17864546444546012	0.00018209522933121391	0
60	4072.8778173923492	0.1786743712624208	2.8906816960688753e-05	0
61	4144.637211799622	0.1786743712624208	0.0	1
62	4216.518065690994	0.17884864352478577	0.00017427226236496618	0
63	4288.123236656189	0.1788925966057373	4.3953080951536494e-05	0
64	4360.086981534958	0.1793226008404974	0.0004300042347600841	0
65	4432.005970954895	0.1793226008404974	0.0	1
66	4504.272601604462	0.1804580895039007	0.0011354886634032946	0
67	4576.845030546188	0.1804580895039007	0.0	1
68	4649.224538803101	0.1804580895039007	0.0	2
69	4721.656999588013	0.1804580895039007	0.0	3
70	4794.352743864059	0.1804580895039007	0.0	4
71	4867.0952072143555	0.18078920271373544	0.0003311132098347547	0
72	4938.882259607315	0.18078920271373544	0.0	1
73	5011.03689455986	0.18090972274314762	0.00012052002941217999	0
74	5083.312451601028	0.1810428767279217	0.00013315398477406482	0
75	5155.22475361824	0.18240176970231947	0.0013588929743977851	0
76	5226.544319868088	0.18240176970231947	0.0	1
77	5297.869163036346	0.18301794419624168	0.0006161744939222058	0
78	5369.223532438278	0.18301794419624168	0.0	1
79	5440.506999731064	0.18301794419624168	0.0	2
80	5511.378808259964	0.18301794419624168	0.0	3
81	5582.3801119327545	0.18314185781236916	0.00012391361612748564	0
82	5653.016578674316	0.18430409993248806	0.0011622421201188948	0
83	5724.107694149017	0.18430409993248806	0.0	1
84	5794.895787715912	0.18657958841271946	0.0022754884802314024	0
85	5865.26064991951	0.18744816943663298	0.0008685810239135172	0
86	5935.6072306633	0.18744816943663298	0.0	1
87	6005.565525770187	0.18744816943663298	0.0	2
88	6075.193116426468	0.18804418684319787	0.0005960174065648971	0
89	6144.517555713654	0.18804418684319787	0.0	1
90	6213.317121267319	0.18804418684319787	0.0	2
91	6282.419806957245	0.18901581569504144	0.0009716288518435701	0
92	6352.058861017227	0.18901581569504144	0.0	1
93	6421.2281992435455	0.18901581569504144	0.0	2
94	6490.913517475128	0.18901581569504144	0.0	3
95	6560.372694969177	0.18901581569504144	0.0	4
96	6629.8472900390625	0.18901581569504144	0.0	5
97	6699.544818878174	0.1890636938883384	4.787819329696297e-05	0
98	6768.288983345032	0.19018980589447204	0.0011261120061336338	0
99	6836.799561738968	0.19264631292391213	0.002456507029440086	0
100	6905.176887750626	0.19264631292391213	0.0	1
101	6973.2824883461	0.19264631292391213	0.0	2
102	7040.868035554886	0.19264631292391213	0.0	3
103	7108.973320245743	0.19269282823097802	4.651530706589746e-05	0
104	7176.7786276340485	0.19269282823097802	0.0	1
105	7245.137138605118	0.19269282823097802	0.0	2
106	7313.223981142044	0.19269282823097802	0.0	3
107	7381.933402061462	0.19295979038591704	0.00026696215493901554	0
108	7450.410690307617	0.1939015447715759	0.000941754385658855	0
109	7518.646533966064	0.19400971705173473	0.00010817228015883029	0
110	7587.036031007767	0.19400971705173473	0.0	1
111	7655.541949272156	0.19400971705173473	0.0	2
112	7724.287219285965	0.19400971705173473	0.0	3
113	7792.983737945557	0.19400971705173473	0.0	4
114	7861.653564929962	0.19414386594345745	0.00013414889172272404	0
115	7930.20284485817	0.19414386594345745	0.0	1
116	7999.041701793671	0.19414386594345745	0.0	2
117	8067.393496513367	0.19414386594345745	0.0	3
118	8135.664940595627	0.19414386594345745	0.0	4
119	8204.182683706284	0.1943771648084894	0.00023329886503195563	0
120	8272.769403219223	0.1943771648084894	0.0	1
121	8341.268116474152	0.1943771648084894	0.0	2
122	8409.838972568512	0.19439609529823876	1.893048974935252e-05	0
123	8478.382637739182	0.1944075435425796	1.1448244340850344e-05	0
124	8546.221244573593	0.19449690799274988	8.936445017027062e-05	0
125	8614.608360767365	0.19449690799274988	0.0	1
126	8682.91971373558	0.19449690799274988	0.0	2
127	8751.274632692337	0.19468390961251292	0.00018700161976303864	0
128	8819.918316602707	0.19468390961251292	0.0	1
129	8888.335087299347	0.19468390961251292	0.0	2
130	8956.181847333908	0.19470887768826584	2.496807575291804e-05	0
131	9024.400305271149	0.19482520002808637	0.00011632233982053486	0
132	9092.78833603859	0.19482520002808637	0.0	1
133	9160.952073335648	0.19483825647817987	1.3056450093501537e-05	0
134	9229.531735420227	0.19489676518407906	5.850870589918511e-05	0
135	9297.934048891068	0.19494507950096995	4.831431689089616e-05	0
136	9366.018721342087	0.19550324955689843	0.0005581700559284808	0
137	9434.591735601425	0.19550324955689843	0.0	1
138	9503.209930181503	0.19550324955689843	0.0	2
139	9571.825311660767	0.1955175326045999	1.4283047701457718e-05	0
140	9640.38692164421	0.1955175326045999	0.0	1
141	9708.937111377716	0.19565894567993414	0.00014141307533424574	0
142	9777.600755929947	0.1956901694034876	3.122372355346403e-05	0
143	9845.91805768013	0.1957774895243113	8.732012082368623e-05	0
144	9914.357167959213	0.19684720529820388	0.0010697157738925878	0
145	9982.677567481995	0.19708308001821254	0.00023587472000866083	0
146	10051.602787017822	0.19708308001821254	0.0	1
147	10120.21381688118	0.19722251690851175	0.00013943689029921602	0
148	10188.773348331451	0.19740433956059675	0.00018182265208499526	0
149	10257.186017274857	0.19755020927390654	0.00014586971330979304	0
150	10325.859108448029	0.19773185475078153	0.000181645476874992	0
151	10394.029571294785	0.19793630131430207	0.0002044465635205328	0
152	10462.55496096611	0.19793630131430207	0.0	1
153	10531.252286195755	0.19793630131430207	0.0	2
154	10599.882731199265	0.19793630131430207	0.0	3
155	10668.42556977272	0.19793630131430207	0.0	4
156	10736.945474147797	0.19822774090595083	0.0002914395916487622	0
157	10805.622353076935	0.19823290624476653	5.165338815699139e-06	0
158	10874.479565858841	0.19824243281952159	9.526574755058803e-06	0
159	10942.940444946289	0.19865456961579256	0.0004121367962709732	0
160	11011.279064893723	0.19865456961579256	0.0	1
161	11079.95087838173	0.19867275051811484	1.818090232227898e-05	0
162	11148.544519424438	0.19867275051811484	0.0	1
163	11217.363667964935	0.19875818985593965	8.543933782481639e-05	0
164	11286.02375125885	0.19875818985593965	0.0	1
165	11354.405474424362	0.19879566922729366	3.747937135401003e-05	0
166	11422.693860769272	0.19879566922729366	0.0	1
167	11491.325752735138	0.19885149304731767	5.5823820024003545e-05	0
168	11560.040321111679	0.19901664760079688	0.0001651545534792076	0
169	11628.766651391983	0.19912621002491138	0.00010956242411450101	0
170	11697.439928531647	0.19912621002491138	0.0	1
171	11766.090987205505	0.19918653136949788	6.032134458650029e-05	0
172	11834.887567996979	0.199207383528833	2.0852159335116305e-05	0
173	11903.16172337532	0.199207383528833	0.0	1
174	11971.81305384636	0.1993898058508597	0.0001824223220266985	0
175	12040.129615306854	0.1993898058508597	0.0	1
176	12108.936284303665	0.1993898058508597	0.0	2
177	12177.477355480194	0.1993898058508597	0.0	3
178	12246.148958444595	0.1993898058508597	0.0	4
179	12314.473576784134	0.1993898058508597	0.0	5
180	12383.242441177368	0.1993898058508597	0.0	6
181	12451.901743888855	0.1993898058508597	0.0	7
182	12520.403542041779	0.19954982232324783	0.00016001647238814143	0
183	12588.718260765076	0.19954982232324783	0.0	1
184	12657.343399524689	0.19962144199468976	7.161967144192483e-05	0
185	12725.819332122803	0.19963631108347057	1.486908878081672e-05	0
186	12794.471574783325	0.19963824638191865	1.9352984480802693e-06	0
187	12863.03952383995	0.1997469774454322	0.00010873106351355633	0
188	12931.461168289185	0.1997469774454322	0.0	1
189	12999.820197820663	0.19977259970657604	2.5622261143831704e-05	0
190	13068.173735618591	0.20021596022640048	0.00044336051982443725	0
191	13136.30465221405	0.20021596022640048	0.0	1
192	13204.474670171738	0.20021596022640048	0.0	2
193	13272.948771476746	0.20021596022640048	0.0	3
194	13341.243448257446	0.2002706119642658	5.46517378653133e-05	0
195	13409.588361263275	0.20027181130414912	1.1993398833232138e-06	0
196	13477.612564086914	0.20036582319636725	9.401189221813766e-05	0
197	13545.781023025513	0.20036582319636725	0.0	1
198	13613.599746465683	0.20042832515892345	6.2501962556194e-05	0
199	13682.019914388657	0.20042832515892345	0.0	1
200	13750.087600946426	0.20047952879462416	5.1203635700713956e-05	0
201	13818.3775472641	0.20060134356595585	0.00012181477133169083	0
202	13885.941706418991	0.20060134356595585	0.0	1
203	13953.432947158813	0.20076942832483183	0.00016808475887597485	0
204	14020.995738983154	0.20076942832483183	0.0	1
205	14088.807581663132	0.20076942832483183	0.0	2
206	14156.845055818558	0.20076942832483183	0.0	3
207	14225.01108956337	0.20080584464492562	3.641632009379614e-05	0
208	14292.855253696442	0.2009414927115025	0.00013564806657687112	0
209	14360.801842689514	0.2009414927115025	0.0	1
210	14428.822514772415	0.2009414927115025	0.0	2
211	14496.875092983246	0.20121522841100986	0.00027373569950736587	0
212	14564.898154258728	0.20121522841100986	0.0	1
213	14632.926429986954	0.20121522841100986	0.0	2
214	14700.891795635223	0.20121522841100986	0.0	3
215	14768.627506494522	0.20133272283298909	0.0001174944219792251	0
216	14836.75531744957	0.20135991241329862	2.7189580309533445e-05	0
217	14904.498566389084	0.2013725191109359	1.2606697637279618e-05	0
218	14972.415133953094	0.2013725191109359	0.0	1
219	15039.67088341713	0.20139055009577275	1.803098483685317e-05	0
220	15107.679295778275	0.20139883644405757	8.286348284813894e-06	0
221	15175.647719860077	0.20148700155434449	8.816511028691965e-05	0
222	15243.698900461197	0.2015202287206576	3.322716631312672e-05	0
223	15311.312639713287	0.2015202287206576	0.0	1
224	15378.619248867035	0.2015583622774025	3.8133556744895936e-05	0
225	15445.910327196121	0.20161301401526782	5.46517378653133e-05	0
226	15513.599246263504	0.20161301401526782	0.0	1
227	15580.947658777237	0.20165366891154018	4.065489627236296e-05	0
228	15648.950052261353	0.20188154348937254	0.00022787457783235432	0
229	15716.707198619843	0.20188154348937254	0.0	1
230	15784.617995977402	0.20188358781871912	2.0443293465843837e-06	0
231	15852.475336551666	0.20209407196824322	0.00021048414952409833	0
232	15920.494319438934	0.20209407196824322	0.0	1
233	15988.330562591553	0.20220326641307534	0.00010919444483212248	0
234	16056.13180565834	0.20220326641307534	0.0	1
235	16123.84347486496	0.20220326641307534	0.0	2
236	16191.915153265	0.2022913224924638	8.805607938844329e-05	0
237	16259.817560911179	0.20234825025033495	5.6927757871166884e-05	0
238	16327.650682210922	0.20236125218497922	1.3001934644263358e-05	0
239	16395.491561174393	0.2025510477215159	0.0001897955365366688	0
240	16463.376452207565	0.20259914397660983	4.809625509394344e-05	0
241	16530.83153820038	0.20280683420936027	0.0002076902327504404	0
242	16598.588485479355	0.20280683420936027	0.0	1
243	16666.12531375885	0.20280683420936027	0.0	2
244	16734.033140659332	0.20280683420936027	0.0	3
245	16801.38848400116	0.20293743959688224	0.00013060538752196482	0
246	16869.393130540848	0.20293743959688224	0.0	1
247	16936.241540908813	0.20293743959688224	0.0	2
248	17004.081037282944	0.2029456578008555	8.21820397325923e-06	0
249	17071.92009806633	0.20312639014395567	0.00018073234310017616	0
250	17139.37519645691	0.20312639014395567	0.0	1
251	17207.144810914993	0.20312639014395567	0.0	2
252	17274.92808675766	0.2031522577246211	2.586758066541739e-05	0
253	17341.962253332138	0.20323452153752758	8.226381290649121e-05	0
254	17410.049491882324	0.20323452153752758	0.0	1
255	17477.9236369133	0.2033989128747174	0.00016439133718981758	0
256	17545.739460468292	0.2033989128747174	0.0	1
257	17613.492760419846	0.203436637565593	3.772469087559571e-05	0
258	17681.325283288956	0.20395250363290954	0.0005158660673165449	0
259	17749.203197479248	0.20395250363290954	0.0	1
260	17816.926332950592	0.20395250363290954	0.0	2
261	17884.062470912933	0.20400648755652162	5.398392361208315e-05	0
262	17951.833741426468	0.2040935487289614	8.706117243978406e-05	0
263	18019.36422109604	0.2041196207425615	2.607201360008138e-05	0
