1	344.16333985328674	0.014637195951856894	10000000000.014637	0
2	598.5640783309937	0.01657486577502632	0.0019376698231694245	0
3	849.3475503921509	0.035725923469817615	0.019151057694791297	0
4	1111.4615857601166	0.06032997161676654	0.02460404814694892	0
5	1374.9055230617523	0.07353264440840614	0.0132026727916396	0
6	1665.6778144836426	0.07353264440840614	0.0	1
7	1969.9879534244537	0.07862475942438353	0.005092115015977394	0
8	2277.1585540771484	0.12323045852582457	0.044605699101441035	0
9	2592.352780342102	0.12323045852582457	0.0	1
10	2916.2362513542175	0.12323045852582457	0.0	2
11	3229.2918214797974	0.12323045852582457	0.0	3
12	3530.772204875946	0.12325007087736646	1.9612351541895e-05	0
13	3843.0566675662994	0.12325007087736646	0.0	1
14	4175.189730882645	0.14157164909953457	0.01832157822216811	0
15	4513.562331914902	0.14157164909953457	0.0	1
16	4876.350308418274	0.15373359404211928	0.012161944942584713	0
17	5248.98595905304	0.15373359404211928	0.0	1
18	5623.097230434418	0.15373359404211928	0.0	2
19	5990.473014831543	0.15373359404211928	0.0	3
20	6372.151770830154	0.16734417203551186	0.013610577993392575	0
21	6730.891350746155	0.16976065205332191	0.0024164800178100576	0
22	7081.631544113159	0.17035728650076748	0.0005966344474455654	0
23	7440.36549949646	0.1756042295491892	0.005246943048421715	0
24	7787.540512084961	0.17963887751161095	0.004034647962421756	0
25	8128.577688932419	0.19220287085621088	0.012563993344599927	0
26	8483.879142284393	0.1966499835798205	0.00444711272360962	0
27	8836.584174633026	0.1969247679035305	0.0002747843237100034	0
28	9192.115150928497	0.1989745805474377	0.0020498126439071895	0
29	9549.693312644958	0.19897873171640687	4.151168969179775e-06	0
30	9905.21024632454	0.199066002356634	8.727064022712172e-05	0
31	10276.136319875717	0.199066002356634	0.0	1
32	10635.575614452362	0.199066002356634	0.0	2
33	11000.997953414917	0.20326246903535442	0.004196466678720423	0
34	11354.31332206726	0.20585693042271813	0.002594461387363717	0
35	11703.565851449966	0.20773685263288658	0.0018799222101684443	0
36	12058.381309270859	0.20773685263288658	0.0	1
37	12408.563682794571	0.21334452457738023	0.0056076719444936585	0
38	12756.120432853699	0.21469913172919863	0.0013546071518183989	0
39	13113.046399593353	0.21549250468005862	0.0007933729508599885	0
40	13476.227929830551	0.21697743163178454	0.0014849269517259178	0
41	13845.196140050888	0.2170138312337643	3.639960197976411e-05	0
42	14211.361684083939	0.2180873504349195	0.0010735192011551986	0
43	14576.024443387985	0.2188617164130456	0.000774365978126107	0
44	14935.108204364777	0.2202017368183473	0.0013400204053016784	0
45	15293.998164653778	0.2202017368183473	0.0	1
46	15651.41883635521	0.22062211954997638	0.00042038273162908757	0
47	16005.248962640762	0.22230038335276694	0.0016782638027905694	0
48	16361.8605864048	0.22230038335276694	0.0	1
49	16716.914539575577	0.2223768148295745	7.643147680755358e-05	0
50	17074.400523662567	0.2232216161515527	0.0008448013219782002	0
51	17424.818274736404	0.2242091715619711	0.0009875554104183948	0
52	17781.891085147858	0.2242091715619711	0.0	1
53	18138.708416700363	0.22776814552829927	0.003558973966328177	0
54	18488.147915124893	0.22776814552829927	0.0	1
55	18841.008896112442	0.22776814552829927	0.0	2
56	19189.30844116211	0.22776814552829927	0.0	3
57	19532.024431467056	0.2286179244093655	0.0008497788810662432	0
58	19879.283184051514	0.2286179244093655	0.0	1
59	20224.043288230896	0.2286179244093655	0.0	2
60	20570.751760721207	0.2286179244093655	0.0	3
61	20914.818058490753	0.22920385422201556	0.0005859298126500434	0
62	21263.060021162033	0.23029714913089894	0.0010932949088833799	0
63	21606.725958108902	0.23029714913089894	0.0	1
64	21948.897207021713	0.23119899058945367	0.0009018414585547363	0
65	22296.652034282684	0.2319228698968296	0.0007238793073759131	0
66	22638.465318918228	0.2319228698968296	0.0	1
67	22971.792158842087	0.2319228698968296	0.0	2
68	23309.330060720444	0.2333585785905459	0.0014357086937163144	0
69	23643.68800187111	0.23801490254285235	0.004656323952306446	0
70	23976.89020061493	0.23801490254285235	0.0	1
71	24311.466969251633	0.23801490254285235	0.0	2
72	24639.501794099808	0.23803890629304914	2.4003750196788243e-05	0
73	24967.873683214188	0.23829185854292123	0.00025295224987209597	0
74	25296.09898495674	0.24015242784960836	0.0018605693066871265	0
75	25624.846178293228	0.24015242784960836	0.0	1
76	25949.59119796753	0.24015242784960836	0.0	2
77	26274.305817127228	0.24015242784960836	0.0	3
78	26601.0880279541	0.2403695954854961	0.00021716763588774946	0
79	26928.178579092026	0.2403695954854961	0.0	1
80	27254.5600233078	0.2403695954854961	0.0	2
81	27576.59928202629	0.24091409048195378	0.0005444949964576729	0
82	27906.15451860428	0.24091409048195378	0.0	1
83	28238.596110343933	0.242633078021067	0.0017189875391132314	0
84	28569.707046985626	0.24264979800719289	1.6719986125873776e-05	0
85	28899.660025835037	0.24268352625506748	3.372824787459261e-05	0
86	29232.236881494522	0.24287663248563385	0.00019310623056637	0
87	29564.06751346588	0.2441065700397528	0.0012299375541189594	0
88	29894.318349838257	0.2441065700397528	0.0	1
89	30222.065977096558	0.2441065700397528	0.0	2
90	30549.5970993042	0.2441065700397528	0.0	3
91	30875.103826999664	0.2441065700397528	0.0	4
92	31200.79041647911	0.2449651893732534	0.0008586193335005932	0
93	31524.138240337372	0.2461462546001102	0.0011810652268567923	0
94	31849.56843137741	0.2466086294808025	0.00046237488069231225	0
95	32174.188809871674	0.2472900553981186	0.0006814259173160975	0
96	32491.65566444397	0.2472900553981186	0.0	1
97	32812.642461299896	0.2479254148709017	0.0006353594727830925	0
98	33133.90264463425	0.24815126921222497	0.00022585434132327276	0
99	33451.795712947845	0.2502940603536919	0.0021427911414669265	0
100	33769.337660074234	0.2502940603536919	0.0	1
101	34086.633461236954	0.25107880425424095	0.0007847439005490564	0
102	34405.14719033241	0.2511049028072972	2.609855305624187e-05	0
103	34723.88301706314	0.25131251891088086	0.00020761610358366323	0
104	35043.00791525841	0.2530640047218778	0.0017514858109969333	0
105	35360.01658344269	0.2530640047218778	0.0	1
