1	2.9020626544952393	0.030946637590249584	10000000000.030947	0
2	4.948636293411255	0.030946637590249584	0.0	1
3	7.023856163024902	0.03705392919534422	0.006107291605094635	0
4	9.08285403251648	0.03823071437736437	0.0011767851820201486	0
5	11.18574833869934	0.04755896768747693	0.009328253310112562	0
6	13.268171548843384	0.04755896768747693	0.0	1
7	15.398670673370361	0.05091448212092291	0.0033555144334459774	0
8	17.504194021224976	0.05091448212092291	0.0	1
9	19.966164112091064	0.05224047342466899	0.0013259913037460824	0
10	23.06314444541931	0.05224047342466899	0.0	1
11	26.155675411224365	0.05368270634680926	0.0014422329221402685	0
12	28.499928951263428	0.05368270634680926	0.0	1
13	30.57038688659668	0.05385512869215953	0.00017242234535027462	0
14	32.65070414543152	0.054543483387084216	0.0006883546949246824	0
15	34.69048357009888	0.05491255517154629	0.0003690717844620772	0
16	36.76135993003845	0.05673049952099961	0.0018179443494533154	0
17	38.80092215538025	0.05766684684746379	0.0009363473264641792	0
18	40.79012084007263	0.05916651634079743	0.00149966949333364	0
19	42.845386266708374	0.06059757619133777	0.001431059850540345	0
20	44.90723490715027	0.0632299665024105	0.0026323903110727284	0
21	46.93907809257507	0.06352018478458318	0.00029021828217268286	0
22	48.938762187957764	0.06352018478458318	0.0	1
23	50.98811721801758	0.06352018478458318	0.0	2
24	52.976728677749634	0.06474386138831542	0.0012236766037322377	0
25	55.00205636024475	0.06510552763388944	0.00036166624557401605	0
26	57.027618646621704	0.06732736387954996	0.0022218362456605245	0
27	59.07516932487488	0.06918990477839834	0.0018625408988483805	0
28	61.065998792648315	0.06918990477839834	0.0	1
29	63.05829095840454	0.06975036046671722	0.0005604556883188755	0
30	65.0083749294281	0.06975036046671722	0.0	1
31	67.02637839317322	0.07023627081795535	0.000485910351238128	0
32	69.08218908309937	0.07190618323188665	0.0016699124139313015	0
33	71.08113646507263	0.07190618323188665	0.0	1
34	73.09918451309204	0.07255119159006505	0.0006450083581784061	0
35	75.17606043815613	0.07333434281434537	0.0007831512242803124	0
36	77.14625287055969	0.07333434281434537	0.0	1
37	79.18762493133545	0.07333434281434537	0.0	2
38	81.24235248565674	0.07644733852028165	0.003112995705936289	0
39	83.25484776496887	0.07644733852028165	0.0	1
40	85.31730079650879	0.07723090085052305	0.0007835623302413913	0
41	87.32672548294067	0.07765461030669	0.00042370945616695965	0
42	89.31798553466797	0.07765461030669	0.0	1
43	91.37048244476318	0.07765461030669	0.0	2
44	93.45278477668762	0.07980506053642278	0.0021504502297327727	0
45	95.44870519638062	0.07980506053642278	0.0	1
46	97.48242473602295	0.0814947736155483	0.001689713079125521	0
47	99.58466863632202	0.0814947736155483	0.0	1
48	101.6255612373352	0.08186384540001038	0.0003690717844620772	0
49	103.73648166656494	0.08223310302689323	0.000369257626882849	0
50	105.78605484962463	0.08223310302689323	0.0	1
51	108.44943284988403	0.08251121902536215	0.000278115998468928	0
52	111.49167561531067	0.08254130297117203	3.0083945809875057e-05	0
53	114.5976083278656	0.08319655518884654	0.0006552522176745124	0
54	117.3018639087677	0.08387801118784889	0.0006814559990023505	0
55	119.40163445472717	0.08480141712392161	0.0009234059360727215	0
56	121.45945644378662	0.08480141712392161	0.0	1
57	123.51435256004333	0.08480141712392161	0.0	2
58	125.56896209716797	0.08510740948550528	0.0003059923615836707	0
59	127.71696710586548	0.08607003943553643	0.0009626299500311436	0
60	129.7695665359497	0.08607003943553643	0.0	1
61	131.86376976966858	0.08729841278408436	0.0012283733485479315	0
62	133.91795587539673	0.08757970499847181	0.00028129221438745466	0
63	135.98052787780762	0.08757970499847181	0.0	1
64	138.04905247688293	0.08757970499847181	0.0	2
65	140.13168478012085	0.08939548118634953	0.0018157761878777184	0
66	142.20772457122803	0.08939548118634953	0.0	1
67	144.29959654808044	0.08939548118634953	0.0	2
68	146.42772722244263	0.08939548118634953	0.0	3
69	148.50483918190002	0.09237617961505525	0.0029806984287057137	0
70	150.59214973449707	0.09237617961505525	0.0	1
71	152.6719377040863	0.09237617961505525	0.0	2
72	154.73573660850525	0.09237617961505525	0.0	3
73	156.812894821167	0.09435758082095405	0.0019814012058988056	0
74	158.91765666007996	0.09435758082095405	0.0	1
75	160.9819700717926	0.09440599558735756	4.8414766403506726e-05	0
76	163.10165524482727	0.09642829338900166	0.0020222978016441046	0
77	165.25206589698792	0.09642829338900166	0.0	1
78	167.34084224700928	0.09909123506773045	0.0026629416787287835	0
79	169.4502604007721	0.09909123506773045	0.0	1
80	171.55649089813232	0.09913776325198376	4.652818425331107e-05	0
81	173.65524744987488	0.09913776325198376	0.0	1
82	175.80752754211426	0.10430057833260288	0.005162815080619124	0
83	177.95594787597656	0.10430057833260288	0.0	1
84	180.11884355545044	0.10611293614625623	0.0018123578136533536	0
85	182.315345287323	0.10629747203848727	0.0001845358922310386	0
86	184.53205394744873	0.10629747203848727	0.0	1
87	186.7684361934662	0.109673857138944	0.003376385100456722	0
88	189.0012023448944	0.109673857138944	0.0	1
89	191.28960061073303	0.10983293825111876	0.00015908111217476095	0
90	193.49864411354065	0.11139651501084148	0.0015635767597227263	0
91	195.77819347381592	0.11262023666728178	0.001223721656440302	0
92	198.06251740455627	0.11262023666728178	0.0	1
93	200.45852422714233	0.11461481015870087	0.0019945734914190855	0
94	203.7467007637024	0.11461481015870087	0.0	1
95	207.0742268562317	0.11544420798780909	0.0008293978291082221	0
96	210.39003682136536	0.11544420798780909	0.0	1
97	212.6987726688385	0.11642425080950705	0.00098004282169796	0
98	214.99371647834778	0.11874632369902197	0.0023220728895149145	0
99	217.32127213478088	0.12079052274837378	0.002044199049351811	0
100	219.65500903129578	0.12123241097224464	0.0004418882238708677	0
101	221.99272775650024	0.1219416419657686	0.0007092309935239488	0
102	224.3387291431427	0.1219416419657686	0.0	1
103	226.64861631393433	0.1224254404713162	0.0004837985055476113	0
104	228.98441529273987	0.1238759011442667	0.0014504606729505015	0
105	231.34858298301697	0.1238759011442667	0.0	1
106	233.68020749092102	0.12516766365306098	0.0012917625087942725	0
107	236.09340262413025	0.12588961077343605	0.0007219471203750716	0
108	238.42580199241638	0.12782897217112243	0.0019393613976863844	0
109	240.77248644828796	0.12782897217112243	0.0	1
110	243.12127804756165	0.12782897217112243	0.0	2
111	245.46835279464722	0.1282057367054865	0.00037676453436405466	0
112	247.775208234787	0.1282057367054865	0.0	1
113	250.09631752967834	0.1296470291523459	0.0014412924468594213	0
114	252.46993207931519	0.13124160217521683	0.0015945730228709154	0
115	254.8443431854248	0.13248631839361505	0.001244716218398223	0
116	257.21913385391235	0.13248631839361505	0.0	1
117	259.58896684646606	0.13315652247877838	0.0006702040851633284	0
118	261.93150758743286	0.13315652247877838	0.0	1
119	264.2389392852783	0.13361983326533378	0.0004633107865553987	0
120	266.6287171840668	0.13361983326533378	0.0	1
121	268.96121859550476	0.13361983326533378	0.0	2
122	271.3091251850128	0.13377205510270576	0.00015222183737198525	0
123	273.65822672843933	0.13401829067863075	0.0002462355759249857	0
124	275.97949028015137	0.1345235004836859	0.0005052098050551401	0
125	278.3599007129669	0.13532432363270439	0.000800823149018498	0
126	280.69329285621643	0.13568832698750924	0.0003640033548048538	0
127	283.0042586326599	0.13572662178936382	3.829480185457701e-05	0
128	285.29811215400696	0.13931047461045626	0.0035838528210924425	0
129	287.6686131954193	0.14108968489415136	0.0017792102836950985	0
130	289.95586013793945	0.14248834621600504	0.001398661321853678	0
131	292.2837405204773	0.14281519234983392	0.00032684613382888417	0
132	294.62953090667725	0.14296594997419382	0.00015075762435989848	0
133	296.95724511146545	0.14514947452323423	0.0021835245490404165	0
134	299.25826716423035	0.14514947452323423	0.0	1
135	301.61643624305725	0.14514947452323423	0.0	2
136	304.91242480278015	0.14514947452323423	0.0	3
137	308.2563042640686	0.14514947452323423	0.0	4
138	311.61947298049927	0.1455724856624262	0.0004230111391919644	0
139	313.9181411266327	0.14769976190544842	0.0021272762430222247	0
140	316.2195291519165	0.1481755410289606	0.0004757791235121822	0
141	318.54194736480713	0.14984706407720522	0.0016715230482446108	0
142	320.8564851284027	0.14984706407720522	0.0	1
143	323.20975041389465	0.14993807054749492	9.100647028970066e-05	0
144	325.54514169692993	0.1513248830071277	0.0013868124596327913	0
145	327.88455271720886	0.15251294544513516	0.0011880624380074534	0
146	330.27457880973816	0.15330244910125254	0.0007895036561173796	0
147	332.61090111732483	0.15330244910125254	0.0	1
148	334.9576165676117	0.15330244910125254	0.0	2
149	337.2874732017517	0.15522546762908862	0.001923018527836079	0
150	339.60137820243835	0.15522546762908862	0.0	1
151	341.8943374156952	0.1557367370233784	0.0005112693942897761	0
152	344.2297067642212	0.15629901734637386	0.000562280322995462	0
153	346.563818693161	0.15629901734637386	0.0	1
154	348.8717739582062	0.15715313784903234	0.0008541205026584842	0
155	351.17709827423096	0.15715313784903234	0.0	1
156	353.49089193344116	0.15773703220872162	0.0005838943596892798	0
157	355.8209321498871	0.16013704628318762	0.002400014074465995	0
158	358.10305523872375	0.16013704628318762	0.0	1
159	360.4091582298279	0.16013704628318762	0.0	2
160	362.72098541259766	0.16228466382390086	0.0021476175407132425	0
161	365.01799058914185	0.1633389872980197	0.0010543234741188512	0
162	367.32228899002075	0.1633389872980197	0.0	1
163	369.6472110748291	0.16525371612757198	0.0019147288295522646	0
164	371.91265320777893	0.16551727446974765	0.00026355834217567375	0
165	374.2234950065613	0.1655443962000023	2.7121730254653365e-05	0
166	376.49327754974365	0.165781294602181	0.0002368984021786924	0
167	378.8300006389618	0.16728889337213393	0.0015075987699529336	0
168	381.0932846069336	0.1695433984627295	0.0022545050905955766	0
169	383.39816975593567	0.1695433984627295	0.0	1
170	385.6538956165314	0.1695433984627295	0.0	2
171	387.96708512306213	0.17093524556248846	0.0013918470997589527	0
172	390.2141842842102	0.17114838992434028	0.00021314436185182473	0
173	392.50544786453247	0.17155303082181905	0.00040464089747876963	0
174	394.7760112285614	0.171587372248541	3.4341426721956614e-05	0
175	397.0756137371063	0.17197355279889048	0.0003861805503494742	0
176	399.3482518196106	0.1736335874065787	0.00166003460768821	0
177	401.6409544944763	0.17411696917457672	0.00048338176799803123	0
178	404.85436940193176	0.17411696917457672	0.0	1
179	408.15599966049194	0.17424339833658192	0.00012642916200519827	0
180	411.47765922546387	0.17455204317635287	0.00030864483977094403	0
181	413.70153641700745	0.1751118793899359	0.0005598362135830204	0
182	416.00063610076904	0.1767839768602083	0.0016720974702724156	0
183	418.29519534111023	0.1767839768602083	0.0	1
184	420.60605359077454	0.1767839768602083	0.0	2
185	422.90579056739807	0.1770035637593133	0.0002195868991050065	0
186	425.2011208534241	0.17726948736866235	0.0002659236093490447	0
187	427.4583821296692	0.1774165056182529	0.00014701824959054144	0
188	429.7632324695587	0.17769394019451237	0.00027743457625947765	0
189	432.0394537448883	0.1782880277294012	0.0005940875348888208	0
190	434.2826952934265	0.1782880277294012	0.0	1
191	436.5755522251129	0.1782880277294012	0.0	2
192	438.86780047416687	0.1790445978559236	0.0007565701265224156	0
193	441.1777501106262	0.1790445978559236	0.0	1
194	443.44443106651306	0.1803833728655829	0.0013387750096592876	0
195	445.76031017303467	0.1803833728655829	0.0	1
196	448.0482144355774	0.18090320227440487	0.0005198294088219757	0
197	450.326064825058	0.18090320227440487	0.0	1
198	452.56586813926697	0.18156534192482468	0.0006621396504198074	0
199	454.87813544273376	0.18174987781705573	0.0001845358922310525	0
200	457.13578629493713	0.18264357712374862	0.0008936993066928911	0
201	459.40882778167725	0.18269605226546642	5.247514171780043e-05	0
202	461.662917137146	0.18269605226546642	0.0	1
203	463.93034744262695	0.18304697907175563	0.0003509268062892035	0
204	466.26508140563965	0.18334529557820284	0.0002983165064472104	0
205	468.5120348930359	0.1834160508562177	7.075527801486681e-05	0
206	470.79292607307434	0.1847309028778949	0.001314852021677193	0
207	473.075562953949	0.1847309028778949	0.0	1
208	475.4056749343872	0.1847309028778949	0.0	2
209	477.7239146232605	0.1873137521048625	0.0025828492269676095	0
210	480.02760004997253	0.1873137521048625	0.0	1
211	482.272168636322	0.18887892823572153	0.0015651761308590195	0
212	484.6142590045929	0.18887892823572153	0.0	1
213	486.88689661026	0.1890031610782086	0.000124232842487082	0
214	489.17868161201477	0.18958350753713785	0.0005803464589292373	0
215	491.4336585998535	0.18958350753713785	0.0	1
216	493.7216956615448	0.18958350753713785	0.0	2
217	496.01832151412964	0.18986682149179968	0.00028331395466182907	0
218	498.3025505542755	0.19002069901619303	0.00015387752439335878	0
219	500.57191920280457	0.19005135738403073	3.065836783769371e-05	0
220	503.8759958744049	0.19011166043377467	6.030304974394274e-05	0
221	507.13053727149963	0.1903137894085048	0.0002021289747301258	0
222	510.50284361839294	0.19140106893857262	0.0010872795300678195	0
223	512.7799973487854	0.19140106893857262	0.0	1
224	515.0375850200653	0.19140106893857262	0.0	2
225	517.3136639595032	0.19140106893857262	0.0	3
226	519.6289055347443	0.19140106893857262	0.0	4
227	521.9106497764587	0.19251981778522329	0.001118748846650669	0
228	524.2412402629852	0.19363843147374976	0.0011186136885264764	0
229	526.4874422550201	0.19363843147374976	0.0	1
230	528.7751240730286	0.19363843147374976	0.0	2
231	531.0348265171051	0.19439497907391814	0.0007565476001683835	0
232	533.3087215423584	0.19646618722175446	0.0020712081478363176	0
233	535.6018269062042	0.19659154638194315	0.0001253591601886872	0
234	537.9293925762177	0.19665072311398551	5.917673204236529e-05	0
235	540.2287917137146	0.19844553289784786	0.0017948097838623445	0
236	542.5382452011108	0.19844553289784786	0.0	1
237	544.8563358783722	0.19844553289784786	0.0	2
238	547.1445832252502	0.19927215998541012	0.0008266270875622594	0
239	549.4545114040375	0.20099033511285525	0.0017181751274451262	0
240	551.7405710220337	0.20099033511285525	0.0	1
241	554.0246863365173	0.20099033511285525	0.0	2
242	556.3320324420929	0.20194971000472872	0.0009593748918734768	0
243	558.6407964229584	0.20344737465255353	0.0014976646478248035	0
244	560.9014098644257	0.20344737465255353	0.0	1
245	563.1922364234924	0.20414098361955618	0.0006936089670026568	0
246	565.5156230926514	0.20414098361955618	0.0	1
247	567.8268761634827	0.20418894222729056	4.7958607734377434e-05	0
248	570.1711280345917	0.20418894222729056	0.0	1
249	572.4901831150055	0.2043596018854378	0.0001706596581472486	0
250	574.7951788902283	0.20467958874446393	0.00031998685902612234	0
251	577.1018097400665	0.2054117853559236	0.000732196611459679	0
252	579.4075462818146	0.2054117853559236	0.0	1
253	581.743302822113	0.20614952345047519	0.0007377380945515766	0
254	584.0257127285004	0.20614952345047519	0.0	1
255	586.3466267585754	0.20621180881937395	6.22853688987679e-05	0
256	588.6371834278107	0.20659957747768268	0.00038776865830872365	0
257	590.9405953884125	0.20738477860017993	0.0007852011224972477	0
258	593.2662065029144	0.20847509918804208	0.0010903205878621536	0
259	595.5545859336853	0.20847509918804208	0.0	1
260	597.89164686203	0.20847509918804208	0.0	2
261	600.2114131450653	0.20847509918804208	0.0	3
262	603.5608987808228	0.20902870686473518	0.000553607676693102	0
263	606.8424348831177	0.2097026953773759	0.0006739885126407219	0
264	610.2438445091248	0.20981453872514533	0.00011184334776942473	0
265	612.5077366828918	0.20981453872514533	0.0	1
266	614.8277444839478	0.20981453872514533	0.0	2
267	617.1451127529144	0.21116485849124608	0.0013503197661007549	0
268	619.4744617938995	0.21116485849124608	0.0	1
269	621.7919723987579	0.21116485849124608	0.0	2
270	624.1935887336731	0.21128010331847435	0.00011524482722827245	0
271	626.4748663902283	0.21190300206017024	0.000622898741695882	0
272	628.7921776771545	0.21190300206017024	0.0	1
273	631.1258630752563	0.21190300206017024	0.0	2
274	633.4371607303619	0.21245660973686334	0.000553607676693102	0
275	635.7564074993134	0.21245660973686334	0.0	1
276	638.073126077652	0.21245660973686334	0.0	2
277	640.3858499526978	0.21275337192488236	0.000296762188019023	0
278	642.7326481342316	0.21275337192488236	0.0	1
279	645.05593085289	0.21359896620253968	0.0008455942776573189	0
280	647.3661558628082	0.21393492424657456	0.00033595804403488416	0
281	649.6824705600739	0.21404881749256088	0.00011389324598631845	0
282	652.0556018352509	0.2141194601388056	7.064264624470629e-05	0
283	654.3456139564514	0.2141680269580988	4.856681929321649e-05	0
284	656.6919476985931	0.21425256836478132	8.454140668251453e-05	0
285	659.0311834812164	0.21517524782593653	0.0009226794611552069	0
286	661.4154624938965	0.21549025636072153	0.00031500853478499957	0
287	663.7627489566803	0.2158626169928723	0.0003723606321507644	0
288	666.1463007926941	0.2158626169928723	0.0	1
289	668.3984320163727	0.21694985147023205	0.0010872344773597553	0
290	670.7445018291473	0.2173588850067471	0.0004090335365150577	0
291	673.0529680252075	0.2173620386963116	3.1536895644945773e-06	0
292	675.4101393222809	0.2173620386963116	0.0	1
293	677.720077753067	0.21820233928077137	0.0008403005844597744	0
294	680.0834999084473	0.21820233928077137	0.0	1
295	682.4085650444031	0.21894570896383098	0.0007433696830596026	0
296	684.768177986145	0.21997748355756366	0.0010317745937326872	0
297	687.1344103813171	0.21997748355756366	0.0	1
298	689.4797551631927	0.21997748355756366	0.0	2
299	691.8434300422668	0.21997748355756366	0.0	3
300	694.1803822517395	0.2201344471924594	0.0001569636348957293	0
301	696.5024330615997	0.2201344471924594	0.0	1
302	698.8593952655792	0.2203076523286123	0.00017320513615290412	0
303	701.1827607154846	0.22121965429795626	0.0009120019693439618	0
304	704.4975914955139	0.22209800189437626	0.0008783475964199983	0
305	707.8240079879761	0.22209800189437626	0.0	1
306	711.2264604568481	0.2231993378693601	0.0011013359749838525	0
307	713.5033793449402	0.2231993378693601	0.0	1
308	715.8208498954773	0.2231993378693601	0.0	2
309	718.1343510150909	0.22349141457574045	0.00029207670638034533	0
310	720.4841120243073	0.22381498312505765	0.00032356854931719914	0
311	722.7951111793518	0.22432682694137526	0.0005118438163176087	0
312	725.1470746994019	0.22432682694137526	0.0	1
313	727.445944070816	0.22489277906007796	0.000565952118702695	0
314	729.827300786972	0.22489277906007796	0.0	1
315	732.1479275226593	0.22607606591103063	0.001183286850952675	0
316	734.4601690769196	0.22607606591103063	0.0	1
317	736.7859807014465	0.22707384823652887	0.000997782325498242	0
318	739.106522321701	0.22707384823652887	0.0	1
319	741.4132118225098	0.22707384823652887	0.0	2
320	743.750551700592	0.2279004978504452	0.0008266496139163193	0
321	746.0909471511841	0.2279004978504452	0.0	1
322	748.4397313594818	0.22820311689051254	0.0003026190400673423	0
323	750.779271364212	0.22820311689051254	0.0	1
324	753.148110628128	0.22820311689051254	0.0	2
325	755.4597318172455	0.2290058660428008	0.0008027491522882568	0
326	757.7911021709442	0.22911996202597343	0.00011409598317263514	0
327	760.1272633075714	0.22911996202597343	0.0	1
328	762.4420800209045	0.2292777366096143	0.00015777458364088504	0
329	764.8392686843872	0.22988671406451835	0.0006089774549040416	0
330	767.1616714000702	0.23011666308647813	0.0002299490219597744	0
331	769.4586551189423	0.23091799307846236	0.0008013299919842343	0
332	771.793249130249	0.23091799307846236	0.0	1
333	774.118479013443	0.23118371395062512	0.00026572087216275575	0
334	776.4628372192383	0.2316556410675978	0.0004719271169726924	0
335	778.7504320144653	0.232314536923037	0.0006588958554391844	0
336	781.1157524585724	0.232314536923037	0.0	1
337	783.4228386878967	0.2330414848940072	0.0007269479709701987	0
338	785.7446513175964	0.2330414848940072	0.0	1
339	788.0684587955475	0.2330414848940072	0.0	2
340	790.4118175506592	0.2330414848940072	0.0	3
341	792.7206223011017	0.23372398836847205	0.0006825034744648573	0
342	795.0589299201965	0.23431852643044151	0.0005945380619694629	0
343	797.3456828594208	0.23431852643044151	0.0	1
344	799.7341139316559	0.2344081813194893	8.965488904777441e-05	0
345	802.0592813491821	0.23554929883569387	0.0011411175162045761	0
346	805.3682494163513	0.2366884340327436	0.0011391351970497232	0
347	808.6813192367554	0.2366988186819524	1.0384649208800001e-05	0
348	812.0546538829803	0.23756822331582164	0.0008694046338692529	0
349	814.3318881988525	0.2384945970990381	0.000926373783216472	0
350	816.6951813697815	0.2384945970990381	0.0	1
351	819.0291533470154	0.2384945970990381	0.0	2
352	821.369202375412	0.23880347846552638	0.00030888136648826725	0
353	823.6732957363129	0.239119613318013	0.00031613485248663253	0
354	826.0299763679504	0.239119613318013	0.0	1
355	828.358243227005	0.2402192147637364	0.0010996014457233805	0
356	830.6929636001587	0.2402192147637364	0.0	1
357	833.0010359287262	0.24042598416739713	0.00020676940366073926	0
358	835.3473143577576	0.24042598416739713	0.0	1
359	837.7181856632233	0.24105710502831473	0.0006311208609176	0
360	840.1083543300629	0.2411885463040921	0.00013144127577735532	0
361	842.4260563850403	0.2411885463040921	0.0	1
362	844.8013572692871	0.24150387020783354	0.00031532390374144903	0
363	847.1144413948059	0.24194426042916128	0.00044039022132774663	0
364	849.4609220027924	0.24198494302454326	4.068259538198005e-05	0
365	851.7754497528076	0.24212431357693992	0.00013937055239665597	0
366	854.143167257309	0.24278429069737267	0.0006599771204327531	0
367	856.4560902118683	0.24318404337602648	0.00039975267865380304	0
368	858.8211209774017	0.24351500056946623	0.00033095719343975705	0
369	861.1599476337433	0.2435325936519653	1.759308249907332e-05	0
370	863.4813740253448	0.24382476046376175	0.000292166811796446	0
371	865.8256800174713	0.244047320841599	0.00022256037783724425	0
372	868.1435036659241	0.2442569510922218	0.00020963025062281648	0
373	870.4704170227051	0.24577556524929645	0.0015186141570746325	0
374	872.8059010505676	0.24577556524929645	0.0	1
375	875.1886312961578	0.24577556524929645	0.0	2
376	877.5377509593964	0.24577556524929645	0.0	3
377	879.9160010814667	0.24606397015996956	0.00028840491067311236	0
378	882.246997833252	0.2466051207628829	0.0005411506029133484	0
379	884.5860974788666	0.24735268034779248	0.000747559584909574	0
380	886.9512724876404	0.24780879396423464	0.0004561136164421553	0
381	889.3368852138519	0.24780879396423464	0.0	1
382	891.6796259880066	0.24780879396423464	0.0	2
383	894.0334875583649	0.24780879396423464	0.0	3
384	896.3385744094849	0.248042662571796	0.00023386860756136052	0
385	898.668154001236	0.24831770935452804	0.00027504678273204686	0
386	901.0019886493683	0.24831770935452804	0.0	1
387	903.3329584598541	0.24831770935452804	0.0	2
388	906.6726212501526	0.24838420715163084	6.649779710279913e-05	0
389	910.0120034217834	0.24880707186952158	0.00042286471789074187	0
390	913.3707175254822	0.24880707186952158	0.0	1
391	915.6877748966217	0.24919157420649565	0.00038450233697406855	0
392	917.962541103363	0.24949040881908563	0.00029883461258997657	0
393	920.2855479717255	0.2505905058445977	0.001100097025512059	0
394	922.599601984024	0.2505905058445977	0.0	1
395	924.922816991806	0.2505905058445977	0.0	2
396	927.2844567298889	0.2508422153245525	0.000251709479954787	0
397	929.6063642501831	0.2508422153245525	0.0	1
398	931.9409608840942	0.2514215706239043	0.0005793552993518247	0
399	934.285124540329	0.2514215706239043	0.0	1
400	936.6167867183685	0.2514215706239043	0.0	2
401	938.940114736557	0.25147279555297336	5.122492906906029e-05	0
402	941.2678418159485	0.2519668435496056	0.0004940479966322187	0
403	943.5558936595917	0.252207807958687	0.00024096440908144556	0
404	945.8886959552765	0.2524587290162507	0.0002509210575636911	0
405	948.1784114837646	0.2530971484158747	0.0006384193996240017	0
406	950.4937915802002	0.2530971484158747	0.0	1
407	952.7910013198853	0.2530971484158747	0.0	2
408	955.0945861339569	0.25312807709996077	3.0928684086051206e-05	0
409	957.4240365028381	0.2532823600987267	0.0001542829987659089	0
410	959.7367210388184	0.253504289738651	0.00022192963992434533	0
411	962.0732946395874	0.253504289738651	0.0	1
412	964.3934350013733	0.25387232531082765	0.0003680355721766282	0
413	966.7384912967682	0.25479556793083363	0.0009232426200059818	0
414	969.0596239566803	0.2555134152547749	0.0007178473239412564	0
415	971.3801670074463	0.2555134152547749	0.0	1
416	973.6598110198975	0.2555134152547749	0.0	2
417	975.978423833847	0.2555134152547749	0.0	3
418	978.2794535160065	0.25562046048913545	0.0001070452343605588	0
419	980.6026170253754	0.25576406599609014	0.00014360550695469154	0
420	982.9098033905029	0.25576821084523205	4.144849141907159e-06	0
421	985.2375345230103	0.2560786240037945	0.00031041315856245033	0
422	987.5593008995056	0.25621533644641536	0.00013671244262086768	0
423	989.86106133461	0.25636051879815236	0.00014518235173699434	0
424	992.1723546981812	0.256520928965215	0.00016041016706264122	0
425	994.4731380939484	0.2566645569985237	0.0001436280333086959	0
426	996.7834384441376	0.25694246462821785	0.00027790762969415184	0
427	999.0969190597534	0.25727846772496077	0.0003360030967429206	0
428	1001.4005241394043	0.2576475395094229	0.000369071784462105	0
429	1003.7743852138519	0.2576475395094229	0.0	1
430	1007.0941805839539	0.25768506841524036	3.752890581748547e-05	0
431	1010.3797605037689	0.2586636357607492	0.0009785673455088295	0
432	1013.7269086837769	0.2586636357607492	0.0	1
433	1016.0203442573547	0.2586636357607492	0.0	2
434	1018.3413038253784	0.2586636357607492	0.0	3
435	1020.6544513702393	0.25914606015870084	0.00048242439795165293	0
436	1022.9936578273773	0.25914606015870084	0.0	1
437	1025.3042843341827	0.25914606015870084	0.0	2
438	1027.5982294082642	0.25914606015870084	0.0	3
439	1029.9377675056458	0.25914606015870084	0.0	4
440	1032.231722831726	0.25939396268482423	0.00024790252612338914	0
441	1034.5694561004639	0.25967279389503367	0.00027883121020944035	0
442	1036.8618755340576	0.2600595038147029	0.00038670991966921475	0
443	1039.2005484104156	0.2600595038147029	0.0	1
444	1041.5266239643097	0.2605972304118034	0.0005377265971004963	0
445	1043.847326517105	0.2605972304118034	0.0	1
446	1046.1950721740723	0.2606773566530956	8.012624129222212e-05	0
447	1048.4985961914062	0.2606773566530956	0.0	1
448	1050.8115935325623	0.26094174847037044	0.00026439181727483385	0
449	1053.1273889541626	0.2614586381899912	0.0005168897196207722	0
450	1055.4078907966614	0.26146850473305727	9.866543066061606e-06	0
451	1057.7588064670563	0.26172557548527176	0.0002570707522144833	0
452	1060.0619497299194	0.2618460013739274	0.00012042588865562864	0
453	1062.4257481098175	0.26184715021798305	1.1488440556650659e-06	0
454	1064.716075181961	0.2620597990000461	0.00021264878206306292	0
455	1067.0951175689697	0.26231013437240497	0.0002503353723588564	0
456	1069.4202666282654	0.2624709274874862	0.00016079311508121474	0
457	1071.7741281986237	0.26283999927194823	0.00036907178446204947	0
458	1074.1238746643066	0.26283999927194823	0.0	1
459	1076.4802997112274	0.26311256815573675	0.0002725688837885154	0
460	1078.798134803772	0.26311256815573675	0.0	1
461	1081.1082391738892	0.2631391717798487	2.6603624111942725e-05	0
462	1083.459702014923	0.2634035410707695	0.0002643692909208295	0
463	1085.777394771576	0.2636877110268846	0.0002841699561150768	0
464	1088.1161408424377	0.2641652021533032	0.00047749112641859437	0
465	1090.4264438152313	0.2642778789761718	0.00011267682286858482	0
466	1092.72411942482	0.265016022545096	0.00073814356892421	0
467	1095.0481042861938	0.265016022545096	0.0	1
468	1097.449730873108	0.265016022545096	0.0	2
469	1099.766030550003	0.265016022545096	0.0	3
470	1102.1440296173096	0.26540656194495066	0.00039053939985467245	0
471	1104.4611780643463	0.2658205287529987	0.00041396680804806074	0
472	1107.8032903671265	0.2658863732858346	6.584453283586811e-05	0
473	1111.125960111618	0.2659633007848542	7.692749901960783e-05	0
474	1114.4753754138947	0.26614783667708525	0.0001845358922310525	0
475	1116.79368019104	0.26614783667708525	0.0	1
476	1119.11164188385	0.2663165365424317	0.00016869986534645554	0
477	1121.4452240467072	0.2663165365424317	0.0	1
478	1123.7743129730225	0.2664399809625277	0.0001234444200959861	0
479	1126.1140401363373	0.2664399809625277	0.0	1
480	1128.4461402893066	0.26700007622918204	0.0005600952666543479	0
481	1130.764271736145	0.2670711018234453	7.102559426325206e-05	0
482	1133.103807926178	0.2671842516997486	0.00011314987630328677	0
483	1135.4113833904266	0.267258205720036	7.395402028742559e-05	0
484	1137.7742636203766	0.26744017360790734	0.0001819678878713371	0
485	1140.0990991592407	0.2678571364210417	0.00041696281313435835	0
486	1142.4249019622803	0.26804167231327275	0.0001845358922310525	0
487	1144.787036895752	0.26810607515945056	6.440284617781344e-05	0
488	1147.08642745018	0.26851150447932043	0.0004054293198698655	0
489	1149.4436054229736	0.26851150447932043	0.0	1
490	1151.786756515503	0.2685647793066064	5.327482728595401e-05	0
491	1154.136384010315	0.2687318347481085	0.0001670554415021397	0
492	1156.4945440292358	0.26899798362099786	0.000266148872889338	0
493	1158.8343439102173	0.26906896416255305	7.098054155518785e-05	0
494	1161.1612029075623	0.2691660076957234	9.704353317036007e-05	0
495	1163.4982481002808	0.2694760153799133	0.00031000768418987246	0
496	1165.7829444408417	0.2694760153799133	0.0	1
497	1168.1651678085327	0.26952944789167743	5.343251176415098e-05	0
498	1170.4703266620636	0.269959881464523	0.0004304335728455566	0
499	1172.8115015029907	0.269959881464523	0.0	1
500	1175.1225402355194	0.269959881464523	0.0	2
501	1177.4694085121155	0.27040693948664424	0.00044705802212124945	0
502	1179.8430519104004	0.27052686979551116	0.00011993030886692235	0
503	1182.1466999053955	0.2711856530191802	0.0006587832236690239	0
504	1184.4743461608887	0.2711856530191802	0.0	1
505	1186.7988188266754	0.2711856530191802	0.0	2
506	1189.1259412765503	0.2711856530191802	0.0	3
507	1191.4443714618683	0.27123489562909436	4.9242609914179614e-05	0
508	1193.750169992447	0.2715547248036423	0.00031982917454792537	0
509	1196.0505135059357	0.2722493699829304	0.0006946451792881336	0
510	1198.3760578632355	0.2722493699829304	0.0	1
511	1200.7155125141144	0.27314281023655196	0.0008934402536215358	0
512	1203.0464584827423	0.273327346128783	0.0001845358922310525	0
513	1205.4043309688568	0.273327346128783	0.0	1
514	1208.7154257297516	0.273511882021014	0.00018453589223099698	0
515	1212.0521693229675	0.273511882021014	0.0	1
516	1215.4214918613434	0.2736564786875461	0.00014459666653210412	0
517	1217.7207520008087	0.2738636085128714	0.00020712982532528068	0
518	1220.0345902442932	0.2740963958554392	0.00023278734256781952	0
519	1222.368302822113	0.2744286370510588	0.000332241195619587	0
520	1224.6700720787048	0.2744286370510588	0.0	1
521	1227.0482213497162	0.27460627987895597	0.00017764282789717312	0
522	1229.36181807518	0.27478360733789675	0.00017732745894077917	0
523	1231.6679775714874	0.2753819523536976	0.0005983450158008607	0
524	1233.971745967865	0.2758614257992711	0.00047947344557347504	0
525	1236.299512386322	0.2768613706547564	0.000999944855485324	0
526	1238.5954723358154	0.2768613706547564	0.0	1
527	1240.941290140152	0.2768613706547564	0.0	2
528	1243.2739841938019	0.2768613706547564	0.0	3
529	1245.620858669281	0.2768613706547564	0.0	4
530	1247.9483652114868	0.2779889723585417	0.001127601703785286	0
531	1250.2713856697083	0.2779889723585417	0.0	1
532	1252.5648312568665	0.2779889723585417	0.0	2
533	1254.8902080059052	0.27819916576801534	0.00021019340947364684	0
534	1257.1892895698547	0.2786048654041336	0.00040569963611825077	0
535	1259.5360078811646	0.2786048654041336	0.0	1
536	1261.819130897522	0.27912355723207694	0.0005186918279433406	0
537	1264.1385736465454	0.27922591698479887	0.00010235975272193665	0
538	1266.4358711242676	0.2794705081368795	0.0002445911520806421	0
539	1268.7516479492188	0.2794705081368795	0.0	1
540	1271.0851922035217	0.27987562208779293	0.00040511395091341607	0
541	1273.3646430969238	0.27998667701317126	0.00011105492537832884	0
542	1275.7029371261597	0.28048212164375347	0.0004954446305822091	0
543	1278.0097479820251	0.28048212164375347	0.0	1
544	1280.3154261112213	0.28048212164375347	0.0	2
545	1282.6400454044342	0.28048212164375347	0.0	3
546	1284.9684715270996	0.28049081681640986	8.695172656392192e-06	0
547	1287.2762479782104	0.28102917415142326	0.0005383573350133952	0
548	1289.6114420890808	0.28102917415142326	0.0	1
549	1291.9064810276031	0.28123033449292995	0.00020116034150668982	0
550	1294.2861216068268	0.28177758973778605	0.0005472552448561041	0
551	1296.5997214317322	0.28178351416889647	5.924431110415629e-06	0
552	1298.9136707782745	0.2819612471022098	0.00017773293331335704	0
553	1301.2233266830444	0.28292183841720103	0.0009605913149912104	0
554	1303.537101984024	0.28292183841720103	0.0	1
555	1305.8398780822754	0.28292183841720103	0.0	2
556	1309.1582262516022	0.2832404511686312	0.00031861275143019174	0
557	1312.4853074550629	0.283440980772225	0.0002005296035937909	0
558	1315.848895072937	0.28363096804213184	0.0001899872699068217	0
559	1318.139161348343	0.28363096804213184	0.0	1
560	1320.4911003112793	0.284512221538222	0.0008812534960901397	0
561	1322.7990593910217	0.284512221538222	0.0	1
562	1325.1413216590881	0.28463194910990264	0.00011972757168066117	0
563	1327.4581236839294	0.28463194910990264	0.0	1
564	1329.7748289108276	0.28463194910990264	0.0	2
565	1332.0919561386108	0.28463194910990264	0.0	3
566	1334.4159052371979	0.2849553149220336	0.00032336581213093796	0
567	1336.729821920395	0.2851202528862567	0.0001649379642231219	0
568	1339.1167359352112	0.2852253608541705	0.00010510796791379784	0
569	1341.4616351127625	0.28566622412893294	0.0004408632747624486	0
570	1343.7857415676117	0.28566622412893294	0.0	1
571	1346.1574869155884	0.28566622412893294	0.0	2
572	1348.5019619464874	0.28569823407801254	3.2009949079592204e-05	0
573	1350.8542873859406	0.28569823407801254	0.0	1
574	1353.1612589359283	0.28606730586247464	0.000369071784462105	0
575	1355.5119452476501	0.28606730586247464	0.0	1
576	1357.8464288711548	0.28606730586247464	0.0	2
577	1360.2293224334717	0.2866932907146729	0.0006259848521982803	0
578	1362.5804419517517	0.2867187454947292	2.545478005627766e-05	0
579	1364.9298357963562	0.2867187454947292	0.0	1
580	1367.224288225174	0.28706236249913497	0.0003436170044057718	0
581	1369.6024568080902	0.2870856096964961	2.3247197361131455e-05	0
582	1371.9949436187744	0.2870856096964961	0.0	1
583	1374.3337979316711	0.28746094380737913	0.0003753341108830299	0
584	1376.672135591507	0.28746094380737913	0.0	1
585	1378.9779891967773	0.2876454796996102	0.0001845358922310525	0
586	1381.284150838852	0.2876454796996102	0.0	1
587	1383.6467969417572	0.2876454796996102	0.0	2
588	1385.9867503643036	0.2880827838104355	0.0004373041108253206	0
589	1388.3025572299957	0.2880827838104355	0.0	1
590	1390.6304116249084	0.28843234777230575	0.0003495639618702473	0
591	1392.9390940666199	0.28843234777230575	0.0	1
592	1395.262681722641	0.2886168836645368	0.0001845358922310525	0
593	1397.5803489685059	0.2888260183353709	0.0002091346708341102	0
594	1399.9162352085114	0.2888783695821415	5.235124677060998e-05	0
595	1402.2450902462006	0.28926226370755675	0.0003838941254152295	0
596	1404.5746612548828	0.2893272747652934	6.50110577366525e-05	0
597	1406.9025182724	0.2895020792725826	0.0001748045072891835	0
598	1410.2276990413666	0.2895064493852648	4.3701126822282e-06	0
599	1413.5446882247925	0.28972157606627147	0.0002151266810066499	0
600	1416.8865361213684	0.28979656629884437	7.499023257290238e-05	0
601	1419.208985567093	0.2902743052151573	0.00047773891631291976	0
602	1421.539809703827	0.2907486877047195	0.0004743824895622195	0
603	1423.917931318283	0.2907486877047195	0.0	1
604	1426.2513456344604	0.29080223284825385	5.354514353433926e-05	0
605	1428.584697008133	0.29093322359695056	0.00013099074869671323	0
606	1430.9407887458801	0.29093322359695056	0.0	1
607	1433.287400007248	0.2913327960647721	0.00039957246782151845	0
608	1435.6178243160248	0.2913327960647721	0.0	1
609	1437.982263326645	0.2914821232656509	0.000149327200878846	0
610	1440.3356623649597	0.2916713671658747	0.00018924390022379	0
611	1442.7335216999054	0.2916713671658747	0.0	1
612	1445.04958152771	0.29184644198941223	0.00017507482353751325	0
613	1447.3852455615997	0.2924035863036884	0.0005571443142761701	0
614	1449.7044701576233	0.292502904998616	9.931869492757484e-05	0
615	1452.0397605895996	0.292502904998616	0.0	1
616	1454.357501745224	0.2925547606655979	5.185566698190369e-05	0
617	1456.7292602062225	0.29268744089084703	0.0001326802252491488	0
618	1459.0399537086487	0.29280020781913174	0.00011276692828471324	0
619	1461.4405069351196	0.29280020781913174	0.0	1
620	1463.7756974697113	0.2928982425118795	9.803469274777266e-05	0
621	1466.1120455265045	0.2932777890509665	0.00037954653908700564	0
622	1468.3977463245392	0.2934469394433936	0.00016915039242709762	0
623	1470.7711725234985	0.2934469394433936	0.0	1
624	1473.081852197647	0.2934469394433936	0.0	2
625	1475.4148383140564	0.2934469394433936	0.0	3
626	1477.743285894394	0.29347656159894586	2.9622155552244678e-05	0
627	1480.0641593933105	0.29361841005028605	0.00014184845134018742	0
628	1482.3879280090332	0.29363147533562467	1.3065285338620392e-05	0
629	1484.757646560669	0.2937165123220959	8.503698647122082e-05	0
630	1487.0755383968353	0.2944649504348127	0.0007484381127167983	0
631	1489.3880188465118	0.2944649504348127	0.0	1
632	1491.7129566669464	0.2944649504348127	0.0	2
633	1494.1085810661316	0.2944649504348127	0.0	3
634	1496.434493303299	0.2944649504348127	0.0	4
635	1498.7991065979004	0.2944649504348127	0.0	5
636	1501.1520228385925	0.2944951808019238	3.0230367111083734e-05	0
637	1503.4820375442505	0.2944951808019238	0.0	1
638	1505.811961889267	0.2950350023499492	0.0005398215480254542	0
639	1508.1394956111908	0.2950350023499492	0.0	1
640	1511.4464416503906	0.2952330991073076	0.00019809675735837917	0
641	1514.804787158966	0.29541763499953866	0.0001845358922310525	0
642	1518.2081415653229	0.29569815568630053	0.0002805206867618759	0
643	1520.5098252296448	0.29569815568630053	0.0	1
644	1522.8387989997864	0.29598847533706635	0.00029031965076581345	0
645	1525.165367603302	0.29598847533706635	0.0	1
646	1527.5042548179626	0.29598847533706635	0.0	2
647	1529.9224874973297	0.2966851028355093	0.0006966274984429588	0
648	1532.2578139305115	0.2966851028355093	0.0	1
649	1534.6277930736542	0.2966851028355093	0.0	2
650	1536.9669969081879	0.2966851028355093	0.0	3
651	1539.2807230949402	0.29676329181035477	7.818897484546117e-05	0
652	1541.593549489975	0.2971323635948169	0.000369071784462105	0
653	1543.9379272460938	0.2971323635948169	0.0	1
654	1546.2389199733734	0.2971323635948169	0.0	2
655	1548.596244096756	0.2975584495813342	0.00042608598651733276	0
656	1550.8998849391937	0.2975584495813342	0.0	1
657	1553.2537875175476	0.2975584495813342	0.0	2
658	1555.5610554218292	0.29804614514612937	0.0004876955647951653	0
659	1557.935970067978	0.2982492202277288	0.00020307508159944643	0
660	1560.2509026527405	0.2986182920121909	0.000369071784462105	0
661	1562.5814399719238	0.2986182920121909	0.0	1
662	1564.9049398899078	0.2986399848911238	2.1692878932888515e-05	0
663	1567.2446341514587	0.2986399848911238	0.0	1
664	1569.5808413028717	0.29870310373512177	6.311884399795575e-05	0
665	1571.964504480362	0.2989515468937419	0.00024844315862015964	0
666	1574.2935962677002	0.2991144349597481	0.00016288806600617267	0
667	1576.6522176265717	0.29920607216795075	9.163720820265508e-05	0
668	1578.9673204421997	0.29935922884901506	0.0001531566810643037	0
669	1581.3520011901855	0.29965060723842035	0.0002913783894052946	0
670	1583.6620054244995	0.29965060723842035	0.0	1
671	1586.05531001091	0.29965333292725826	2.7256888379123545e-06	0
672	1588.3895535469055	0.29989826197464936	0.0002449290473910959	0
673	1590.7382879257202	0.29998208253800285	8.38205633534872e-05	0
674	1593.0856096744537	0.3009553111376061	0.0009732285996032486	0
675	1595.4757449626923	0.3010118297598727	5.6518622266577e-05	0
676	1597.8121829032898	0.3010118297598727	0.0	1
677	1600.165284395218	0.3010118297598727	0.0	2
678	1602.499508857727	0.3012627958701444	0.0002509661102716998	0
679	1604.834017753601	0.30137495458687025	0.00011215871672587419	0
680	1607.1760456562042	0.30138702871263146	1.207412576120781e-05	0
681	1609.5000631809235	0.30138702871263146	0.0	1
682	1612.8892226219177	0.30167955594609247	0.00029252723346101517	0
683	1616.2330763339996	0.30167955594609247	0.0	1
684	1619.6242735385895	0.30167955594609247	0.0	2
685	1621.9525864124298	0.3017737836850088	9.42277389163193e-05	0
686	1624.2755434513092	0.3018266980906302	5.291440562138483e-05	0
687	1626.6000061035156	0.3018266980906302	0.0	1
688	1628.9358916282654	0.3018266980906302	0.0	2
689	1631.270925283432	0.302298692786665	0.0004719946960348165	0
690	1633.5953905582428	0.3026930616667051	0.00039436888004013015	0
691	1635.8667342662811	0.3026930616667051	0.0	1
692	1638.1827592849731	0.3029945769154249	0.00030151524871979696	0
693	1640.5418498516083	0.30305747049588255	6.289358045763471e-05	0
694	1642.889163017273	0.30305747049588255	0.0	1
695	1645.235224723816	0.30305747049588255	0.0	2
696	1647.5700578689575	0.3031395114772675	8.204098138492322e-05	0
697	1649.9223940372467	0.30322508909623547	8.557761896799132e-05	0
698	1652.2675528526306	0.30322508909623547	0.0	1
699	1654.5945222377777	0.30340656140431815	0.00018147230808268633	0
700	1656.9187681674957	0.3038423337230693	0.00043577231875113753	0
701	1659.2673561573029	0.3039055426724834	6.320894941408417e-05	0
702	1661.6227848529816	0.304207621080054	0.0003020784075706273	0
703	1663.9741594791412	0.304207621080054	0.0	1
704	1666.3029491901398	0.304207621080054	0.0	2
705	1668.6710317134857	0.30423510323197317	2.748215191916703e-05	0
706	1670.988970041275	0.30423510323197317	0.0	1
707	1673.3418292999268	0.3043569032282248	0.00012179999625161475	0
708	1675.713588476181	0.3046555801563365	0.0002986769281116963	0
709	1678.062328338623	0.3046555801563365	0.0	1
710	1680.4120602607727	0.3049732468008973	0.00031766664456084337	0
711	1682.725689649582	0.3052455003157294	0.00027225351483206595	0
712	1685.0844762325287	0.30538473571000185	0.00013923539427246334	0
713	1687.4867622852325	0.30538473571000185	0.0	1
714	1689.861228466034	0.30538473571000185	0.0	2
715	1692.184818983078	0.3054357579018846	5.1022191882743595e-05	0
716	1694.5382800102234	0.30552419636781464	8.843846593004079e-05	0
717	1696.8740019798279	0.30552419636781464	0.0	1
718	1699.1722629070282	0.30563545403037923	0.00011125766256459002	0
719	1701.5074191093445	0.30563545403037923	0.0	1
720	1703.8397090435028	0.30578104185648874	0.0001455878261095167	0
721	1706.212040424347	0.30613756646175494	0.0003565246052661952	0
722	1708.5188491344452	0.30613756646175494	0.0	1
723	1710.8633043766022	0.30613756646175494	0.0	2
724	1714.1982073783875	0.30688249046324273	0.00074492400148779	0
725	1717.5537071228027	0.30688249046324273	0.0	1
726	1720.924997329712	0.30688249046324273	0.0	2
727	1723.2551295757294	0.30688249046324273	0.0	3
728	1725.6078972816467	0.3072004048976979	0.00031791443445516876	0
729	1727.9742772579193	0.3072004048976979	0.0	1
730	1730.29833817482	0.3072134701830365	1.3065285338620392e-05	0
731	1732.657787322998	0.30738494078992895	0.0001714706068924321	0
732	1735.0010905265808	0.30738494078992895	0.0	1
733	1737.3371398448944	0.30738494078992895	0.0	2
734	1739.6866464614868	0.3074513259552616	6.638516533263861e-05	0
735	1742.014640569687	0.3074664411388171	1.5115183555514111e-05	0
736	1744.3845319747925	0.3074664411388171	0.0	1
737	1746.717203617096	0.30767764823422217	0.00021120709540506377	0
738	1749.0522365570068	0.3082325173867411	0.0005548691525189553	0
739	1751.370412826538	0.3082325173867411	0.0	1
740	1753.7040271759033	0.3082325173867411	0.0	2
741	1756.0782487392426	0.3082325173867411	0.0	3
742	1758.4003698825836	0.3084157918031463	0.00018327441640519915	0
743	1760.757724761963	0.3084157918031463	0.0	1
744	1763.0735325813293	0.30852725220289723	0.00011146039975090671	0
745	1765.3635065555573	0.3087143560994879	0.00018710389659065685	0
746	1767.7009756565094	0.3087143560994879	0.0	1
747	1770.037210226059	0.3087143560994879	0.0	2
748	1772.395362854004	0.30882964597942425	0.00011528987993636441	0
749	1774.721451997757	0.30884095420914837	1.130822972411627e-05	0
750	1777.0553016662598	0.30942429667316385	0.0005833424640154794	0
751	1779.3959357738495	0.30963987388125114	0.00021557720808729197	0
752	1781.7430381774902	0.30963987388125114	0.0	1
753	1784.0774352550507	0.310162440242088	0.0005225663608368625	0
754	1786.3955640792847	0.310162440242088	0.0	1
755	1788.7166690826416	0.31019620724678215	3.3767004694151836e-05	0
756	1791.0474832057953	0.31020839400431355	1.2186757531396086e-05	0
757	1793.377848625183	0.3103611226846512	0.00015272868033766596	0
758	1795.7291040420532	0.31051560842060344	0.0001544857359522256	0
759	1798.066430091858	0.31072341403654963	0.0002078056159461883	0
760	1800.4136850833893	0.3111046725785431	0.00038125854199344555	0
761	1802.75870347023	0.3111046725785431	0.0	1
762	1805.134187221527	0.3111046725785431	0.0	2
763	1807.4676098823547	0.3112892084707741	0.0001845358922310525	0
764	1809.8121304512024	0.3112892084707741	0.0	1
765	1812.1495401859283	0.3112892084707741	0.0	2
766	1815.4618954658508	0.3114737218366511	0.00018451336587699263	0
767	1818.8731997013092	0.3114737218366511	0.0	1
768	1822.2697386741638	0.3114737218366511	0.0	2
769	1824.5884659290314	0.3114737218366511	0.0	3
770	1826.95752286911	0.31165825772888217	0.0001845358922310525	0
771	1829.3611738681793	0.31165825772888217	0.0	1
772	1831.712413072586	0.31165825772888217	0.0	2
773	1834.0832707881927	0.3116769320763748	1.8674347492642074e-05	0
774	1836.4278523921967	0.3117105864492988	3.365437292396356e-05	0
775	1838.7724931240082	0.31205379797933197	0.00034321153003319393	0
776	1841.132250070572	0.3122305397530679	0.00017674177373594446	0
777	1843.478106021881	0.3122305397530679	0.0	1
778	1845.8285105228424	0.3122305397530679	0.0	2
779	1848.1571197509766	0.3123964012978063	0.00016586154473841042	0
780	1850.501487493515	0.3123964012978063	0.0	1
781	1852.8279061317444	0.3123964012978063	0.0	2
782	1855.2098143100739	0.31256163210463184	0.0001652308068255115	0
783	1857.5616450309753	0.31256163210463184	0.0	1
784	1859.8828945159912	0.31265984700821187	9.821490358002949e-05	0
785	1862.2627022266388	0.3127461679968629	8.6320988651023e-05	0
786	1864.5787885189056	0.31309154205688317	0.00034537406002027593	0
787	1866.9069266319275	0.31338210949754336	0.00029056744066019435	0
788	1869.2834086418152	0.31338210949754336	0.0	1
789	1871.595446586609	0.31338210949754336	0.0	2
790	1873.9588596820831	0.3134102674400835	2.8157942540130154e-05	0
791	1876.3264486789703	0.3134102674400835	0.0	1
792	1878.6956195831299	0.3141446716342383	0.0007344041941548252	0
793	1881.0576756000519	0.3141446716342383	0.0	1
794	1883.4237394332886	0.3141446716342383	0.0	2
795	1885.7736995220184	0.3141446716342383	0.0	3
796	1888.1110203266144	0.31432920752646937	0.0001845358922310525	0
797	1890.4533123970032	0.31432920752646937	0.0	1
798	1892.7992117404938	0.3143869200454996	5.7712519030250764e-05	0
799	1895.1280875205994	0.3143869200454996	0.0	1
800	1897.513861656189	0.31451748279346975	0.000130562747970131	0
801	1899.8620011806488	0.31451748279346975	0.0	1
802	1902.2326238155365	0.31475736593755765	0.00023988314408790457	0
803	1904.59157204628	0.31475736593755765	0.0	1
804	1906.919623374939	0.31507109047016285	0.0003137245326051974	0
805	1909.2516479492188	0.31507109047016285	0.0	1
806	1911.6097524166107	0.31507109047016285	0.0	2
807	1913.9719471931458	0.31507109047016285	0.0	3
808	1917.335406780243	0.31507109047016285	0.0	4
809	1920.655790567398	0.31507109047016285	0.0	5
810	1924.0483906269073	0.3151221351883996	5.1044718236747944e-05	0
811	1926.3488128185272	0.3154912069728617	0.000369071784462105	0
812	1928.705576658249	0.31564454386475826	0.00015333689189656052	0
813	1931.0465307235718	0.31564922934639694	4.685481638677658e-06	0
814	1933.3541584014893	0.31567364791416774	2.441856777080087e-05	0
815	1935.7200400829315	0.31602787483132266	0.0003542269171549206	0
816	1938.1035614013672	0.31602787483132266	0.0	1
817	1940.4658906459808	0.3162124107235537	0.0001845358922310525	0
818	1942.7951571941376	0.31659632737532295	0.00038391665176923384	0
819	1945.1695115566254	0.31659632737532295	0.0	1
820	1947.5184576511383	0.31659632737532295	0.0	2
821	1949.883974313736	0.3166873788983207	9.105152299776487e-05	0
822	1952.196125984192	0.316780863267554	9.348436923328762e-05	0
823	1954.5371401309967	0.316780863267554	0.0	1
824	1956.8715074062347	0.316780863267554	0.0	2
825	1959.262995481491	0.316780863267554	0.0	3
826	1961.5995454788208	0.31714842578629593	0.00036756251874192625	0
827	1963.9722924232483	0.31714842578629593	0.0	1
828	1966.3173143863678	0.31715570179864827	7.276012352341876e-06	0
829	1968.6834964752197	0.31741040728368936	0.0002547054850410846	0
830	1971.0632684230804	0.31741040728368936	0.0	1
831	1973.3950309753418	0.31741040728368936	0.0	2
832	1975.7302432060242	0.3175859326343075	0.00017552535061815533	0
833	1978.0760023593903	0.31777046852653856	0.0001845358922310525	0
834	1980.4281187057495	0.31777046852653856	0.0	1
835	1982.8761224746704	0.31802931886072155	0.00025885033418299175	0
836	1985.2222771644592	0.31802931886072155	0.0	1
837	1987.583255290985	0.31802931886072155	0.0	2
838	1989.9405336380005	0.3182459998601564	0.00021668099943483732	0
839	1992.3402273654938	0.318296954472977	5.095461282061953e-05	0
840	1994.6783075332642	0.318296954472977	0.0	1
841	1997.0164141654968	0.3184776608850226	0.0001807064120455948	0
842	1999.3683898448944	0.3186287000888079	0.0001510392037852859	0
843	2001.7687211036682	0.3186287000888079	0.0	1
844	2004.1190493106842	0.31868359681358416	5.4896724776265504e-05	0
845	2006.5077993869781	0.31883970444702664	0.00015610763344248157	0
846	2008.8799464702606	0.31883970444702664	0.0	1
847	2011.2063474655151	0.31917832060083734	0.0003386161538107002	0
848	2013.5307312011719	0.31917832060083734	0.0	1
849	2015.903490304947	0.31921580445394676	3.748385310942126e-05	0
850	2019.1994075775146	0.3192595506334771	4.374617953034621e-05	0
851	2022.590889930725	0.3195473923852994	0.000287841751822282	0
852	2026.0369334220886	0.31974611988057067	0.0001987274952712781	0
853	2028.3814480304718	0.31974611988057067	0.0	1
854	2030.7421524524689	0.31974611988057067	0.0	2
855	2033.091937303543	0.3197904967980139	4.437691744324512e-05	0
856	2035.4456675052643	0.3197904967980139	0.0	1
857	2037.798722743988	0.3199725773176555	0.0001820805196415809	0
858	2040.1507711410522	0.3199725773176555	0.0	1
859	2042.4553725719452	0.3199725773176555	0.0	2
860	2044.814793586731	0.3202829003708018	0.0003103230531463219	0
861	2047.1573412418365	0.32047829396567634	0.00019539359487452668	0
862	2049.5033733844757	0.32066282985790734	0.00018453589223099698	0
863	2051.879644870758	0.32066282985790734	0.0	1
864	2054.2462747097015	0.32066282985790734	0.0	2
865	2056.6072940826416	0.32066282985790734	0.0	3
866	2058.9258465766907	0.3206911905376338	2.8360679726446847e-05	0
867	2061.25572514534	0.3208720321078036	0.0001808415701697874	0
868	2063.576150894165	0.3208720321078036	0.0	1
869	2065.940182209015	0.3210565680000346	0.0001845358922310525	0
870	2068.252305984497	0.3211864099046757	0.00012984190464104817	0
871	2070.6343746185303	0.3211864099046757	0.0	1
872	2072.964419364929	0.3211864099046757	0.0	2
873	2075.3281829357147	0.3211864099046757	0.0	3
874	2077.636069536209	0.321577399831611	0.00039098992693531454	0
875	2079.9820654392242	0.32159217711985605	1.4777288245060305e-05	0
876	2083.1984193325043	0.32159217711985605	0.0	1
877	2085.5290207862854	0.32176193572384204	0.00016975860398599218	0
878	2087.899846792221	0.32176193572384204	0.0	1
879	2090.231652736664	0.32176193572384204	0.0	2
880	2092.5785915851593	0.32176193572384204	0.0	3
881	2094.9282472133636	0.32176193572384204	0.0	4
882	2097.26162648201	0.3220437629391378	0.00028182721529573795	0
883	2099.660309076309	0.3220437629391378	0.0	1
884	2102.0091032981873	0.3220437629391378	0.0	2
885	2104.3750648498535	0.3221310075083041	8.724456916631151e-05	0
886	2106.708470106125	0.3221310075083041	0.0	1
887	2109.0329160690308	0.3221310075083041	0.0	2
888	2111.3807015419006	0.32231554340053514	0.0001845358922310525	0
889	2113.7337334156036	0.32231554340053514	0.0	1
890	2116.069319963455	0.32231554340053514	0.0	2
891	2118.391798019409	0.32248503168827275	0.00016948828773760694	0
892	2121.6852521896362	0.32248503168827275	0.0	1
893	2125.014446735382	0.3225000792927662	1.5047604493445554e-05	0
894	2128.3777906894684	0.32261705864925494	0.00011697935648874447	0
895	2130.698489665985	0.32261705864925494	0.0	1
896	2133.0184836387634	0.3226695675805038	5.250893124886247e-05	0
897	2135.4005768299103	0.32268461518499725	1.5047604493445554e-05	0
898	2137.709494113922	0.32268461518499725	0.0	1
899	2140.073329925537	0.32268461518499725	0.0	2
900	2142.3978939056396	0.32268461518499725	0.0	3
901	2144.7276339530945	0.32286915107722824	0.00018453589223099698	0
902	2147.0780234336853	0.32286915107722824	0.0	1
903	2149.4519679546356	0.3228945608045765	2.5409727348268962e-05	0
904	2151.7897415161133	0.3228945608045765	0.0	1
905	2154.127758741379	0.323230271058717	0.0003357102541404755	0
906	2156.4629068374634	0.323230271058717	0.0	1
907	2158.800379514694	0.323230271058717	0.0	2
908	2161.1406574249268	0.3234001197681191	0.0001698487094021206	0
909	2163.496113538742	0.3234001197681191	0.0	1
910	2165.822660923004	0.3234001197681191	0.0	2
911	2168.2337901592255	0.3234001197681191	0.0	3
912	2170.566009759903	0.3234001197681191	0.0	4
913	2172.903650999069	0.32394798322453405	0.0005478634564149432	0
914	2175.241847753525	0.32394798322453405	0.0	1
915	2177.618893146515	0.32394798322453405	0.0	2
916	2179.9830780029297	0.3240630928936381	0.00011510966910405207	0
917	2182.3945937156677	0.32410891149773946	4.58186041013553e-05	0
918	2184.7492504119873	0.32454110212619947	0.0004321906284600052	0
919	2187.130170106888	0.32454110212619947	0.0	1
920	2189.463765144348	0.32454110212619947	0.0	2
921	2191.8299610614777	0.32454110212619947	0.0	3
922	2194.124913930893	0.32454110212619947	0.0	4
923	2196.5042538642883	0.32471099588830965	0.0001698937621101848	0
924	2198.8494203090668	0.32471099588830965	0.0	1
925	2201.197126150131	0.32471099588830965	0.0	2
926	2203.5282883644104	0.32485002854539585	0.00013903265708620216	0
927	2205.8927795886993	0.32485002854539585	0.0	1
928	2208.2074675559998	0.32485002854539585	0.0	2
929	2210.527848482132	0.32485002854539585	0.0	3
930	2212.914246559143	0.32485002854539585	0.0	4
931	2215.3060154914856	0.32485002854539585	0.0	5
932	2217.6272048950195	0.32503456443762685	0.00018453589223099698	0
933	2219.956313610077	0.32503456443762685	0.0	1
934	2223.3282313346863	0.3251586170692817	0.00012405263165482516	0
935	2226.6473672389984	0.3252191003298579	6.048326057622733e-05	0
936	2229.978257894516	0.3252191003298579	0.0	1
937	2232.291336297989	0.3253431529615127	0.00012405263165482516	0
938	2234.632234096527	0.32540363622208895	6.048326057622733e-05	0
939	2236.9768409729004	0.3256420551531648	0.00023841893107584555	0
940	2239.315191268921	0.3256420551531648	0.0	1
941	2241.695315361023	0.3256917708165137	4.9715663348881556e-05	0
942	2244.0362293720245	0.3256917708165137	0.0	1
943	2246.3976554870605	0.3256917708165137	0.0	2
944	2248.745009660721	0.3257475010163891	5.57301998754256e-05	0
945	2251.0877401828766	0.3258027806891839	5.527967279478352e-05	0
946	2253.4073350429535	0.3258314116851587	2.8630995974832096e-05	0
947	2255.7552518844604	0.3258923004201075	6.088873494874969e-05	0
948	2258.1091179847717	0.32611740627595037	0.00022510585584289977	0
949	2260.4242255687714	0.32620048346962077	8.307719367040001e-05	0
950	2262.7389438152313	0.32620048346962077	0.0	1
951	2265.092878818512	0.3263509144618472	0.00015043099222644685	0
952	2267.4195182323456	0.32657802516319895	0.00022711070135172928	0
953	2269.767437696457	0.32657802516319895	0.0	1
954	2272.104738473892	0.32660976479603016	3.1739632831206954e-05	0
955	2274.4566826820374	0.32660976479603016	0.0	1
956	2276.824224472046	0.32664664043758074	3.6875641550582205e-05	0
957	2279.1614756584167	0.32664664043758074	0.0	1
958	2281.513363838196	0.3267696568569501	0.00012301641936934837	0
959	2283.8522877693176	0.3267696568569501	0.0	1
960	2286.1681985855103	0.32686899807823167	9.934122128157918e-05	0
961	2288.531695127487	0.32686899807823167	0.0	1
962	2290.8775203227997	0.3271221267184905	0.0002531286402588373	0
963	2293.204321861267	0.3271221267184905	0.0	1
964	2295.5236966609955	0.3272930341665321	0.00017090744804160174	0
965	2297.9139914512634	0.32741050910280955	0.00011747493627745076	0
966	2300.2493267059326	0.32741050910280955	0.0	1
967	2302.635433912277	0.32741050910280955	0.0	2
968	2304.9624965190887	0.32741050910280955	0.0	3
969	2307.3333191871643	0.3276105656529687	0.00020005655015914448	0
970	2309.651129722595	0.3276665436427385	5.59779897698065e-05	0
971	2311.997522830963	0.32767454049841993	7.99685568142472e-06	0
972	2314.31103849411	0.3278632437661469	0.000188703267726964	0
973	2316.637942790985	0.3278632437661469	0.0	1
974	2319.0074627399445	0.32792613734660453	6.289358045763471e-05	0
975	2321.371396303177	0.32792613734660453	0.0	1
976	2324.6875116825104	0.32792613734660453	0.0	2
977	2328.004184484482	0.32794242390056977	1.6286553965239037e-05	0
978	2331.384957075119	0.3279592510870317	1.6827186461954025e-05	0
979	2333.6835584640503	0.32807235591062694	0.00011310482359522256	0
980	2336.0251450538635	0.328109569447488	3.721353686103601e-05	0
981	2338.377952814102	0.328109569447488	0.0	1
982	2340.6999006271362	0.32829520913106663	0.00018563968357865335	0
983	2343.0536329746246	0.3284310430458802	0.00013583391481358786	0
984	2345.389637708664	0.3284310430458802	0.0	1
985	2347.701436519623	0.3284310430458802	0.0	2
986	2350.110762834549	0.3286642809155287	0.0002332378696484616	0
987	2352.4637739658356	0.3286642809155287	0.0	1
988	2354.775988817215	0.3286672318679069	2.9509523782333957e-06	0
989	2357.13884973526	0.3290553384215261	0.0003881065536192052	0
990	2359.493024110794	0.3290553384215261	0.0	1
991	2361.853035211563	0.32922081701824596	0.0001654785967198369	0
992	2364.1934645175934	0.3292398743137572	1.90572955112156e-05	0
993	2366.5194051265717	0.32942441020598817	0.00018453589223099698	0
994	2368.855551958084	0.32942441020598817	0.0	1
995	2371.1828396320343	0.32942441020598817	0.0	2
996	2373.518894672394	0.32942441020598817	0.0	3
997	2375.8397204875946	0.3297739741678585	0.0003495639618703028	0
998	2378.2059977054596	0.3297739741678585	0.0	1
999	2380.6027150154114	0.3297739741678585	0.0	2
1000	2382.942228078842	0.3297739741678585	0.0	3
1001	2385.3120169639587	0.3297739741678585	0.0	4
1002	2387.631144762039	0.3297739741678585	0.0	5
1003	2389.9761579036713	0.3299957010705965	0.00022172690273802864	0
1004	2392.280107021332	0.3299957010705965	0.0	1
1005	2394.64604640007	0.3302589215174617	0.00026322044686521995	0
1006	2396.945509672165	0.3303275818445516	6.866032708985337e-05	0
1007	2399.308486223221	0.33039182700625114	6.424516169956096e-05	0
1008	2401.634834766388	0.3305763628984822	0.0001845358922310525	0
1009	2403.970833301544	0.3306662205247163	8.98576262340911e-05	0
1010	2406.2928891181946	0.3306662205247163	0.0	1
1011	2408.6361157894135	0.3306662205247163	0.0	2
1012	2410.9398498535156	0.3306662205247163	0.0	3
1013	2413.2838332653046	0.330858235166486	0.00019201464176971106	0
1014	2415.6118607521057	0.330858235166486	0.0	1
1015	2417.965367078781	0.3309454346829443	8.719951645830282e-05	0
1016	2420.2641167640686	0.3309454346829443	0.0	1
1017	2422.5886964797974	0.33110579979729887	0.000160365114354577	0
1018	2425.9207639694214	0.3312352812802754	0.0001294814829765345	0
1019	2429.2177629470825	0.3312352812802754	0.0	1
1020	2432.5680265426636	0.3312352812802754	0.0	2
1021	2434.8413984775543	0.33135349958623594	0.00011821830596053795	0
1022	2437.156327486038	0.33135349958623594	0.0	1
1023	2439.4904787540436	0.33135349958623594	0.0	2
1024	2441.806320667267	0.33135349958623594	0.0	3
1025	2444.1407883167267	0.3313682092954189	1.4709709182936237e-05	0
1026	2446.5068695545197	0.33152035229055177	0.00015214299513288676	0
1027	2448.798977613449	0.33160606506764395	8.571277709218394e-05	0
1028	2451.1541998386383	0.33160606506764395	0.0	1
1029	2453.4871520996094	0.331790600959875	0.0001845358922310525	0
1030	2455.8460898399353	0.331790600959875	0.0	1
1031	2458.19225358963	0.331790600959875	0.0	2
1032	2460.5707683563232	0.331790600959875	0.0	3
1033	2462.893449783325	0.331865681297864	7.508033798897529e-05	0
1034	2465.239344596863	0.3319510561796457	8.537488178173014e-05	0
1035	2467.549873828888	0.3319510561796457	0.0	1
1036	2469.9167079925537	0.3319510561796457	0.0	2
1037	2472.2412660121918	0.3320146255507243	6.356937107859784e-05	0
1038	2474.5747833251953	0.33216935907657086	0.00015473352584655098	0
1039	2476.90337061882	0.3325189230384411	0.0003495639618702473	0
1040	2479.2721025943756	0.3325189230384411	0.0	1
1041	2481.5874996185303	0.3325189230384411	0.0	2
1042	2483.91658616066	0.3325189230384411	0.0	3
1043	2486.22860455513	0.3325189230384411	0.0	4
1044	2488.5758447647095	0.33281919933768916	0.000300276299248059	0
1045	2490.885771751404	0.33281919933768916	0.0	1
1046	2493.2108421325684	0.33281919933768916	0.0	2
1047	2495.5507860183716	0.3330559287922126	0.00023672945452341	0
1048	2497.883660554886	0.3330559287922126	0.0	1
1049	2500.196842432022	0.3330559287922126	0.0	2
1050	2502.5084035396576	0.3332404646844436	0.0001845358922310525	0
1051	2504.8302280902863	0.3332404646844436	0.0	1
1052	2507.1708981990814	0.3332404646844436	0.0	2
1053	2509.5132801532745	0.3332404646844436	0.0	3
1054	2511.8258600234985	0.33355833406619073	0.00031786938174710455	0
1055	2514.1641669273376	0.33359737223772834	3.903817153760869e-05	0
1056	2516.4769361019135	0.33359737223772834	0.0	1
1057	2518.787492752075	0.33359899413521865	1.6218974903114969e-06	0
1058	2521.1175487041473	0.3337819081299594	0.000182913994740741	0
1059	2523.477416753769	0.3337819081299594	0.0	1
1060	2526.811472415924	0.33396644402219045	0.0001845358922310525	0
1061	2530.149160861969	0.33396644402219045	0.0	1
1062	2533.5334706306458	0.33396644402219045	0.0	2
1063	2535.8583886623383	0.33431188566127285	0.0003454416390824	0
1064	2538.1836268901825	0.33431188566127285	0.0	1
1065	2540.5343379974365	0.33431188566127285	0.0	2
1066	2542.8207461833954	0.3344429439890316	0.0001310583277587818	0
1067	2546.1950557231903	0.3346274798812627	0.0001845358922310525	0
1068	2548.5276181697845	0.3346274798812627	0.0	1
1069	2550.888354063034	0.3346274798812627	0.0	2
1070	2553.2112131118774	0.33468289471218166	5.5414830918976143e-05	0
1071	2555.617833852768	0.3351810875579558	0.0004981928457741258	0
1072	2557.9607186317444	0.3351810875579558	0.0	1
1073	2560.3017008304596	0.3351810875579558	0.0	2
1074	2562.6651079654694	0.3351810875579558	0.0	3
1075	2565.0028278827667	0.3351810875579558	0.0	4
1076	2567.330664873123	0.33520742086581934	2.6333307863557476e-05	0
1077	2569.6588792800903	0.33520742086581934	0.0	1
1078	2571.9994747638702	0.3353897041226472	0.00018228325682784208	0
1079	2574.3374938964844	0.3353897041226472	0.0	1
1080	2576.6931705474854	0.3353897041226472	0.0	2
1081	2579.0047602653503	0.3353897041226472	0.0	3
1082	2581.3183314800262	0.3354210382811058	3.133415845862908e-05	0
1083	2583.64799952507	0.3354210382811058	0.0	1
1084	2585.9847841262817	0.33556971221771775	0.00014867393661194273	0
1085	2588.304805278778	0.33556971221771775	0.0	1
1086	2590.653810739517	0.33556971221771775	0.0	2
1087	2592.9935767650604	0.33556971221771775	0.0	3
1088	2595.314869403839	0.33556971221771775	0.0	4
1089	2597.6283526420593	0.33557424001487823	4.527797160480684e-06	0
1090	2600.00190448761	0.33557649265028144	2.2526354032104123e-06	0
1091	2602.3225605487823	0.33564639192684304	6.989927656159134e-05	0
1092	2604.71440577507	0.33564639192684304	0.0	1
1093	2607.0936136245728	0.3357083619267854	6.19699999423462e-05	0
1094	2609.4468138217926	0.33599455925476335	0.00028619732797796615	0
1095	2611.770980834961	0.33599455925476335	0.0	1
1096	2614.0808527469635	0.33599455925476335	0.0	2
1097	2616.4407777786255	0.33599455925476335	0.0	3
1098	2618.7728881835938	0.33599455925476335	0.0	4
1099	2621.1107552051544	0.33606189052696533	6.733127220198698e-05	0
1100	2623.4414505958557	0.33617679745888307	0.00011490693191773538	0
1101	2625.7609248161316	0.33617679745888307	0.0	1
1102	2629.0911028385162	0.33635937355831336	0.0001825760994302872	0
1103	2632.440263748169	0.33635937355831336	0.0	1
1104	2635.796539068222	0.33654390945054435	0.00018453589223099698	0
1105	2638.0847115516663	0.33654390945054435	0.0	1
1106	2640.435535430908	0.3365672692796757	2.335982913131973e-05	0
1107	2642.7902228832245	0.3366224363207003	5.5167041024650754e-05	0
1108	2645.1359639167786	0.33662955464857447	7.118327874144903e-06	0
1109	2647.4641580581665	0.33662955464857447	0.0	1
1110	2649.796771287918	0.33702599595318555	0.00039644130461108373	0
1111	2652.1286177635193	0.33702599595318555	0.0	1
1112	2654.4634318351746	0.33702599595318555	0.0	2
1113	2656.838550567627	0.33702599595318555	0.0	3
1114	2659.1670639514923	0.33702599595318555	0.0	4
1115	2661.525161743164	0.33720881984251017	0.00018282388932461258	0
1116	2663.835550546646	0.33743714696697963	0.0002283271244694629	0
1117	2666.1829965114594	0.3375778916269722	0.00014074465999258656	0
1118	2668.52498793602	0.3375778916269722	0.0	1
1119	2670.8426728248596	0.3375778916269722	0.0	2
1120	2673.173315525055	0.3375778916269722	0.0	3
1121	2675.4815306663513	0.3376228542296203	4.496260264807983e-05	0
1122	2677.817035675049	0.33765085448768223	2.800025806193318e-05	0
1123	2680.1695923805237	0.3378024117976103	0.00015155730992805205	0
1124	2682.5487678050995	0.3378299615285915	2.7549730981235587e-05	0
1125	2684.876182794571	0.33791143935112566	8.147782253414837e-05	0
1126	2687.216759443283	0.33791143935112566	0.0	1
1127	2689.549571990967	0.33791143935112566	0.0	2
1128	2691.861374616623	0.3381299900379452	0.00021855068681952972	0
1129	2694.1571962833405	0.3381299900379452	0.0	1
1130	2696.5096266269684	0.3381299900379452	0.0	2
1131	2698.8379878997803	0.3382494247670234	0.00011943472907821606	0
1132	2701.219627380371	0.3382754652322846	2.6040465261167878e-05	0
1133	2703.5652844905853	0.33828184019047564	6.374958191057711e-06	0
1134	2705.924495458603	0.33833306511954464	5.1224929069004776e-05	0
1135	2708.271192073822	0.3384600011245156	0.0001269360049709345	0
1136	2710.6444606781006	0.3384656101866696	5.609062154021682e-06	0
1137	2712.9990878105164	0.33849588560648874	3.0275419819147942e-05	0
1138	2715.3588151931763	0.33849588560648874	0.0	1
1139	2717.696743965149	0.33849588560648874	0.0	2
1140	2720.0553364753723	0.33864537049184584	0.00014948488535709847	0
1141	2722.3716361522675	0.3387869936796457	0.00014162318779986638	0
1142	2724.7217180728912	0.3387869936796457	0.0	1
1143	2727.064637184143	0.3387869936796457	0.0	2
1144	2730.3832869529724	0.33909860073497183	0.0003116070553261241	0
1145	2733.732109308243	0.33909860073497183	0.0	1
1146	2737.078943490982	0.33909860073497183	0.0	2
1147	2739.3977887630463	0.33909860073497183	0.0	3
1148	2741.748857975006	0.33919190489337286	9.330415840103079e-05	0
1149	2744.0747785568237	0.33919190489337286	0.0	1
1150	2746.416745185852	0.33919190489337286	0.0	2
1151	2748.7773118019104	0.3393764407856039	0.0001845358922310525	0
1152	2751.139735221863	0.3395158113380006	0.00013937055239665597	0
1153	2753.457235813141	0.3395158113380006	0.0	1
1154	2755.8591997623444	0.3395158113380006	0.0	2
1155	2758.154188632965	0.3395609766778349	4.516533983434101e-05	0
1156	2760.5056800842285	0.33970034723023157	0.00013937055239665597	0
1157	2762.8292903900146	0.3397260948528903	2.574762265872277e-05	0
1158	2765.2354776859283	0.3397260948528903	0.0	1
1159	2767.5558598041534	0.3397260948528903	0.0	2
1160	2769.9421079158783	0.33978450568889557	5.841083600527375e-05	0
1161	2772.3107380867004	0.3399222543438019	0.00013774865490634447	0
1162	2774.698058128357	0.3399222543438019	0.0	1
1163	2777.005518436432	0.3399222543438019	0.0	2
1164	2779.361017227173	0.3399222543438019	0.0	3
1165	2781.7187185287476	0.34012573489977393	0.0002034805559720243	0
1166	2784.1137087345123	0.3403179297523759	0.0001921948526019679	0
1167	2786.46613240242	0.34050246564460696	0.0001845358922310525	0
1168	2788.8123383522034	0.34050246564460696	0.0	1
1169	2791.1667070388794	0.34050246564460696	0.0	2
1170	2793.545168399811	0.34050246564460696	0.0	3
1171	2795.921445131302	0.34050246564460696	0.0	4
1172	2798.2787203788757	0.34050246564460696	0.0	5
1173	2800.6463487148285	0.34068700153683795	0.00018453589223099698	0
1174	2803.0032646656036	0.34068700153683795	0.0	1
1175	2805.348552465439	0.34068700153683795	0.0	2
1176	2807.7109937667847	0.3408595308823699	0.00017252934553196875	0
1177	2810.075278043747	0.3408595308823699	0.0	1
1178	2812.426414489746	0.3408595308823699	0.0	2
1179	2814.811548948288	0.3408595308823699	0.0	3
1180	2817.140943288803	0.3408595308823699	0.0	4
1181	2819.517366886139	0.3410440667746009	0.00018453589223099698	0
1182	2821.869057893753	0.3410440667746009	0.0	1
1183	2824.2538685798645	0.3410440667746009	0.0	2
1184	2826.579421520233	0.34107900514970474	3.493837510382125e-05	0
1185	2828.9640164375305	0.34107900514970474	0.0	1
1186	2832.266704559326	0.34107900514970474	0.0	2
1187	2835.596752643585	0.34122860266683197	0.00014959751712723124	0
1188	2838.946268558502	0.3412635410419358	3.493837510382125e-05	0
1189	2841.24565243721	0.3412635410419358	0.0	1
1190	2843.6068575382233	0.3413614405765593	9.789953462352452e-05	0
1191	2846.0183651447296	0.3413614405765593	0.0	1
1192	2848.354662656784	0.3413614405765593	0.0	2
1193	2850.687932252884	0.3413614405765593	0.0	3
1194	2853.0176813602448	0.3413614405765593	0.0	4
1195	2855.3627185821533	0.3413614405765593	0.0	5
1196	2857.702157974243	0.34144807693416684	8.663635760752797e-05	0
1197	2860.0496418476105	0.34155654132883145	0.00010846439466460911	0
1198	2862.346880197525	0.34155654132883145	0.0	1
1199	2864.724530696869	0.34160362140875855	4.708007992709762e-05	0
1200	2867.0597789287567	0.34176155367687766	0.00015793226811910976	0
1201	2869.43848323822	0.34191119624671296	0.00014964256983529545	0
1202	2871.7696855068207	0.34191119624671296	0.0	1
1203	2874.1526577472687	0.34191119624671296	0.0	2
1204	2876.5077221393585	0.34191119624671296	0.0	3
1205	2878.843752145767	0.34191119624671296	0.0	4
1206	2881.1727709770203	0.342095732138944	0.0001845358922310525	0
1207	2883.5655930042267	0.342095732138944	0.0	1
1208	2885.9154369831085	0.342095732138944	0.0	2
1209	2888.2638261318207	0.3421530617099557	5.732957101167724e-05	0
1210	2890.5877249240875	0.3421804312301047	2.7369520149034265e-05	0
1211	2892.937041282654	0.3421804312301047	0.0	1
1212	2895.278109550476	0.3422565928330873	7.61616029825718e-05	0
1213	2897.6200816631317	0.3423649671223358	0.00010837428924848069	0
1214	2900.017973423004	0.3423649671223358	0.0	1
1215	2902.3830106258392	0.3423649671223358	0.0	2
1216	2904.7073459625244	0.3423649671223358	0.0	3
1217	2907.087212562561	0.3423649671223358	0.0	4
1218	2909.433184146881	0.3423649671223358	0.0	5
1219	2911.7587349414825	0.34244112872531834	7.61616029825718e-05	0
1220	2914.0962069034576	0.34244112872531834	0.0	1
1221	2916.433531999588	0.3425495030145668	0.00010837428924848069	0
1222	2918.7572128772736	0.3425495030145668	0.0	1
1223	2921.112087249756	0.3425495030145668	0.0	2
1224	2923.4451949596405	0.3427340389067978	0.00018453589223099698	0
1225	2925.7927107810974	0.3427340389067978	0.0	1
1226	2928.126130580902	0.3427617463222573	2.7707415459488072e-05	0
1227	2930.485901117325	0.34308468413366167	0.00032293781140435573	0
1228	2933.826043367386	0.34325676295211294	0.00017207881845127115	0
1229	2937.1438722610474	0.34325676295211294	0.0	1
1230	2940.5441727638245	0.34325676295211294	0.0	2
1231	2942.863932132721	0.34359197762646476	0.0003352146743518247	0
1232	2945.2084617614746	0.34359197762646476	0.0	1
1233	2947.606479883194	0.34359197762646476	0.0	2
1234	2949.9320588111877	0.34359197762646476	0.0	3
1235	2952.308463573456	0.34359197762646476	0.0	4
1236	2954.626590013504	0.34359197762646476	0.0	5
1237	2956.969390630722	0.34363829181035477	4.631418389000608e-05	0
1238	2959.3279366493225	0.34363829181035477	0.0	1
1239	2961.701159477234	0.34363829181035477	0.0	2
1240	2964.059597015381	0.34363829181035477	0.0	3
1241	2966.4181513786316	0.34363829181035477	0.0	4
1242	2968.8095183372498	0.3437765135186958	0.0001382217083410464	0
1243	2971.1707997322083	0.3437765135186958	0.0	1
1244	2973.525682449341	0.3437765135186958	0.0	2
1245	2975.8903243541718	0.3438228277025858	4.631418389000608e-05	0
1246	2978.2138719558716	0.3438228277025858	0.0	1
1247	2980.624064683914	0.3438228277025858	0.0	2
1248	2982.971177339554	0.34398929745888307	0.00016646975629724947	0
1249	2985.324869632721	0.34417944241326814	0.00019014495438507417	0
1250	2987.689149618149	0.34417944241326814	0.0	1
1251	2990.0741999149323	0.3443301211953889	0.00015067878212077224	0
1252	2992.4281640052795	0.3443301211953889	0.0	1
1253	2994.8162653446198	0.3443301211953889	0.0	2
1254	2997.1802966594696	0.3443639783054992	3.385711011028025e-05	0
1255	2999.5178611278534	0.3443639783054992	0.0	1
1256	3001.9149465560913	0.3443639783054992	0.0	2
1257	3004.2567365169525	0.3443639783054992	0.0	3
1258	3006.677343606949	0.3443639783054992	0.0	4
1259	3009.0241043567657	0.34452812784733117	0.0001641495418319705	0
1260	3011.369214773178	0.34452812784733117	0.0	1
1261	3013.6905121803284	0.3445485141977302	2.0386350399026476e-05	0
1262	3016.0666246414185	0.34456097127151	1.2457073779781336e-05	0
1263	3018.398712158203	0.344699215506205	0.00013824423469505076	0
1264	3020.7407445907593	0.344699215506205	0.0	1
1265	3023.110232114792	0.3449095440738028	0.00021032856759778396	0
1266	3025.4368357658386	0.3449095440738028	0.0	1
1267	3027.776151418686	0.3449095440738028	0.0	2
1268	3030.147603750229	0.3449095440738028	0.0	3
1269	3032.517868041992	0.3449095440738028	0.0	4
1270	3035.835765361786	0.3449095440738028	0.0	5
1271	3039.1828932762146	0.344930043055972	2.0498982169214752e-05	0
1272	3042.5194952487946	0.34494975361575014	1.9710559778118864e-05	0
1273	3044.8427698612213	0.34494975361575014	0.0	1
1274	3047.1853754520416	0.34508173552402427	0.00013198190827412581	0
1275	3049.5442979335785	0.3452786158582649	0.00019688033424064555	0
1276	3051.904445886612	0.34529911484043413	2.0498982169214752e-05	0
1277	3054.25789642334	0.3454836507326652	0.0001845358922310525	0
1278	3056.6253559589386	0.3454836507326652	0.0	1
1279	3058.9841759204865	0.3454836507326652	0.0	2
1280	3061.3524894714355	0.3454836507326652	0.0	3
1281	3063.7315771579742	0.3454836507326652	0.0	4
1282	3066.055808067322	0.3456681866248962	0.00018453589223099698	0
1283	3068.406611919403	0.3456681866248962	0.0	1
1284	3070.7474727630615	0.3456681866248962	0.0	2
1285	3073.1170868873596	0.3456681866248962	0.0	3
1286	3075.4778850078583	0.3456681866248962	0.0	4
1287	3077.842178583145	0.34588439457089637	0.0002162079460001909	0
1288	3080.2223615646362	0.34604424157910824	0.00015984700821186637	0
1289	3082.608336210251	0.34604424157910824	0.0	1
1290	3084.9795365333557	0.34604424157910824	0.0	2
1291	3087.3314270973206	0.34604424157910824	0.0	3
1292	3089.694752931595	0.3462287774713393	0.0001845358922310525	0
1293	3092.0726997852325	0.3462287774713393	0.0	1
1294	3094.410136461258	0.3462287774713393	0.0	2
1295	3096.82887840271	0.3462287774713393	0.0	3
1296	3099.183658838272	0.34624531181519885	1.6534343859564427e-05	0
1297	3101.562814950943	0.34624531181519885	0.0	1
1298	3103.9315416812897	0.34624531181519885	0.0	2
1299	3106.290203332901	0.34624531181519885	0.0	3
1300	3108.6042788028717	0.34624531181519885	0.0	4
1301	3110.9791440963745	0.3463146028802016	6.929106500275228e-05	0
1302	3113.354259967804	0.34639279185504707	7.818897484546117e-05	0
1303	3115.716683626175	0.34642984770742985	3.705585238278353e-05	0
1304	3118.0619592666626	0.34642984770742985	0.0	1
1305	3120.424082994461	0.34642984770742985	0.0	2
1306	3122.756885290146	0.34642984770742985	0.0	3
1307	3125.1092376708984	0.34642984770742985	0.0	4
1308	3127.4531564712524	0.34642984770742985	0.0	5
1309	3129.814623594284	0.34642984770742985	0.0	6
1310	3132.1637394428253	0.34659784925580134	0.00016800154837148806	0
1311	3134.534394264221	0.34659784925580134	0.0	1
1312	3137.8879539966583	0.34659784925580134	0.0	2
1313	3141.278022289276	0.3467823851480324	0.0001845358922310525	0
1314	3144.641359806061	0.3467823851480324	0.0	1
1315	3146.97234249115	0.3467823851480324	0.0	2
1316	3149.319112300873	0.3467823851480324	0.0	3
1317	3151.701334953308	0.3467823851480324	0.0	4
1318	3154.013689994812	0.3467823851480324	0.0	5
1319	3156.3649110794067	0.3468079976125669	2.5612464534530144e-05	0
1320	3158.6961710453033	0.3468079976125669	0.0	1
1321	3161.026334285736	0.3469925335047979	0.00018453589223099698	0
1322	3163.3709094524384	0.3469925335047979	0.0	1
1323	3165.7248075008392	0.3469925335047979	0.0	2
1324	3168.0675415992737	0.3469925335047979	0.0	3
1325	3170.4146733283997	0.34703024262144766	3.77091166497423e-05	0
1326	3172.760217189789	0.34714866366459446	0.00011842104314679913	0
1327	3175.099027633667	0.34714866366459446	0.0	1
1328	3177.4381246566772	0.34714866366459446	0.0	2
1329	3179.821788549423	0.34715145693249444	2.7932678999809113e-06	0
1330	3182.161775112152	0.3472178420978271	6.638516533263861e-05	0
1331	3184.4828770160675	0.3472178420978271	0.0	1
1332	3186.893734931946	0.34752052871695654	0.00030268661912946637	0
1333	3189.2326567173004	0.34752052871695654	0.0	1
1334	3191.59237909317	0.3478665785675978	0.00034604985064123905	0
1335	3193.9740312099457	0.3478665785675978	0.0	1
1336	3196.318778514862	0.3478665785675978	0.0	2
1337	3198.694783449173	0.3478665785675978	0.0	3
1338	3201.0678231716156	0.3478665785675978	0.0	4
1339	3203.49116897583	0.3478665785675978	0.0	5
1340	3205.81800031662	0.3478665785675978	0.0	6
1341	3208.173184156418	0.3478665785675978	0.0	7
1342	3210.567638397217	0.3478665785675978	0.0	8
1343	3212.9245715141296	0.3478665785675978	0.0	9
1344	3215.3048765659332	0.3479129603305499	4.6381762952130146e-05	0
1345	3217.6777715682983	0.3479129603305499	0.0	1
1346	3220.001289367676	0.3479358696326006	2.290930205067765e-05	0
1347	3222.3551654815674	0.34805111445982884	0.0001152448272282447	0
1348	3224.7270743846893	0.3481156299377768	6.451547794794621e-05	0
1349	3227.092786550522	0.34846273852705756	0.0003471085892807757	0
1350	3229.4856526851654	0.34846273852705756	0.0	1
1351	3231.844578266144	0.34846273852705756	0.0	2
1352	3234.1706354618073	0.34846273852705756	0.0	3
1353	3236.5264806747437	0.34846273852705756	0.0	4
1354	3239.901180744171	0.34846273852705756	0.0	5
1355	3243.2376844882965	0.34846273852705756	0.0	6
1356	3246.5985074043274	0.34846273852705756	0.0	7
1357	3248.9421582221985	0.34846273852705756	0.0	8
1358	3251.326010942459	0.34846273852705756	0.0	9
1359	3253.6454360485077	0.34883181031151966	0.000369071784462105	0
1360	3256.003285884857	0.34883181031151966	0.0	1
1361	3258.3821601867676	0.3488815935539306	4.978324241095011e-05	0
1362	3260.725393295288	0.3488815935539306	0.0	1
1363	3263.0598266124725	0.3488815935539306	0.0	2
1364	3265.429265022278	0.34897000949350665	8.841593957603644e-05	0
1365	3267.745136976242	0.34897000949350665	0.0	1
1366	3270.0808160305023	0.34897000949350665	0.0	2
1367	3272.4443295001984	0.34906612944616167	9.611995265501605e-05	0
1368	3274.803301334381	0.3491545453857377	8.841593957603644e-05	0
1369	3277.127314567566	0.3492506653383927	9.611995265501605e-05	0
1370	3279.4843320846558	0.3492506653383927	0.0	1
1371	3281.85964012146	0.3492506653383927	0.0	2
1372	3284.1681051254272	0.3492506653383927	0.0	3
1373	3286.5102219581604	0.3492506653383927	0.0	4
1374	3288.8698060512543	0.3492506653383927	0.0	5
1375	3291.1776854991913	0.3492506653383927	0.0	6
1376	3293.5559005737305	0.3492506653383927	0.0	7
1377	3295.9345433712006	0.3494352012306237	0.00018453589223099698	0
1378	3298.3319442272186	0.3494352012306237	0.0	1
1379	3300.7280626296997	0.3494352012306237	0.0	2
1380	3303.104978084564	0.3494352012306237	0.0	3
1381	3305.4790394306183	0.3494352012306237	0.0	4
1382	3307.840032339096	0.3494352012306237	0.0	5
1383	3310.191744327545	0.3494352012306237	0.0	6
1384	3312.523425579071	0.3494352012306237	0.0	7
1385	3314.8874793052673	0.3494352012306237	0.0	8
1386	3317.206106185913	0.3494352012306237	0.0	9
1387	3319.570935487747	0.3494352012306237	0.0	10
1388	3321.9111773967743	0.34943794944581563	2.748215191916703e-06	0
1389	3324.323610305786	0.34961973712285477	0.0001817876770391358	0
1390	3326.6956396102905	0.34961973712285477	0.0	1
1391	3329.0204286575317	0.34961973712285477	0.0	2
1392	3331.367833852768	0.34961973712285477	0.0	3
1393	3333.6747267246246	0.34961973712285477	0.0	4
1394	3336.036365509033	0.34980702123027774	0.0001872841074229692	0
1395	3338.3557550907135	0.34980702123027774	0.0	1
1396	3341.694968223572	0.34980702123027774	0.0	2
1397	3345.0229222774506	0.34980702123027774	0.0	3
1398	3348.414319038391	0.34980702123027774	0.0	4
1399	3350.7639575004578	0.3499915571225088	0.0001845358922310525	0
1400	3353.0947337150574	0.3500111550505167	1.9597928007930587e-05	0
1401	3355.462429046631	0.3500111550505167	0.0	1
1402	3357.7443594932556	0.3500111550505167	0.0	2
1403	3360.114024877548	0.35001167315665943	5.181061427106393e-07	3
1404	3362.468909263611	0.35001167315665943	0.0	4
1405	3364.7717401981354	0.3501760930147398	0.00016441985808035575	0
1406	3367.1485028266907	0.3501956909427477	1.9597928007930587e-05	0
1407	3369.5021636486053	0.3501956909427477	0.0	1
1408	3371.804123401642	0.35036704891787	0.00017135797512229933	0
1409	3374.1846272945404	0.35036704891787	0.0	1
1410	3376.5416305065155	0.35036704891787	0.0	2
1411	3378.846006155014	0.35036704891787	0.0	3
1412	3381.1562719345093	0.35036704891787	0.0	4
1413	3383.4826459884644	0.35036704891787	0.0	5
1414	3385.8265388011932	0.35036704891787	0.0	6
1415	3388.1461601257324	0.35038022683497877	1.3177917108753157e-05	0
1416	3390.4833986759186	0.35038022683497877	0.0	1
1417	3392.847172021866	0.350551584810101	0.00017135797512224382	0
1418	3395.1958923339844	0.350551584810101	0.0	1
1419	3397.5237245559692	0.350551584810101	0.0	2
1420	3399.8519937992096	0.350551584810101	0.0	3
1421	3402.1902647018433	0.350551584810101	0.0	4
1422	3404.534289121628	0.35073612070233207	0.0001845358922310525	0
1423	3406.8682794570923	0.35073612070233207	0.0	1
1424	3409.212700843811	0.35073612070233207	0.0	2
1425	3411.540271282196	0.35073612070233207	0.0	3
1426	3413.8426311016083	0.35073612070233207	0.0	4
1427	3416.177988052368	0.35073612070233207	0.0	5
1428	3418.567316532135	0.35073612070233207	0.0	6
1429	3420.8743262290955	0.35073612070233207	0.0	7
1430	3423.2254550457	0.35073612070233207	0.0	8
1431	3425.5641708374023	0.35073612070233207	0.0	9
1432	3427.953344345093	0.3507492986194409	1.3177917108808668e-05	0
1433	3430.2887699604034	0.35077223044784556	2.2931828404681998e-05	0
1434	3432.6217153072357	0.35077223044784556	0.0	1
1435	3434.9775516986847	0.35077223044784556	0.0	2
1436	3437.309691429138	0.3509206565945631	0.00014842614671756182	0
1437	3439.7034208774567	0.3509206565945631	0.0	1
1438	3443.0405859947205	0.35093383451167187	1.3177917108753157e-05	0
1439	3446.4061279296875	0.35093383451167187	0.0	1
1440	3449.762267112732	0.35110519248679417	0.00017135797512229933	0
1441	3452.0751674175262	0.3511183704039029	1.3177917108753157e-05	0
1442	3454.393622636795	0.3511183704039029	0.0	1
1443	3456.730965614319	0.3511183704039029	0.0	2
1444	3459.0343403816223	0.3511183704039029	0.0	3
1445	3461.3569967746735	0.3511183704039029	0.0	4
1446	3463.707325220108	0.3511183704039029	0.0	5
1447	3466.058747291565	0.3511183704039029	0.0	6
1448	3468.379667043686	0.35114524434426325	2.6873940360327975e-05	0
1449	3470.7583723068237	0.35128972837902517	0.00014448403476191585	0
1450	3473.0756130218506	0.35128972837902517	0.0	1
1451	3475.4084327220917	0.35128972837902517	0.0	2
1452	3477.7197387218475	0.35128972837902517	0.0	3
1453	3480.048002243042	0.3514742642712562	0.0001845358922310525	0
1454	3482.3552827835083	0.3514742642712562	0.0	1
1455	3484.7532012462616	0.3514742642712562	0.0	2
1456	3487.11354470253	0.3514742642712562	0.0	3
1457	3489.4779727458954	0.3514742642712562	0.0	4
1458	3491.8320500850677	0.3516588001634873	0.0001845358922310525	0
1459	3494.264899492264	0.3516588001634873	0.0	1
1460	3496.5939269065857	0.3516588001634873	0.0	2
1461	3498.959261894226	0.35186834030869396	0.00020954014520668807	0
1462	3501.2359685897827	0.35186834030869396	0.0	1
1463	3503.6071588993073	0.35186834030869396	0.0	2
1464	3505.9495384693146	0.35186834030869396	0.0	3
1465	3508.316903591156	0.35186834030869396	0.0	4
1466	3510.6348679065704	0.35186834030869396	0.0	5
1467	3513.0095484256744	0.352052876200925	0.0001845358922310525	0
1468	3515.335206270218	0.352052876200925	0.0	1
1469	3517.672963619232	0.352052876200925	0.0	2
1470	3519.9809930324554	0.352237412093156	0.00018453589223099698	0
1471	3522.3186814785004	0.352237412093156	0.0	1
1472	3524.6347119808197	0.352237412093156	0.0	2
1473	3526.983005285263	0.352237412093156	0.0	3
1474	3529.2733907699585	0.352237412093156	0.0	4
1475	3531.624181509018	0.35242194798538706	0.0001845358922310525	0
1476	3533.923057794571	0.35242194798538706	0.0	1
1477	3536.299236059189	0.35242194798538706	0.0	2
1478	3538.642469882965	0.35242194798538706	0.0	3
1479	3541.0147264003754	0.3525913011150005	0.0001693531296134143	0
1480	3544.3761281967163	0.3525913011150005	0.0	1
1481	3547.665729045868	0.3526059207187673	1.461960376680782e-05	0
1482	3551.0384941101074	0.35279045661099834	0.0001845358922310525	0
1483	3553.3518006801605	0.35279045661099834	0.0	1
1484	3555.667090177536	0.35279101976984917	5.631588508303587e-07	2
1485	3558.0293259620667	0.3529603728994625	0.0001693531296133588	0
1486	3560.3429296016693	0.3531449087916936	0.0001845358922310525	0
1487	3562.66929936409	0.3531449087916936	0.0	1
1488	3564.9861249923706	0.35315952839546044	1.4619603766863332e-05	0
1489	3567.3371477127075	0.35315952839546044	0.0	1
1490	3569.6866884231567	0.35315952839546044	0.0	2
1491	3572.044055700302	0.35315952839546044	0.0	3
1492	3574.3570685386658	0.3533294897366327	0.00016996134117225337	0
1493	3576.657334089279	0.3533294897366327	0.0	1
1494	3578.9541482925415	0.3533294897366327	0.0	2
1495	3581.2781398296356	0.3533503491404664	2.0859403833728418e-05	0
1496	3583.6038842201233	0.3533503491404664	0.0	1
1497	3585.908122777939	0.3533503491404664	0.0	2
1498	3588.207637310028	0.3533503491404664	0.0	3
1499	3590.5410850048065	0.3533503941931745	4.505270806420825e-08	4
1500	3592.8667764663696	0.3533503941931745	0.0	5
1501	3595.189190864563	0.35353493008540554	0.0001845358922310525	0
1502	3597.518151283264	0.35353493008540554	0.0	1
1503	3599.829773902893	0.35353493008540554	0.0	2
1504	3602.1473360061646	0.35371946597763654	0.00018453589223099698	0
