1	2.1954152584075928	0.11580014266846092	10000000000.1158	0
2	3.6813251972198486	0.11580014266846092	0.0	1
3	5.159559965133667	0.11580014266846092	0.0	2
4	6.972567081451416	0.12174145760908842	0.005941314940627496	0
5	8.762800931930542	0.12174145760908842	0.0	1
6	10.448649168014526	0.13216959878778534	0.01042814117869692	0
7	12.241192102432251	0.14524861994352448	0.01307902115573914	0
8	13.922383308410645	0.1508894924912156	0.005640872547691134	0
9	15.605468034744263	0.15467474297093053	0.0037852504797149245	0
10	17.294143199920654	0.15903284294943681	0.00435809997850628	0
11	18.881247997283936	0.16236939498682343	0.003336552037386614	0
12	20.560505151748657	0.16758311878551135	0.005213723798687925	0
13	22.251344919204712	0.16984974254261365	0.002266623757102293	0
14	23.925703048706055	0.16984974254261365	0.0	1
15	25.623510122299194	0.16984974254261365	0.0	2
16	27.3112211227417	0.16984974254261365	0.0	3
17	28.99942708015442	0.17165711812045206	0.001807375577838416	0
18	30.784900188446045	0.17165711812045206	0.0	1
19	32.715474128723145	0.17165711812045206	0.0	2
20	34.716614961624146	0.17265297921650719	0.0009958610960551229	0
21	36.61412000656128	0.17354757743969298	0.0008945982231857996	0
22	38.71044611930847	0.17375692948580168	0.00020935204610869618	0
23	40.70759296417236	0.17375692948580168	0.0	1
