0	0.788860559463501	0.013622913852704737
1	1.2885725498199463	0.01723813938936066
2	1.7593114376068115	0.01723813938936066
3	2.2300524711608887	0.01723813938936066
4	2.688807725906372	0.019331758786555978
5	3.175478458404541	0.025809753287088875
6	3.637289524078369	0.025809753287088875
7	4.093024015426636	0.025809753287088875
8	4.560818195343018	0.02590943430782252
0	0.8068435192108154	0.013622913852704737
1	1.2725975513458252	0.01723813938936066
2	1.7453324794769287	0.01723813938936066
3	2.218069314956665	0.01723813938936066
4	2.6858177185058594	0.019331758786555978
5	3.1635403633117676	0.025809753287088875
6	3.633283853530884	0.025809753287088875
7	4.102030515670776	0.025809753287088875
8	4.572772026062012	0.02590943430782252
9	5.0514914989471436	0.02590943430782252
10	5.521235227584839	0.026913398655403115
11	6.0043652057647705	0.02840066492169231
12	6.4701666831970215	0.02840066492169231
13	6.936921119689941	0.02840066492169231
14	7.402152061462402	0.029440240989598798
15	7.872893333435059	0.030665506742061702
16	8.346673965454102	0.031747371727855085
17	8.81044316291809	0.032120658867699936
18	9.279189586639404	0.03655304620111971
19	9.751925706863403	0.0378482635470798
20	10.22166919708252	0.0378482635470798
21	10.691413402557373	0.0378482635470798
22	11.158164978027344	0.0378482635470798
23	11.624917030334473	0.039149045224340956
24	12.094660758972168	0.039149045224340956
25	12.564404487609863	0.03923966433409899
26	13.041587829589844	0.04321800223336351
27	13.5073823928833	0.04376823510857732
28	13.974140405654907	0.04398572097199617
29	14.441845655441284	0.051336838544091046
30	14.911938428878784	0.051626183771738964
31	15.376656532287598	0.05185384441239379
32	15.846400260925293	0.05185384441239379
33	16.338085412979126	0.05459022356529252
34	16.80084800720215	0.05459022356529252
35	17.272587537765503	0.06611665636470485
36	17.7413330078125	0.06611665636470485
37	18.206090211868286	0.06611665636470485
38	18.68082094192505	0.06611665636470485
39	19.152559280395508	0.06611665636470485
40	19.61931347846985	0.06611665636470485
41	20.089054822921753	0.07077575045341375
42	20.568771839141846	0.07077575045341375
43	21.040512084960938	0.07077575045341375
44	21.51125168800354	0.07077575045341375
45	21.98398780822754	0.08293874275365118
46	22.465779781341553	0.08293874275365118
47	22.93153667449951	0.08293874275365118
48	23.408301830291748	0.08293874275365118
49	23.87815284729004	0.08293874275365118
50	24.348936557769775	0.08293874275365118
51	24.820684671401978	0.08366973690569778
52	25.28742814064026	0.08657209211225855
53	25.7521812915802	0.08762311480455545
54	26.219892263412476	0.09127856250747225
55	26.68464946746826	0.0933095434323088
56	27.147718906402588	0.09355230725792316
57	27.621451139450073	0.09526023900551742
58	28.09318971633911	0.0960573692095981
59	28.56492805480957	0.09756498503035918
60	29.03167986869812	0.0979395440173583
61	29.49843192100525	0.0979395440173583
62	29.970170497894287	0.10093347221904281
63	30.439914226531982	0.10093347221904281
64	30.90766477584839	0.10671147384191988
65	31.377446174621582	0.10671147384191988
66	31.842631101608276	0.10755232379193627
67	32.30938482284546	0.10755232379193627
68	32.77513909339905	0.10755232379193627
69	33.239896059036255	0.10833180711674817
70	33.71066212654114	0.10833180711674817
71	34.18439435958862	0.10833180711674817
72	34.65314078330994	0.10833180711674817
73	35.12288451194763	0.10849142393463748
74	35.59562039375305	0.11052892307614076
75	36.06536507606506	0.11525924060550133
76	36.53510808944702	0.11525924060550133
77	37.00285720825195	0.11525924060550133
78	37.47260117530823	0.11525924060550133
79	37.938355684280396	0.11525924060550133
80	38.40909767150879	0.11525924060550133
81	38.88083553314209	0.11645159731284162
82	39.35357117652893	0.11680564776447452
83	39.82231783866882	0.11680564776447452
84	40.296051025390625	0.12023518361657397
85	40.7667920589447	0.12023518361657397
86	41.23952770233154	0.12072770642715282
87	41.7102689743042	0.12072770642715282
88	42.17901635169983	0.12178795001131981
89	42.647762060165405	0.12234501906498901
90	43.121119260787964	0.12284358314955184
91	43.59292960166931	0.12325947716907211
92	44.06267333030701	0.12496200356625954
93	44.53540897369385	0.12780331010940457
94	45.001163721084595	0.12780331010940457
95	45.46691823005676	0.12936402554886597
96	45.93865656852722	0.12936402554886597
97	46.40472149848938	0.1317837147602954
98	46.87740993499756	0.1317837147602954
99	47.34416317939758	0.13291947426926076
0	0.8916184902191162	0.014093020357185456
1	1.416212797164917	0.015166141393791792
2	1.979706048965454	0.01980727064144321
3	2.5102884769439697	0.01980727064144321
4	3.0458555221557617	0.01980727064144321
5	3.575439691543579	0.02016116211218196
6	4.1329874992370605	0.02016116211218196
7	4.666424989700317	0.0226805323443448
8	5.195012331008911	0.023863668159815145
9	5.72260046005249	0.024968744356178078
10	6.226254463195801	0.027632628221270734
11	6.7249205112457275	0.027632628221270734
12	7.22059965133667	0.027632628221270734
13	7.698324203491211	0.02904978391316832
14	8.195991277694702	0.02904978391316832
15	8.681714296340942	0.029602878444479903
16	9.18435025215149	0.031685846121756275
17	9.715861320495605	0.034593288716935115
18	10.25342321395874	0.034593288716935115
19	10.783965349197388	0.034593288716935115
20	11.272080898284912	0.034896147320599424
21	11.76494812965393	0.036180077023063605
22	12.25819444656372	0.0364358772820116
23	12.763533353805542	0.03701202404299852
24	13.261203050613403	0.03949625949751863
25	13.752888202667236	0.040016127021918986
26	14.255628108978271	0.041324857743895854
27	14.748585224151611	0.041324857743895854
28	15.253235578536987	0.04221960221708398
29	15.743356943130493	0.04371481752808879
30	16.24397110939026	0.04371481752808879
31	16.757451057434082	0.05093572974774207
32	17.258110761642456	0.05093572974774207
33	17.753947019577026	0.05093572974774207
34	18.247867822647095	0.05489928242383564
35	18.778953075408936	0.05489928242383564
36	19.291581630706787	0.05489928242383564
37	19.764317989349365	0.05489928242383564
38	20.22773790359497	0.05489928242383564
39	20.713459253311157	0.05489928242383564
40	21.232106924057007	0.056209284992966825
41	21.726776838302612	0.056209284992966825
42	22.229387760162354	0.05746284934461733
43	22.735045909881592	0.05746284934461733
44	23.26665496826172	0.05746284934461733
45	23.748366355895996	0.05854010388447564
46	24.23506450653076	0.05854010388447564
47	24.709832429885864	0.05998667104182093
48	25.184566020965576	0.06000018441783747
49	25.64629578590393	0.06000018441783747
50	26.111086130142212	0.060917027235335125
51	26.613338708877563	0.0629607266317165
52	27.110012769699097	0.06318950013863138
53	27.60967707633972	0.06454385837727586
54	28.072438716888428	0.06454385837727586
55	28.552189350128174	0.0650967939276931
56	29.033446788787842	0.0653591124033079
57	29.50618600845337	0.0653591124033079
58	29.99006962776184	0.06567421253583457
59	30.458829641342163	0.06950008775745374
60	30.980467319488525	0.06950008775745374
61	31.480144500732422	0.06950008775745374
62	31.976770877838135	0.06950008775745374
63	32.467485189437866	0.06950008775745374
64	32.99305462837219	0.06950008775745374
65	33.484787702560425	0.06950008775745374
66	33.983404874801636	0.07116429975911229
67	34.48406648635864	0.07116429975911229
68	34.95085573196411	0.07116429975911229
69	35.41262865066528	0.07184648677660509
70	35.872398853302	0.07248352322011341
71	36.35606026649475	0.07252072474938245
72	36.84674906730652	0.07252072474938245
73	37.356385469436646	0.07347572298151488
74	37.869014501571655	0.07347572298151488
75	38.34079909324646	0.07347572298151488
76	38.826454401016235	0.07403263305429
77	39.31415104866028	0.07489144784536364
78	39.80384063720703	0.07522689753236213
79	40.298373222351074	0.07609970264213524
80	40.776097774505615	0.07609970264213524
81	41.25681233406067	0.07782114776574604
82	41.75448179244995	0.07782114776574604
83	42.23120617866516	0.07782114776574604
84	42.70892906188965	0.07890794115926317
85	43.17648434638977	0.079954353405625
86	43.65222978591919	0.08103351571621509
87	44.12899565696716	0.08103351571621509
88	44.606677770614624	0.08103351571621509
89	45.10534453392029	0.08464587959677339
90	45.581071615219116	0.08464587959677339
91	46.06182837486267	0.08464587959677339
92	46.535560607910156	0.08648099605981766
93	47.01922655105591	0.08842326564562793
94	47.50692176818848	0.09056410236843372
95	47.993664026260376	0.09056410236843372
96	48.454426288604736	0.09259842189205102
97	48.936100482940674	0.09259842189205102
98	49.403849601745605	0.0942785319831408
99	49.922462701797485	0.09487725403111978
0	0.7849400043487549	0.014093020357185456
1	1.2566256523132324	0.015166141393791792
2	1.7163963317871094	0.01980727064144321
3	2.177164077758789	0.01980727064144321
4	2.635937213897705	0.01980727064144321
5	3.1046838760375977	0.02016116211218196
6	3.5644543170928955	0.02016116211218196
7	4.025222063064575	0.0226805323443448
8	4.49528694152832	0.023863668159815145
9	4.961543798446655	0.024968744356178078
10	5.424305438995361	0.027632628221270734
11	5.8890626430511475	0.027632628221270734
12	6.3548173904418945	0.027632628221270734
13	6.820571660995483	0.02904978391316832
14	7.284331798553467	0.02904978391316832
15	7.743104696273804	0.029602878444479903
16	8.213847398757935	0.031685846121756275
17	8.679600715637207	0.034593288716935115
18	9.148346900939941	0.034593288716935115
19	9.612107515335083	0.034593288716935115
20	10.07645559310913	0.034896147320599424
21	10.54317307472229	0.036180077023063605
22	11.009998083114624	0.0364358772820116
23	11.550552129745483	0.03701202404299852
24	12.029271841049194	0.03949625949751863
25	12.496789693832397	0.040016127021918986
26	12.957597255706787	0.041324857743895854
27	13.42449688911438	0.041324857743895854
28	13.905211210250854	0.04221960221708398
29	14.373960018157959	0.04371481752808879
30	14.857665538787842	0.04371481752808879
31	15.345360279083252	0.05093572974774207
32	15.84003734588623	0.05093572974774207
33	16.31277322769165	0.05093572974774207
34	16.804458141326904	0.05489928242383564
35	17.291157007217407	0.05489928242383564
36	17.75990319252014	0.05489928242383564
37	18.22913098335266	0.05489928242383564
38	18.69488763809204	0.05489928242383564
39	19.158693313598633	0.05489928242383564
40	19.62444233894348	0.056209284992966825
41	20.091841220855713	0.056209284992966825
42	20.557642459869385	0.05746284934461733
43	21.022352933883667	0.05746284934461733
44	21.489225149154663	0.05746284934461733
45	21.953984260559082	0.05854010388447564
46	22.417407989501953	0.05854010388447564
47	22.881810903549194	0.05998667104182093
48	23.34557056427002	0.06000018441783747
49	23.809330701828003	0.06000018441783747
50	24.271095514297485	0.060917027235335125
51	24.731863260269165	0.0629607266317165
52	25.19761896133423	0.06318950013863138
53	25.66237497329712	0.06454385837727586
54	26.128129482269287	0.06454385837727586
55	26.588897466659546	0.0650967939276931
56	27.053654432296753	0.0653591124033079
57	27.51940894126892	0.0653591124033079
58	27.99214506149292	0.06567421253583457
59	28.454907417297363	0.06950008775745374
60	28.92564868927002	0.06950008775745374
61	29.389408349990845	0.06950008775745374
62	29.851173877716064	0.06950008775745374
63	30.315808534622192	0.06950008775745374
64	30.774629831314087	0.06950008775745374
65	31.237383604049683	0.06950008775745374
66	31.699111223220825	0.07116429975911229
67	32.16087627410889	0.07116429975911229
68	32.624674797058105	0.07116429975911229
69	33.08524823188782	0.07184648677660509
70	33.545018672943115	0.07248352322011341
71	34.0097758769989	0.07252072474938245
72	34.47453284263611	0.07252072474938245
73	34.93829274177551	0.07347572298151488
74	35.40875792503357	0.07347572298151488
75	35.8685302734375	0.07347572298151488
76	36.327303409576416	0.07403263305429
77	36.78707408905029	0.07489144784536364
78	37.247880697250366	0.07522689753236213
79	37.708751916885376	0.07609970264213524
80	38.17650079727173	0.07609970264213524
81	38.636271476745605	0.07782114776574604
82	39.09504461288452	0.07782114776574604
83	39.55680966377258	0.07782114776574604
84	40.01658034324646	0.07890794115926317
85	40.48333215713501	0.079954353405625
86	40.94310283660889	0.08103351571621509
87	41.406014919281006	0.08103351571621509
88	41.86482763290405	0.08103351571621509
89	42.32709193229675	0.08464587959677339
90	42.789867639541626	0.08464587959677339
91	43.25362706184387	0.08464587959677339
92	43.72137641906738	0.08648099605981766
93	44.18713092803955	0.08842326564562793
94	44.64789915084839	0.09056410236843372
95	45.10966420173645	0.09056410236843372
96	45.579407930374146	0.09259842189205102
97	46.04284715652466	0.09259842189205102
98	46.506608963012695	0.0942785319831408
99	46.96538209915161	0.09487725403111978
0	0.777923583984375	0.01689044817350014
1	1.2407329082489014	0.0170716863930159
2	1.699458122253418	0.018879140180449474
3	2.15280818939209	0.019982626567869387
4	2.6165683269500732	0.02318100419963923
5	3.073348045349121	0.02319976394516812
6	3.5311224460601807	0.023234262799233792
7	3.9849088191986084	0.02483567734763909
8	4.4436821937561035	0.025242191494395
9	4.901457786560059	0.030243571448557657
10	5.365217685699463	0.03064229553149227
11	5.823991060256958	0.032139418613228804
12	6.279772043228149	0.032139418613228804
13	6.7385454177856445	0.03397215036285802
14	7.200311183929443	0.03411650501489332
15	7.660080909729004	0.034660060692546166
16	8.112870216369629	0.0352075908925569
17	8.572640657424927	0.03621743753322704
18	9.035592794418335	0.03687720824462203
19	9.50339126586914	0.03785494074464115
20	9.96340799331665	0.03927146051296134
21	10.42517352104187	0.041530579021135515
22	10.882949113845825	0.04279845165327415
23	11.345711708068848	0.043138034843524596
24	11.806118249893188	0.043138034843524596
25	12.279853582382202	0.04884894652900194
26	12.740579843521118	0.04884894652900194
27	13.204339742660522	0.04900061430217567
28	13.662115573883057	0.04968423214771737
29	14.120888710021973	0.0532194902945342
30	14.585645914077759	0.05414189744333272
31	15.042424201965332	0.05514029745961241
32	15.504189729690552	0.0558248691905202
33	15.97493052482605	0.0573666659035583
34	16.433703899383545	0.061326244057294074
35	16.893474578857422	0.061724968140228695
36	17.358231782913208	0.06179603259998623
37	17.81700563430786	0.06563844183461408
38	18.278911590576172	0.06563844183461408
39	18.741716384887695	0.06659296312406351
40	19.201516151428223	0.0673888214809897
41	19.668269634246826	0.06968243884322953
42	20.128863096237183	0.07132741415667622
43	20.58863592147827	0.07340481750265186
44	21.04744601249695	0.07340481750265186
45	21.50763702392578	0.07605948047587467
46	21.96740746498108	0.07646710748889071
47	22.426180839538574	0.07655120838198164
48	22.882959604263306	0.07967772664952248
49	23.342729806900024	0.08071380513775404
50	23.802500247955322	0.08361838607683511
51	24.267333030700684	0.08520517438296364
52	24.734124422073364	0.08520517438296364
53	25.195890188217163	0.08520517438296364
54	25.655622243881226	0.08899464297978549
55	26.12636375427246	0.08899464297978549
56	26.58515691757202	0.0920745798452928
57	27.04690170288086	0.0920745798452928
58	27.50268316268921	0.09248236583920304
59	27.965445518493652	0.09265915259367814
60	28.423503637313843	0.09288681323433298
61	28.887263298034668	0.09500205403315463
62	29.346038818359375	0.09786529993971456
63	29.814783096313477	0.10061582839220705
64	30.271607637405396	0.10061582839220705
65	30.732330083847046	0.10358829417315937
66	31.198084115982056	0.10358829417315937
67	31.662841320037842	0.10442198998293195
68	32.13557696342468	0.10631688326223711
69	32.59634733200073	0.1068768139720042
70	33.05511808395386	0.1099750336403572
71	33.51588582992554	0.10998870599726795
72	33.98766875267029	0.11250632743959359
73	34.4503870010376	0.1133327101282275
74	34.91913342475891	0.1163209150177167
75	35.38089871406555	0.1163209150177167
76	35.84565448760986	0.119074305126307
77	36.30746030807495	0.119074305126307
78	36.77417302131653	0.12193055587351756
79	37.245912075042725	0.12310526570158907
80	37.7114098072052	0.12585531721139895
81	38.17979145050049	0.12585531721139895
82	38.64957928657532	0.12793701304152105
83	39.11433291435242	0.1313582818871164
84	39.579052209854126	0.1313582818871164
85	40.04983878135681	0.1313582818871164
86	40.51559281349182	0.13513980143922333
87	40.98035144805908	0.13786950339456136
88	41.472017765045166	0.14108234828771374
89	41.95469832420349	0.14108234828771374
90	42.44874143600464	0.1414605638352821
91	42.92553687095642	0.14393955292028984
92	43.411237955093384	0.1452826235154377
93	43.89029264450073	0.1452826235154377
94	44.371007442474365	0.1452826235154377
95	44.84573769569397	0.14693920443416902
96	45.32645225524902	0.14792313718906697
97	45.800185441970825	0.14991755250821134
98	46.28289461135864	0.15010149340293055
99	46.75363540649414	0.15401814671520225
0	0.7988927364349365	0.015355010696234482
1	1.275592565536499	0.015355010696234482
2	1.7453365325927734	0.015355010696234482
3	2.22304105758667	0.015355010696234482
4	2.7097384929656982	0.015355010696234482
5	3.1794815063476562	0.015355010696234482
6	3.653778314590454	0.015572337578759
7	4.126516342163086	0.019590579682495984
8	4.606248617172241	0.019590579682495984
9	5.081954002380371	0.019994232173154262
10	5.555687665939331	0.019994232173154262
11	6.0224621295928955	0.019994232173154262
12	6.49517560005188	0.025048711746017114
13	6.962936639785767	0.025048711746017114
14	7.442664384841919	0.02619464603221838
15	7.911407232284546	0.02619464603221838
16	8.388125896453857	0.026495437884256748
17	8.855882167816162	0.028947718179020032
18	9.329617977142334	0.032122725619325776
19	9.79536247253418	0.032122725619325776
20	10.267110109329224	0.032122725619325776
21	10.743833065032959	0.03658436543729914
22	11.219515562057495	0.03658436543729914
23	11.692292928695679	0.03658436543729914
24	12.164016485214233	0.04099052092315735
25	12.637749195098877	0.04237095202846882
26	13.111504793167114	0.04237095202846882
27	13.582245826721191	0.04314041955693914
28	14.05293893814087	0.04509922315575793
29	14.523681163787842	0.04509922315575793
30	14.992471694946289	0.04727455873262979
31	15.466205596923828	0.04727455873262979
32	15.933974742889404	0.04727455873262979
33	16.40587043762207	0.04727455873262979
34	16.873659372329712	0.04727455873262979
35	17.34336543083191	0.049400769213158904
36	17.820128202438354	0.049400769213158904
37	18.28888463973999	0.05300677385794483
38	18.76560401916504	0.05300677385794483
39	19.234309196472168	0.05300677385794483
40	19.711033821105957	0.05300677385794483
41	20.1818208694458	0.05300677385794483
42	20.65750288963318	0.05300677385794483
43	21.12425470352173	0.05300677385794483
44	21.593998670578003	0.05300677385794483
45	22.05679965019226	0.05300677385794483
46	22.537521362304688	0.05300677385794483
47	23.004265546798706	0.05300677385794483
48	23.47899556159973	0.05300677385794483
49	23.946749925613403	0.05375859450714646
50	24.41249918937683	0.05375859450714646
51	24.880210638046265	0.05375859450714646
52	25.348957061767578	0.055904995561253445
53	25.81702160835266	0.055904995561253445
54	26.281778573989868	0.055904995561253445
55	26.752519845962524	0.055904995561253445
56	27.22326111793518	0.055904995561253445
57	27.695997714996338	0.05749273775274778
58	28.163816928863525	0.05749273775274778
59	28.643574237823486	0.05749273775274778
60	29.111323356628418	0.05749273775274778
61	29.5830237865448	0.05749273775274778
62	30.05190944671631	0.05966521167352182
63	30.51965880393982	0.05966521167352182
64	30.98541283607483	0.05966521167352182
65	31.457151412963867	0.05966521167352182
66	31.92589783668518	0.05966521167352182
67	32.39364695549011	0.05966521167352182
68	32.869375705718994	0.05966521167352182
69	33.33911871910095	0.06058189551012512
70	33.806867837905884	0.06058189551012512
71	34.27162528038025	0.06058189551012512
72	34.73586630821228	0.06058189551012512
73	35.21558380126953	0.06058189551012512
74	35.701284885406494	0.06058189551012512
75	36.169757604599	0.06148999437843554
76	36.63950324058533	0.06185676330161345
77	37.11024451255798	0.06185676330161345
78	37.577993392944336	0.06185676330161345
79	38.05460166931152	0.06185676330161345
80	38.52035641670227	0.06262018955609981
81	38.9851131439209	0.06262018955609981
82	39.45186495780945	0.0628270236995998
83	39.917619705200195	0.0628270236995998
84	40.384371519088745	0.0628270236995998
85	40.856109857559204	0.06383480358864406
86	41.32687973976135	0.06409791696873064
87	41.80161094665527	0.06409791696873064
88	42.27052879333496	0.06409791696873064
89	42.7383086681366	0.06414322652360929
90	43.20603036880493	0.06529059163785936
91	43.671799182891846	0.06529059163785936
92	44.14256286621094	0.06698818962732353
93	44.613303661346436	0.06698818962732353
94	45.083009481430054	0.06706656720821932
95	45.551186323165894	0.06801584212815664
96	46.02683711051941	0.06925048775338394
97	46.495238304138184	0.06925048775338394
98	46.96002435684204	0.06925048775338394
99	47.424073457717896	0.06925048775338394
0	0.7978663444519043	0.01997022605811314
1	1.2814691066741943	0.01997022605811314
2	1.7441701889038086	0.01997022605811314
3	2.2079310417175293	0.01997022605811314
4	2.6672632694244385	0.025342190476917274
5	3.140989065170288	0.025342190476917274
6	3.60941481590271	0.025342190476917274
7	4.079159259796143	0.02575506385944561
8	4.581815719604492	0.02575506385944561
9	5.075494289398193	0.030167260619287845
10	5.540290594100952	0.030167260619287845
11	6.008039236068726	0.030933230568083225
12	6.484726190567017	0.03531379012995727
13	6.995360851287842	0.03531379012995727
14	7.496065139770508	0.03531379012995727
15	8.058685064315796	0.038433631199936924
16	8.6221764087677	0.038433631199936924
17	9.147946119308472	0.038433631199936924
18	9.67191481590271	0.04203486641789335
19	10.198508262634277	0.04203486641789335
20	10.721785068511963	0.04284376120815303
21	11.233921766281128	0.04284376120815303
22	11.77347993850708	0.04416346161183749
23	12.300185918807983	0.046214951072040086
24	12.791523456573486	0.046910333503760906
25	13.288267612457275	0.04908407927168963
26	13.779792785644531	0.051710602626618904
27	14.265098333358765	0.051710602626618904
28	14.754923582077026	0.051710602626618904
29	15.242666244506836	0.05263730225956376
30	15.749848365783691	0.05263730225956376
31	16.27847170829773	0.05364619501486798
32	16.79808211326599	0.058202905407639824
33	17.3048357963562	0.058202905407639824
34	17.852680921554565	0.058202905407639824
35	18.36036467552185	0.058202905407639824
36	18.87000823020935	0.05922165497839126
37	19.360570192337036	0.059911950021494284
38	19.85522770881653	0.06144691055607707
39	20.347235918045044	0.06266963261423089
40	20.83692693710327	0.06507390067891211
41	21.33909034729004	0.06507390067891211
42	21.833366632461548	0.0654028321492435
43	22.323056936264038	0.06806449028181596
44	22.829803466796875	0.0700798910790097
45	23.322840452194214	0.0700798910790097
46	23.82350206375122	0.0700798910790097
47	24.337414026260376	0.0700798910790097
48	24.84065532684326	0.07300752424776588
49	25.3592689037323	0.07300752424776588
50	25.878002405166626	0.0734469474396444
51	26.39911675453186	0.07643674213807672
52	26.98960781097412	0.07643674213807672
53	27.50814652442932	0.08145513304793094
54	28.05245065689087	0.08145513304793094
55	28.546677827835083	0.08145513304793094
56	29.098350286483765	0.08187579649428035
57	29.664833784103394	0.08513283807605128
58	30.220784664154053	0.08513283807605128
59	30.790413856506348	0.08562838152362215
60	31.329970121383667	0.08775427404236259
61	31.876248121261597	0.09265231641522233
62	32.45825242996216	0.09375341808922759
63	32.9981210231781	0.09375341808922759
64	33.56566095352173	0.09536087391161673
65	34.10175132751465	0.09536087391161673
66	34.6238272190094	0.09536087391161673
67	35.13762664794922	0.09614576258683523
68	35.652761936187744	0.09614576258683523
69	36.17500042915344	0.09715401941856246
70	36.69528388977051	0.09798739726654594
71	37.19395089149475	0.10005891831943191
72	37.67763686180115	0.10025764443732207
73	38.16556477546692	0.10336683378738282
74	38.65074038505554	0.10336683378738282
75	39.13855338096619	0.10489559406708733
76	39.62131381034851	0.10624104937565032
77	40.10242676734924	0.11125435289688626
78	40.58406925201416	0.11125435289688626
79	41.08250141143799	0.11125435289688626
80	41.573312759399414	0.11125435289688626
81	42.05687665939331	0.11473126505549086
82	42.53962516784668	0.11473126505549086
83	43.02363300323486	0.11473126505549086
84	43.50668406486511	0.11473126505549086
85	43.99649214744568	0.11702567732220232
86	44.481658697128296	0.11702567732220232
87	44.97330665588379	0.11777686204782659
88	45.525681257247925	0.11779514485067258
89	46.043128967285156	0.1202224651450289
90	46.55574870109558	0.1202224651450289
91	47.081377029418945	0.12112515866293264
92	47.62103867530823	0.12237331766417674
93	48.107664346694946	0.12237331766417674
94	48.598363637924194	0.12451399540608822
95	49.08566331863403	0.12712748232768398
96	49.57010531425476	0.12712748232768398
97	50.07435441017151	0.12712748232768398
98	50.575016498565674	0.12712748232768398
99	51.0706901550293	0.12915750936715448
