0	0.34514474868774414	0.010596871510369331
1	0.5555145740509033	0.010596871510369331
2	0.7699553966522217	0.010596871510369331
3	0.9833707809448242	0.010971907440051446
4	1.1911630630493164	0.011003385657125235
5	1.398636817932129	0.011490344136403019
6	1.6080501079559326	0.011490344136403019
7	1.8125035762786865	0.01294486033846394
8	2.017953872680664	0.013311788242536135
9	2.2263965606689453	0.013311788242536135
10	2.43084979057312	0.015115267507611963
11	2.642284393310547	0.015115267507611963
12	2.8518855571746826	0.015115267507611963
13	3.060328245162964	0.015115267507611963
14	3.2657785415649414	0.015115267507611963
15	3.475245952606201	0.015115267507611963
16	3.6836612224578857	0.015115267507611963
17	3.8891117572784424	0.015846261659658734
18	4.100546836853027	0.01624371389543887
19	4.306082487106323	0.01624371389543887
20	4.510537385940552	0.01681032180276702
21	4.729422569274902	0.017265643084076708
22	4.934873104095459	0.018904100180856618
23	5.144181489944458	0.018904100180856618
24	5.3506786823272705	0.018904100180856618
25	5.558114290237427	0.018904100180856618
26	5.764033794403076	0.018904100180856618
27	5.975467920303345	0.01953604923574704
28	6.188897371292114	0.020268474215842647
29	6.3973870277404785	0.0210850000890293
30	6.612764120101929	0.022505176417918753
31	6.82120680809021	0.023161926492321853
32	7.031792402267456	0.023161926492321853
33	7.241232633590698	0.023309142800454763
34	7.447673320770264	0.023980837078923144
35	7.655078887939453	0.024093872494779008
36	7.866245985031128	0.024329005237466526
37	8.078677892684937	0.024676219510644016
38	8.287120342254639	0.024973354802113233
39	8.496560335159302	0.025468262326106633
40	8.706997632980347	0.025468262326106633
41	8.915440082550049	0.025635033284239963
42	9.13062858581543	0.027076989995650207
43	9.335083484649658	0.027076989995650207
44	9.537690877914429	0.027076989995650207
45	9.749125242233276	0.027422773440778925
46	9.957567691802979	0.027745345675338057
47	10.163018465042114	0.028200825937542064
48	10.371460676193237	0.02844358976315655
49	10.579121828079224	0.028479837407059696
50	10.790538311004639	0.028479837407059696
51	10.994990587234497	0.030854217063610107
52	11.204450130462646	0.030854217063610107
53	11.40789008140564	0.031469314143703415
54	11.620291948318481	0.03156390777581907
55	11.82778286933899	0.03156390777581907
56	12.037202835083008	0.032081867529487725
57	12.246662616729736	0.032081867529487725
58	12.455085515975952	0.0324087322481933
59	12.664499998092651	0.03283829862462441
60	12.877420663833618	0.03283829862462441
61	13.090850591659546	0.03308964741853182
62	13.29705548286438	0.03367898959374655
63	13.503529787063599	0.034143054824243395
64	13.713940382003784	0.034143054824243395
65	13.918393850326538	0.034143054824243395
66	14.129496574401855	0.034143054824243395
67	14.329999923706055	0.03415211673521918
68	14.53445315361023	0.0347039394193763
69	14.743945360183716	0.03481379521734593
70	14.951400518417358	0.03542952822101648
71	15.159512758255005	0.03558135497508447
72	15.365863561630249	0.03558135497508447
73	15.570318937301636	0.037089924681211466
74	15.776766777038574	0.037089924681211466
75	15.981220006942749	0.037256059715767585
76	16.189709186553955	0.03741742532349428
77	16.394163846969604	0.03788880367512949
78	16.602559566497803	0.03788880367512949
79	16.80798363685608	0.038623772349534125
80	17.013433933258057	0.038623772349534125
81	17.223822355270386	0.03871900190522701
82	17.427789449691772	0.03871900190522701
83	17.64022159576416	0.03871900190522701
84	17.844674825668335	0.03916510229466661
85	18.057106971740723	0.039628054658903296
86	18.26355481147766	0.039927097721104234
87	18.469947814941406	0.04071230435811144
88	18.67843747138977	0.04071230435811144
89	18.883888244628906	0.041061426402020686
90	19.095278024673462	0.04122454079958485
91	19.3007390499115	0.041856966797158196
92	19.510926246643066	0.041856966797158196
93	19.71836519241333	0.042064913806918354
94	19.923585891723633	0.04240560986342901
95	20.13302445411682	0.04240560986342901
96	20.338474988937378	0.04240560986342901
97	20.541938066482544	0.042665384644734884
98	20.749430894851685	0.042665384644734884
99	20.960431575775146	0.04404597473094074
0	0.343127965927124	0.01149225190713476
1	0.554558515548706	0.01149225190713476
2	0.7659966945648193	0.01149225190713476
3	0.9774651527404785	0.01149225190713476
4	1.1879041194915771	0.01149225190713476
5	1.3963470458984375	0.011738036369741172
6	1.608825445175171	0.012251385677474792
7	1.817258596420288	0.012660284537645389
8	2.027658224105835	0.012660284537645389
9	2.237144708633423	0.012660284537645389
10	2.4455406665802	0.012681428996588888
11	2.655978202819824	0.013207973718550375
12	2.8644206523895264	0.015606518471036194
13	3.0745928287506104	0.015606518471036194
14	3.2840323448181152	0.018080579148320224
15	3.496464490890503	0.01891475190077557
16	3.7071187496185303	0.01891475190077557
17	3.918555498123169	0.01963016592517979
18	4.124753713607788	0.01963016592517979
19	4.334208965301514	0.01963016592517979
20	4.545628309249878	0.01963016592517979
21	4.755068302154541	0.022016628129697898
22	4.9615161418914795	0.022016628129697898
23	5.1689612865448	0.02259293387157906
24	5.378401279449463	0.02259293387157906
25	5.585846662521362	0.02259293387157906
26	5.7942893505096436	0.023916767778515445
27	6.001734495162964	0.023916767778515445
28	6.208182334899902	0.023916767778515445
29	6.42659854888916	0.02416922943868297
30	6.636084079742432	0.02416922943868297
31	6.844480991363525	0.025087344103334994
32	7.056912899017334	0.02509386232000179
33	7.267350435256958	0.02520705671675198
34	7.47579288482666	0.02520705671675198
35	7.6832380294799805	0.025948384626929038
36	7.89068341255188	0.026668727059056912
37	8.09812879562378	0.026825959163531574
38	8.304576396942139	0.02828444988795026
39	8.512021780014038	0.02828444988795026
40	8.72250509262085	0.02828444988795026
41	8.930466175079346	0.02890113677698667
42	9.13886308670044	0.02890113677698667
43	9.34830379486084	0.02890113677698667
44	9.561732530593872	0.02890113677698667
45	9.788127422332764	0.02890113677698667
46	10.012527704238892	0.02890113677698667
47	10.229945182800293	0.02945836481155041
48	10.444422483444214	0.029510669525779073
49	10.661836385726929	0.03098140177905979
50	10.879209041595459	0.03098140177905979
51	11.096627473831177	0.031444195162402155
52	11.30606746673584	0.031444195162402155
53	11.518499612808228	0.03216819415509919
54	11.73392367362976	0.03216819415509919
55	11.955332279205322	0.03246453454209683
56	12.165815353393555	0.03278821964291617
57	12.373308420181274	0.03278821964291617
58	12.582748413085938	0.03297677098357023
59	12.792181015014648	0.03297677098357023
60	12.9996337890625	0.03297677098357023
61	13.208024740219116	0.03297677098357023
62	13.416505575180054	0.03406610807139634
63	13.626904726028442	0.03406610807139634
64	13.835347175598145	0.03406610807139634
65	14.044786930084229	0.03406610807139634
66	14.255224466323853	0.034461811517339055
67	14.464664220809937	0.034745910375474656
68	14.676098823547363	0.03485624311612723
69	14.888530731201172	0.034928738403933506
70	15.10096263885498	0.03497643267222712
71	15.309405326843262	0.03524844898239505
72	15.52183723449707	0.03544431344418749
73	15.745239734649658	0.036092319569403335
74	15.953406810760498	0.036092319569403335
75	16.16189932823181	0.036171968997453695
76	16.368339776992798	0.036265608744203495
77	16.578103065490723	0.03706401079543857
78	16.78658699989319	0.03726702939747505
79	16.997023820877075	0.03726702939747505
80	17.20471739768982	0.03813299832879276
81	17.41914439201355	0.03813299832879276
82	17.62825059890747	0.03813299832879276
83	17.839636087417603	0.03863967043896524
84	18.05007314682007	0.03863967043896524
85	18.263548135757446	0.03889133719466121
86	18.474936962127686	0.04020483734346732
87	18.686371564865112	0.04111611582966394
88	18.894814252853394	0.04111611582966394
89	19.105252504348755	0.04120403226421851
90	19.311699390411377	0.04120403226421851
91	19.523133993148804	0.0416962371130086
92	19.736563205718994	0.0419588735504121
93	19.947260856628418	0.0419588735504121
94	20.156729459762573	0.04260370005774171
95	20.367140531539917	0.04260370005774171
96	20.57559323310852	0.04260370005774171
97	20.787062883377075	0.043798759440285405
98	20.995505571365356	0.043798759440285405
99	21.206932544708252	0.043798759440285405
0	0.3361186981201172	0.01149225190713476
1	0.5535204410552979	0.01149225190713476
2	0.7600140571594238	0.01149225190713476
3	0.9684581756591797	0.01149225190713476
4	1.1757590770721436	0.01149225190713476
5	1.390185832977295	0.011738036369741172
6	1.6016201972961426	0.012251385677474792
7	1.8100643157958984	0.012660284537645389
8	2.0217809677124023	0.012660284537645389
9	2.2272331714630127	0.012660284537645389
10	2.436673402786255	0.012681428996588888
11	2.6431212425231934	0.013207973718550375
12	2.849569082260132	0.015606518471036194
13	3.059009075164795	0.015606518471036194
14	3.2664544582366943	0.018080579148320224
15	3.47689151763916	0.01891475190077557
16	3.695307493209839	0.01891475190077557
17	3.905744791030884	0.01963016592517979
18	4.109204292297363	0.01963016592517979
19	4.310661792755127	0.01963016592517979
20	4.519479036331177	0.01963016592517979
21	4.725219249725342	0.022016628129697898
22	4.934660911560059	0.022016628129697898
23	5.135802268981934	0.02259293387157906
24	5.344244956970215	0.02259293387157906
25	5.552687406539917	0.02259293387157906
26	5.761561632156372	0.023916767778515445
27	5.970043659210205	0.023916767778515445
28	6.173461675643921	0.023916767778515445
29	6.381931304931641	0.02416922943868297
30	6.586399555206299	0.02416922943868297
31	6.788816213607788	0.025087344103334994
32	6.999352931976318	0.02509386232000179
33	7.204805135726929	0.02520705671675198
34	7.415711164474487	0.02520705671675198
35	7.618171691894531	0.025948384626929038
36	7.821627616882324	0.026668727059056912
37	8.030070066452026	0.026825959163531574
38	8.230314254760742	0.02828444988795026
39	8.441722631454468	0.02828444988795026
40	8.652161598205566	0.02828444988795026
41	8.868582010269165	0.02890113677698667
42	9.07702374458313	0.02890113677698667
43	9.286463499069214	0.02890113677698667
44	9.49191427230835	0.02890113677698667
45	9.699029922485352	0.02890113677698667
46	9.909515380859375	0.02890113677698667
47	10.113922357559204	0.02945836481155041
48	10.31937313079834	0.029510669525779073
49	10.528812885284424	0.03098140177905979
50	10.732268810272217	0.03098140177905979
51	10.942835569381714	0.031444195162402155
52	11.14925765991211	0.031444195162402155
53	11.362683057785034	0.03216819415509919
54	11.56815242767334	0.03216819415509919
55	11.772603511810303	0.03246453454209683
56	11.982036590576172	0.03278821964291617
57	12.187493085861206	0.03278821964291617
58	12.400925397872925	0.03297677098357023
59	12.607371091842651	0.03297677098357023
60	12.812814235687256	0.03297677098357023
61	13.023221254348755	0.03297677098357023
62	13.228710174560547	0.03406610807139634
63	13.439109086990356	0.03406610807139634
64	13.64256477355957	0.03406610807139634
65	13.854037761688232	0.03406610807139634
66	14.059501647949219	0.034461811517339055
67	14.264900922775269	0.034745910375474656
68	14.477378606796265	0.03485624311612723
69	14.679818153381348	0.034928738403933506
70	14.89322018623352	0.03497643267222712
71	15.096752882003784	0.03524844898239505
72	15.303200721740723	0.03544431344418749
73	15.512689590454102	0.036092319569403335
74	15.72208046913147	0.036092319569403335
75	15.940496683120728	0.036171968997453695
76	16.14676022529602	0.036265608744203495
77	16.352250576019287	0.03706401079543857
78	16.560654878616333	0.03726702939747505
79	16.768100261688232	0.03726702939747505
80	16.981529712677002	0.03813299832879276
81	17.188974618911743	0.03813299832879276
82	17.396420001983643	0.03813299832879276
83	17.599334001541138	0.03863967043896524
84	17.806779384613037	0.03863967043896524
85	18.018213987350464	0.03889133719466121
86	18.22466230392456	0.04020483734346732
87	18.437094688415527	0.04111611582966394
88	18.641547203063965	0.04111611582966394
89	18.851035833358765	0.04120403226421851
90	19.063399076461792	0.04120403226421851
91	19.26885175704956	0.0416962371130086
92	19.47629690170288	0.0419588735504121
93	19.680795907974243	0.0419588735504121
94	19.888198137283325	0.04260370005774171
95	20.094643354415894	0.04260370005774171
96	20.29885983467102	0.04260370005774171
97	20.513326406478882	0.043798759440285405
98	20.7177414894104	0.043798759440285405
99	20.93017292022705	0.043798759440285405
0	0.34412527084350586	0.009280191743677004
1	0.5595061779022217	0.010281771377842886
2	0.770942211151123	0.011079219543712106
3	0.9833743572235107	0.011336291649814685
4	1.1998331546783447	0.011545669487623646
5	1.411231517791748	0.011845189492507536
6	1.6257035732269287	0.013114969895377833
7	1.8351426124572754	0.013248036903917017
8	2.050520658493042	0.014445798961663954
9	2.263115406036377	0.01449206240190876
10	2.473600387573242	0.014571075906381856
11	2.688020944595337	0.01531113196940443
12	2.9014580249786377	0.015340702415746466
13	3.1168744564056396	0.015829409684861687
14	3.325324773788452	0.015829409684861687
15	3.536712884902954	0.017898705005227267
16	3.7471885681152344	0.017898705005227267
17	3.9556238651275635	0.018207604882875573
18	4.168062210083008	0.018810619415001156
19	4.378499269485474	0.018810619415001156
20	4.589935541152954	0.020732380465445163
21	4.799381256103516	0.022151125966285823
22	5.0078043937683105	0.022862724449226553
23	5.2242467403411865	0.022862724449226553
24	5.43268084526062	0.024388623072833585
25	5.646110534667969	0.024631227917553768
26	5.856546640396118	0.02558177468464547
27	6.067984580993652	0.025661265131801496
28	6.27742075920105	0.026430414698483173
29	6.486950874328613	0.026430414698483173
30	6.698385238647461	0.027282711272890052
31	6.906827926635742	0.027282711272890052
32	7.117265224456787	0.02753040350622822
33	7.325707912445068	0.02993610239895807
34	7.54313588142395	0.03051749552945724
35	7.750395774841309	0.030894598210765428
36	7.9658215045928955	0.030894598210765428
37	8.179412126541138	0.03241858906364068
38	8.388864994049072	0.03255881021242387
39	8.606270551681519	0.03286023798803952
40	8.8147132396698	0.03411268947342985
41	9.025150537490845	0.03446562705880253
42	9.239577293395996	0.0353215801937786
43	9.446024894714355	0.03572984313037198
44	9.65849781036377	0.03684127856250751
45	9.867896795272827	0.03908815554181957
46	10.079331398010254	0.04024553645241128
47	10.28782343864441	0.04024553645241128
48	10.495233058929443	0.04024553645241128
49	10.70565676689148	0.04028369186704616
50	10.915142297744751	0.04092231811949763
51	11.12457537651062	0.04148352067641919
52	11.333028554916382	0.04204313342439756
53	11.543416738510132	0.043118321212629915
54	11.762868404388428	0.045464243289098455
55	11.973305702209473	0.045503670550887824
56	12.184701681137085	0.04586789577975675
57	12.394182920455933	0.04786199313711265
58	12.609607458114624	0.04786199313711265
59	12.826984643936157	0.04852939493143468
60	13.045400857925415	0.048556103721679116
61	13.256930828094482	0.04894592487453224
62	13.469411849975586	0.05136704491401036
63	13.683836221694946	0.05175336848718867
64	13.895225763320923	0.052939524939650796
65	14.112439632415771	0.052977680354285676
66	14.323922157287598	0.053288964945348696
67	14.540299892425537	0.05384571603722945
68	14.753726482391357	0.05563425109823998
69	14.96410346031189	0.05563425109823998
70	15.181521892547607	0.05594792040271764
71	15.39594841003418	0.056409918881588444
72	15.60937762260437	0.05795648502145601
73	15.826796293258667	0.059379681987337465
74	16.051196336746216	0.059379681987337465
75	16.262630939483643	0.059513861862136835
76	16.477057456970215	0.06090685245809895
77	16.689489364624023	0.06097728099427921
78	16.90296769142151	0.06097728099427921
79	17.122332096099854	0.06236136866015987
80	17.33276891708374	0.06236136866015987
81	17.54719591140747	0.06330237657359283
82	17.76062512397766	0.06380602804677339
83	17.97904086112976	0.06584734272974009
84	18.193467617034912	0.06584734272974009
85	18.408892154693604	0.06584734272974009
86	18.62431526184082	0.06755909001879791
87	18.840736389160156	0.06806274149197845
88	19.05715823173523	0.06806274149197845
89	19.27058696746826	0.06890025284321434
90	19.483065605163574	0.06890025284321434
91	19.70243239402771	0.06890025284321434
92	19.92084813117981	0.06941407909363088
93	20.140262126922607	0.0697695603733126
94	20.354784965515137	0.0697695603733126
95	20.571205854415894	0.0702328306993379
96	20.784635305404663	0.07103027886520717
97	21.001056432724	0.0713992735209054
98	21.218780279159546	0.07165968422578851
99	21.435201406478882	0.07209767658961817
0	0.3511013984680176	0.009288458750181198
1	0.5764603614807129	0.01160417445673048
2	0.8098745346069336	0.012761396386427851
3	1.0272932052612305	0.016602692754795402
4	1.2457160949707031	0.016602692754795402
5	1.465013027191162	0.016602692754795402
6	1.685425043106079	0.016602692754795402
7	1.9085307121276855	0.016602692754795402
8	2.128981590270996	0.016602692754795402
9	2.3553836345672607	0.016602692754795402
10	2.574796676635742	0.016602692754795402
11	2.799184799194336	0.016602692754795402
12	3.0158026218414307	0.019077389355656726
13	3.239731550216675	0.019077389355656726
14	3.4606564044952393	0.019077389355656726
15	3.684058904647827	0.019077389355656726
16	3.9104535579681396	0.019077389355656726
17	4.131861209869385	0.019077389355656726
18	4.363242864608765	0.021192471173584162
19	4.58465051651001	0.021233011301633728
20	4.808053255081177	0.021233011301633728
21	5.031455755233765	0.021233011301633728
22	5.2498719692230225	0.021233011301633728
23	5.4722771644592285	0.021233011301633728
24	5.6966774463653564	0.021233011301633728
25	5.919082403182983	0.022275925968320755
26	6.139492988586426	0.022275925968320755
27	6.3758604526519775	0.022275925968320755
28	6.596271514892578	0.022275925968320755
29	6.824660539627075	0.022275925968320755
30	7.04706597328186	0.022275925968320755
31	7.266479015350342	0.022275925968320755
32	7.489881992340088	0.022275925968320755
33	7.7082977294921875	0.022275925968320755
34	7.934692144393921	0.022275925968320755
35	8.158094882965088	0.022275925968320755
36	8.38947606086731	0.022275925968320755
37	8.607892036437988	0.022275925968320755
38	8.831294536590576	0.022275925968320755
39	9.050707817077637	0.022275925968320755
40	9.270122051239014	0.022275925968320755
41	9.491528987884521	0.022275925968320755
42	9.712936878204346	0.022275925968320755
43	9.93534231185913	0.022275925968320755
44	10.156750202178955	0.022275925968320755
45	10.386136531829834	0.022275925968320755
46	10.60355520248413	0.022275925968320755
47	10.832942008972168	0.02372106229761727
48	11.056344509124756	0.02372106229761727
49	11.276755094528198	0.02372106229761727
50	11.500157594680786	0.02372106229761727
51	11.723560571670532	0.02372106229761727
52	11.947960138320923	0.02576364882773842
53	12.168370723724365	0.02576364882773842
54	12.394779682159424	0.02576364882773842
55	12.614178657531738	0.02576364882773842
56	12.83957576751709	0.02576364882773842
57	13.059986352920532	0.02576364882773842
58	13.281394243240356	0.02576364882773842
59	13.504796981811523	0.02576364882773842
60	13.731215476989746	0.02576364882773842
61	13.957586765289307	0.02576364882773842
62	14.178994178771973	0.02576364882773842
63	14.40542721748352	0.02576364882773842
64	14.6327805519104	0.02576364882773842
65	14.861169815063477	0.02576364882773842
66	15.083575010299683	0.02576364882773842
67	15.30897307395935	0.02576364882773842
68	15.534369707107544	0.02576364882773842
69	15.76276159286499	0.02576364882773842
70	15.991148948669434	0.02576364882773842
71	16.210561275482178	0.02576364882773842
72	16.43795371055603	0.02576364882773842
73	16.661356210708618	0.026412449857425874
74	16.884758710861206	0.026412449857425874
75	17.104171752929688	0.027255525539962664
76	17.33156394958496	0.027255525539962664
77	17.55496644973755	0.027255525539962664
78	17.784353494644165	0.027255525539962664
79	18.006783962249756	0.027255525539962664
80	18.228165864944458	0.027255525539962664
81	18.45456051826477	0.027255525539962664
82	18.675968647003174	0.027255525539962664
83	18.897566080093384	0.027255525539962664
84	19.117045640945435	0.027255525539962664
85	19.35141897201538	0.027255525539962664
86	19.594768047332764	0.027255525539962664
87	19.833130598068237	0.027255525539962664
88	20.055535793304443	0.027990176252578616
89	20.275947332382202	0.027990176252578616
90	20.498351573944092	0.027990176252578616
91	20.72275161743164	0.027990176252578616
92	20.951140880584717	0.027990176252578616
93	21.172587633132935	0.027990176252578616
94	21.398205041885376	0.027990176252578616
95	21.618663787841797	0.027990176252578616
96	21.845049619674683	0.027990176252578616
97	22.063475370407104	0.027990176252578616
98	22.28683042526245	0.027990176252578616
99	22.508238315582275	0.027990176252578616
