0	1.107051134109497	0.016602692754795235
1	1.7453346252441406	0.024705948937880216
2	2.379638671875	0.024705948937880216
3	3.044851541519165	0.024705948937880216
4	3.6711642742156982	0.024705948937880216
5	4.301482439041138	0.025166039646019312
6	4.925829648971558	0.025166039646019312
7	5.5740485191345215	0.03181652841688087
8	6.22131872177124	0.03667116900559343
9	6.860653877258301	0.03667116900559343
10	7.486981153488159	0.03667116900559343
11	8.120240211486816	0.03721679143487219
12	8.777492046356201	0.03721679143487219
13	9.402848243713379	0.04339478898783817
14	10.023173809051514	0.04339478898783817
15	10.641545057296753	0.05067039063513443
16	11.2688148021698	0.05067039063513443
17	11.895923376083374	0.05067039063513443
18	12.532224655151367	0.05082174044651941
19	13.332687377929688	0.05395620775877583
20	14.011757373809814	0.05729544246290609
21	14.650651216506958	0.0606346771670371
22	15.280998945236206	0.07268797265019954
23	15.914259672164917	0.07268797265019954
24	16.570273399353027	0.07268797265019954
25	17.208053827285767	0.07268797265019954
26	17.832425832748413	0.0735804913908667
27	18.50462818145752	0.07517475179902851
28	19.162854433059692	0.07660589780962498
29	19.812092065811157	0.07660589780962498
30	20.429441452026367	0.07990443340481138
31	21.07675528526306	0.07990443340481138
32	21.707064628601074	0.07990443340481138
33	22.330357551574707	0.0814605383983375
34	22.95568537712097	0.08422426226505855
35	23.59900450706482	0.08477433615937803
36	24.217350721359253	0.08894376909360549
37	24.841641902923584	0.09375039745223585
38	25.45803213119507	0.09375039745223585
39	26.076379537582397	0.0961541885742342
40	26.69771718978882	0.0961541885742342
41	27.30704975128174	0.09771856057426476
42	27.92942786216736	0.10029023552065609
43	28.546780109405518	0.10142853872393046
44	29.16308617591858	0.10638174746711672
45	29.783427476882935	0.10659478186549483
46	30.392882347106934	0.10821416125495735
47	31.007612228393555	0.10821416125495735
48	31.622969388961792	0.11251682017861867
49	32.25631403923035	0.11251682017861867
50	32.87561893463135	0.11251682017861867
51	33.49222731590271	0.11251682017861867
52	34.112568378448486	0.11295783317944011
53	34.72898292541504	0.11390122580628795
54	35.34034061431885	0.12399746648046929
55	35.95171332359314	0.12400891310485948
56	36.57404160499573	0.12400891310485948
57	37.187413692474365	0.12400891310485948
58	37.79977321624756	0.12426201068860432
59	38.42405652999878	0.13023078938465643
60	39.03446936607361	0.13023078938465643
61	39.655802488327026	0.13162091832452044
62	40.27015972137451	0.13162091832452044
63	40.8855197429657	0.1317913458432236
64	41.5038583278656	0.13566793597012836
65	42.1231644153595	0.13566793597012836
66	42.77741575241089	0.1375833377848002
67	43.414711713790894	0.13990318699460166
68	44.044028997421265	0.14143067542715174
69	44.65738773345947	0.1430535523962892
70	45.26875352859497	0.1430535523962892
71	45.888097286224365	0.14387898119955717
72	46.5034966468811	0.15090212118668656
73	47.11880612373352	0.15090212118668656
74	47.727179288864136	0.15090212118668656
75	48.3505961894989	0.15090212118668656
76	48.97692012786865	0.15090212118668656
77	49.59430766105652	0.15224328401110285
78	50.21365308761597	0.1527882705168043
79	50.835949182510376	0.16325938813977348
80	51.453336000442505	0.16325938813977348
81	52.068435192108154	0.16325938813977348
82	52.69613814353943	0.16325938813977348
83	53.306509494781494	0.16494490358127012
84	53.923335790634155	0.16551500906827268
85	54.5356981754303	0.16551500906827268
86	55.15304732322693	0.16895249396508816
87	55.77538323402405	0.16895249396508816
88	56.38575077056885	0.17622873153596144
89	56.999112129211426	0.17622873153596144
90	57.62145113945007	0.1788926154010541
91	58.23417401313782	0.1788926154010541
92	58.858455657958984	0.18563022570199905
93	59.4668288230896	0.18563022570199905
94	60.09319090843201	0.18563022570199905
95	60.706520795822144	0.18701431336787971
96	61.317917823791504	0.18701431336787971
97	61.929269552230835	0.1874155811451228
98	62.536648750305176	0.1874155811451228
99	63.14698767662048	0.18880253046710122
0	1.0733919143676758	0.016602692754795235
1	1.704704761505127	0.024705948937880216
2	2.362945795059204	0.024705948937880216
3	3.0171959400177	0.024705948937880216
4	3.6455531120300293	0.024705948937880216
5	4.295776128768921	0.025166039646019312
6	4.944043397903442	0.025166039646019312
7	5.58732271194458	0.03181652841688087
8	6.233592987060547	0.03667116900559343
9	6.872921943664551	0.03667116900559343
10	7.487240552902222	0.03667116900559343
11	8.106794118881226	0.03721679143487219
12	8.78294825553894	0.03721679143487219
13	9.452159404754639	0.04339478898783817
14	10.061572313308716	0.04339478898783817
15	10.678904056549072	0.05067039063513443
16	11.30620002746582	0.05067039063513443
17	11.954467058181763	0.05067039063513443
18	12.646615743637085	0.05082174044651941
19	13.250038385391235	0.05395620775877583
20	13.865356683731079	0.05729544246290609
0	1.4839935302734375	0.01597344637510829
1	2.345702886581421	0.023892920644368595
2	3.2103915214538574	0.023892920644368595
3	4.080045700073242	0.023892920644368595
4	4.937763214111328	0.023892920644368595
5	5.776528835296631	0.02624488399482073
6	6.61327052116394	0.037745879851143076
7	7.450061321258545	0.037745879851143076
8	8.308761596679688	0.037745879851143076
9	9.148515939712524	0.037745879851143076
10	9.989243507385254	0.037745879851143076
11	10.826030254364014	0.037745879851143076
12	11.690728664398193	0.037745879851143076
13	12.539423704147339	0.03977574790971873
14	13.38114619255066	0.040540128049571404
15	14.21995210647583	0.047269471344011264
16	15.070677518844604	0.05371137718153521
17	15.910434007644653	0.05371137718153521
18	16.753201723098755	0.05371137718153521
19	17.599926710128784	0.05371137718153521
20	18.454630613327026	0.05371137718153521
21	19.299347162246704	0.05419881260349645
22	20.15109634399414	0.05453680598480328
23	21.007778644561768	0.057995912283245236
24	21.885451793670654	0.07146000422253282
25	22.732205152511597	0.07146000422253282
26	23.5809326171875	0.07146000422253282
27	24.430649995803833	0.07460973370064301
28	25.28635883331299	0.07460973370064301
29	26.138094902038574	0.07460973370064301
30	26.99277377128601	0.07550829371529451
31	27.849507570266724	0.07709365119337436
32	28.716202974319458	0.07799507286412376
33	29.562900066375732	0.07853370013405311
34	30.417588710784912	0.08172158502679826
35	31.273346185684204	0.09326200814490936
36	32.14996027946472	0.09326200814490936
37	33.0027220249176	0.09326200814490936
38	33.85943365097046	0.09336502776442353
39	34.714149951934814	0.09519553378153256
40	35.57185244560242	0.09519553378153256
41	36.428563594818115	0.09626770093277302
42	37.28023719787598	0.09759264770596965
43	38.12802457809448	0.09778056312304637
44	38.99368143081665	0.10307271913290572
45	39.846375703811646	0.10393534946544289
46	40.698148250579834	0.10599828555003618
47	41.55184459686279	0.10599828555003618
48	42.39259719848633	0.10813371692243537
49	43.24332118034363	0.10813371692243537
50	44.08806347846985	0.10822465399398198
51	44.9467670917511	0.11021127924930514
52	45.79553580284119	0.11021127924930514
53	46.646223068237305	0.11021127924930514
54	47.50791835784912	0.11545701283802556
55	48.37759280204773	0.11545701283802556
56	49.23334193229675	0.11545701283802556
57	50.08602428436279	0.11573745513559203
58	50.939741134643555	0.11598228571283253
59	51.810413122177124	0.1183084941584065
60	52.66213655471802	0.1183084941584065
61	53.5208683013916	0.1183084941584065
62	54.39051342010498	0.12297744506256268
63	55.24423027038574	0.12620348536994302
64	56.10093951225281	0.12620348536994302
65	56.96462965011597	0.1302053524415661
66	57.837295055389404	0.1323411017757542
67	58.69799470901489	0.1333334605180501
68	59.557732582092285	0.13462247760913193
69	60.412975788116455	0.13462247760913193
70	61.27971959114075	0.13462247760913193
71	62.14437246322632	0.134923905384748
72	63.00210118293762	0.13887299079945897
73	63.873783111572266	0.13887299079945897
74	64.73940801620483	0.14071303567022672
75	65.59816217422485	0.14139252001251654
76	66.45685243606567	0.14139252001251654
77	67.31656074523926	0.1431565720158029
78	68.18924331665039	0.1439540201816723
79	69.04493951797485	0.14658547194432522
80	69.90265417098999	0.14658547194432522
81	70.7573754787445	0.15063725901676203
82	71.62105011940002	0.15063725901676203
83	72.48276114463806	0.15063725901676203
84	73.34444975852966	0.15202802388020392
85	74.20215320587158	0.15202802388020392
86	75.07279944419861	0.15202802388020392
87	75.93652606010437	0.15223915050785017
88	76.79821109771729	0.15282928758753678
89	77.66087913513184	0.153589534224137
90	78.5365378856659	0.1542842807322807
91	79.39226984977722	0.1547879322054611
92	80.25397300720215	0.15839393685024702
93	81.11168646812439	0.15839393685024702
94	81.98834228515625	0.15839393685024702
95	82.86099576950073	0.15839393685024702
96	83.71967625617981	0.16065591701451873
97	84.58904552459717	0.16065591701451873
98	85.45074367523193	0.1641452296828794
99	86.31243968009949	0.16576683480486262
0	1.5129344463348389	0.01597344637510829
1	2.390561580657959	0.023892920644368595
2	3.2682604789733887	0.023892920644368595
3	4.154890060424805	0.023892920644368595
4	5.039506196975708	0.023892920644368595
5	5.909181118011475	0.02624488399482073
6	6.798834800720215	0.037745879851143076
7	7.661518096923828	0.037745879851143076
8	8.533180236816406	0.037745879851143076
9	9.400877952575684	0.037745879851143076
10	10.255581617355347	0.037745879851143076
11	11.12825632095337	0.037745879851143076
12	11.99791669845581	0.037745879851143076
13	12.855628252029419	0.03977574790971873
14	13.719318151473999	0.040540128049571404
15	14.57801628112793	0.047269471344011264
16	15.470629930496216	0.05371137718153521
17	16.32933235168457	0.05371137718153521
18	17.205015897750854	0.05371137718153521
19	18.061715364456177	0.05371137718153521
20	18.94432234764099	0.05371137718153521
21	19.81396794319153	0.05419881260349645
22	20.698671102523804	0.05453680598480328
23	21.584348440170288	0.057995912283245236
24	22.45497441291809	0.07146000422253282
25	23.328646659851074	0.07146000422253282
26	24.205357551574707	0.07146000422253282
27	25.081949472427368	0.07460973370064301
28	25.95667266845703	0.07460973370064301
29	26.839312076568604	0.07460973370064301
30	27.719895362854004	0.07550829371529451
31	28.601539373397827	0.07709365119337436
32	29.47724437713623	0.07799507286412376
33	30.347914218902588	0.07853370013405311
34	31.224576711654663	0.08172158502679826
35	32.116185426712036	0.09326200814490936
36	32.99883198738098	0.09326200814490936
37	33.87551259994507	0.09326200814490936
38	34.74219512939453	0.09336502776442353
39	35.62683081626892	0.09519553378153256
40	36.490519762039185	0.09519553378153256
41	37.36617970466614	0.09626770093277302
42	38.233859062194824	0.09759264770596965
43	39.1155002117157	0.09778056312304637
44	39.97819471359253	0.10307271913290572
45	40.84886693954468	0.10393534946544289
46	41.72651791572571	0.10599828555003618
47	42.59120559692383	0.10599828555003618
48	43.45589351654053	0.10813371692243537
49	44.32058143615723	0.10813371692243537
50	45.19924998283386	0.10822465399398198
51	46.0679087638855	0.11021127924930514
52	46.932634592056274	0.11021127924930514
53	47.806259870529175	0.11021127924930514
54	48.68491077423096	0.11545701283802556
55	49.55364513397217	0.11545701283802556
56	50.42824959754944	0.11545701283802556
57	51.308894634246826	0.11573745513559203
58	52.200520753860474	0.11598228571283253
59	53.07817220687866	0.1183084941584065
60	53.950828552246094	0.1183084941584065
61	54.82349491119385	0.1183084941584065
62	55.71411466598511	0.12297744506256268
63	56.59675312042236	0.12620348536994302
64	57.47274994850159	0.12620348536994302
65	58.35441875457764	0.1302053524415661
66	59.24705266952515	0.1323411017757542
67	60.13068866729736	0.1333334605180501
68	61.02331733703613	0.13462247760913193
69	61.91387414932251	0.13462247760913193
70	62.7945716381073	0.13462247760913193
71	63.68117380142212	0.134923905384748
72	64.56782841682434	0.13887299079945897
73	65.46243691444397	0.13887299079945897
74	66.34507703781128	0.14071303567022672
75	67.22372627258301	0.14139252001251654
76	68.11429381370544	0.14139252001251654
77	69.01095628738403	0.1431565720158029
78	69.8876039981842	0.1439540201816723
79	70.77025175094604	0.14658547194432522
80	71.67682981491089	0.14658547194432522
81	72.55747270584106	0.15063725901676203
82	73.44410181045532	0.15063725901676203
83	74.33470582962036	0.15063725901676203
84	75.21436786651611	0.15202802388020392
85	76.09498500823975	0.15202802388020392
86	76.97765278816223	0.15202802388020392
87	77.86726331710815	0.15223915050785017
88	78.74686074256897	0.15282928758753678
89	79.6255714893341	0.153589534224137
90	80.53009223937988	0.1542842807322807
91	81.42273712158203	0.1547879322054611
92	82.31336998939514	0.15839393685024702
93	83.19501805305481	0.15839393685024702
94	84.08764004707336	0.15839393685024702
95	84.96727895736694	0.15839393685024702
96	85.8439211845398	0.16065591701451873
97	86.72658491134644	0.16065591701451873
98	87.62112951278687	0.1641452296828794
99	88.5057897567749	0.16576683480486262
0	0.8616418838500977	0.012828804285616115
1	1.3652946949005127	0.01679092613366076
2	1.889892339706421	0.025041398624878808
3	2.3975353240966797	0.025041398624878808
4	2.9121596813201904	0.025041398624878808
5	3.4307727813720703	0.025041398624878808
6	3.9473917484283447	0.030815584706292195
7	4.457028865814209	0.030815584706292195
8	4.949710369110107	0.03853378916335326
9	5.47829794883728	0.03853378916335326
10	6.0009849071502686	0.03853378916335326
11	6.503613710403442	0.046366777826107736
0	0.8826382160186768	0.012828804285616115
1	1.396266222000122	0.01679092613366076
2	1.9098927974700928	0.025041398624878808
3	2.4880573749542236	0.025041398624878808
4	2.999673366546631	0.025041398624878808
5	3.7057747840881348	0.025041398624878808
6	4.261290788650513	0.030815584706292195
7	4.799850225448608	0.030815584706292195
8	5.330431222915649	0.03853378916335326
9	5.833112478256226	0.03853378916335326
10	6.341725826263428	0.03853378916335326
11	6.848371505737305	0.046366777826107736
12	7.361999273300171	0.046366777826107736
13	7.86664891242981	0.046366777826107736
14	8.378281116485596	0.04908185353916867
15	8.888943910598755	0.04908185353916867
16	9.39359426498413	0.05517622714172696
17	9.896250009536743	0.06030908429548661
18	10.398905992507935	0.06030908429548661
19	10.899567127227783	0.06030908429548661
20	11.40421748161316	0.06162862571827653
21	11.904878854751587	0.06305436637846688
22	12.40853214263916	0.06896368622004581
23	12.909193515777588	0.07363963228355158
24	13.41683578491211	0.07688697603076898
25	13.96140432357788	0.07688697603076898
26	14.464087724685669	0.0774459528551706
27	14.961730241775513	0.07796550241778233
28	15.463391065597534	0.08045387137555468
29	15.964052200317383	0.08429548570571077
30	16.468702793121338	0.087775259520413
31	16.968366622924805	0.087775259520413
32	17.471022367477417	0.08817652729765646
33	17.971683740615845	0.08898987355295672
34	18.472352743148804	0.08989670057411268
35	18.973005771636963	0.09650712615960741
36	19.47466468811035	0.10072361743855157
37	19.971343517303467	0.10072361743855157
38	20.471997499465942	0.10072361743855157
39	20.974759340286255	0.10072361743855157
40	21.461459398269653	0.10599224427605285
41	21.951149940490723	0.10599224427605285
42	22.442835092544556	0.10599224427605285
43	22.944539308547974	0.10599224427605285
44	23.431231021881104	0.11163574806234167
45	23.917285442352295	0.1120392415721058
46	24.419941186904907	0.1120392415721058
47	24.915615797042847	0.11345003802823092
48	25.416276454925537	0.1155158357689217
49	25.915940284729004	0.1155158357689217
50	26.41560435295105	0.11578642125104095
51	26.914270877838135	0.12287824098451255
52	27.417924165725708	0.12314024149833877
53	27.918585062026978	0.12601080052603714
54	28.42124104499817	0.12724385634232271
55	28.92788600921631	0.13344220344976118
56	29.42528796195984	0.13344220344976118
57	29.91102957725525	0.13344220344976118
58	30.400681972503662	0.13344220344976118
59	30.887842893600464	0.1343121469034367
60	31.38850426673889	0.1343121469034367
61	31.9011332988739	0.13801767358806186
62	32.398802042007446	0.13802784836529763
63	32.90145826339722	0.13802784836529763
64	33.40216660499573	0.13802784836529763
65	33.90278124809265	0.14202399212472538
66	34.40942573547363	0.14314512539141372
67	34.91507339477539	0.14314512539141372
68	35.42870020866394	0.14324273966052137
69	35.93035840988159	0.144444317259732
70	36.43101978302002	0.14710756520124746
71	36.935670137405396	0.14710756520124746
72	37.43633222579956	0.15156538947775708
73	37.93998432159424	0.15242770184850554
74	38.44663047790527	0.15242770184850554
75	38.947290897369385	0.15620190827947356
76	39.450400829315186	0.15620190827947356
77	39.960078716278076	0.15620190827947356
78	40.4776554107666	0.1571074634534747
79	40.99929881095886	0.1571074634534747
80	41.49898624420166	0.1571074634534747
81	42.008623123168945	0.1571074634534747
82	42.51958703994751	0.1594769147023017
83	43.02424478530884	0.16908063256590344
84	43.52989649772644	0.16908063256590344
85	44.030534744262695	0.16908063256590344
86	44.53318929672241	0.17421380768145092
87	45.03686261177063	0.17421380768145092
88	45.54647707939148	0.17421380768145092
89	46.04716444015503	0.17421380768145092
90	46.55179190635681	0.17421380768145092
91	47.055444955825806	0.17445482271722776
92	47.558170557022095	0.17445482271722776
93	48.0618200302124	0.17445482271722776
94	48.563478231430054	0.17455180106275822
95	49.06613874435425	0.17897560342788524
96	49.584721326828	0.17897560342788524
97	50.102383613586426	0.17897560342788524
98	50.60304594039917	0.17909261336609872
99	51.107675552368164	0.17994538688318862
100	51.61234664916992	0.18057781288076183
101	52.11400365829468	0.18594023844590699
102	52.624619245529175	0.18594023844590699
103	53.12827181816101	0.18922955314922305
104	53.6289324760437	0.18922955314922305
105	54.13059163093567	0.18922955314922305
106	54.63526105880737	0.18922955314922305
107	55.13392877578735	0.18922955314922305
108	55.63160467147827	0.18922955314922305
109	56.1322386264801	0.18922955314922305
110	56.63389730453491	0.19101904209559947
111	57.13357329368591	0.19101904209559947
112	57.63523888587952	0.19162189764683107
113	58.13689041137695	0.19162189764683107
114	58.63456654548645	0.19162189764683107
115	59.13322949409485	0.19162189764683107
116	59.63487219810486	0.19720403480791562
117	60.13555288314819	0.19720403480791562
118	60.62923264503479	0.19889940706485912
119	61.12171459197998	0.19889940706485912
120	61.63232183456421	0.19889940706485912
121	62.22872853279114	0.19889940706485912
122	62.73337769508362	0.19889940706485912
123	63.24202108383179	0.20019637320065692
124	63.74766540527344	0.20022848734130783
125	64.25535297393799	0.20161798035759515
126	64.75599503517151	0.20161798035759515
127	65.26166462898254	0.20161798035759515
128	65.76828980445862	0.20293911158932826
129	66.29684853553772	0.20293911158932826
130	66.84341025352478	0.20293911158932826
131	67.41186714172363	0.20311780611453514
132	67.95740914344788	0.20311780611453514
133	68.48502326011658	0.20311780611453514
134	69.00565075874329	0.20311780611453514
135	69.5471568107605	0.20341828000478493
136	70.07873463630676	0.20598645737150184
137	70.61001014709473	0.20598645737150184
138	71.16253280639648	0.2078713348544654
139	71.71206402778625	0.2078713348544654
140	72.23570942878723	0.20801346377398047
141	72.7542872428894	0.2080299977869889
142	73.2719304561615	0.20890725436180294
143	73.7915415763855	0.2102404681415037
144	74.29515624046326	0.2104124854691492
145	74.80279779434204	0.2105857746439494
146	75.3174695968628	0.21721082647172055
147	75.83424282073975	0.21721082647172055
148	76.35183525085449	0.21721082647172055
149	76.86748266220093	0.21721082647172055
150	77.39601612091064	0.2206804255091866
151	77.90630030632019	0.2206804255091866
152	78.4308979511261	0.2206804255091866
153	78.94053435325623	0.2206804255091866
154	79.45017147064209	0.2206804255091866
155	79.96976280212402	0.2206804255091866
156	80.4883873462677	0.2206804255091866
157	81.01693606376648	0.22068042550918665
158	81.53255772590637	0.22068042550918665
159	82.04224801063538	0.22123717660106754
160	82.55287551879883	0.22123717660106754
161	83.06946015357971	0.22227373203198186
162	83.59304857254028	0.22264288566857462
163	84.10571384429932	0.22264288566857462
164	84.62234115600586	0.22319836491330108
165	85.13295674324036	0.22319836491330108
166	85.64361023902893	0.22319836491330108
167	86.15424466133118	0.223240653831188
168	86.6718521118164	0.22454525104991288
169	87.18647885322571	0.22454525104991288
170	87.69911360740662	0.22454525104991288
171	88.21672224998474	0.22454525104991288
172	88.73433947563171	0.22454525104991288
173	89.24696588516235	0.22454525104991288
174	89.76357293128967	0.22564539883855225
175	90.27920818328857	0.22564539883855225
176	90.7948350906372	0.22564539883855225
177	91.31145286560059	0.22564539883855225
178	91.82507944107056	0.22564539883855225
179	92.34368538856506	0.22564539883855225
180	92.86332726478577	0.2270393433198802
181	93.38291478157043	0.22759641237354972
182	93.89951014518738	0.22759641237354972
183	94.4221293926239	0.22759641237354972
184	94.94174027442932	0.22759641237354972
185	95.45856142044067	0.228514686019096
186	95.96718788146973	0.2328154371720252
187	96.49279618263245	0.2328154371720252
188	96.9984393119812	0.2340577138801798
189	97.5060863494873	0.2340577138801798
190	98.02765822410583	0.2340577138801798
191	98.55523610115051	0.2351352863818268
192	99.0659077167511	0.2351352863818268
193	99.58153438568115	0.23549013173793135
194	100.09711360931396	0.2361425893281879
195	100.62968754768372	0.2361425893281879
196	101.16625332832336	0.2361425893281879
197	101.68291735649109	0.2361425893281879
198	102.25536704063416	0.2361425893281879
199	102.79392719268799	0.2361425893281879
0	1.5189294815063477	0.01597344637510829
1	2.3955483436584473	0.023892920644368595
2	3.3350813388824463	0.023892920644368595
3	4.258565187454224	0.023892920644368595
4	5.219994306564331	0.023892920644368595
5	6.225305080413818	0.02624488399482073
6	7.134910583496094	0.037745879851143076
7	8.100330829620361	0.037745879851143076
8	8.993902444839478	0.037745879851143076
9	9.95732593536377	0.037745879851143076
10	10.901801586151123	0.037745879851143076
11	11.833362340927124	0.037745879851143076
12	12.779778718948364	0.037745879851143076
13	13.76418399810791	0.03977574790971873
14	14.664744853973389	0.040540128049571404
15	15.580288887023926	0.047269471344011264
16	16.488860607147217	0.05371137718153521
17	17.390449285507202	0.05371137718153521
18	18.30600070953369	0.05371137718153521
19	19.240500926971436	0.05371137718153521
20	20.140096187591553	0.05371137718153521
21	21.030752897262573	0.05419881260349645
22	21.99236822128296	0.05453680598480328
23	22.88801860809326	0.057995912283245236
24	23.802573204040527	0.07146000422253282
25	24.763956308364868	0.07146000422253282
26	25.729469299316406	0.07146000422253282
27	26.724807500839233	0.07460973370064301
28	27.699594736099243	0.07460973370064301
29	28.687914848327637	0.07460973370064301
30	29.670753002166748	0.07550829371529451
31	30.601264715194702	0.07709365119337436
32	31.522852897644043	0.07799507286412376
33	32.429845094680786	0.07853370013405311
34	33.351951122283936	0.08172158502679826
35	34.23641061782837	0.09326200814490936
36	35.19835710525513	0.09326200814490936
37	36.1415696144104	0.09326200814490936
38	37.11212110519409	0.09336502776442353
39	38.01521563529968	0.09519553378153256
40	38.974692821502686	0.09519553378153256
41	39.890247106552124	0.09626770093277302
42	40.77886629104614	0.09759264770596965
43	41.71200442314148	0.09778056312304637
44	42.6218798160553	0.10307271913290572
45	43.476640701293945	0.10393534946544289
46	44.32731866836548	0.10599828555003618
47	45.201980113983154	0.10599828555003618
48	46.06467318534851	0.10813371692243537
49	46.948310136795044	0.10813371692243537
50	47.83997082710266	0.10822465399398198
51	48.7116322517395	0.11021127924930514
52	49.60923171043396	0.11021127924930514
53	50.498841762542725	0.11021127924930514
54	51.36749267578125	0.11545701283802556
55	52.2621374130249	0.11545701283802556
56	53.150723934173584	0.11545701283802556
57	54.02837562561035	0.11573745513559203
58	54.90802502632141	0.11598228571283253
59	55.809667110443115	0.1183084941584065
60	56.677340507507324	0.1183084941584065
61	57.55494523048401	0.1183084941584065
62	58.44157552719116	0.12297744506256268
63	59.30027914047241	0.12620348536994302
64	60.211899280548096	0.12620348536994302
65	61.12144899368286	0.1302053524415661
66	62.02299761772156	0.1323411017757542
67	62.93660235404968	0.1333334605180501
68	63.878079891204834	0.13462247760913193
69	64.8055899143219	0.13462247760913193
70	65.71612095832825	0.13462247760913193
71	66.60081481933594	0.134923905384748
72	67.49442481994629	0.13887299079945897
73	68.38701748847961	0.13887299079945897
74	69.28657531738281	0.14071303567022672
75	70.15325689315796	0.14139252001251654
76	71.02697372436523	0.14139252001251654
77	71.88667440414429	0.1431565720158029
78	72.76228022575378	0.1439540201816723
79	73.63993263244629	0.14658547194432522
80	74.52161407470703	0.14658547194432522
81	75.39025282859802	0.15063725901676203
82	76.3088493347168	0.15063725901676203
83	77.22235417366028	0.15063725901676203
84	78.14693427085876	0.15202802388020392
85	79.12426614761353	0.15202802388020392
86	80.14054918289185	0.15202802388020392
87	81.02722024917603	0.15223915050785017
88	81.88692474365234	0.15282928758753678
89	82.76655626296997	0.153589534224137
90	83.66320848464966	0.1542842807322807
91	84.55477595329285	0.1547879322054611
92	85.47436928749084	0.15839393685024702
93	86.37295055389404	0.15839393685024702
94	87.27250838279724	0.15839393685024702
95	88.16212773323059	0.15839393685024702
96	89.02344560623169	0.16065591701451873
97	89.93401074409485	0.16065591701451873
98	90.82666110992432	0.1641452296828794
99	91.71333885192871	0.16576683480486262
0	1.517176628112793	0.01597344637510829
1	2.3958091735839844	0.023892920644368595
2	3.270469903945923	0.023892920644368595
3	4.1532933712005615	0.023892920644368595
4	5.133883476257324	0.023892920644368595
5	5.996731996536255	0.02624488399482073
6	6.843498706817627	0.037745879851143076
7	7.766085624694824	0.037745879851143076
8	8.670613288879395	0.037745879851143076
9	9.581461429595947	0.037745879851143076
10	10.51117467880249	0.037745879851143076
11	11.464750528335571	0.037745879851143076
12	12.360103845596313	0.037745879851143076
13	13.245980024337769	0.03977574790971873
14	14.13825249671936	0.040540128049571404
15	15.041036367416382	0.047269471344011264
16	15.949604988098145	0.05371137718153521
17	16.8494656085968	0.05371137718153521
18	17.72743582725525	0.05371137718153521
19	18.60918354988098	0.05371137718153521
20	19.51618981361389	0.05371137718153521
21	20.460408449172974	0.05419881260349645
22	21.368616342544556	0.05453680598480328
23	22.344377756118774	0.057995912283245236
24	23.30684232711792	0.07146000422253282
25	24.26381230354309	0.07146000422253282
26	25.222946882247925	0.07146000422253282
27	26.178513765335083	0.07460973370064301
28	27.06644058227539	0.07460973370064301
29	27.967808961868286	0.07460973370064301
30	28.85811138153076	0.07550829371529451
31	29.751953840255737	0.07709365119337436
32	30.669200897216797	0.07799507286412376
33	31.59653878211975	0.07853370013405311
34	32.505884408950806	0.08172158502679826
35	33.416526079177856	0.09326200814490936
36	34.34548902511597	0.09326200814490936
37	35.24619102478027	0.09326200814490936
38	36.14013457298279	0.09336502776442353
39	37.02591371536255	0.09519553378153256
40	37.90190601348877	0.09519553378153256
41	38.762829065322876	0.09626770093277302
42	39.633868932724	0.09759264770596965
43	40.50180435180664	0.09778056312304637
44	41.367435932159424	0.10307271913290572
45	42.23417115211487	0.10393534946544289
46	43.09586715698242	0.10599828555003618
47	43.95551514625549	0.10599828555003618
48	44.82020306587219	0.10813371692243537
49	45.67691254615784	0.10813371692243537
50	46.536617040634155	0.10822465399398198
51	47.43520998954773	0.11021127924930514
52	48.29590845108032	0.11021127924930514
53	49.15461206436157	0.11021127924930514
54	50.02528357505798	0.11545701283802556
55	50.8889741897583	0.11545701283802556
56	51.756707191467285	0.11545701283802556
57	52.624332904815674	0.11573745513559203
58	53.49007749557495	0.11598228571283253
59	54.35375475883484	0.1183084941584065
60	55.21839642524719	0.1183084941584065
61	56.08412408828735	0.1183084941584065
62	56.95480728149414	0.12297744506256268
63	57.82348346710205	0.12620348536994302
64	58.68811821937561	0.12620348536994302
65	59.55184602737427	0.1302053524415661
66	60.42153859138489	0.1323411017757542
67	61.28622341156006	0.1333334605180501
68	62.155844926834106	0.13462247760913193
69	63.02153015136719	0.13462247760913193
70	63.894195318222046	0.13462247760913193
71	64.75888395309448	0.134923905384748
72	65.62620949745178	0.13887299079945897
73	66.50286364555359	0.13887299079945897
74	67.36156892776489	0.14071303567022672
75	68.23029136657715	0.14139252001251654
76	69.09397339820862	0.14139252001251654
77	69.96067190170288	0.1431565720158029
78	70.8213701248169	0.1439540201816723
79	71.68301272392273	0.14658547194432522
80	72.5457055568695	0.14658547194432522
81	73.416433095932	0.15063725901676203
82	74.28106474876404	0.15063725901676203
83	75.14475536346436	0.15063725901676203
84	76.01747751235962	0.15202802388020392
85	76.88510060310364	0.15202802388020392
86	77.7537784576416	0.15202802388020392
87	78.62345170974731	0.15223915050785017
88	79.48614454269409	0.15282928758753678
89	80.3727753162384	0.153589534224137
90	81.27436447143555	0.1542842807322807
91	82.14812064170837	0.1547879322054611
92	83.03768849372864	0.15839393685024702
93	83.89838671684265	0.15839393685024702
94	84.76307439804077	0.15839393685024702
95	85.62776231765747	0.15839393685024702
96	86.49444317817688	0.16065591701451873
97	87.36083269119263	0.16065591701451873
98	88.22851371765137	0.1641452296828794
99	89.09126496315002	0.16576683480486262
0	1.4690732955932617	0.01597344637510829
1	2.34173846244812	0.023892920644368595
2	3.210453987121582	0.023892920644368595
3	4.082085609436035	0.023892920644368595
4	4.9517982006073	0.023892920644368595
5	5.798494338989258	0.02624488399482073
6	6.638248443603516	0.037745879851143076
7	7.5119500160217285	0.037745879851143076
8	8.379591941833496	0.037745879851143076
9	9.222338199615479	0.037745879851143076
10	10.065124273300171	0.037745879851143076
11	10.904839277267456	0.037745879851143076
12	11.761586427688599	0.037745879851143076
13	12.605347871780396	0.03977574790971873
14	13.444048643112183	0.040540128049571404
15	14.291796684265137	0.047269471344011264
16	15.177414655685425	0.05371137718153521
17	16.018205404281616	0.05371137718153521
18	16.860949516296387	0.05371137718153521
19	17.71169352531433	0.05371137718153521
20	18.57538104057312	0.05371137718153521
21	19.42605209350586	0.05419881260349645
22	20.27378535270691	0.05453680598480328
23	21.118526220321655	0.057995912283245236
24	21.988214254379272	0.07146000422253282
25	22.84291648864746	0.07146000422253282
26	23.69777202606201	0.07146000422253282
27	24.55350399017334	0.07460973370064301
28	25.43414855003357	0.07460973370064301
29	26.29485273361206	0.07460973370064301
30	27.158554315567017	0.07550829371529451
31	28.015246868133545	0.07709365119337436
32	28.884876251220703	0.07799507286412376
33	29.7446391582489	0.07853370013405311
34	30.59233546257019	0.08172158502679826
35	31.453034162521362	0.09326200814490936
36	32.32072710990906	0.09326200814490936
37	33.16548204421997	0.09326200814490936
38	34.01629161834717	0.09336502776442353
39	34.86502170562744	0.09519553378153256
40	35.73270010948181	0.09519553378153256
41	36.576443672180176	0.09626770093277302
42	37.43016076087952	0.09759264770596965
43	38.27689790725708	0.09778056312304637
44	39.13464164733887	0.10307271913290572
45	39.98133969306946	0.10393534946544289
46	40.83106780052185	0.10599828555003618
47	41.67780327796936	0.10599828555003618
48	42.53554916381836	0.10813371692243537
49	43.383241415023804	0.10813371692243537
50	44.228981018066406	0.10822465399398198
51	45.080703258514404	0.11021127924930514
52	45.94542860984802	0.11021127924930514
53	46.79412055015564	0.11021127924930514
54	47.65185570716858	0.11545701283802556
55	48.53050446510315	0.11545701283802556
56	49.414143085479736	0.11545701283802556
57	50.268855810165405	0.11573745513559203
58	51.122572898864746	0.11598228571283253
59	51.97928214073181	0.1183084941584065
60	52.84397006034851	0.1183084941584065
61	53.69369864463806	0.1183084941584065
62	54.558945655822754	0.12297744506256268
63	55.416598320007324	0.12620348536994302
64	56.3032283782959	0.12620348536994302
65	57.159937620162964	0.1302053524415661
66	58.048561096191406	0.1323411017757542
67	58.944164991378784	0.1333334605180501
68	59.83186984062195	0.13462247760913193
69	60.71050500869751	0.13462247760913193
70	61.571199893951416	0.13462247760913193
71	62.44288611412048	0.134923905384748
72	63.30253219604492	0.13887299079945897
73	64.16519570350647	0.13887299079945897
74	65.03090739250183	0.14071303567022672
75	65.89762616157532	0.14139252001251654
76	66.75731563568115	0.14139252001251654
77	67.62598705291748	0.1431565720158029
78	68.48569703102112	0.1439540201816723
79	69.36130118370056	0.14658547194432522
80	70.22404479980469	0.14658547194432522
81	71.09665989875793	0.15063725901676203
82	71.95540976524353	0.15063725901676203
83	72.83806920051575	0.15063725901676203
84	73.68778610229492	0.15202802388020392
85	74.55541062355042	0.15202802388020392
86	75.43011736869812	0.15202802388020392
87	76.2928102016449	0.15223915050785017
88	77.15151977539062	0.15282928758753678
89	78.02420091629028	0.153589534224137
90	78.90184473991394	0.1542842807322807
91	79.76847052574158	0.1547879322054611
92	80.62823247909546	0.15839393685024702
93	81.4988431930542	0.15839393685024702
94	82.35954189300537	0.15839393685024702
95	83.22128820419312	0.15839393685024702
96	84.0819890499115	0.16065591701451873
97	84.9507532119751	0.16065591701451873
98	85.82737135887146	0.1641452296828794
99	86.68408012390137	0.16576683480486262
0	1.4989776611328125	0.01597344637510829
1	2.3746371269226074	0.01598330319055559
2	3.2423179149627686	0.01598330319055559
3	4.127948760986328	0.01966466477924536
4	5.024587392807007	0.020079922875188307
5	5.884623050689697	0.020079922875188307
6	6.821121454238892	0.020326979184949395
7	7.8284265995025635	0.027297019553377874
8	8.727291107177734	0.027297019553377874
9	9.5770583152771	0.04220243228049805
10	10.424810886383057	0.04220243228049805
11	11.273536920547485	0.04220243228049805
12	12.140192031860352	0.04220243228049805
13	12.988897562026978	0.04220243228049805
14	13.834635734558105	0.04220243228049805
15	14.685393333435059	0.04311053114880851
16	15.533594369888306	0.04311053114880851
17	16.392327547073364	0.04311053114880851
18	17.25302767753601	0.04311053114880851
19	18.10771107673645	0.046764548023676494
20	18.974393367767334	0.046764548023676494
21	19.829160451889038	0.04835944435541489
22	20.681879997253418	0.04886150601965237
23	21.539597272872925	0.04892923188062922
24	22.405218839645386	0.04892923188062922
25	23.262993812561035	0.04892923188062922
26	24.119685649871826	0.05012794782374202
27	24.978382110595703	0.05012794782374202
28	25.846075296401978	0.05012794782374202
29	26.70377540588379	0.05012794782374202
30	27.565481901168823	0.054256363687237213
31	28.423177242279053	0.054256363687237213
32	29.29581880569458	0.05806808960926292
33	30.151556253433228	0.06173800457356272
34	31.006279945373535	0.06173800457356272
35	31.87292718887329	0.06173800457356272
36	32.73067092895508	0.07228543302580082
37	33.592366456985474	0.07228543302580082
38	34.44505000114441	0.07228543302580082
39	35.313745737075806	0.07228543302580082
40	36.165489196777344	0.07228543302580082
41	37.02417230606079	0.07501608886650506
42	37.88382697105408	0.07501608886650506
43	38.74857807159424	0.07501608886650506
44	39.6012806892395	0.07501608886650506
45	40.45699906349182	0.07501608886650506
46	41.31072640419006	0.07501608886650506
47	42.176374673843384	0.07501608886650506
48	43.035104513168335	0.07501608886650506
49	43.88483262062073	0.07501608886650506
50	44.73854446411133	0.07501608886650506
51	45.612160444259644	0.07501608886650506
52	46.464932680130005	0.07599286748115822
53	47.31962037086487	0.0784386295592541
54	48.20024013519287	0.0784386295592541
55	49.08990025520325	0.0784386295592541
56	49.9658477306366	0.079036397721868
57	50.84349870681763	0.08106245023898068
58	51.71721577644348	0.0863921257398975
59	52.573922634124756	0.0863921257398975
60	53.43556761741638	0.0863921257398975
61	54.29431700706482	0.0863921257398975
62	55.15902042388916	0.0904499540863182
63	56.01571822166443	0.0904499540863182
64	56.87043356895447	0.0904499540863182
65	57.732104539871216	0.0904499540863182
66	58.6077823638916	0.09052244937412444
67	59.46846103668213	0.09105408148470384
68	60.33015584945679	0.09388489528882431
69	61.18686509132385	0.09388489528882431
70	62.05358362197876	0.09731792872059858
71	62.91122770309448	0.09731792872059858
72	63.76998233795166	0.09731792872059858
73	64.62364864349365	0.09731792872059858
74	65.49036884307861	0.09731792872059858
75	66.34706687927246	0.09731792872059858
76	67.20374917984009	0.09731792872059858
77	68.06601190567017	0.09912109002388585
78	68.94572138786316	0.09912109002388585
79	69.79843306541443	0.09912109002388585
80	70.65810680389404	0.09912109002388585
81	71.51085805892944	0.09912109002388585
82	72.38353562355042	0.09912109002388585
83	73.2382071018219	0.09912109002388585
84	74.09694457054138	0.09912109002388585
85	74.95060348510742	0.10077417336294248
86	75.81628656387329	0.10327239913616218
87	76.67105269432068	0.10327239913616218
88	77.52377223968506	0.10327239913616218
89	78.39143943786621	0.10353916907681772
90	79.25708556175232	0.10353916907681772
91	80.12481808662415	0.10353916907681772
92	80.98252248764038	0.10353916907681772
93	81.84516644477844	0.10353916907681772
94	82.69992995262146	0.10467397470041724
95	83.55364799499512	0.10467397470041724
96	84.41728615760803	0.1063531309061411
97	85.28696084022522	0.1063531309061411
98	86.14271926879883	0.1063531309061411
99	86.99444675445557	0.10639224020614185
0	1.4959971904754639	0.01597344637510829
1	2.3696632385253906	0.01598330319055559
2	3.258301019668579	0.01598330319055559
3	4.136945962905884	0.01966466477924536
4	5.039475440979004	0.020079922875188307
5	5.940129041671753	0.020079922875188307
6	6.822757959365845	0.020326979184949395
7	7.709336519241333	0.027297019553377874
8	8.597998142242432	0.027297019553377874
9	9.472285747528076	0.04220243228049805
10	10.36993145942688	0.04220243228049805
11	11.233627796173096	0.04220243228049805
12	12.105304956436157	0.04220243228049805
13	12.991917848587036	0.04220243228049805
14	13.858608484268188	0.04220243228049805
15	14.717284202575684	0.04311053114880851
16	15.584621906280518	0.04311053114880851
17	16.477474451065063	0.04311053114880851
18	17.341188430786133	0.04311053114880851
19	18.208863019943237	0.046764548023676494
20	19.095446348190308	0.046764548023676494
21	19.960180282592773	0.04835944435541489
22	20.82189154624939	0.04886150601965237
23	21.686519145965576	0.04892923188062922
24	22.569158792495728	0.04892923188062922
25	23.423933506011963	0.04892923188062922
26	24.28960943222046	0.05012794782374202
27	25.16421914100647	0.05012794782374202
28	26.0239200592041	0.05012794782374202
29	26.88068985939026	0.05012794782374202
30	27.743382215499878	0.054256363687237213
31	28.603074312210083	0.054256363687237213
32	29.513632774353027	0.05806808960926292
33	30.377323865890503	0.06173800457356272
34	31.23205304145813	0.06173800457356272
35	32.094746351242065	0.06173800457356272
36	32.97034478187561	0.07228543302580082
37	33.829108476638794	0.07228543302580082
38	34.69977021217346	0.07228543302580082
39	35.58338117599487	0.07228543302580082
40	36.44509696960449	0.07228543302580082
41	37.31278204917908	0.07501608886650506
42	38.18046188354492	0.07501608886650506
43	39.0561146736145	0.07501608886650506
44	39.92081809043884	0.07501608886650506
45	40.790462017059326	0.07501608886650506
46	41.66808581352234	0.07501608886650506
47	42.529826402664185	0.07501608886650506
48	43.39054083824158	0.07501608886650506
49	44.25023031234741	0.07501608886650506
50	45.11985516548157	0.07501608886650506
51	45.97760605812073	0.07501608886650506
52	46.840299129486084	0.07599286748115822
53	47.699007749557495	0.0784386295592541
54	48.575626373291016	0.0784386295592541
55	49.448280334472656	0.0784386295592541
56	50.31496262550354	0.079036397721868
57	51.17173194885254	0.08106245023898068
58	52.050376653671265	0.0863921257398975
59	52.911070585250854	0.0863921257398975
60	53.76578497886658	0.0863921257398975
61	54.63432478904724	0.0863921257398975
62	55.50001096725464	0.0904499540863182
63	56.34973907470703	0.0904499540863182
64	57.2074453830719	0.0904499540863182
65	58.059168100357056	0.0904499540863182
66	58.92988610267639	0.09052244937412444
67	59.778570890426636	0.09105408148470384
68	60.64026689529419	0.09388489528882431
69	61.4969756603241	0.09388489528882431
70	62.372634172439575	0.09731792872059858
71	63.22734880447388	0.09731792872059858
72	64.08732628822327	0.09731792872059858
73	64.9490761756897	0.09731792872059858
74	65.82772088050842	0.09731792872059858
75	66.69242906570435	0.09731792872059858
76	67.5541570186615	0.09731792872059858
77	68.45175838470459	0.09912109002388585
78	69.34603428840637	0.09912109002388585
79	70.23864555358887	0.09912109002388585
80	71.11031603813171	0.09912109002388585
81	71.99096083641052	0.09912109002388585
82	72.85365438461304	0.09912109002388585
83	73.70840978622437	0.09912109002388585
84	74.5690667629242	0.09912109002388585
85	75.4488160610199	0.10077417336294248
86	76.30765843391418	0.10327239913616218
87	77.18150115013123	0.10327239913616218
88	78.06511187553406	0.10327239913616218
89	78.92187166213989	0.10353916907681772
90	79.77858114242554	0.10353916907681772
91	80.63823175430298	0.10353916907681772
92	81.51189517974854	0.10353916907681772
93	82.36964631080627	0.10353916907681772
94	83.22637128829956	0.10467397470041724
95	84.08784008026123	0.10467397470041724
96	84.96154379844666	0.1063531309061411
97	85.82020902633667	0.1063531309061411
98	86.6799111366272	0.1063531309061411
99	87.53965044021606	0.10639224020614185
0	1.5664124488830566	0.01597344637510829
1	2.502908706665039	0.01598330319055559
2	3.4443516731262207	0.01598330319055559
3	4.326038599014282	0.01966466477924536
4	5.211670160293579	0.020079922875188307
5	6.065387964248657	0.020079922875188307
6	6.9260663986206055	0.020326979184949395
7	7.774816989898682	0.027297019553377874
8	8.655461549758911	0.027297019553377874
9	9.520135879516602	0.04220243228049805
10	10.370853900909424	0.04220243228049805
11	11.22757601737976	0.04220243228049805
12	12.100249528884888	0.04220243228049805
13	12.956966400146484	0.04220243228049805
14	13.803752660751343	0.04220243228049805
15	14.651528358459473	0.04311053114880851
16	15.521160364151001	0.04311053114880851
17	16.372893810272217	0.04311053114880851
18	17.22761058807373	0.04311053114880851
19	18.100276708602905	0.046764548023676494
20	18.979963302612305	0.046764548023676494
21	19.832682609558105	0.04835944435541489
22	20.686362743377686	0.04886150601965237
23	21.54805827140808	0.04892923188062922
24	22.396800756454468	0.04892923188062922
25	23.260478019714355	0.04892923188062922
26	24.108211040496826	0.05012794782374202
27	24.97788643836975	0.05012794782374202
28	25.841243028640747	0.05012794782374202
29	26.697998046875	0.05012794782374202
30	27.552716970443726	0.054256363687237213
31	28.426393270492554	0.054256363687237213
32	29.27607035636902	0.05806808960926292
33	30.125837802886963	0.06173800457356272
34	30.988478660583496	0.06173800457356272
35	31.84020161628723	0.06173800457356272
36	32.686983585357666	0.07228543302580082
37	33.542709827423096	0.07228543302580082
38	34.39240288734436	0.07228543302580082
39	35.25207710266113	0.07228543302580082
40	36.10086941719055	0.07228543302580082
41	36.941591024398804	0.07501608886650506
42	37.796273946762085	0.07501608886650506
43	38.66495084762573	0.07501608886650506
44	39.518693923950195	0.07501608886650506
45	40.37338209152222	0.07501608886650506
46	41.21717309951782	0.07501608886650506
47	42.081866979599	0.07501608886650506
48	42.932600259780884	0.07501608886650506
49	43.7863028049469	0.07501608886650506
50	44.64701747894287	0.07501608886650506
51	45.48974561691284	0.07501608886650506
52	46.343459367752075	0.07599286748115822
53	47.193161964416504	0.0784386295592541
54	48.060888051986694	0.0784386295592541
55	48.90962314605713	0.0784386295592541
56	49.76630735397339	0.079036397721868
57	50.617006063461304	0.08106245023898068
58	51.48373508453369	0.0863921257398975
59	52.356393575668335	0.0863921257398975
60	53.231298208236694	0.0863921257398975
61	54.102232694625854	0.0863921257398975
62	54.98090219497681	0.0904499540863182
63	55.82066059112549	0.0904499540863182
64	56.66741943359375	0.0904499540863182
65	57.51115822792053	0.0904499540863182
66	58.38080930709839	0.09052244937412444
67	59.22157645225525	0.09105408148470384
68	60.072078704833984	0.09388489528882431
69	60.92676782608032	0.09388489528882431
70	61.783469676971436	0.09731792872059858
71	62.62923336029053	0.09731792872059858
72	63.48592758178711	0.09731792872059858
73	64.33466029167175	0.09731792872059858
74	65.19635105133057	0.09731792872059858
75	66.04206919670105	0.09731792872059858
76	66.89181756973267	0.09731792872059858
77	67.73357200622559	0.09912109002388585
78	68.6002562046051	0.09912109002388585
79	69.44198679924011	0.09912109002388585
80	70.29174828529358	0.09912109002388585
81	71.13845348358154	0.09912109002388585
82	71.99018287658691	0.09912109002388585
83	72.83494067192078	0.09912109002388585
84	73.68560409545898	0.09912109002388585
85	74.53434348106384	0.10077417336294248
86	75.40706205368042	0.10327239913616218
87	76.2488112449646	0.10327239913616218
88	77.09852528572083	0.10327239913616218
89	77.95733118057251	0.10353916907681772
90	78.84100270271301	0.10353916907681772
91	79.68374967575073	0.10353916907681772
92	80.53443908691406	0.10353916907681772
93	81.38318228721619	0.10353916907681772
94	82.25186848640442	0.10467397470041724
95	83.09661722183228	0.10467397470041724
96	83.95681071281433	0.1063531309061411
97	84.80953645706177	0.1063531309061411
98	85.67123055458069	0.1063531309061411
99	86.51100134849548	0.10639224020614185
0	1.580780267715454	0.01597344637510829
1	2.5053508281707764	0.01598330319055559
2	3.4119226932525635	0.01598330319055559
3	4.316488265991211	0.01966466477924536
4	5.253951072692871	0.020079922875188307
5	6.207427740097046	0.020079922875188307
6	7.18290376663208	0.020326979184949395
7	8.164625406265259	0.027297019553377874
8	9.140954971313477	0.027297019553377874
9	10.143273830413818	0.04220243228049805
10	11.114675998687744	0.04220243228049805
11	12.12198281288147	0.04220243228049805
12	13.083411455154419	0.04220243228049805
13	14.065837144851685	0.04220243228049805
14	15.007266283035278	0.04220243228049805
15	15.94680142402649	0.04311053114880851
16	16.864339113235474	0.04311053114880851
17	17.79286289215088	0.04311053114880851
18	18.726366758346558	0.04311053114880851
19	19.612950563430786	0.046764548023676494
20	20.493640422821045	0.046764548023676494
21	21.378275156021118	0.04835944435541489
22	22.259933948516846	0.04886150601965237
23	23.12259030342102	0.04892923188062922
24	23.996274948120117	0.04892923188062922
25	24.874926328659058	0.04892923188062922
26	25.787476062774658	0.05012794782374202
27	26.68706250190735	0.05012794782374202
28	27.577602863311768	0.05012794782374202
29	28.457231760025024	0.05012794782374202
30	29.349844217300415	0.054256363687237213
31	30.220545768737793	0.054256363687237213
32	31.081250190734863	0.05806808960926292
33	31.94193720817566	0.06173800457356272
34	32.81557583808899	0.06173800457356272
35	33.69326829910278	0.06173800457356272
36	34.562922954559326	0.07228543302580082
37	35.42562294006348	0.07228543302580082
38	36.301228761672974	0.07228543302580082
39	37.167956829071045	0.07228543302580082
40	38.02864170074463	0.07228543302580082
41	38.890347480773926	0.07501608886650506
42	39.77698040008545	0.07501608886650506
43	40.63569951057434	0.07501608886650506
44	41.49935436248779	0.07501608886650506
45	42.37104392051697	0.07501608886650506
46	43.23345160484314	0.07501608886650506
47	44.10711669921875	0.07501608886650506
48	44.9568452835083	0.07501608886650506
49	45.8075692653656	0.07501608886650506
50	46.67629647254944	0.07501608886650506
51	47.526971101760864	0.07501608886650506
52	48.38172912597656	0.07599286748115822
53	49.23744344711304	0.0784386295592541
54	50.09614849090576	0.0784386295592541
55	50.9592981338501	0.0784386295592541
56	51.81600618362427	0.079036397721868
57	52.67085862159729	0.08106245023898068
58	53.54152059555054	0.0863921257398975
59	54.39026069641113	0.0863921257398975
60	55.237990617752075	0.0863921257398975
61	56.090491771698	0.0863921257398975
62	56.95719122886658	0.0904499540863182
63	57.80397272109985	0.0904499540863182
64	58.65868806838989	0.0904499540863182
65	59.515350103378296	0.0904499540863182
66	60.39403033256531	0.09052244937412444
67	61.247779846191406	0.09105408148470384
68	62.098469495773315	0.09388489528882431
69	62.960177183151245	0.09388489528882431
70	63.8318076133728	0.09731792872059858
71	64.68652176856995	0.09731792872059858
72	65.54229974746704	0.09731792872059858
73	66.43091130256653	0.09731792872059858
74	67.3078556060791	0.09731792872059858
75	68.19848847389221	0.09731792872059858
76	69.05524325370789	0.09731792872059858
77	69.92691349983215	0.09912109002388585
78	70.77774906158447	0.09912109002388585
79	71.62652134895325	0.09912109002388585
80	72.47526502609253	0.09912109002388585
81	73.34887480735779	0.09912109002388585
82	74.20068621635437	0.09912109002388585
83	75.0474271774292	0.09912109002388585
84	75.91315984725952	0.09912109002388585
85	76.76882481575012	0.10077417336294248
86	77.62360000610352	0.10327239913616218
87	78.48323941230774	0.10327239913616218
88	79.35889768600464	0.10327239913616218
89	80.20867824554443	0.10353916907681772
90	81.06439900398254	0.10353916907681772
91	81.92503523826599	0.10353916907681772
92	82.78972315788269	0.10353916907681772
93	83.64349126815796	0.10353916907681772
94	84.49920296669006	0.10467397470041724
95	85.35890865325928	0.10467397470041724
96	86.2225432395935	0.1063531309061411
97	87.07433104515076	0.1063531309061411
98	87.93402862548828	0.1063531309061411
99	88.78872847557068	0.10639224020614185
0	1.4660804271697998	0.01597344637510829
1	2.344776153564453	0.016120662683241176
2	3.2124435901641846	0.021817266088230463
3	4.072138786315918	0.02365635707363227
4	4.937823057174683	0.029046445314387794
5	5.779583692550659	0.029046445314387794
6	6.624311923980713	0.029046445314387794
7	7.466088533401489	0.029519572455860493
8	8.331762075424194	0.04050101874957044
9	9.195365190505981	0.04050101874957044
10	10.03111982345581	0.04050101874957044
11	10.865901947021484	0.042445673048795596
12	11.723601579666138	0.04249813674391845
13	12.572333812713623	0.05536032701734055
14	13.413039207458496	0.05536032701734055
15	14.247851371765137	0.05821816757349408
16	15.109272480010986	0.059737706961328116
17	15.987180709838867	0.06322924536220942
18	16.8578519821167	0.06700822122000653
19	17.734519243240356	0.06700822122000653
20	18.607136726379395	0.06901996545663154
21	19.50278663635254	0.0725512490810902
0	1.5388967990875244	0.01585707236047192
1	2.4923276901245117	0.01585707236047192
2	3.4347891807556152	0.020551142245929317
3	4.385293006896973	0.026825800182637253
0	1.529954433441162	0.01585707236047192
1	2.5192618370056152	0.01585707236047192
2	3.573444366455078	0.020551142245929317
3	4.61336350440979	0.026825800182637253
4	5.585761785507202	0.029168542641219684
5	6.525250434875488	0.029168542641219684
6	7.472717761993408	0.029467426722526294
7	8.415196657180786	0.03439837814050862
8	9.369643449783325	0.03556243624866147
9	10.320103168487549	0.03556243624866147
10	11.288513660430908	0.038531881392621856
11	12.224009990692139	0.03970007300402686
12	13.157514810562134	0.04251212706261825
13	14.090020895004272	0.045600807877312764
14	15.040478706359863	0.04766501580906029
15	15.970991373062134	0.04982461227739513
16	16.89751434326172	0.05901625166294002
17	17.833012342453003	0.06025375894426514
18	18.76950764656067	0.06458757812321135
19	19.702014684677124	0.06458757812321135
20	20.646488666534424	0.06554209941266104
21	21.593965530395508	0.06915541717858492
22	22.53045082092285	0.06915541717858492
23	23.46195960044861	0.07105237720951627
24	24.405476808547974	0.07195475276563137
25	25.345922231674194	0.07796645630314714
26	26.294387578964233	0.0793133424397588
27	27.234870195388794	0.07941540817390703
28	28.181358575820923	0.08205576286664133
29	29.120826959609985	0.08383666684472485
30	30.06230902671814	0.08868717393018552
31	31.004815101623535	0.09026966975216753
32	31.96023392677307	0.09688295699375991
33	32.90570425987244	0.10132043171579791
34	33.85716199874878	0.10357287302641081
35	34.8086154460907	0.10357287302641081
36	35.73713397979736	0.10541959509473962
37	36.6786150932312	0.10635694644760343
38	37.63007068634033	0.11095658168183967
39	38.572550535202026	0.11396513612580093
40	39.51203799247742	0.11602934405754846
41	40.4605028629303	0.12195360810319263
42	41.409963846206665	0.12337235360403338
43	42.36241555213928	0.12337235360403338
44	43.294923305511475	0.12337235360403338
45	44.23939800262451	0.12676119034718986
46	45.17992925643921	0.13041393537490367
47	46.127402544021606	0.13116241742532464
48	47.064841985702515	0.1349671481880006
49	48.01430344581604	0.13555029010833736
50	48.95179486274719	0.14057599413932978
51	49.89427590370178	0.14085325681900993
52	50.829774618148804	0.1415712145377232
53	51.769261598587036	0.14630852722643378
54	52.69578504562378	0.15149702769320159
55	53.63427495956421	0.15542576355344098
56	54.58772373199463	0.15915418348684707
57	55.52920722961426	0.1603815159909361
58	56.47068929672241	0.162836180999114
59	57.425108432769775	0.162836180999114
60	58.363537549972534	0.16588448066665373
61	59.28314471244812	0.16588448066665373
62	60.25547695159912	0.16734074565855217
63	61.21391797065735	0.1716980940098565
64	62.15944814682007	0.17411714729770839
65	63.119818449020386	0.17411714729770839
66	64.09009885787964	0.17727514378232304
67	65.05745267868042	0.17850184036283456
68	66.03090906143188	0.18198352194826858
69	66.97736692428589	0.1858082843036279
70	67.92378616333008	0.19137356948991538
71	68.85934495925903	0.19258627575172763
72	69.79584550857544	0.19258627575172763
73	70.73826003074646	0.19461042049810862
74	71.67282128334045	0.19461042049810862
75	72.61314606666565	0.19523044598592557
76	73.54959559440613	0.19523044598592557
77	74.48707389831543	0.19523044598592557
78	75.42257189750671	0.1958504714737426
79	76.36709237098694	0.20253148457631195
80	77.31756544113159	0.20253148457631195
81	78.25898718833923	0.20253148457631195
82	79.19747829437256	0.2035969745299913
83	80.13696575164795	0.20563447367149415
84	81.08143901824951	0.2072589404495747
85	82.01798057556152	0.20782745612763462
86	82.96544647216797	0.20784271829348838
87	83.90293884277344	0.21071009770330085
88	84.8514199256897	0.21071009770330085
89	85.79590940475464	0.21071009770330085
90	86.7512776851654	0.21075365846834215
91	87.69280505180359	0.2123097634618685
92	88.63727974891663	0.2125065818090268
93	89.56579637527466	0.2140811285862932
94	90.51027083396912	0.2153173640204637
95	91.45376396179199	0.2153173640204637
96	92.41612935066223	0.2153173640204637
97	93.36162781715393	0.21584422670421397
98	94.29715037345886	0.21759842189205303
99	95.23363971710205	0.21817743030913753
0	1.5229289531707764	0.01597344637510829
1	2.4005818367004395	0.016120662683241176
2	3.2712528705596924	0.021817266088230463
3	4.151897192001343	0.02365635707363227
4	5.0275938510894775	0.029046445314387794
5	5.877284288406372	0.029046445314387794
6	6.734990835189819	0.029046445314387794
7	7.609688997268677	0.029519572455860493
8	8.45538854598999	0.04050101874957044
9	9.30312180519104	0.04050101874957044
10	10.168806791305542	0.04050101874957044
11	11.050487518310547	0.042445673048795596
12	11.909154653549194	0.04249813674391845
13	12.774839878082275	0.05536032701734055
14	13.632582664489746	0.05536032701734055
15	14.515183925628662	0.05821816757349408
16	15.380870580673218	0.059737706961328116
17	16.282496690750122	0.06322924536220942
18	17.18255615234375	0.06700822122000653
19	18.09511661529541	0.06700822122000653
20	18.95481777191162	0.06901996545663154
21	19.81754779815674	0.0725512490810902
22	20.71513557434082	0.07304631558597785
23	21.57381319999695	0.07623133882262584
24	22.431520700454712	0.08286910912194227
25	23.300196170806885	0.08286910912194227
26	24.18087863922119	0.08467545004311561
27	25.0545597076416	0.08647670357567079
28	25.909220695495605	0.0908995520554322
29	26.771955966949463	0.0908995520554322
30	27.65654683113098	0.0936397467497945
31	28.511260986328125	0.09541906091893514
32	29.406904220581055	0.09840631192305838
33	30.299479246139526	0.10119833438896654
34	31.18910026550293	0.10937122420376029
35	32.06477403640747	0.11335083395017943
36	32.92545819282532	0.11335083395017943
37	33.800163984298706	0.1188623835941896
38	34.67981266975403	0.1188623835941896
39	35.54844284057617	0.1188623835941896
40	36.404154539108276	0.1188623835941896
41	37.28679442405701	0.1257551592479836
42	38.15447521209717	0.1257551592479836
43	39.01521396636963	0.12778311953582802
44	39.88021659851074	0.13086257945865265
45	40.805742025375366	0.13086257945865265
46	41.65945768356323	0.13647174337177015
47	42.514171838760376	0.13647174337177015
48	43.372875690460205	0.13917569042222955
49	44.30039691925049	0.14249457557188794
50	45.16711902618408	0.14410982145809847
51	46.02980923652649	0.14410982145809847
52	46.8984489440918	0.1476652701784932
53	47.76219201087952	0.14965316728097142
54	48.618847370147705	0.15155076323548003
55	49.48852205276489	0.1539227581786158
56	50.379141330718994	0.16602565570080302
57	51.243829011917114	0.16620244245527802
58	52.10751938819885	0.16620244245527802
59	52.9652624130249	0.16620244245527802
60	53.86282420158386	0.16620244245527802
61	54.717653036117554	0.17137154725293952
62	55.58328890800476	0.1743753322700716
63	56.428091287612915	0.1743753322700716
64	57.31472301483154	0.1767218902701178
65	58.17342400550842	0.1767218902701178
66	59.03313326835632	0.17895271017910447
67	59.905731439590454	0.1829679316458494
68	60.76049852371216	0.183286847319839
69	61.6201913356781	0.1854060626410186
70	62.47291278839111	0.18917963314840955
71	63.34858536720276	0.19355987474849487
72	64.20031023025513	0.19355987474849487
73	65.05701875686646	0.19355987474849487
74	65.91272807121277	0.19811690310305555
75	66.79236507415771	0.1981347089632185
76	67.64110589027405	0.1981347089632185
77	68.48884606361389	0.2064862933032184
78	69.36647844314575	0.2064862933032184
79	70.21620678901672	0.2064862933032184
80	71.07689428329468	0.2064862933032184
81	71.93161916732788	0.21006717896670293
82	72.80822706222534	0.21069674330817856
83	73.66698431968689	0.21210277033747432
84	74.51770353317261	0.2126903637228516
85	75.39630699157715	0.2158073431367337
86	76.3208339214325	0.2158073431367337
87	77.18499946594238	0.2158073431367337
88	78.07660961151123	0.2190683592408622
89	78.96021771430969	0.22148327902546228
90	79.82094478607178	0.22211284336693798
91	80.67366480827332	0.22211284336693798
92	81.5291485786438	0.22250965967914094
93	82.41178965568542	0.22572616113286256
94	83.27698516845703	0.22572616113286256
95	84.1346914768219	0.22572616113286256
96	84.99343395233154	0.22796747378087362
97	85.87806582450867	0.22826826563291225
98	86.73174548149109	0.22826826563291225
99	87.60042381286621	0.2285331278028362
0	1.4720573425292969	0.01727295620521483
1	2.318854570388794	0.02011171905405087
2	3.1755475997924805	0.024171455171203192
3	4.03520131111145	0.032697918494946854
4	4.876511096954346	0.032697918494946854
5	5.716266870498657	0.0361535272137134
6	6.579957485198975	0.0361535272137134
7	7.42968487739563	0.0361535272137134
8	8.276421070098877	0.0381395165454595
9	9.130157947540283	0.038989746368240256
10	10.00385856628418	0.0430056037585625
11	10.865558624267578	0.04545708914885422
12	11.74815845489502	0.0477654917342652
13	12.627841711044312	0.0477654917342652
14	13.51447081565857	0.05122555191807257
15	14.362166404724121	0.05122555191807257
16	15.206907749176025	0.05585443963686215
17	16.06765127182007	0.0565545914954122
18	16.908241987228394	0.06372971721750356
19	17.747060775756836	0.06372971721750356
20	18.59976553916931	0.07098973873715814
21	19.445457220077515	0.07098973873715814
22	20.306155920028687	0.07122471249895121
23	21.188841104507446	0.07355569037135452
24	22.04562544822693	0.07799507286412408
25	22.899388551712036	0.08089774603247352
26	23.76606798171997	0.08089774603247352
27	24.625726222991943	0.08656700472364093
28	25.473459005355835	0.09250843870587064
29	26.335192441940308	0.09494466193030854
30	27.286648988723755	0.09494466193030854
31	28.19917106628418	0.09851123931330476
32	29.068846225738525	0.10515950235164587
33	29.92156481742859	0.10750669627526875
34	30.79555368423462	0.10968791414522973
35	31.642332077026367	0.10968791414522973
36	32.49207258224487	0.11671010024699294
37	33.352763414382935	0.11671010024699294
38	34.218448638916016	0.11954695532509718
39	35.065178871154785	0.11954695532509718
40	35.928882360458374	0.12208556224547179
41	36.80541253089905	0.12452814470568242
42	37.647207498550415	0.12594084893253943
43	38.49895453453064	0.1268330497114188
44	39.36188054084778	0.13204094584729306
45	40.22436285018921	0.13204094584729306
46	41.067137241363525	0.1370949484774731
47	41.9129102230072	0.1395025551409348
48	42.764569997787476	0.1395025551409348
49	43.625269412994385	0.1403712267474559
50	44.476040840148926	0.1467263290166856
51	45.32173252105713	0.1467263290166856
52	46.17604351043701	0.1470449267288868
53	47.02981472015381	0.15498475055261904
54	47.889464139938354	0.15540032661035066
55	48.740188121795654	0.1586104688282995
56	49.60687065124512	0.1586104688282995
57	50.469603300094604	0.16231504162755875
58	51.32527494430542	0.16710163839350609
59	52.17300796508789	0.16710163839350609
60	53.03370642662048	0.16710163839350609
61	53.901424407958984	0.17176550190904424
62	54.74812173843384	0.17176550190904424
63	55.59585499763489	0.17176550190904424
64	56.45655369758606	0.17387931187981706
65	57.31326222419739	0.17576291751562642
66	58.15900206565857	0.18235299354664958
67	59.02369022369385	0.18235299354664958
68	59.87644839286804	0.18459462415644975
69	60.748077154159546	0.18459462415644975
70	61.59581160545349	0.18645660839063222
71	62.44354438781738	0.1887135011662859
72	63.2963011264801	0.1927245891297788
73	64.15837049484253	0.19752167863475062
74	65.00116872787476	0.19806253163720008
75	65.84590482711792	0.1991954294900678
76	66.69364547729492	0.20087649346652311
77	67.55827927589417	0.20516039264465577
78	68.39608573913574	0.20544655825441738
79	69.2428195476532	0.21036097565939155
80	70.10759949684143	0.2128359902220416
81	71.01218056678772	0.2128359902220416
82	71.90381193161011	0.21602705473267303
83	72.77247333526611	0.2170031974237492
84	73.65012645721436	0.21855230725792535
85	74.51982402801514	0.21862543846930924
86	75.36454176902771	0.22303461459215923
87	76.20929861068726	0.22303461459215937
88	77.07695531845093	0.22320790376695931
89	77.9186680316925	0.22642758483856693
90	78.75647163391113	0.23199445983379727
91	79.61121416091919	0.23199445983379727
92	80.46385955810547	0.2324583660833999
93	81.29967021942139	0.2324583660833999
94	82.14237213134766	0.235836074163954
95	82.98411989212036	0.235836074163954
96	83.83484506607056	0.23709742857942603
97	84.67964792251587	0.23709742857942603
98	85.52038335800171	0.23709742857942603
99	86.36807107925415	0.2384891473282337
0	1.5892581939697266	0.01597344637510829
1	2.6494252681732178	0.01598330319055559
2	3.558990716934204	0.01598330319055559
3	4.463609457015991	0.01966466477924536
4	5.3582236766815186	0.020079922875188307
5	6.2219157218933105	0.020079922875188307
6	7.079576015472412	0.020326979184949395
7	7.934328556060791	0.027297019553377874
8	8.820965766906738	0.027297019553377874
9	9.716525793075562	0.04220243228049805
10	10.583244323730469	0.04220243228049805
11	11.466919183731079	0.04220243228049805
12	12.330573081970215	0.04220243228049805
13	13.187282085418701	0.04220243228049805
14	14.047878980636597	0.04220243228049805
15	14.90355134010315	0.04311053114880851
16	15.779209852218628	0.04311053114880851
17	16.633926153182983	0.04311053114880851
18	17.498652696609497	0.04311053114880851
19	18.359312534332275	0.046764548023676494
20	19.215025663375854	0.046764548023676494
21	20.06774377822876	0.04835944435541489
22	20.92947769165039	0.04886150601965237
23	21.791173934936523	0.04892923188062922
24	22.64784550666809	0.04892923188062922
25	23.50654911994934	0.04892923188062922
26	24.36625027656555	0.05012794782374202
27	25.235923528671265	0.05012794782374202
28	26.09163522720337	0.05012794782374202
29	26.946349382400513	0.05012794782374202
30	27.80044674873352	0.054256363687237213
31	28.677157878875732	0.054256363687237213
32	29.54085397720337	0.05806808960926292
33	30.403144121170044	0.06173800457356272
34	31.256864070892334	0.06173800457356272
35	32.12460470199585	0.06173800457356272
36	32.973313093185425	0.07228543302580082
37	33.82802987098694	0.07228543302580082
38	34.69367337226868	0.07228543302580082
39	35.552377223968506	0.07228543302580082
40	36.404099464416504	0.07228543302580082
41	37.251832723617554	0.07501608886650506
42	38.11556100845337	0.07501608886650506
43	38.970274209976196	0.07501608886650506
44	39.82495164871216	0.07501608886650506
45	40.68967056274414	0.07501608886650506
46	41.572359561920166	0.07501608886650506
47	42.43699860572815	0.07501608886650506
48	43.29171276092529	0.07501608886650506
49	44.15245032310486	0.07501608886650506
50	45.01815128326416	0.07501608886650506
51	45.889764070510864	0.07501608886650506
52	46.7424840927124	0.07599286748115822
53	47.59819531440735	0.0784386295592541
54	48.465877056121826	0.0784386295592541
55	49.326273918151855	0.0784386295592541
56	50.1913800239563	0.079036397721868
57	51.04515266418457	0.08106245023898068
58	51.9018075466156	0.0863921257398975
59	52.76721453666687	0.0863921257398975
60	53.624921560287476	0.0863921257398975
61	54.47968125343323	0.0863921257398975
62	55.334375858306885	0.0904499540863182
63	56.20205545425415	0.0904499540863182
64	57.05280041694641	0.0904499540863182
65	57.911458253860474	0.0904499540863182
66	58.7663209438324	0.09052244937412444
67	59.637019634246826	0.09105408148470384
68	60.5755729675293	0.09388489528882431
69	61.47310972213745	0.09388489528882431
70	62.32288336753845	0.09731792872059858
71	63.19156074523926	0.09731792872059858
72	64.05024433135986	0.09731792872059858
73	64.90498352050781	0.09731792872059858
74	65.76762557029724	0.09731792872059858
75	66.63238286972046	0.09731792872059858
76	67.48409724235535	0.09731792872059858
77	68.33979988098145	0.09912109002388585
78	69.2503125667572	0.09912109002388585
79	70.15176820755005	0.09912109002388585
80	71.02808618545532	0.09912109002388585
81	71.90976667404175	0.09912109002388585
82	72.77847027778625	0.09912109002388585
83	73.63314700126648	0.09912109002388585
84	74.4958643913269	0.09912109002388585
85	75.36548686027527	0.10077417336294248
86	76.23321270942688	0.10327239913616218
87	77.08792757987976	0.10327239913616218
88	77.94563460350037	0.10327239913616218
89	78.80730891227722	0.10353916907681772
90	79.68100905418396	0.10353916907681772
91	80.55066776275635	0.10353916907681772
92	81.40639400482178	0.10353916907681772
93	82.26707792282104	0.10353916907681772
94	83.134756565094	0.10467397470041724
95	83.99956202507019	0.10467397470041724
96	84.86422944068909	0.1063531309061411
97	85.7219786643982	0.1063531309061411
98	86.59561467170715	0.1063531309061411
99	87.44036054611206	0.10639224020614185
0	1.6928009986877441	0.01597344637510829
1	2.5933730602264404	0.021491037293102127
2	3.5268890857696533	0.021491037293102127
3	4.456364870071411	0.022210266858969787
4	5.368924856185913	0.022210266858969787
5	6.3014326095581055	0.024539018998852663
6	7.21104884147644	0.037838724693421096
7	8.140512943267822	0.037838724693421096
8	9.077646970748901	0.037838724693421096
9	9.995196104049683	0.039036168789379495
10	10.94670295715332	0.03937002866743477
11	11.900154113769531	0.03937002866743477
12	12.894494533538818	0.04384311510979848
13	13.911773681640625	0.04427745091305892
14	14.901127338409424	0.046732115921236904
15	15.866547346115112	0.05478100063846702
16	16.779143571853638	0.05478100063846702
17	17.653804779052734	0.05478100063846702
18	18.530423164367676	0.05478100063846702
19	19.443980932235718	0.05709576245965046
20	20.338627099990845	0.05709576245965046
21	21.296029090881348	0.05709576245965046
22	22.239559412002563	0.05904677599464803
23	23.08923101425171	0.05904677599464803
24	23.940056800842285	0.07030007961763218
25	24.79879927635193	0.07030007961763218
26	25.654020309448242	0.0716021331420478
27	26.50075888633728	0.0716021331420478
28	27.34953260421753	0.0738418559811159
29	28.19426703453064	0.07543230084781362
30	29.08684206008911	0.07833370216900842
31	29.980506658554077	0.07833370216900842
32	30.852121353149414	0.07916708001699216
33	31.73276662826538	0.08239343828616083
34	32.63734841346741	0.08329962938373942
35	33.52896451950073	0.08350948416423122
36	34.478424310684204	0.08350948416423122
37	35.362061738967896	0.08786683251553604
38	36.236722469329834	0.09206647181968312
39	37.09325671195984	0.09206647181968312
40	37.97792887687683	0.09363020789613616
41	38.853596210479736	0.09686133559213445
42	39.70028614997864	0.0982018624929735
43	40.5538215637207	0.09957672926698405
44	41.41360116004944	0.10154427681498973
45	42.29627752304077	0.10327144525079616
46	43.13704538345337	0.10327144525079616
47	44.01485323905945	0.10389433239471044
48	44.90751504898071	0.10677379435249013
49	45.78611898422241	0.10677379435249013
50	46.738571882247925	0.11129680079566812
51	47.72792673110962	0.11129680079566812
52	48.62358784675598	0.11129680079566812
53	49.52412414550781	0.11376768185506578
54	50.39782404899597	0.11376768185506578
55	51.26845932006836	0.11376768185506578
56	52.186004638671875	0.11600009157299575
57	53.09557271003723	0.11600009157299575
58	53.95028638839722	0.11928654462021472
59	54.879847049713135	0.12451033884552046
60	55.836289167404175	0.12451033884552046
61	56.795323848724365	0.12451033884552046
62	57.74101758003235	0.12567757657155915
63	58.63863277435303	0.12567757657155915
64	59.55604815483093	0.12567757657155915
65	60.480045795440674	0.12567757657155915
66	61.43052530288696	0.12567757657155915
67	62.31885647773743	0.13330579784243954
68	63.17670130729675	0.13330579784243954
69	64.02954173088074	0.13608573776038
70	64.92283987998962	0.13608573776038
71	65.82011985778809	0.13608573776038
72	66.75864601135254	0.1391299039246671
73	67.80386352539062	0.1461225195800881
74	68.8709967136383	0.1461225195800881
75	69.79552412033081	0.1461225195800881
76	70.70612812042236	0.1461225195800881
77	71.57582020759583	0.15001373594926984
78	72.44349193572998	0.1504264503509037
79	73.35904908180237	0.1506782760874941
80	74.27558183670044	0.15443086111683563
81	75.1980767250061	0.15443086111683563
82	76.08974647521973	0.1567077854851725
83	76.98833513259888	0.1567077854851725
84	78.01075053215027	0.1567077854851725
85	79.08188676834106	0.1598161799307616
86	79.97853350639343	0.16065877867061554
87	80.89507579803467	0.16065877867061554
88	81.79263639450073	0.1607452642771212
89	82.70724630355835	0.16383362713002725
90	83.65565657615662	0.16383362713002725
91	84.66055297851562	0.1673067237471682
92	85.61168909072876	0.1673067237471682
93	86.60639119148254	0.17042179539031846
94	87.48518586158752	0.17042179539031846
95	88.38671088218689	0.17042179539031846
96	89.3606345653534	0.1708138422756917
97	90.33805561065674	0.17165866674806593
98	91.29603838920593	0.1752039406912245
99	92.29587602615356	0.1766408100140167
0	1.8380706310272217	0.01850919163938549
1	2.978048324584961	0.021018864036995433
2	4.164889335632324	0.025492904364724844
0	1.7403316497802734	0.01850919163938549
1	2.8453848361968994	0.021018864036995433
2	3.9663946628570557	0.025492904364724844
3	5.076419830322266	0.025492904364724844
4	6.214398384094238	0.025492904364724844
5	7.295496463775635	0.025492904364724844
6	8.374606609344482	0.02889891104446626
7	9.482597827911377	0.02889891104446626
8	10.5637526512146	0.03270841123397151
9	11.655857563018799	0.037617741250327366
10	12.745918273925781	0.037617741250327366
11	13.837019443511963	0.04151563481706996
12	14.924084663391113	0.04860586474159891
13	16.027098417282104	0.050843997771723715
14	17.121216535568237	0.05805727890845004
15	18.21730613708496	0.058473808851547626
16	19.324308395385742	0.06111925093289994
17	20.418406009674072	0.06838022633791997
18	21.513723134994507	0.0723693749379976
19	22.619727849960327	0.07536743664293385
20	23.72281551361084	0.07971397429342514
21	24.822882175445557	0.08293715294470769
22	25.940847396850586	0.08456702507319461
23	27.050877571105957	0.09559839136771899
24	28.18983221054077	0.09570649837585116
25	29.33354115486145	0.09570649837585116
26	30.435593843460083	0.10573501318905507
27	31.53066635131836	0.10573501318905507
28	32.62288236618042	0.10906598088668092
29	33.710933685302734	0.11687925591854081
30	34.808111906051636	0.11865316473727464
31	35.91110849380493	0.12092945318203467
32	37.025174379348755	0.12263023078938479
33	38.12518644332886	0.12721460385776773
34	39.239246129989624	0.12911824108626
35	40.337271213531494	0.132250482665996
36	41.42846941947937	0.13911050825556137
37	42.550469160079956	0.14297183621661183
38	43.6897349357605	0.1486900610232274
39	44.80380201339722	0.1505504554484668
40	45.91684150695801	0.1505504554484668
41	47.024842977523804	0.1526168891127349
42	48.14088034629822	0.15615516789654477
43	49.25855374336243	0.15637487949248416
44	50.36659216880798	0.1611334956210322
45	51.47463083267212	0.16150360314299073
46	52.59762787818909	0.16517765161054224
47	53.70965361595154	0.16713438845773462
48	54.82670474052429	0.17012799869763062
49	55.957642555236816	0.17209045885701826
50	57.07565212249756	0.17710662403435237
51	58.19665503501892	0.17710662403435237
52	59.38846683502197	0.18190085188322644
53	60.51816439628601	0.18246173647835962
54	61.679112911224365	0.1866950797321008
55	62.826990604400635	0.18897868129799875
56	63.94905138015747	0.18981364895492567
57	65.08002805709839	0.1940838757761472
58	66.22290921211243	0.1955032572005653
59	67.34896302223206	0.19915282261039274
60	68.4918417930603	0.19915282261039274
61	69.62587070465088	0.20140017653238787
62	70.75383853912354	0.20140017653238787
63	71.87579250335693	0.20140017653238787
64	73.00178217887878	0.20140017653238787
65	74.13674640655518	0.20317344942754448
66	75.25475788116455	0.20471588206415997
67	76.38379859924316	0.20471588206415997
68	77.49283528327942	0.20471588206415997
69	78.60290741920471	0.2053448104820585
70	79.74281859397888	0.20807928186422575
71	80.85142803192139	0.2112194724886772
72	81.96350526809692	0.2112194724886772
73	83.08944487571716	0.21190817772283707
74	84.20745396614075	0.21343248653750094
75	85.32152080535889	0.21389130539848542
76	86.43751573562622	0.21685025780342096
77	87.59439826011658	0.21858537528394287
78	88.73332595825195	0.21858537528394287
79	89.90123176574707	0.22217579980108618
80	91.01622104644775	0.22217579980108618
81	92.13328003883362	0.22440121435966617
82	93.25330781936646	0.22440121435966617
83	94.374267578125	0.22440121435966617
84	95.4963366985321	0.22703648166378232
85	96.6270740032196	0.22703648166378232
86	97.73411512374878	0.22703648166378232
87	98.8501787185669	0.22703648166378232
88	99.97711706161499	0.2278339298296517
89	101.08116507530212	0.22813885518494204
90	102.18720698356628	0.2286790722638146
91	103.30721235275269	0.22930132348415186
92	104.43221473693848	0.2301191212044928
93	105.56223154067993	0.23061641344190092
94	106.68020296096802	0.23163897855411597
95	107.80519437789917	0.23241607716551332
96	108.9202516078949	0.23285486443381428
97	110.07515692710876	0.23385199260293973
98	111.18883848190308	0.2346249577110849
99	112.30585265159607	0.23549903466801247
0	1.7343626022338867	0.01850919163938549
1	2.8384106159210205	0.02326971553866527
2	3.954887628555298	0.032545932759984506
3	5.075852870941162	0.032545932759984506
4	6.158957004547119	0.03571537586898949
5	7.244055271148682	0.03571537586898949
6	8.352620124816895	0.03571537586898949
7	9.473695755004883	0.03685304314868636
8	10.567578792572021	0.03904443579588364
9	11.660663604736328	0.0461960323456167
10	12.74378252029419	0.046719715411480574
11	13.838843822479248	0.05666079073281315
12	14.957378387451172	0.05666079073281315
13	16.061156272888184	0.059457264663761895
14	17.1462562084198	0.059457264663761895
15	18.24731183052063	0.06004930951418008
16	19.346373081207275	0.06352812944351628
17	20.4344642162323	0.06352812944351628
18	21.53452157974243	0.06409855289230758
19	22.625604152679443	0.06609376311592387
20	23.724125623703003	0.06891789972248315
21	24.88996982574463	0.0764275212462069
22	25.99306607246399	0.07741097705842116
23	27.087158679962158	0.07747425145435739
24	28.201167583465576	0.07933146626171089
25	29.29818296432495	0.08559149795614186
26	30.404280424118042	0.08559149795614186
27	31.513275861740112	0.09063055638225641
28	32.610368967056274	0.09191130646683439
29	33.71144342422485	0.09336184814653735
30	34.82242679595947	0.09739105993198184
31	35.92055153846741	0.1040466360914612
32	37.02852725982666	0.1040466360914612
33	38.137561559677124	0.10494710387684451
34	39.24593424797058	0.10753976430128545
35	40.34018421173096	0.11212222959893596
36	41.46123433113098	0.11295210986724467
37	42.60811948776245	0.1154493817550983
38	43.73567461967468	0.11952692373241393
39	44.864646911621094	0.11952692373241393
40	45.960678815841675	0.12289731869182952
41	47.058740854263306	0.1244756810105597
42	48.17375922203064	0.12801395979436866
43	49.29580497741699	0.13057037257490678
44	50.397849559783936	0.13780845473114542
45	51.5048508644104	0.13780845473114542
46	52.60091996192932	0.13874548812222046
47	53.70197606086731	0.14429614706623145
48	54.82098340988159	0.14429614706623145
49	55.931061029434204	0.14525384797356722
50	57.02708411216736	0.14778991119963297
51	58.14141631126404	0.15468745628025543
52	59.24746584892273	0.15468745628025543
53	60.36746335029602	0.15573386852661758
54	61.480478048324585	0.15631192305833644
55	62.590044021606445	0.15764354702909414
56	63.701658964157104	0.1642933998763784
57	64.82764959335327	0.1642933998763784
58	65.93369197845459	0.16605459022356692
59	67.03474712371826	0.16664154768536715
60	68.14878058433533	0.17141733375050092
61	69.26085758209229	0.17141733375050092
62	70.38159537315369	0.17271175619198958
63	71.49466753005981	0.17271175619198958
64	72.58969187736511	0.17271175619198958
65	73.68975019454956	0.17682999727824908
66	74.81374621391296	0.1781489027774619
67	75.92931151390076	0.18118543785882202
68	77.02732920646667	0.18251706182957975
69	78.13736081123352	0.18251706182957975
70	79.24639534950256	0.18251706182957975
71	80.34745121002197	0.18316284222227525
72	81.47044849395752	0.1834025854108977
73	82.57352495193481	0.18455392504750523
74	83.6775472164154	0.18455392504750523
75	84.80059003829956	0.18455392504750523
76	85.89561581611633	0.18502132887678263
77	86.99866604804993	0.18546838315158828
78	88.11268615722656	0.1907681702443746
79	89.21673345565796	0.1907681702443746
80	90.31783676147461	0.1907681702443746
81	91.43779420852661	0.1907681702443746
82	92.54386448860168	0.1925563873435961
83	93.64987969398499	0.1980997331664689
84	94.7599105834961	0.1980997331664689
85	95.85597896575928	0.20079636709578974
86	96.94905662536621	0.20079636709578974
87	98.05310487747192	0.20079636709578974
88	99.1431884765625	0.20079636709578974
89	100.24324679374695	0.20079636709578974
90	101.37422370910645	0.2024360960397242
91	102.51922869682312	0.2024360960397242
92	103.67010474205017	0.20513272996904505
93	104.78113412857056	0.20513272996904505
94	105.87121891975403	0.20513272996904505
95	106.97152495384216	0.20572827239913813
96	108.07952404022217	0.2062707152105307
97	109.19267058372498	0.2062707152105307
98	110.29571104049683	0.20853810072520898
99	111.41072201728821	0.2091295096520499
0	1.7303540706634521	0.01850919163938549
1	2.84736704826355	0.01850919163938549
2	3.9743082523345947	0.01850919163938549
3	5.095239639282227	0.02166210073538178
4	6.195299386978149	0.021668142009365687
5	7.285656213760376	0.021668142009365687
6	8.381724119186401	0.026220400937096846
7	9.474825143814087	0.026220400937096846
8	10.566834926605225	0.027212441717603692
9	11.666939973831177	0.027212441717603692
10	12.754048585891724	0.030969160250197452
11	13.858095645904541	0.034457519033192566
12	14.965120077133179	0.03692172289502916
13	16.070119857788086	0.03768069768447486
14	17.17117404937744	0.04036143352436444
15	18.27226996421814	0.04036143352436444
16	19.36234188079834	0.04857661225704495
17	20.503302812576294	0.04986022399772056
18	21.61229968070984	0.05206942250508074
19	22.71136236190796	0.05206942250508074
20	23.801445484161377	0.054586725985617646
21	24.90354323387146	0.057649651895433605
22	25.99263644218445	0.0603011352507701
23	27.074737071990967	0.06946066049566473
24	28.169808626174927	0.06946066049566473
25	29.255920886993408	0.07197701009083572
26	30.35596251487732	0.07197701009083572
27	31.449040174484253	0.07436999051202038
28	32.53012800216675	0.07645963538685795
29	33.615248918533325	0.08382903576179876
30	34.71829652786255	0.08382903576179876
31	35.80534529685974	0.08602487987403686
32	36.92378568649292	0.08686843249925646
33	38.019065856933594	0.09205884073675606
34	39.11413908004761	0.09205884073675606
35	40.20522141456604	0.09217839436927876
36	41.306296586990356	0.09217839436927876
37	42.392372369766235	0.09391224000264618
38	43.47049117088318	0.09436851516932143
39	44.566609382629395	0.10311564397437033
40	45.65166616439819	0.10311564397437033
41	46.734760999679565	0.10556299586140991
42	47.82584309577942	0.10556299586140991
43	48.89598107337952	0.10556299586140991
44	49.98111844062805	0.10556299586140991
45	51.07339262962341	0.10558143764515038
46	52.17148947715759	0.10558143764515038
47	53.24756646156311	0.10558143764515038
48	54.336716175079346	0.10684438186956528
49	55.40785360336304	0.10684438186956528
50	56.491955518722534	0.10684438186956528
51	57.62691926956177	0.10684438186956528
52	58.73996543884277	0.10684438186956528
53	59.85598039627075	0.1071292756321723
54	60.945107221603394	0.1071292756321723
55	62.02218747138977	0.1071292756321723
56	63.109320402145386	0.1071292756321723
57	64.19737076759338	0.1071292756321723
58	65.27947854995728	0.1071292756321723
59	66.39050626754761	0.1071292756321723
60	67.48661661148071	0.1071292756321723
61	68.57865595817566	0.1071292756321723
62	69.66674661636353	0.1071292756321723
63	70.75383877754211	0.1071292756321723
64	71.83793902397156	0.1071292756321723
65	72.9111156463623	0.1071292756321723
66	74.00314903259277	0.1071292756321723
67	75.09850525856018	0.1071292756321723
68	76.18256759643555	0.1071292756321723
69	77.27668070793152	0.1071292756321723
70	78.35279178619385	0.1071292756321723
71	79.43992519378662	0.1071292756321723
72	80.53796625137329	0.1071292756321723
73	81.61204957962036	0.1071292756321723
74	82.6981828212738	0.1071292756321723
75	83.78029584884644	0.1071292756321723
76	84.86534905433655	0.1071292756321723
77	85.94745564460754	0.1071292756321723
78	87.03591680526733	0.1071292756321723
79	88.11803793907166	0.1071292756321723
80	89.19014692306519	0.1071292756321723
81	90.28318738937378	0.1071292756321723
82	91.38929152488708	0.1071292756321723
83	92.46840763092041	0.1071292756321723
84	93.56846714019775	0.1071292756321723
85	94.65555930137634	0.1071292756321723
86	95.73267960548401	0.1071292756321723
87	96.82750630378723	0.1071292756321723
88	97.94751620292664	0.1071292756321723
89	99.03067326545715	0.1071292756321723
90	100.12773156166077	0.1071292756321723
91	101.20580410957336	0.1071292756321723
92	102.28491735458374	0.1071292756321723
93	103.36952471733093	0.1071292756321723
94	104.44472050666809	0.1071292756321723
95	105.5307469367981	0.1071292756321723
96	106.61983323097229	0.1071292756321723
97	107.71793627738953	0.1071292756321723
98	108.79800820350647	0.1071292756321723
99	109.89507484436035	0.1071292756321723
