0	0.3121192455291748	0.007463358083478956
1	0.5056014060974121	0.011035340816881973
2	0.7000818252563477	0.011035340816881973
3	0.906529426574707	0.011035340816881973
4	1.1010096073150635	0.011419597638434191
5	1.2974841594696045	0.011419597638434191
6	1.497948169708252	0.013736903153926542
7	1.6944239139556885	0.013736903153926542
8	1.8889026641845703	0.013736903153926542
9	2.0843799114227295	0.01556788611371838
10	2.2868385314941406	0.01556788611371838
11	2.479323625564575	0.01556788611371838
12	2.6777942180633545	0.016037674656410483
13	2.875264883041382	0.016937188556428017
14	3.076726198196411	0.016937188556428017
15	3.2781877517700195	0.016937188556428017
16	3.4756855964660645	0.017495370476357623
17	3.676149606704712	0.017675336848718845
18	3.8775856494903564	0.01818264488246858
19	4.07306170463562	0.020344944026006714
20	4.276517868041992	0.020695655878859066
21	4.474987030029297	0.020695655878859066
22	4.677445650100708	0.020695655878859066
23	4.878906965255737	0.021904546599207875
24	5.075381517410278	0.022013607492705936
25	5.280832052230835	0.022013607492705936
26	5.476309299468994	0.022326958835394983
27	5.674778461456299	0.02243236316832387
28	5.8742451667785645	0.0235388701927357
29	6.068724870681763	0.0235388701927357
30	6.271183729171753	0.0235388701927357
31	6.4706501960754395	0.024012315295996966
32	6.665130138397217	0.024605473012675214
33	6.863599538803101	0.025602124239117414
34	7.0600738525390625	0.02640497775539325
35	7.263530731201172	0.026434866163523914
36	7.4629967212677	0.026756007570034254
37	7.660468339920044	0.02681578438629557
38	7.863924741744995	0.027820861600136325
39	8.06239366531372	0.027820861600136325
40	8.266847133636475	0.028296373455023654
41	8.463321685791016	0.028296373455023654
42	8.662788152694702	0.028373956131447917
43	8.865246772766113	0.02896170849771955
44	9.063716173171997	0.02896170849771955
45	9.264180421829224	0.02926901856642473
46	9.463646650314331	0.02946106748675368
47	9.663113117218018	0.030404301132707045
48	9.866569995880127	0.030404301132707045
49	10.066035509109497	0.03046137527376507
50	10.268494606018066	0.03085342215913859
51	10.467961072921753	0.030937682033123946
52	10.673411846160889	0.031156280762803017
53	10.87686824798584	0.03227804995306882
54	11.077331304550171	0.03227804995306882
55	11.277795314788818	0.03227804995306882
56	11.477262020111084	0.03241397861770561
57	11.678724765777588	0.03250491568925212
58	11.882179260253906	0.03250491568925212
59	12.079651117324829	0.03294688257543959
60	12.284104347229004	0.03358105736285033
61	12.48357105255127	0.03377390118765084
62	12.68602967262268	0.03446832973400588
63	12.890483140945435	0.035298527964103356
64	13.089949607849121	0.03559979675882468
65	13.298394203186035	0.036151778423876145
66	13.500859022140503	0.036151778423876145
67	13.701314449310303	0.036527132315346864
68	13.904770374298096	0.036527132315346864
69	14.10423731803894	0.036527132315346864
70	14.308690309524536	0.04065141467558992
71	14.509154319763184	0.041725966540245046
72	14.711613893508911	0.041725966540245046
73	14.916068077087402	0.041725966540245046
74	15.117527484893799	0.041725966540245046
75	15.321980714797974	0.041725966540245046
76	15.523442029953003	0.04213947584635067
77	15.730888366699219	0.04283390439270568
78	15.934343099594116	0.04283390439270568
79	16.135804414749146	0.04283390439270568
80	16.344247341156006	0.04429970823826272
81	16.54575514793396	0.04429970823826272
82	16.751158952713013	0.04513562978055549
83	16.95561194419861	0.04513562978055549
84	17.157073259353638	0.04513562978055549
85	17.363521099090576	0.04513562978055549
86	17.56797456741333	0.0465786993582259
87	17.76943588256836	0.0465786993582259
88	17.98386240005493	0.0465786993582259
89	18.186321258544922	0.047312078223687354
90	18.397756338119507	0.047312078223687354
91	18.60021448135376	0.047512394150520526
92	18.8066623210907	0.04762177300580721
93	19.00914692878723	0.047673123834670025
94	19.214571475982666	0.04771334600093098
95	19.417030096054077	0.04815849250500467
96	19.62048625946045	0.04815849250500467
97	19.82693386077881	0.049159436215593336
98	20.032384395599365	0.049159436215593336
99	20.234843015670776	0.04952143571194184
0	0.31416893005371094	0.007448731841202241
1	0.5115792751312256	0.007448731841202241
2	0.7110459804534912	0.007592450569660311
3	0.9065232276916504	0.008127103317231755
4	1.109980583190918	0.00846287096601877
5	1.3104429244995117	0.011308946935993018
6	1.5039258003234863	0.011308946935993018
7	1.7013976573944092	0.011308946935993018
8	1.899479627609253	0.011868877645760022
9	2.0940070152282715	0.011932628984379152
10	2.2914798259735107	0.013370770154325909
11	2.487954616546631	0.014091430548242426
12	2.6853795051574707	0.014091430548242426
13	2.8858907222747803	0.015947850451124165
14	3.082406997680664	0.017047839258869192
15	3.2818732261657715	0.01884925177231897
16	3.477351665496826	0.01884925177231897
17	3.6827642917633057	0.020150033449580117
18	3.883265256881714	0.020150033449580117
19	4.080754995346069	0.021105508624395516
20	4.2812206745147705	0.021851446980507627
21	4.478692531585693	0.0218999361532728
22	4.675252437591553	0.023019320630123918
23	4.881700277328491	0.023019320630123918
24	5.079172134399414	0.023019320630123918
25	5.277641534805298	0.023639028156152285
26	5.475113391876221	0.023639028156152285
27	5.67059063911438	0.024518828425275137
28	5.870057106018066	0.024518828425275137
29	6.067529201507568	0.024746171104141367
30	6.266995906829834	0.025346006018380697
31	6.463470458984375	0.025687814941151618
32	6.657950401306152	0.026049337494817193
33	6.857417106628418	0.02646793418954083
34	7.052894115447998	0.026970631777355477
35	7.2503662109375	0.027622294463140573
36	7.447838306427002	0.027812117650949188
37	7.653288841247559	0.028942630790402133
38	7.873700141906738	0.02948555054447773
39	8.077156066894531	0.02948555054447773
40	8.284600496292114	0.030257720748151376
41	8.486061811447144	0.03124022267499981
42	8.69849443435669	0.03150985427175304
43	8.904529094696045	0.0326348030799051
44	9.102683305740356	0.03325816716650263
45	9.3051438331604	0.03382970348155443
46	9.508599281311035	0.03382970348155444
47	9.71006155014038	0.03552507573849808
48	9.924522638320923	0.03571696567793272
49	10.132973432540894	0.03709008366210586
50	10.336437463760376	0.03794667272065915
51	10.534899234771729	0.03812075679993084
52	10.735324144363403	0.03812075679993084
53	10.93678617477417	0.03812075679993084
54	11.132786273956299	0.039151270956861516
55	11.33524489402771	0.04046969951339131
56	11.535708665847778	0.04046969951339131
57	11.735175371170044	0.04099878792966179
58	11.93464183807373	0.04099878792966179
59	12.13111686706543	0.04219416527399407
60	12.334572553634644	0.04219416527399407
61	12.53403925895691	0.04219416527399407
62	12.732508420944214	0.04537457806470651
63	12.934967041015625	0.04537457806470651
64	13.13343620300293	0.04537457806470651
65	13.33589482307434	0.04739061478547755
66	13.533366680145264	0.04739061478547755
67	13.736822843551636	0.04780587288142062
68	13.939281463623047	0.04780587288142062
69	14.137750625610352	0.04855848843509383
70	14.342203617095947	0.04855848843509383
71	14.541670322418213	0.05111044975059081
72	14.743131637573242	0.05111044975059081
73	14.94359540939331	0.051646215364422404
74	15.144059419631958	0.051841125940848984
75	15.348512887954712	0.05224191677540965
76	15.547578573226929	0.05307243296729575
77	15.751634120941162	0.05307243296729575
78	15.954092979431152	0.05342346278193674
79	16.162535429000854	0.05342346278193674
80	16.373969793319702	0.05342346278193674
81	16.589393854141235	0.054053027123412443
82	16.802823066711426	0.054148097698211085
83	17.010552644729614	0.05466653439456263
84	17.216745138168335	0.055108819242538756
85	17.422223329544067	0.05534013644376279
86	17.620664834976196	0.05576922587751099
87	17.828110218048096	0.05629879123646443
88	18.03156614303589	0.05706476118525984
89	18.237016677856445	0.057722783106817374
90	18.44148349761963	0.057722783106817374
91	18.64392852783203	0.05834710107878078
92	18.855363130569458	0.059059494466193074
93	19.05881929397583	0.05988381040320101
94	19.263272285461426	0.05988381040320101
95	19.46772575378418	0.06026011818003764
96	19.66918706893921	0.06026011818003764
97	19.877630949020386	0.06149810240404552
98	20.084078073501587	0.06239364178170525
99	20.29152274131775	0.06239364178170525
0	0.33361124992370605	0.009427408051809928
1	0.5380465984344482	0.009427408051809928
2	0.745521068572998	0.009427408051809928
3	0.9519405364990234	0.009427408051809928
4	1.1553959846496582	0.009427408051809928
5	1.361863374710083	0.009427408051809928
6	1.5662968158721924	0.009730107674580091
7	1.7777462005615234	0.011483507957947623
8	1.9812078475952148	0.011483507957947623
9	2.187609910964966	0.011483507957947623
10	2.391111135482788	0.011483507957947623
11	2.595564603805542	0.011483507957947623
12	2.804997444152832	0.011483507957947623
13	3.012430429458618	0.012853605305128826
14	3.221884250640869	0.012853605305128826
15	3.427333116531372	0.012853605305128826
16	3.6317737102508545	0.012853605305128826
17	3.841228485107422	0.013073157920173778
18	4.046639680862427	0.01594371694787203
19	4.255082130432129	0.01621891287592621
20	4.466561794281006	0.016613503455608705
21	4.671967506408691	0.016613503455608705
22	4.876465082168579	0.019545588089405763
23	5.078929662704468	0.019545588089405763
24	5.292334318161011	0.019545588089405763
25	5.505782842636108	0.019545588089405763
26	5.714217901229858	0.019545588089405763
27	5.917635440826416	0.019545588089405763
28	6.123131275177002	0.019545588089405763
29	6.3405420780181885	0.019545588089405763
30	6.556925535202026	0.019545588089405763
31	6.772350072860718	0.019545588089405763
32	6.980793237686157	0.019545588089405763
33	7.2012035846710205	0.019545588089405763
34	7.415629625320435	0.019545588089405763
35	7.6241583824157715	0.019545588089405763
36	7.831722021102905	0.019545588089405763
37	8.044155359268188	0.019545588089405763
38	8.256587266921997	0.019545588089405763
39	8.472010850906372	0.019545588089405763
40	8.698434829711914	0.019691373569489898
41	8.907883882522583	0.019691373569489898
42	9.111301898956299	0.019691373569489898
43	9.31874704360962	0.019691373569489898
44	9.523777961730957	0.019691373569489898
45	9.736209869384766	0.019900433445510252
46	9.94251561164856	0.019900433445510252
47	10.150959730148315	0.019900433445510252
48	10.364435195922852	0.019900433445510252
49	10.56992769241333	0.019900433445510252
50	10.779368877410889	0.019901387330876125
51	10.981827974319458	0.019901387330876125
52	11.189273357391357	0.019901387330876125
53	11.392766952514648	0.020243673196329963
54	11.596184730529785	0.020243673196329963
55	11.804627418518066	0.02024844262315932
56	12.00908088684082	0.02024844262315932
57	12.214531183242798	0.02024844262315932
58	12.417986869812012	0.020832538428861763
59	12.62348222732544	0.020832538428861763
60	12.83188009262085	0.020832538428861763
61	13.036161422729492	0.020832538428861763
62	13.240614891052246	0.020832538428861763
63	13.443073511123657	0.021182773339031194
64	13.646529197692871	0.021182773339031194
65	13.852977275848389	0.021182773339031194
66	14.056461811065674	0.021182773339031194
67	14.264904499053955	0.021182773339031194
68	14.46838665008545	0.021182773339031194
69	14.678797483444214	0.021182773339031194
70	14.881256103515625	0.021449543279686806
71	15.084713220596313	0.021449543279686806
72	15.289165496826172	0.021449543279686806
73	15.497607946395874	0.021449543279686806
74	15.712049007415771	0.0227070821536951
75	15.932445049285889	0.0227070821536951
76	16.138893604278564	0.0227070821536951
77	16.345341205596924	0.0227070821536951
78	16.549795866012573	0.0227070821536951
79	16.759462594985962	0.0227070821536951
80	16.96391797065735	0.023684178730136906
81	17.168737411499023	0.023684178730136906
82	17.37618374824524	0.023684178730136906
83	17.58263063430786	0.023684178730136906
84	17.794065475463867	0.023684178730136906
85	17.999914407730103	0.023684178730136906
86	18.207361698150635	0.023684178730136906
87	18.412853002548218	0.023684178730136906
88	18.622251749038696	0.023684178730136906
89	18.83368730545044	0.023684178730136906
90	19.038185596466064	0.023684178730136906
91	19.247947931289673	0.023684178730136906
92	19.45653247833252	0.023684178730136906
93	19.666023015975952	0.023684178730136906
94	19.876415014266968	0.023684178730136906
95	20.081334590911865	0.024005638098435866
96	20.291946411132812	0.024005638098435866
97	20.50441837310791	0.024005638098435866
98	20.711825609207153	0.024005638098435866
99	20.916316509246826	0.024435999379338574
