0	0.4358952045440674	0.01147524095144338
1	0.6951415538787842	0.01147524095144338
2	0.9574401378631592	0.014587609919390315
3	1.2277226448059082	0.014587609919390315
4	1.486616611480713	0.015513991590546576
5	1.7469487190246582	0.015513991590546576
6	2.0052812099456787	0.015513991590546576
7	2.264538526535034	0.015700158217785976
8	2.5238864421844482	0.016936711613745055
9	2.783151626586914	0.016936711613745055
10	3.042470693588257	0.019702025289408752
11	3.2998099327087402	0.021122519580086895
12	3.557082414627075	0.02544330232569964
13	3.812443256378174	0.02544330232569964
14	4.077690601348877	0.02601308985091402
15	4.34388542175293	0.026064758641565464
16	4.610173225402832	0.029069656524957434
17	4.870477199554443	0.029069656524957434
18	5.13712215423584	0.029069656524957434
19	5.397473335266113	0.029069656524957434
20	5.6589295864105225	0.034739869101490864
21	5.91723895072937	0.034739869101490864
22	6.179537534713745	0.034739869101490864
23	6.436849117279053	0.03747831500601588
24	6.6951587200164795	0.03747831500601588
25	6.953467607498169	0.03820040622798109
26	7.212774038314819	0.038738715536121696
27	7.471083402633667	0.038738715536121696
28	7.728396415710449	0.038738715536121696
29	8.007648706436157	0.039061446751575156
30	8.264960527420044	0.04032391403330708
31	8.52227258682251	0.040782414932503064
32	8.778587102890015	0.041777158388213526
33	9.038896083831787	0.042095438138626186
34	9.298197507858276	0.042095438138626186
35	9.560496091842651	0.042095438138626186
36	9.817807912826538	0.04316204095856575
37	10.080106496810913	0.04316204095856575
38	10.3361234664917	0.04511305449356314
39	10.594483375549316	0.04511305449356314
40	10.848754644393921	0.04637933731675849
41	11.103673458099365	0.04637933731675849
42	11.360985517501831	0.04728743618506899
43	11.619294881820679	0.04742956510458396
44	11.875609397888184	0.048645133022493896
45	12.13890528678894	0.04878360538143963
46	12.398269414901733	0.04878360538143963
47	12.664366245269775	0.053311063289658026
48	12.921677589416504	0.053311063289658026
49	13.18249249458313	0.053311063289658026
50	13.432921648025513	0.053311063289658026
51	13.694223642349243	0.053311063289658026
52	13.952532052993774	0.054376076300654434
53	14.21483063697815	0.054449366492932284
54	14.470147848129272	0.054449366492932284
55	14.728456974029541	0.055177498988881434
56	14.985769033432007	0.055848080401089656
57	15.244078397750854	0.05661325544541348
58	15.513116359710693	0.058193843496663886
59	15.768482685089111	0.058576669490167314
60	16.022801876068115	0.058576669490167314
61	16.279300212860107	0.0602590053137773
62	16.543593883514404	0.0604661574190659
63	16.79891085624695	0.06529202246590803
64	17.063329458236694	0.06529202246590803
65	17.316693782806396	0.06617770502812045
66	17.57695770263672	0.06617770502812045
67	17.832290410995483	0.06617770502812045
68	18.093591928482056	0.06617770502812045
69	18.352898120880127	0.06617770502812045
70	18.62060570716858	0.06617770502812045
71	18.870916843414307	0.06628485815088678
72	19.130255937576294	0.06628485815088678
73	19.394198894500732	0.06669677764804934
74	19.656497478485107	0.06669677764804934
75	19.917513608932495	0.06806385435823858
76	20.179163455963135	0.06806385435823858
77	20.44246006011963	0.07310656934492228
78	20.703760385513306	0.07310656934492228
79	20.963067054748535	0.07310656934492228
80	21.22636318206787	0.07310656934492228
81	21.485669374465942	0.07310656934492228
82	21.751957654953003	0.07398128222542719
83	22.01525330543518	0.07398128222542719
84	22.277551889419556	0.07580272633156027
85	22.54084801673889	0.07580272633156027
86	22.800154447555542	0.07580272633156027
87	23.065869569778442	0.07580272633156027
88	23.321226596832275	0.07583849703278048
89	23.58149290084839	0.07583849703278048
90	23.839696407318115	0.07626011436449605
91	24.10698175430298	0.07722735412549045
92	24.371274948120117	0.07722735412549045
93	24.639707326889038	0.07773529808281746
94	24.896069765090942	0.07925420154707473
95	25.15755844116211	0.07925420154707473
96	25.42284917831421	0.07938663263203667
97	25.68913698196411	0.08002541786538243
98	25.947447776794434	0.08004004410765914
99	26.210789918899536	0.08043224997392699
0	0.4298896789550781	0.011057280180297018
1	0.6891689300537109	0.011057280180297018
2	0.9474661350250244	0.016928762569029455
3	1.2057750225067139	0.016928762569029455
4	1.462134599685669	0.016928762569029455
5	1.7194466590881348	0.020678008999590426
6	1.9877300262451172	0.020678008999590426
7	2.2460389137268066	0.020678008999590426
8	2.502345085144043	0.020678008999590426
9	2.7626116275787354	0.024204364216325863
10	3.0229153633117676	0.024204364216325863
11	3.281224250793457	0.024204364216325863
12	3.5405683517456055	0.024788936964711274
13	3.7988860607147217	0.024788936964711274
14	4.056190490722656	0.025663808826110385
15	4.3174920082092285	0.02649718667409414
16	4.582782745361328	0.027520705671675107
17	4.842050313949585	0.027520705671675107
18	5.101395130157471	0.028575384924541217
19	5.362658262252808	0.030236417308313477
20	5.623010873794556	0.030236417308313477
21	5.882348299026489	0.030236417308313477
22	6.14361310005188	0.030236417308313477
23	6.406497240066528	0.03129825070142359
24	6.666843891143799	0.03355418959171163
25	6.927144765853882	0.03355418959171163
26	7.185417175292969	0.03563318274663025
27	7.444769620895386	0.03563318274663025
28	7.7080183029174805	0.03569280058199723
29	7.968329429626465	0.03685145333974347
30	8.230662107467651	0.03844793948042504
31	8.492965459823608	0.039225356053610945
32	8.753223419189453	0.04037780855647891
33	9.016519546508789	0.04037780855647891
34	9.276823282241821	0.043425631281335246
35	9.544109106063843	0.043425631281335246
36	9.804412603378296	0.043425631281335246
37	10.065755367279053	0.04391879001549117
38	10.32507038116455	0.04391879001549117
39	10.587319374084473	0.04391879001549117
40	10.848621129989624	0.04432864276102754
41	11.113697052001953	0.04497807971429233
42	11.386966705322266	0.04721033045132773
43	11.65466022491455	0.04721033045132773
44	11.918545007705688	0.04721033045132773
45	12.17889666557312	0.04976133788145887
46	12.4401535987854	0.04976133788145887
47	12.702573299407959	0.04976133788145887
48	12.960922718048096	0.04976133788145887
49	13.224244356155396	0.04976133788145887
50	13.48746943473816	0.04976133788145887
51	13.751769065856934	0.05033144336846184
52	14.013485670089722	0.05046212566358636
53	14.277828693389893	0.051185647713600506
54	14.543115615844727	0.0516929557473502
55	14.807400703430176	0.0516929557473502
56	15.071668863296509	0.05216322123272509
57	15.335001230239868	0.05227101027906881
58	15.600289106369019	0.05227101027906881
59	15.86252737045288	0.05252681053801692
60	16.125823259353638	0.05374682992096757
61	16.38912057876587	0.05374682992096757
62	16.65141773223877	0.05374682992096757
63	16.915711641311646	0.05386606559170146
64	17.18000555038452	0.05386606559170146
65	17.440322875976562	0.05508449516570898
66	17.70271873474121	0.05508449516570898
67	17.965967178344727	0.05547161364335879
68	18.229263067245483	0.05609911123320847
69	18.493982553482056	0.05621580320963352
70	18.756794214248657	0.0577967092226725
71	19.02142095565796	0.0577967092226725
72	19.284367322921753	0.0577967092226725
73	19.550759315490723	0.0577967092226725
74	19.81904363632202	0.0577967092226725
75	20.081366539001465	0.0577967092226725
76	20.340712547302246	0.05918111485034177
77	20.6209614276886	0.05918111485034177
78	20.885254621505737	0.06033372633410412
79	21.15254545211792	0.06033372633410412
80	21.412845134735107	0.06033372633410412
81	21.67913246154785	0.060351055251584136
82	21.93943691253662	0.06046917805605798
83	22.203683614730835	0.06217965349796122
84	22.467026233673096	0.06217965349796122
85	22.732319593429565	0.0631092147870038
86	22.993570566177368	0.06455021761304822
87	23.254872798919678	0.06455021761304822
88	23.5182147026062	0.06455021761304822
89	23.783469676971436	0.06455021761304822
90	24.048795461654663	0.0650120571110247
91	24.315084218978882	0.06614400107852651
92	24.58336567878723	0.06659598376105562
93	24.850651264190674	0.06731759804033793
94	25.116939067840576	0.06731759804033793
95	25.379238843917847	0.0674247511631042
96	25.645479917526245	0.06786783091555187
97	25.91082239151001	0.06874588239483728
98	26.175063133239746	0.0687630523314231
99	26.43641209602356	0.06935700495257287
0	0.4348163604736328	0.011057280180297018
1	0.6881654262542725	0.011057280180297018
2	0.9454708099365234	0.016928762569029455
3	1.20473313331604	0.016928762569029455
4	1.4640388488769531	0.016928762569029455
5	1.7203788757324219	0.020678008999590426
6	1.9796607494354248	0.020678008999590426
7	2.2389914989471436	0.020678008999590426
8	2.4982988834381104	0.020678008999590426
9	2.7556302547454834	0.024204364216325863
10	3.0208864212036133	0.024204364216325863
11	3.28120493888855	0.024204364216325863
12	3.54551100730896	0.024788936964711274
13	3.800790548324585	0.024788936964711274
14	4.0631263256073	0.025663808826110385
15	4.323391675949097	0.02649718667409414
16	4.583357572555542	0.027520705671675107
17	4.842711448669434	0.027520705671675107
18	5.10102105140686	0.028575384924541217
19	5.358286619186401	0.030236417308313477
20	5.616595983505249	0.030236417308313477
21	5.872350454330444	0.030236417308313477
22	6.135177373886108	0.030236417308313477
23	6.387504577636719	0.03129825070142359
24	6.647808313369751	0.03355418959171163
25	6.902128458023071	0.03355418959171163
26	7.164467096328735	0.03563318274663025
27	7.420787572860718	0.03563318274663025
28	7.684037446975708	0.03569280058199723
29	7.940352439880371	0.03685145333974347
30	8.201079368591309	0.03844793948042504
31	8.471356868743896	0.039225356053610945
32	8.732773065567017	0.04037780855647891
33	8.994110107421875	0.04037780855647891
34	9.250895977020264	0.043425631281335246
35	9.527157306671143	0.043425631281335246
36	9.786463737487793	0.043425631281335246
37	10.053749084472656	0.04391879001549117
38	10.316049575805664	0.04391879001549117
39	10.584063291549683	0.04391879001549117
40	10.840380430221558	0.04432864276102754
41	11.101680994033813	0.04497807971429233
42	11.358939170837402	0.04721033045132773
43	11.624229669570923	0.04721033045132773
44	11.887525796890259	0.04721033045132773
45	12.150821447372437	0.04976133788145887
46	12.41212272644043	0.04976133788145887
47	12.676415920257568	0.04976133788145887
48	12.940710544586182	0.04976133788145887
49	13.201013088226318	0.04976133788145887
50	13.470293760299683	0.04976133788145887
51	13.730596780776978	0.05033144336846184
52	14.000873804092407	0.05046212566358636
53	14.263172626495361	0.051185647713600506
54	14.530781030654907	0.0516929557473502
55	14.795076131820679	0.0516929557473502
56	15.05538010597229	0.05216322123272509
57	15.315683841705322	0.05227101027906881
58	15.578979969024658	0.05227101027906881
59	15.837288856506348	0.05252681053801692
60	16.095598459243774	0.05374682992096757
61	16.3519127368927	0.05374682992096757
62	16.613260746002197	0.05374682992096757
63	16.869528770446777	0.05386606559170146
64	17.132009029388428	0.05386606559170146
65	17.39231300354004	0.05508449516570898
66	17.66458487510681	0.05508449516570898
67	17.92790699005127	0.05547161364335879
68	18.192173957824707	0.05609911123320847
69	18.4534752368927	0.05621580320963352
70	18.722754955291748	0.0577967092226725
71	18.990041255950928	0.0577967092226725
72	19.252339124679565	0.0577967092226725
73	19.521619081497192	0.0577967092226725
74	19.793890953063965	0.0577967092226725
75	20.06117582321167	0.0577967092226725
76	20.323474645614624	0.05918111485034177
77	20.589762449264526	0.05918111485034177
78	20.853058099746704	0.06033372633410412
79	21.117469787597656	0.06033372633410412
80	21.37677812576294	0.06033372633410412
81	21.63712167739868	0.060351055251584136
82	21.891401767730713	0.06046917805605798
83	22.152748584747314	0.06217965349796122
84	22.412047624588013	0.06217965349796122
85	22.676303386688232	0.0631092147870038
86	22.934612274169922	0.06455021761304822
87	23.196910858154297	0.06455021761304822
88	23.455219984054565	0.06455021761304822
89	23.72250533103943	0.06455021761304822
90	23.979817390441895	0.0650120571110247
91	24.242011070251465	0.06614400107852651
92	24.50430965423584	0.06659598376105562
93	24.771594762802124	0.06731759804033793
94	25.03489065170288	0.06731759804033793
95	25.295194625854492	0.0674247511631042
96	25.563477277755737	0.06786783091555187
97	25.822783946990967	0.06874588239483728
98	26.091066122055054	0.0687630523314231
99	26.3493754863739	0.06935700495257287
0	0.43189120292663574	0.012037238412836455
1	0.6921877861022949	0.01429413118849028
2	0.9504966735839844	0.014803664954760376
3	1.2018330097198486	0.015026079225902924
4	1.4711050987243652	0.016848477217401858
5	1.7303733825683594	0.016848477217401858
6	1.9927101135253906	0.017209204866595915
7	2.2490322589874268	0.017706338123109663
8	2.508331537246704	0.017943537617423223
9	2.763648748397827	0.019013955978826234
10	3.019970417022705	0.019013955978826234
11	3.282261848449707	0.019522376878836144
12	3.5355918407440186	0.019555603885747362
13	3.7939014434814453	0.01975099140485687
14	4.050169944763184	0.02052220772316458
15	4.308525800704956	0.02122538021870676
16	4.563843011856079	0.021996437556120182
17	4.820156574249268	0.02408035911876248
18	5.086398601531982	0.02408035911876248
19	5.348735809326172	0.024965087795608965
20	5.609046459197998	0.024965087795608965
21	5.87134575843811	0.025285116335859115
22	6.125657558441162	0.025285116335859115
23	6.386958599090576	0.02702802388020212
24	6.649266004562378	0.02723183738671017
25	6.912559509277344	0.02723183738671017
26	7.169867515563965	0.02725441267370243
27	7.431167364120483	0.028271731416405183
28	7.690463304519653	0.0289912789440615
29	7.947784423828125	0.029948661889608628
30	8.207093954086304	0.030636095276613942
31	8.474376440048218	0.03096168814816504
32	8.733685731887817	0.03190094727176057
33	8.99000597000122	0.033151173024630526
34	9.252298831939697	0.033151173024630526
35	9.504629611968994	0.03324274601975426
36	9.7678804397583	0.035446380195813476
37	10.021228551864624	0.035446380195813476
38	10.283501863479614	0.035446380195813476
39	10.545837640762329	0.03661075626575506
40	10.804154396057129	0.03692935397795639
41	11.058429956436157	0.038316462280828974
42	11.32073974609375	0.03865731731823395
43	11.58307147026062	0.039063195541412604
44	11.840337991714478	0.039838863324761054
45	12.096697807312012	0.04091023557152995
46	12.358989715576172	0.04177064017154671
47	12.619300365447998	0.04208494539960165
48	12.880602359771729	0.0443351609776943
49	13.135946989059448	0.045837530428943146
50	13.398270845413208	0.047407466760274575
51	13.656578302383423	0.04870220716355181
52	13.918870210647583	0.04948089558389218
53	14.180135011672974	0.04948089558389218
54	14.436494588851929	0.0497459167347104
55	14.695755004882812	0.051264025294496154
56	14.95410943031311	0.051264025294496154
57	15.217398405075073	0.05264143576281567
58	15.475708246231079	0.05264143576281567
59	15.734017133712769	0.05264143576281567
60	15.988338947296143	0.05264143576281567
61	16.244651794433594	0.05264143576281567
62	16.500964879989624	0.05294874583152085
63	16.767261743545532	0.05446049515553408
64	17.024555921554565	0.054670349936025986
65	17.28287410736084	0.0550099331262765
66	17.54417896270752	0.0557013410356396
67	17.80747961997986	0.057131215199082076
68	18.062777757644653	0.05763661546210013
69	18.327090978622437	0.058029139290156524
70	18.58834671974182	0.058377784391382886
71	18.85368275642395	0.0588180024877329
72	19.11397671699524	0.05919558211172403
73	19.374289751052856	0.06071035207272915
74	19.630604028701782	0.06160811718290925
75	19.88990592956543	0.06170239285323629
76	20.148200273513794	0.062480604330893794
77	20.40752673149109	0.06459759391955312
78	20.667784452438354	0.06523622017200457
79	20.92613935470581	0.06523622017200457
80	21.189391136169434	0.06523622017200457
81	21.446740865707397	0.06523622017200457
82	21.708040714263916	0.0663517891073921
83	21.967309951782227	0.0664570344594268
84	22.23262596130371	0.06728914046025596
85	22.493927478790283	0.06853094022572732
86	22.75625205039978	0.06936702074891457
87	23.019542455673218	0.06936702074891457
88	23.281841278076172	0.06964158075339147
89	23.551112413406372	0.07141230995423903
90	23.812422275543213	0.07141294587781628
91	24.07472038269043	0.07167860295221172
92	24.33699917793274	0.07208368627091874
93	24.59233570098877	0.07302978157296981
94	24.850646257400513	0.07302978157296981
95	25.111927032470703	0.07374153903680476
96	25.376224040985107	0.07469908096324628
97	25.635546922683716	0.07557268097749098
98	25.895851373672485	0.07557268097749098
99	26.156148433685303	0.07732862495516754
0	0.4478027820587158	0.01293945498805729
1	0.7191226482391357	0.01293945498805729
2	0.9963345527648926	0.01293945498805729
3	1.2696037292480469	0.01293945498805729
4	1.5389289855957031	0.014924808396226117
5	1.8081905841827393	0.014924808396226117
6	2.0814731121063232	0.014924808396226117
7	2.348766326904297	0.014924808396226117
8	2.6180479526519775	0.014924808396226117
9	2.886349678039551	0.014924808396226117
10	3.157672166824341	0.016148643320640234
11	3.423952102661133	0.016148643320640234
12	3.6951889991760254	0.016148643320640234
13	3.963731050491333	0.016148643320640234
14	4.232013702392578	0.016148643320640234
15	4.505283355712891	0.016148643320640234
16	4.7805469036102295	0.018036700421490096
17	5.050857067108154	0.018036700421490096
18	5.32908034324646	0.018036700421490096
19	5.605372905731201	0.01845100463206727
20	5.872706174850464	0.01845100463206727
21	6.1459808349609375	0.01845100463206727
22	6.413252115249634	0.020185963131694688
23	6.679830551147461	0.020185963131694688
24	6.951105117797852	0.020404879823162313
25	7.220385789871216	0.020404879823162313
26	7.486675262451172	0.020404879823162313
27	7.7519636154174805	0.020404879823162313
28	8.025232791900635	0.020404879823162313
29	8.295510053634644	0.020809963141869413
30	8.565787315368652	0.022536336673203934
31	8.834069967269897	0.022536336673203934
32	9.10994553565979	0.022536336673203934
33	9.376786470413208	0.022536336673203934
34	9.650054931640625	0.02294952801752098
35	9.917341232299805	0.02294952801752098
36	10.186619758605957	0.024546809062674056
37	10.455899953842163	0.024546809062674056
38	10.723185062408447	0.025446640924480235
39	10.997452020645142	0.025446640924480235
40	11.266384363174438	0.025446640924480235
41	11.53865909576416	0.02750496656313834
42	11.804985046386719	0.02750496656313834
43	12.076220273971558	0.02750496656313834
44	12.344542980194092	0.02750496656313834
45	12.61782693862915	0.02750496656313834
46	12.885157108306885	0.02750496656313834
47	13.152436256408691	0.02750496656313834
48	13.417686700820923	0.02750496656313834
49	13.688961744308472	0.02750496656313834
50	13.956247091293335	0.02750496656313834
51	14.249463558197021	0.02750496656313834
52	14.523774862289429	0.02750496656313834
53	14.796001195907593	0.02750496656313834
54	15.06627893447876	0.02750496656313834
55	15.334560871124268	0.02859478059364742
56	15.609824895858765	0.02859478059364742
57	15.874118089675903	0.02859478059364742
58	16.14339828491211	0.02924040200544857
59	16.407691478729248	0.02924040200544857
60	16.67900562286377	0.02924040200544857
61	16.942301750183105	0.02924040200544857
62	17.2135808467865	0.02968984099366877
63	17.480873346328735	0.02968984099366877
64	17.76011371612549	0.02968984099366877
65	18.026363372802734	0.02968984099366877
66	18.29364800453186	0.02968984099366877
67	18.56492328643799	0.02968984099366877
68	18.830262660980225	0.02968984099366877
69	19.102627992630005	0.029838965072533405
70	19.368915796279907	0.029900649659526473
71	19.636203289031982	0.031141654520526335
72	19.905481100082397	0.031141654520526335
73	20.17376446723938	0.03245118014697467
74	20.440051555633545	0.03245118014697467
75	20.710328817367554	0.03422334017587104
76	20.976616621017456	0.03422334017587104
77	21.245176792144775	0.03422334017587104
78	21.513485431671143	0.03422334017587104
79	21.777798414230347	0.03422334017587104
80	22.051042795181274	0.035047656112879036
81	22.322296619415283	0.035047656112879036
82	22.602592945098877	0.035047656112879036
83	22.878846168518066	0.035047656112879036
84	23.16409134864807	0.03526975242223292
85	23.443429946899414	0.03526975242223292
86	23.72666049003601	0.03526975242223292
87	23.995940923690796	0.03526975242223292
88	24.265221118927002	0.03551060847711567
89	24.539461374282837	0.03551060847711567
90	24.81076192855835	0.03551060847711567
91	25.081050872802734	0.03551060847711567
92	25.3443341255188	0.03551060847711567
93	25.616621255874634	0.03707021105031684
94	25.88391399383545	0.03707021105031684
95	26.152193546295166	0.03707021105031684
96	26.418436527252197	0.03707021105031684
97	26.68577003479004	0.03707021105031684
98	26.956024408340454	0.03707021105031684
99	27.227272987365723	0.03707021105031684
