0	0.6685400009155273	0.010725646034762091
1	1.1937813758850098	0.0124982830063414
2	1.7612636089324951	0.015782828282828218
3	2.306804895401001	0.020896766710163786
4	2.850351333618164	0.020896766710163786
5	3.407860517501831	0.020896766710163786
6	3.9603829383850098	0.02262631985938452
7	4.513902902603149	0.028163942370061663
8	5.0774242877960205	0.028163942370061663
9	5.650862455368042	0.03746814022877983
10	6.261254549026489	0.046365346998059054
11	6.899802207946777	0.046365346998059054
12	7.56901478767395	0.046365346998059054
13	8.255226135253906	0.05693264806208628
14	8.933403730392456	0.06386485097766872
15	9.653759956359863	0.06412208206466558
16	10.485249757766724	0.072833440168494
17	11.310175657272339	0.08027438194587483
18	12.155967950820923	0.08339803855731796
19	13.06174612045288	0.09111942263226555
20	13.98427939414978	0.09348982776645808
21	14.899829626083374	0.0975619643933667
22	15.876218795776367	0.09958912977673963
23	16.783936262130737	0.10031169794138795
24	17.763981580734253	0.10031169794138795
25	18.69254469871521	0.10786297245942139
26	19.676912784576416	0.10849174189642552
27	20.538612604141235	0.11062272180378427
28	21.473095417022705	0.11439374861686598
29	22.41559100151062	0.11483571550305345
30	23.359065055847168	0.11483571550305345
31	24.297916412353516	0.12871474757649484
32	25.288687229156494	0.12871474757649484
33	26.285040855407715	0.13147878940500446
34	27.327273845672607	0.1354986213176848
35	28.38043785095215	0.15108924169929
36	29.464550256729126	0.15108924169929
37	30.525675296783447	0.1616495476039679
38	31.57788586616516	0.16289071144586204
39	32.690919637680054	0.16289071144586204
40	33.8179144859314	0.16549068499144132
41	34.9788031578064	0.17040192277852906
42	36.159693479537964	0.17040192277852906
43	37.3045859336853	0.1726702621785733
44	38.48319149017334	0.17268949886678447
45	39.654062032699585	0.17268949886678447
46	40.82891869544983	0.17268949886678447
47	42.06261968612671	0.1771045572827247
48	43.281360387802124	0.1821916279389213
49	44.46818685531616	0.1821916279389213
50	45.6740083694458	0.1821916279389213
51	46.87076187133789	0.1821916279389213
52	48.08551359176636	0.18219162793892132
53	49.26735305786133	0.18219162793892132
54	50.47811555862427	0.18219162793892132
55	51.6450355052948	0.18219162793892132
56	52.88467979431152	0.183669037389763
57	54.130348920822144	0.183669037389763
58	55.33712196350098	0.1838881130621251
59	56.46909475326538	0.1842982837694501
60	57.675883531570435	0.18511671741336858
61	58.8666832447052	0.18608554698330618
62	60.09041094779968	0.18740063694105535
63	61.27827262878418	0.18740063694105535
64	62.47004771232605	0.18740063694105535
65	63.64989233016968	0.18740063694105535
66	64.85865998268127	0.18770015694593942
67	66.03351855278015	0.18857375696018402
68	67.22437953948975	0.19037151291306487
69	68.44606685638428	0.19190774529480215
70	69.53116512298584	0.19190774529480215
71	70.68906950950623	0.19256529027367683
72	71.8010950088501	0.19349326175377612
73	72.97296118736267	0.19506431095136784
74	74.1857180595398	0.19506431095136784
75	75.25237703323364	0.19506431095136784
76	76.4711639881134	0.19604585899285043
77	77.65746998786926	0.19828001750061736
78	78.855309009552	0.199059341844535
79	80.053062915802	0.19999065192341522
80	81.25119805335999	0.20160526188604835
81	82.42999696731567	0.20207346061979733
82	83.57595872879028	0.2021683722137016
83	84.718914270401	0.20528694143652668
84	85.923983335495	0.20528694143652668
85	87.05595588684082	0.20528694143652668
86	88.22881937026978	0.20552477685441753
87	89.39472818374634	0.20573447265401512
88	90.60924029350281	0.20573447265401512
89	91.73926591873169	0.20588629940808317
90	92.89314270019531	0.20776290988454243
91	94.02611327171326	0.20776290988454243
92	95.17504072189331	0.2079322245369848
93	96.35403513908386	0.2079322245369848
94	97.50894832611084	0.21057718967565434
95	98.69981074333191	0.21057718967565434
96	99.83772110939026	0.21057718967565434
97	101.0479748249054	0.21396411864807827
98	102.19831204414368	0.21396411864807827
99	103.44998574256897	0.21483946745216057
0	0.6612331867218018	0.015372657575503183
1	1.186875343322754	0.015372657575503183
2	1.7213988304138184	0.015372657575503183
3	2.270968198776245	0.015372657575503183
4	2.823490858078003	0.015372657575503183
5	3.3869526386260986	0.016224318226332763
6	3.9425101280212402	0.01676056078284736
7	4.497077703475952	0.01676056078284736
8	5.063557147979736	0.017249744994645513
9	5.626037836074829	0.017544972515382957
10	6.183546781539917	0.017544972515382957
11	6.754021406173706	0.024122648036649402
12	7.356410264968872	0.02629671176636661
13	7.985727548599243	0.02629671176636661
14	8.595098972320557	0.02629671176636661
15	9.215439081192017	0.02629671176636661
16	9.847748041152954	0.02629671176636661
17	10.483049154281616	0.02629671176636661
18	11.139294385910034	0.02629671176636661
19	11.802520751953125	0.02629671176636661
20	12.458765983581543	0.02629671176636661
21	13.124985933303833	0.026467775208646436
22	13.815138816833496	0.026709744129789416
23	14.46340560913086	0.02914135690829204
24	15.107682943344116	0.02914135690829204
25	15.74398159980774	0.02914135690829204
26	16.44111657142639	0.02914135690829204
27	17.192108154296875	0.02914135690829204
28	17.931133270263672	0.02914135690829204
29	18.728001356124878	0.02914135690829204
30	19.572742223739624	0.02914135690829204
31	20.41648578643799	0.02914135690829204
32	21.255243062973022	0.02914135690829204
33	22.036155223846436	0.0317379918550907
34	22.774181127548218	0.03566227625028926
35	23.49625039100647	0.03566227625028926
36	24.167455434799194	0.03670980136291141
37	24.852622985839844	0.03915619936458512
38	25.610637187957764	0.047564698864749205
39	26.348746061325073	0.048693622195259016
40	27.105721950531006	0.048693622195259016
41	27.87366819381714	0.048693622195259016
42	28.57780385017395	0.04913527111965799
43	29.279029369354248	0.04913527111965799
44	29.99834895133972	0.04913527111965799
45	30.68251943588257	0.05116052873229921
46	31.42752742767334	0.05116052873229921
47	32.187541007995605	0.05116052873229921
48	32.912556171417236	0.05116052873229921
49	33.603708028793335	0.05116052873229921
50	34.32777190208435	0.05116052873229921
51	35.05183529853821	0.05116052873229921
52	35.809847831726074	0.0514886652981593
53	36.63360595703125	0.0514886652981593
54	37.454410791397095	0.0514886652981593
55	38.28718376159668	0.05429722177707577
56	39.0511109828949	0.05429722177707577
57	39.68641948699951	0.05429722177707577
58	40.328479290008545	0.054544596048625375
59	41.04157209396362	0.0597750674714915
60	41.79854774475098	0.0597750674714915
61	42.679192781448364	0.0597750674714915
62	43.57180643081665	0.0597750674714915
63	44.45743775367737	0.0597750674714915
64	45.302178621292114	0.059848516644663674
65	46.13096237182617	0.0622273477662548
66	46.944786071777344	0.06683318325536897
67	47.80747938156128	0.06756703906351348
68	48.66019868850708	0.06756703906351348
69	49.555803537368774	0.06756703906351348
70	50.52221941947937	0.06756703906351348
71	51.450783014297485	0.06756703906351348
72	52.3383629322052	0.06756703906351348
73	53.31853461265564	0.06756703906351348
74	54.32588076591492	0.06756703906351348
75	55.23357796669006	0.06756703906351348
76	56.218942642211914	0.06756703906351348
77	57.12751317024231	0.06756703906351348
78	57.88149690628052	0.06756703906351348
79	58.669389963150024	0.06756703906351348
80	59.52510166168213	0.06756703906351348
81	60.3967707157135	0.06756703906351348
82	61.25626730918884	0.06756703906351348
83	62.03223252296448	0.06756703906351348
84	62.86700916290283	0.07227478130588168
85	63.683815240859985	0.07454073599251124
86	64.51459407806396	0.07454073599251124
87	65.41518592834473	0.07454073599251124
88	66.35765409469604	0.07454073599251124
89	67.38270616531372	0.07454073599251124
90	68.47578525543213	0.07600860658969437
91	69.39332938194275	0.07621353296246262
92	70.29991316795349	0.07621353296246262
93	71.20652675628662	0.07621353296246262
94	72.0980966091156	0.07693784991694828
95	72.96183276176453	0.07693784991694828
96	73.8883547782898	0.07693784991694828
97	74.92058944702148	0.07693784991694828
98	75.9338812828064	0.07693784991694828
99	76.91521501541138	0.07693784991694828
0	0.6553101539611816	0.008897524731067896
1	1.1729109287261963	0.011107200181110992
2	1.700453281402588	0.014409392336866477
3	2.218068838119507	0.01544133732184598
4	2.7217605113983154	0.01544133732184598
5	3.2236762046813965	0.01544133732184598
6	3.737342596054077	0.01544133732184598
7	4.24694561958313	0.01544133732184598
8	4.757625341415405	0.01544133732184598
9	5.277733325958252	0.01544133732184598
10	5.793354034423828	0.017795208443030074
11	6.318948745727539	0.01836404208287862
12	6.858505725860596	0.02193220927481812
13	7.408082485198975	0.024469862309826996
14	7.965545415878296	0.031641331471349024
15	8.54998254776001	0.0353017075819897
16	9.186280965805054	0.0382474645726975
17	9.814600706100464	0.0382474645726975
18	10.499783277511597	0.042337725021557665
19	11.29165267944336	0.04374629574516245
20	12.085550546646118	0.04374629574516245
21	12.915840864181519	0.045200811947223356
22	13.66588044166565	0.0469751977086401
23	14.402863502502441	0.0469751977086401
24	15.158344745635986	0.04882573531843231
25	15.899363279342651	0.04882573531843231
26	16.666311979293823	0.061028631823141874
27	17.42129373550415	0.061028631823141874
28	18.213175296783447	0.061028631823141874
29	18.983116388320923	0.06407152614027457
30	19.724411725997925	0.06458328563906487
31	20.47644019126892	0.06986478992900548
32	21.284291744232178	0.06986478992900548
33	22.10608720779419	0.06986478992900548
34	22.977754831314087	0.06986478992900548
35	23.793327808380127	0.07093679809935154
36	24.593188762664795	0.07093679809935154
37	25.363130807876587	0.07093679809935154
38	26.148030757904053	0.07093679809935154
39	26.990777254104614	0.07093679809935154
40	27.850478410720825	0.07093679809935154
41	28.714168787002563	0.07267922870101177
42	29.555920362472534	0.07267922870101177
43	30.408639907836914	0.07355028502094732
44	31.27183771133423	0.07355028502094732
45	32.09762954711914	0.0750431156185375
46	32.91744041442871	0.0750431156185375
47	33.71630549430847	0.07533516352138873
48	34.50020933151245	0.07797758496574934
49	35.26915168762207	0.07797758496574934
50	36.10220265388489	0.07797758496574934
51	37.006786823272705	0.07827424331453557
52	37.84259629249573	0.0799235111121288
53	38.666393756866455	0.0799235111121288
54	39.52908682823181	0.08142111113654836
55	40.341866970062256	0.08142111113654836
56	41.20767068862915	0.08394302506302026
57	42.10123538970947	0.08394302506302026
58	42.89311766624451	0.08394302506302026
59	43.667086362838745	0.08394302506302026
60	44.46790790557861	0.08480183985409386
61	45.26877570152283	0.08480183985409386
62	46.134530782699585	0.08520088189881721
63	46.91747760772705	0.08648862714274481
64	47.73375368118286	0.08648862714274481
65	48.49970579147339	0.08648862714274481
66	49.26470589637756	0.08879241928222066
67	50.019686698913574	0.08879400909116378
68	50.77566742897034	0.08879400909116378
69	51.55756855010986	0.08879400909116378
70	52.36192035675049	0.08879400909116378
71	53.12488055229187	0.08983104146476119
72	53.87986946105957	0.08983104146476119
73	54.665759325027466	0.08983104146476119
74	55.47782635688782	0.08983104146476119
75	56.34849810600281	0.08983104146476119
76	57.28698992729187	0.08983104146476119
77	58.25639796257019	0.08983104146476119
78	59.257723808288574	0.09026919280948521
79	60.21615982055664	0.09085615027128525
80	61.18991661071777	0.09085615027128525
81	62.139379262924194	0.09085615027128525
82	63.09187841415405	0.09206170239285351
83	64.02140259742737	0.09206170239285351
84	64.89007925987244	0.09206170239285351
85	65.68894290924072	0.09206170239285351
86	66.51274013519287	0.09382003108394471
87	67.36554479598999	0.09382003108394471
88	68.22726607322693	0.09382003108394471
89	69.02514386177063	0.09382003108394471
90	69.84192156791687	0.09382003108394471
91	70.5909652709961	0.09382003108394471
92	71.3659565448761	0.09382003108394471
93	72.1228859424591	0.09382003108394471
94	72.87492370605469	0.09382003108394471
95	73.6797227859497	0.09509855543600197
96	74.4636902809143	0.09509855543600197
97	75.2914764881134	0.09520062117015042
98	76.13876557350159	0.09693351291815176
99	76.95656991004944	0.09693351291815176
