0	0.8418042659759521	0.012783812692525844
1	1.4512131214141846	0.012783812692525844
2	2.037684679031372	0.016378688674709783
3	2.6290812492370605	0.016378688674709783
4	3.212505578994751	0.016378688674709783
5	3.794987440109253	0.016378688674709783
6	4.384409427642822	0.016378688674709783
7	4.951899766921997	0.020378806956495174
8	5.507427215576172	0.024996089069999845
9	6.085880517959595	0.02614424908872149
10	6.679114103317261	0.02614424908872149
11	7.294510841369629	0.02614424908872149
12	7.9437806606292725	0.027727857776963665
13	8.54616904258728	0.027727857776963665
14	9.188405990600586	0.02875105881275594
15	9.851670265197754	0.03464416260311485
16	10.50336742401123	0.03464416260311485
17	11.184585332870483	0.03464416260311485
18	11.82682991027832	0.03464416260311485
19	12.477128505706787	0.03464416260311485
20	13.108441352844238	0.03464416260311485
21	13.738717555999756	0.036860356269824784
22	14.370075225830078	0.036860356269824784
23	15.007057189941406	0.036860356269824784
24	15.685243368148804	0.03834221718570719
25	16.337499141693115	0.03834221718570719
26	16.97379755973816	0.03895254483897131
27	17.620959520339966	0.03895254483897131
28	18.26927351951599	0.040817072767462964
29	18.89442753791809	0.04204043074919416
30	19.558651447296143	0.0514743570176706
31	20.240826845169067	0.06551920616388007
32	20.941952228546143	0.06551920616388007
33	21.652053117752075	0.06703842758992583
34	22.422991275787354	0.08582456394720359
35	23.293663501739502	0.10167988751783846
36	24.182286739349365	0.10167988751783846
37	25.053956031799316	0.10197765873288493
38	25.944576025009155	0.10197765873288493
39	26.810317039489746	0.11361235752132325
40	27.731854915618896	0.1174604900681464
41	28.72823166847229	0.11962294819257896
42	29.649746417999268	0.1229666343617495
43	30.5792818069458	0.1364685637538841
44	31.48781108856201	0.14093894752104344
45	32.39703440666199	0.14878338280818887
46	33.27967405319214	0.15029910665455987
47	34.11846423149109	0.15496312915099208
48	35.001941204071045	0.15521940635262393
49	35.87560820579529	0.15521940635262393
50	36.82307267189026	0.16689051176585934
51	37.72565937042236	0.16689051176585934
52	38.683146715164185	0.16991989270697502
53	39.616456508636475	0.16991989270697502
54	40.539154052734375	0.1708281505561801
55	41.49463868141174	0.17580218579652124
56	42.418169260025024	0.17580218579652124
57	43.41347146034241	0.1809727214222324
58	44.35205960273743	0.18156683302427645
59	45.303515672683716	0.18156683302427645
60	46.26456618309021	0.18451990313612285
61	47.19115233421326	0.18451990313612285
62	48.16436505317688	0.18451990313612285
63	49.10086393356323	0.18451990313612285
64	50.029786348342896	0.1858960417572877
65	50.986228466033936	0.18640684737071225
66	51.93469214439392	0.18640684737071225
67	52.923049211502075	0.19334016315255476
68	53.97124624252319	0.1960541259993557
69	54.95167064666748	0.1960541259993557
70	55.93105173110962	0.1960541259993557
71	56.964242696762085	0.1960541259993557
72	57.94865918159485	0.1960541259993557
73	58.912033796310425	0.1960541259993557
74	59.89247417449951	0.1960541259993557
75	60.955647230148315	0.1993451894925093
76	61.922064542770386	0.1993451894925093
77	62.88851046562195	0.1993451894925093
78	63.89877963066101	0.199765852938859
79	64.95894360542297	0.20727547446258274
80	65.95603227615356	0.20738151471908883
81	67.02617049217224	0.20738151471908883
82	68.10628199577332	0.20738151471908883
83	69.1914291381836	0.2150726924241171
84	70.19669222831726	0.2150726924241171
85	71.32068657875061	0.2150726924241171
86	72.33098459243774	0.2150726924241171
87	73.43505954742432	0.2150726924241171
88	74.45131468772888	0.2156990771477066
89	75.50155711174011	0.2156990771477066
90	76.5220160484314	0.2156990771477066
91	77.58417868614197	0.2156990771477066
92	78.59682011604309	0.2158669609721001
93	79.65199947357178	0.21642593779650135
94	80.66329407691956	0.217555815012377
95	81.69054746627808	0.21781113832864205
96	82.73575210571289	0.21781113832864205
97	83.78095746040344	0.21790891157864403
98	84.83214592933655	0.21894022064004634
99	85.87336206436157	0.21894022064004634
0	1.239684820175171	0.01803972105848186
1	2.176180362701416	0.01803972105848186
2	3.116665840148926	0.019671341976806575
3	4.140979051589966	0.02217990150815632
4	5.167226314544678	0.022760499734183873
5	6.179474592208862	0.028256310269656845
6	7.169851541519165	0.028256310269656845
7	8.23203158378601	0.04409812046427491
8	9.381948232650757	0.04409812046427491
9	10.554811716079712	0.05299977869859499
10	11.7435941696167	0.05299977869859499
11	12.899503231048584	0.053595957052265164
12	14.066382646560669	0.053985619224223944
13	15.238250494003296	0.054469875028298455
14	16.488905906677246	0.054785611084402094
15	17.68969488143921	0.056784795830376045
16	18.942389965057373	0.061437530683312536
17	20.20502519607544	0.061437530683312536
18	21.468671798706055	0.06695178300252586
19	22.809061288833618	0.06845399347288032
20	24.190367937088013	0.0720339252509991
21	25.507904767990112	0.07268129545263806
22	26.82931089401245	0.07268129545263806
23	28.139850854873657	0.07328574081281215
24	29.42736291885376	0.07963543773163526
25	30.717418909072876	0.08334303116788658
26	32.03190326690674	0.08408229232643778
27	33.38029932975769	0.08464285895978216
28	34.73966431617737	0.08464285895978216
29	36.09803104400635	0.08471010787807588
30	37.47439622879028	0.08753360856105787
31	38.80379605293274	0.08995552350500767
32	40.163198709487915	0.08995552350500767
33	41.501630544662476	0.08995552350500767
34	42.852004289627075	0.08995552350500767
35	44.164459228515625	0.09039256198347148
36	45.52681636810303	0.09271702163920771
37	46.92712163925171	0.09271702163920771
38	48.238603353500366	0.09271702163920774
39	49.59497547149658	0.09427567032704308
40	50.91345429420471	0.0944101681636311
41	52.23197555541992	0.10256334434752996
42	53.52647566795349	0.10256334434752996
43	54.84494996070862	0.10256334434752996
44	56.16841149330139	0.10609844351345246
45	57.507866621017456	0.10637300351792936
46	58.84625053405762	0.10665249193012988
47	60.17968392372131	0.11281188871846141
48	61.519102811813354	0.11281188871846141
49	62.84958362579346	0.11281188871846141
50	64.17201519012451	0.11281188871846141
51	65.51845383644104	0.11479517537500408
52	66.85782623291016	0.11883631072752218
53	68.22716951370239	0.11883631072752218
54	69.6115140914917	0.11883631072752218
55	71.01770687103271	0.12196012631985943
56	72.39502358436584	0.12244311027677955
57	73.79898381233215	0.12244311027677955
58	75.1822874546051	0.12244311027677955
59	76.60289907455444	0.12244311027677955
60	78.01715779304504	0.12386249170119758
61	79.44135022163391	0.12386249170119758
62	80.85382151603699	0.12465358063129427
63	82.33879661560059	0.12560444536017484
64	83.83878540992737	0.130668304805802
65	85.28596186637878	0.130668304805802
66	86.683180809021	0.14154736740357582
67	88.1143901348114	0.14154736740357582
68	89.45879745483398	0.14294639927352168
69	90.83717322349548	0.14294639927352168
70	92.22042918205261	0.14294639927352168
71	93.60572361946106	0.15100307405457442
72	95.02891874313354	0.15214789547451518
73	96.42222237586975	0.15214789547451518
74	97.86034607887268	0.15292801472290452
75	99.2815911769867	0.1584812173612241
76	100.70573830604553	0.15992905636572366
77	102.12893199920654	0.1604657758649206
78	103.55810904502869	0.1614495496389234
79	104.94745779037476	0.1614495496389234
80	106.32476472854614	0.1614495496389234
81	107.70706033706665	0.16144954963892344
82	109.12223196029663	0.167991931401653
83	110.50662326812744	0.167991931401653
84	111.84001135826111	0.167991931401653
85	113.23029398918152	0.167991931401653
86	114.6145932674408	0.17057886851389875
87	115.97521662712097	0.17057886851389875
88	117.36649560928345	0.1717321159212384
89	118.69294905662537	0.1717321159212384
90	120.05036044120789	0.17263910192328857
91	121.43062782287598	0.1758385924213185
92	122.7879991531372	0.1775404828949293
93	124.16912460327148	0.1775404828949293
94	125.55043196678162	0.18199926105680453
95	126.9447500705719	0.18199926105680453
96	128.3729383945465	0.18199926105680453
97	129.78112030029297	0.18373835305968392
98	131.257226228714	0.18441433982229888
99	132.70733308792114	0.18441433982229888
0	1.131925344467163	0.01803972105848186
1	2.025561809539795	0.021493104044728248
2	2.905184507369995	0.021493104044728248
3	3.8127572536468506	0.021493104044728248
4	4.742270469665527	0.02562072500375181
5	5.644895076751709	0.026104185903354792
6	6.56145167350769	0.028501299827791815
7	7.458008527755737	0.03748038175764166
8	8.357604265213013	0.03748038175764166
9	9.26222538948059	0.04255568782765944
10	10.16277527809143	0.05023080846236202
11	11.065362930297852	0.050255132539191776
12	11.960009098052979	0.050255132539191776
13	12.861559629440308	0.056593859776307445
14	13.777174472808838	0.062435930699592204
15	14.739537954330444	0.07102185287780853
16	15.719908714294434	0.07102185287780853
17	16.723184823989868	0.0776572384637107
18	17.75346851348877	0.08646430306591518
19	18.82556414604187	0.08646430306591518
20	19.91785216331482	0.09193849219976166
21	21.03684711456299	0.09229127080424006
22	22.225642442703247	0.11488102505793274
23	23.48334813117981	0.11488102505793274
24	24.71697998046875	0.11488102505793274
25	25.957688808441162	0.11488102505793274
26	27.2473566532135	0.11488102505793274
27	28.54934597015381	0.12023407075031324
28	29.788257122039795	0.12410795820201503
29	31.035921335220337	0.12410795820201503
30	32.261502265930176	0.12410795820201503
31	33.47725319862366	0.1248729742654444
32	34.68457055091858	0.1252214603857767
33	35.91030979156494	0.12982252644806203
34	37.17255711555481	0.12982252644806203
35	38.30657076835632	0.12982252644806203
36	39.527260065078735	0.13030344365335575
37	40.70910167694092	0.13739446848235634
38	41.88994216918945	0.13739446848235634
39	43.10575556755066	0.13803102798318134
40	44.26465916633606	0.13803102798318134
41	45.44749879837036	0.13803102798318134
42	46.59347105026245	0.1435476650158102
43	47.775272369384766	0.1435476650158102
44	48.98208427429199	0.1444212650300545
45	50.205089807510376	0.1474503280093817
46	51.42878866195679	0.1474503280093817
47	52.6425518989563	0.1474503280093817
48	53.81242513656616	0.1474503280093817
49	55.02317714691162	0.14754333183255444
50	56.2628653049469	0.14961119632487102
51	57.464672803878784	0.15027287480699758
52	58.73922896385193	0.15027287480699758
53	60.08466720581055	0.15027287480699758
54	61.32235288619995	0.15208652884931023
55	62.572999477386475	0.15208652884931023
56	63.78175902366638	0.1520865288493104
57	64.96561360359192	0.15281195867005587
58	66.21026945114136	0.15421925754650592
59	67.51872515678406	0.15421925754650592
60	68.82328200340271	0.15606009732174517
61	70.14674973487854	0.15606009732174517
62	71.46120762825012	0.15606009732174517
63	72.80064630508423	0.15957627776124442
64	74.11711812019348	0.15957627776124442
65	75.39069986343384	0.16119597511249564
66	76.68923878669739	0.16119597511249564
67	78.0027506351471	0.16119597511249564
68	79.24641013145447	0.16119597511249564
69	80.53098034858704	0.16119597511249573
70	81.7916042804718	0.16178960977185725
71	83.09712362289429	0.16262139781089752
72	84.40161728858948	0.16262139781089752
73	85.68616914749146	0.16321932495440541
74	87.0564796924591	0.16703582030326042
75	88.38653540611267	0.16703582030326042
76	89.66611313819885	0.16703582030326042
77	90.9138023853302	0.16703582030326042
78	92.17449998855591	0.16703582030326042
79	93.44314646720886	0.16903532301102306
80	94.70727968215942	0.16903532301102306
81	95.99282765388489	0.1703882504216185
82	97.22354507446289	0.17334704384565996
83	98.50806999206543	0.17334704384565996
84	99.72784638404846	0.17387931187981684
85	101.02243828773499	0.1738793118798169
86	102.27704954147339	0.17692522683394094
87	103.55766034126282	0.17692522683394094
88	104.79136872291565	0.1788105812595879
89	106.02407884597778	0.1788105812595879
90	107.2667407989502	0.1790566836839827
91	108.54134678840637	0.1806181940279157
92	109.73813319206238	0.1806181940279157
93	111.00176000595093	0.18142486308565506
94	112.26637959480286	0.18239973392957642
95	113.50601720809937	0.18239973392957665
96	114.7407557964325	0.18239973392957665
97	115.94353175163269	0.18239973392957665
98	117.25602746009827	0.18259687023852345
99	118.55057287216187	0.18259687023852347
0	1.166879653930664	0.016541962053168154
1	2.08050537109375	0.016541962053168154
2	3.0289461612701416	0.016541962053168154
3	4.048214673995972	0.01790315647026777
4	5.085461616516113	0.021894053860183213
5	6.148559808731079	0.026907675343207715
6	7.233702182769775	0.031196025986380875
7	8.36463189125061	0.03328773761284439
8	9.477701425552368	0.04431624225127115
9	10.711381435394287	0.04431624225127115
10	11.913142204284668	0.04701987133994164
11	13.142853736877441	0.04701987133994164
12	14.463367700576782	0.053088172075832496
13	15.829668760299683	0.06435816869271957
14	17.17409348487854	0.06662730299723543
15	18.507519245147705	0.06662730299723543
16	19.884843111038208	0.06662730299723543
17	21.238216638565063	0.06662730299723543
18	22.522812128067017	0.06662730299723543
19	23.778412103652954	0.06718739268789681
20	25.13052773475647	0.06760742021066925
21	26.466973543167114	0.06760742021066925
22	27.755585432052612	0.06896781972329723
23	29.076993703842163	0.07068036191682625
24	30.37257981300354	0.07068036191682625
25	31.826333045959473	0.07068036191682625
26	33.41508746147156	0.08424540672400181
27	34.942872762680054	0.08424540672400181
28	36.31620740890503	0.08424540672400181
29	37.666590452194214	0.08424540672400181
30	39.03991651535034	0.08424540672400181
31	40.40526533126831	0.08424540672400181
32	41.79161977767944	0.08424540672400181
33	43.243675231933594	0.08424540672400181
34	44.635000467300415	0.08424540672400181
35	46.02723169326782	0.08424540672400181
36	47.57015800476074	0.08424540672400181
37	49.17980146408081	0.08963883356353762
38	50.766621351242065	0.08963883356353762
39	52.40717172622681	0.10831686291268272
40	54.18546748161316	0.10831686291268276
41	55.97868323326111	0.10831686291268276
42	57.78187155723572	0.10831686291268276
43	59.49424648284912	0.10874499846106515
44	61.199668169021606	0.10914356356310527
45	62.82037663459778	0.10918569350009807
46	64.36421966552734	0.11096612053549845
47	66.03275966644287	0.12480365859552402
48	67.63647055625916	0.12480365859552402
49	69.36784100532532	0.12480365859552402
50	71.14309501647949	0.12480365859552402
51	72.91535449028015	0.12555341249310006
52	74.6766848564148	0.12635531212400974
53	76.37760376930237	0.12635531212400974
54	78.19574475288391	0.12635531212400974
55	79.96900010108948	0.12635531212400974
56	81.56872200965881	0.12635531212400974
57	83.13058400154114	0.12635531212400974
58	84.7228012084961	0.12635531212400974
59	86.29763007164001	0.12635531212400974
60	87.97510385513306	0.1288368449033262
61	89.78426456451416	0.13106512111800395
62	91.6722161769867	0.13235382024729825
63	93.52429032325745	0.13377034001561788
64	95.38927626609802	0.14294290169384574
65	97.32310485839844	0.14630757334106625
66	99.24197483062744	0.15601287999613356
67	101.24561667442322	0.15712542829452938
68	103.17645311355591	0.1575721646075465
69	105.13122582435608	0.1579505391360089
70	106.94836568832397	0.16191059423242773
71	108.61590766906738	0.16478178918370295
72	110.24754309654236	0.16478178918370295
73	111.92210292816162	0.16478178918370295
74	113.4830150604248	0.16478178918370295
75	115.08570766448975	0.16478178918370295
76	116.69637560844421	0.16478178918370295
77	118.30910801887512	0.16562677263697137
78	120.04644536972046	0.16562677263697137
79	121.80675458908081	0.16562677263697137
80	123.54012179374695	0.16649894182316774
81	125.28445506095886	0.1711637592240718
82	127.05372881889343	0.1711637592240718
83	128.8100507259369	0.1723885480338518
84	130.68101835250854	0.1723885480338518
85	132.50415539741516	0.1723885480338518
86	134.27140998840332	0.1723885480338518
87	136.14961910247803	0.17462572717861072
88	138.00667095184326	0.1753276278269981
89	139.80385994911194	0.1753276278269981
90	141.5911045074463	0.17643238606157266
91	143.41318774223328	0.1772778464575244
92	145.2313461303711	0.17759358251362803
93	147.01059460639954	0.17956399171773132
94	148.7898304462433	0.17956399171773138
95	150.59298849105835	0.18835881479107333
96	152.39618682861328	0.1883588147910735
97	154.12651896476746	0.18953082194394155
98	155.91378045082092	0.18953082194394155
99	157.64912009239197	0.18953082194394155
0	1.1339645385742188	0.014276961251904568
1	2.025618314743042	0.014276961251904568
2	2.9321601390838623	0.020790249510974693
3	3.8038289546966553	0.021599144301234382
4	4.694446086883545	0.023453815414278736
5	5.6260085105896	0.023741729813877784
6	6.61431360244751	0.027246463628986868
7	7.672987222671509	0.030402711323763883
8	8.748112440109253	0.03365212182260779
9	9.768383979797363	0.037904542783666256
10	10.878465414047241	0.04235092043578558
11	12.02235746383667	0.051443037781491494
12	13.061615705490112	0.054730921656758885
13	14.138724565505981	0.06323592255977048
14	15.158010721206665	0.06323592255977048
15	16.19719386100769	0.06323592255977048
16	17.212515354156494	0.06323592255977048
17	18.211806058883667	0.06323592255977048
18	19.311864852905273	0.07031359299364852
19	20.3172025680542	0.07449542643763246
20	21.309521198272705	0.07449542643763246
21	22.345805644989014	0.07664294035799958
22	23.442881107330322	0.07664294035799958
23	24.525024890899658	0.08058471265157252
24	25.603108882904053	0.09056664606274287
25	26.694228887557983	0.09056664606274287
26	27.78430700302124	0.09056664606274287
27	28.919328689575195	0.10021519653854079
28	30.07519292831421	0.1011420551523801
29	31.210208654403687	0.10434520221097895
30	32.28029775619507	0.10434520221097895
31	33.3105411529541	0.10434520221097895
32	34.38267421722412	0.10494138056464912
33	35.41396117210388	0.10656775511346164
34	36.422221183776855	0.10791289246023558
35	37.42058777809143	0.10791289246023558
36	38.4547860622406	0.10791289246023558
37	39.5090115070343	0.10791289246023558
38	40.623984813690186	0.10909650521838918
39	41.7709174156189	0.11314240999773634
40	42.94278836250305	0.11314240999773634
41	44.066781520843506	0.11362905051522552
42	45.11597657203674	0.11362905051522552
43	46.20513677597046	0.11772996268400497
44	47.366031646728516	0.11772996268400497
45	48.5349063873291	0.11772996268400497
46	49.749683141708374	0.11772996268400497
47	50.94346570968628	0.11772996268400499
48	52.06268548965454	0.11996284934461698
49	53.13896059989929	0.11996284934461698
50	54.261956214904785	0.12202133396416924
51	55.38401770591736	0.12202133396416924
52	56.49498438835144	0.12762588743135284
53	57.6498966217041	0.12762588743135284
54	58.786855697631836	0.13009056823587173
55	59.979726791381836	0.1309053453192209
56	61.16050839424133	0.1309269667208476
57	62.333436012268066	0.13352598638106056
58	63.521326780319214	0.1360223043835486
59	64.74402904510498	0.1360223043835486
60	65.92387223243713	0.1360223043835486
61	67.09374666213989	0.13602230438354868
62	68.27014875411987	0.1428072909909983
63	69.4315493106842	0.1428072909909983
64	70.61542177200317	0.14375036565605728
65	71.81524968147278	0.14375036565605728
66	73.04450011253357	0.14375036565605728
67	74.27720379829407	0.14375036565605728
68	75.60868906974792	0.14375036565605728
69	76.84334254264832	0.1461877017467563
70	78.1136155128479	0.15331831281843997
71	79.43308687210083	0.15331831281843997
72	80.73221254348755	0.15331831281843997
73	81.98287081718445	0.1562491256050824
74	83.18768882751465	0.1592918609413202
75	84.39463257789612	0.1592918609413202
76	85.60738825798035	0.1592918609413202
77	86.83610224723816	0.1592918609413202
78	88.14863157272339	0.1592918609413202
79	89.47307205200195	0.16498925925078117
80	90.75932049751282	0.16498925925078117
81	91.99701261520386	0.1655935456300614
82	93.21280002593994	0.1655935456300614
83	94.42651677131653	0.1655935456300614
84	95.64230251312256	0.1655935456300614
85	96.86300444602966	0.1655935456300614
86	98.08476281166077	0.1655935456300614
87	99.32345128059387	0.1655935456300614
88	100.51725816726685	0.1655935456300614
89	101.72209787368774	0.1655935456300614
90	102.92581820487976	0.1655935456300614
91	104.14954853057861	0.1655935456300614
92	105.37826323509216	0.1655935456300614
93	106.63893938064575	0.1655935456300614
94	107.9175181388855	0.1680906585370206
95	109.15416502952576	0.1680906585370206
96	110.37988805770874	0.1680906585370206
97	111.59663367271423	0.1680906585370206
98	112.77753758430481	0.1680906585370206
99	113.9952507019043	0.1680906585370206
