0	1.4880180358886719	0.019008232666630886
1	2.5003108978271484	0.02009677484998558
2	3.4318201541900635	0.02009677484998558
3	4.370309352874756	0.02009677484998558
4	5.315781354904175	0.023737596310625782
5	6.270230054855347	0.03029126571685089
6	7.275562524795532	0.03240221403152626
7	8.211137056350708	0.03466053763522912
8	9.13060188293457	0.03796924800765129
9	10.04814887046814	0.04504183105291147
10	11.018580436706543	0.04504183105291147
11	11.971006155014038	0.04628013323870796
12	12.89559531211853	0.04637313706188047
13	13.810088396072388	0.04948820870503065
14	14.717714071273804	0.06300842090001019
15	15.646178960800171	0.06767896161310935
16	16.555771827697754	0.06800837002612385
17	17.469329833984375	0.0773201989677688
18	18.351970911026	0.0773201989677688
19	19.227668046951294	0.0803476721381535
20	20.12024235725403	0.0803476721381535
21	21.02055335044861	0.08708210282121161
22	21.928190231323242	0.08708210282121161
23	22.848703145980835	0.09341828636401805
24	23.723431825637817	0.0969169789051429
25	24.613054037094116	0.11424891702214802
26	25.5645112991333	0.11424891702214802
27	26.502002954483032	0.11424891702214802
28	27.447476148605347	0.11461505002174867
29	28.370620012283325	0.12262864098044145
30	29.344081163406372	0.1256168458699312
31	30.3154194355011	0.1316722691533825
32	31.27984094619751	0.13421930206115631
33	32.22584819793701	0.13421930206115631
34	33.177305936813354	0.13421930206115631
35	34.10681986808777	0.13991670037061726
36	35.040324687957764	0.1402806076376978
37	36.01172590255737	0.14159410778650375
38	36.95021629333496	0.14232478397676207
39	37.88775873184204	0.14929355249803594
40	38.83321928977966	0.14929355249803594
41	39.77270698547363	0.14929355249803594
42	40.74312710762024	0.1512235805549843
43	41.71491289138794	0.15251800299647353
44	42.73724055290222	0.1567101701985875
45	43.7335147857666	0.1567101701985875
46	44.710962772369385	0.1580452917490202
47	45.72917819023132	0.15957611878035102
48	46.763474225997925	0.1627892816352927
49	47.76174306869507	0.1631240953987128
50	48.76911163330078	0.1631240953987128
51	49.77934765815735	0.16342552317432849
52	50.81757187843323	0.16679941571341872
53	51.84183216094971	0.1667994157134189
54	52.855122566223145	0.1704675818878814
55	53.85796308517456	0.1704675818878814
56	54.89120292663574	0.1737964828338816
57	55.89459490776062	0.1737964828338816
58	56.901824951171875	0.18048147045880802
59	57.93306803703308	0.18048147045880802
60	58.94735622406006	0.18048147045880802
61	59.99258589744568	0.18108225925841365
62	61.04377484321594	0.18108225925841365
63	62.079007148742676	0.18108225925841365
64	63.11324214935303	0.18108225925841365
65	64.21074604988098	0.18441688351660881
66	65.23002338409424	0.18441688351660884
67	66.26330637931824	0.18441688351660884
68	67.28452777862549	0.18441688351660884
69	68.31792497634888	0.18441688351660884
70	69.36811661720276	0.18573578901582224
71	70.4392523765564	0.1866011220235625
72	71.53536820411682	0.1876866435699248
73	72.57624173164368	0.1876866435699248
74	73.6224455833435	0.1876866435699248
75	74.69980907440186	0.1876866435699248
76	75.75704455375671	0.1876866435699248
77	76.84108304977417	0.1900309758374505
78	77.89526414871216	0.1900309758374505
79	78.95542907714844	0.1900309758374505
80	80.0754337310791	0.19076435470291275
81	81.13958811759949	0.19076435470291275
82	82.21078586578369	0.19076435470291275
83	83.31178021430969	0.19188214937082052
84	84.3879017829895	0.19188214937082052
85	85.5118978023529	0.19745283990751417
86	86.61700224876404	0.20207234775353908
87	87.68009972572327	0.20207234775353908
88	88.79611396789551	0.20207234775353908
89	89.92908549308777	0.20670854859346735
90	91.02122497558594	0.20670854859346735
91	92.10033702850342	0.20672126706501173
92	93.18443846702576	0.20686371394631609
93	94.279536485672	0.2112903779675406
94	95.37557768821716	0.2112903779675406
95	96.51188611984253	0.2112903779675406
96	97.66485285758972	0.2112903779675406
97	98.79378485679626	0.2112903779675406
98	99.88391518592834	0.2116385461260843
99	101.05174589157104	0.2116385461260843
0	1.8799786567687988	0.01469841960272576
1	3.327094793319702	0.017616831879611997
2	4.806132793426514	0.020190732558523904
3	6.284878492355347	0.021941589147582423
4	7.73998761177063	0.023048255152888553
5	9.214046955108643	0.03213321835835043
6	10.66222071647644	0.03213321835835043
7	12.14121961593628	0.034353545528312344
8	13.648207902908325	0.039827893643053405
9	15.173134326934814	0.05848430159057185
10	16.625290393829346	0.05848430159057185
11	18.051435947418213	0.05848430159057185
12	19.489630937576294	0.07009419935949797
13	20.920764207839966	0.07557077320675877
14	22.397814750671387	0.07557077320675877
15	23.92074203491211	0.08087501176458643
16	25.435736417770386	0.08356258378293156
17	27.047380685806274	0.0849911860992196
18	28.708974361419678	0.09161274034731595
19	30.413416862487793	0.09378759898150435
20	32.12683463096619	0.09643097431123122
21	33.86813998222351	0.11015929249686507
22	35.689271211624146	0.11223860361357237
23	37.49747562408447	0.13536984679329303
24	39.361451148986816	0.13536984679329303
25	41.23942971229553	0.13866997219742316
26	43.155351877212524	0.1423475182446493
27	45.084089040756226	0.15235711433143023
28	47.001015424728394	0.1595238140661239
29	48.925960540771484	0.1619465239145451
30	50.88468265533447	0.16691658463252862
31	52.894309759140015	0.1733664395147687
32	54.88204097747803	0.17598262911156673
33	56.86574649810791	0.17650535829206487
34	58.894446849823	0.17702013842784828
35	60.94000291824341	0.17758165894655784
36	62.94763445854187	0.17781504289940753
37	65.08736729621887	0.18609190621908173
38	67.18140506744385	0.18721590114186787
39	69.2667760848999	0.1915468586647168
40	71.36022210121155	0.19659815861969324
41	73.49750113487244	0.19883056833762303
42	75.6048846244812	0.19883056833762325
43	77.74816298484802	0.2004092486181419
44	79.90340852737427	0.20257091183810252
45	82.02972984313965	0.20367423924462846
46	84.16003608703613	0.21133203096185096
47	86.2733747959137	0.21133203096185096
48	88.3747079372406	0.21193870205454632
49	90.49907231330872	0.21193870205454632
50	92.629385471344	0.21688364379122796
51	94.7586829662323	0.21688364379122796
52	96.90190696716309	0.21688364379122796
53	99.0232789516449	0.21688364379122796
54	101.13463354110718	0.21688364379122796
55	103.24300765991211	0.21688364379122796
56	105.34238862991333	0.21688364379122796
57	107.43677115440369	0.21868076382053084
58	109.57506918907166	0.21868076382053084
59	111.71329832077026	0.21868076382053084
60	113.82567644119263	0.21868076382053084
61	115.97095012664795	0.21889395719980323
62	118.09728074073792	0.21889395719980323
63	120.25543975830078	0.22181077966774645
64	122.37576389312744	0.22181077966774645
65	124.56191802024841	0.22181077966774645
66	126.76404786109924	0.22181077966774645
67	128.9063160419464	0.22181077966774645
68	131.0346179008484	0.22181077966774645
69	133.198814868927	0.2218991730449839
70	135.32609581947327	0.22254686120841127
71	137.44243669509888	0.22254686120841127
72	139.5727400779724	0.22377769129217498
73	141.6870846748352	0.22377769129217498
74	143.81744170188904	0.22493920570601883
75	145.95965933799744	0.22493920570601883
76	148.08002829551697	0.22704506663207646
77	150.1614694595337	0.22704506663207646
78	152.2748260498047	0.22716462026459877
79	154.3951563835144	0.22822406894429476
80	156.50645565986633	0.22822406894429476
81	158.6547496318817	0.22822406894429476
82	160.76506924629211	0.2290043471735784
83	162.87147426605225	0.22996331992806854
84	164.9549171924591	0.22996331992806854
85	166.98048567771912	0.23063103968417908
86	169.05694842338562	0.23098938261995836
87	171.1792187690735	0.23098938261995836
88	173.2936053276062	0.23154104632322106
89	175.40497255325317	0.23154104632322106
90	177.48042249679565	0.2317782458175349
91	179.5711681842804	0.2317782458175349
92	181.7383849620819	0.23192641601103364
93	183.83679151535034	0.23210511053624033
94	186.01092100143433	0.23210511053624033
95	188.11629176139832	0.23230129295982127
96	190.2446005344391	0.23369507846025503
97	192.38487911224365	0.23369507846025503
98	194.5034351348877	0.2338019136212327
99	196.6115825176239	0.2345135121041734
0	1.882007122039795	0.01469841960272576
1	3.3032000064849854	0.017491236973105458
2	4.804186105728149	0.02387400191794553
3	6.250325441360474	0.025440440669601987
4	7.735327959060669	0.025440440669601987
5	9.156571626663208	0.025440440669601987
6	10.679489374160767	0.025440440669601987
7	12.175480127334595	0.030132125841644687
8	13.791155099868774	0.030132125841644687
9	15.567384004592896	0.030988237957515107
10	17.29276967048645	0.03745462685276337
11	18.94532608985901	0.03745462685276337
12	20.619899034500122	0.04104743608332114
13	22.37622046470642	0.043610685042314176
14	24.1255202293396	0.048930503727784055
15	25.93967294692993	0.06414592919881254
16	27.755765438079834	0.06414592919881254
17	29.457284212112427	0.06414592919881254
18	31.026058197021484	0.06414592919881254
19	32.5609610080719	0.06414592919881254
20	34.15664863586426	0.07311690310305266
21	35.6556921005249	0.07689460711369527
22	37.193527698516846	0.07689460711369527
23	38.76138687133789	0.07689460711369527
24	40.330177545547485	0.07689460711369527
25	41.85708165168762	0.07689460711369527
26	43.39893460273743	0.07689460711369527
27	44.9631290435791	0.0803258917556323
28	46.59972834587097	0.0803258917556323
29	48.3171489238739	0.08386639627196152
30	49.96172761917114	0.0891003652745027
31	51.638267278671265	0.09338426445263497
32	53.32475972175598	0.09338426445263497
33	55.032219648361206	0.09338426445263497
34	56.64889645576477	0.09904128161494072
35	58.30247449874878	0.09904128161494072
36	59.96901774406433	0.10133887349953838
37	61.61763095855713	0.10347382792925479
38	63.29314136505127	0.10347382792925479
39	64.89487099647522	0.10908171999521811
40	66.58632254600525	0.10908171999521811
41	68.22496628761292	0.11277897967333901
42	69.88054013252258	0.11277897967333901
43	71.55603694915771	0.11277897967333901
44	73.25149846076965	0.11415034886767493
45	74.94100570678711	0.11415034886767493
46	76.69628715515137	0.1145875463270331
47	78.41765856742859	0.1145875463270331
48	80.23582172393799	0.1145875463270331
49	82.0280544757843	0.1145875463270331
50	83.79131388664246	0.1145875463270331
51	85.57157897949219	0.11619993055714602
52	87.36778044700623	0.11808003861328005
53	89.20785450935364	0.12021801367998863
54	91.08585691452026	0.12021801367998863
55	92.97677659988403	0.12021801367998863
56	94.82680416107178	0.12264581091702784
57	96.69383668899536	0.12451081578820225
58	98.6066963672638	0.1268797900943463
59	100.46971440315247	0.1268797900943463
60	102.36965823173523	0.12732779825451737
61	104.28453755378723	0.13073491780051902
62	106.25963973999023	0.13073491780051902
63	108.18652987480164	0.13272758432982623
64	110.10839080810547	0.13344744981927076
65	111.9265673160553	0.1334649377176453
66	113.72671627998352	0.13361231300667267
67	115.50116753578186	0.1368319940782802
68	117.29042077064514	0.1368319940782802
69	119.14841413497925	0.1368319940782802
70	120.93264389038086	0.1368319940782802
71	122.81062173843384	0.14047535923322918
72	124.62975740432739	0.14047535923322918
73	126.42994356155396	0.14047535923322918
74	128.29794812202454	0.14047535923322918
75	130.1270570755005	0.14362540667312831
76	132.01500821113586	0.14816669591915146
77	133.85309147834778	0.14816669591915146
78	135.71910285949707	0.14852138229436168
79	137.58910083770752	0.15243596885500718
80	139.43516421318054	0.15243596885500718
81	141.2792718410492	0.15243596885500718
82	143.1164026260376	0.15256633318834337
83	145.01535034179688	0.15473960201358916
84	146.93023991584778	0.15607933400995636
85	148.86106872558594	0.15607933400995636
86	150.7669701576233	0.15616566063556794
87	152.65392446517944	0.15781810805104718
88	154.5249207019806	0.15781810805104718
89	156.4367573261261	0.15781810805104718
90	158.36164140701294	0.15781810805104718
91	160.2336151599884	0.15878185023236702
92	162.1225781440735	0.15907612386773837
93	163.99958491325378	0.15907612386773837
94	165.88805866241455	0.15907612386773856
95	167.86581254005432	0.15998994604824415
96	169.7427499294281	0.15998994604824415
97	171.6267123222351	0.15998994604824415
98	173.5186893939972	0.15998994604824415
99	175.42555451393127	0.1608772184193997
0	2.101407051086426	0.017906972011731356
1	3.6123125553131104	0.022064322397991373
2	5.065477132797241	0.024648397854139376
3	6.526519775390625	0.03151891618272843
4	7.954700946807861	0.03459106298441451
5	9.540459871292114	0.03459106298441451
6	11.173324584960938	0.03459106298441451
7	12.77109670639038	0.047703012242800574
8	14.37177062034607	0.0493432181294179
9	16.04335594177246	0.0493432181294179
10	17.68994975090027	0.05413045081894242
11	19.329558849334717	0.054623291591309776
12	20.919261693954468	0.05566636523889082
13	22.589840412139893	0.06173689170730215
14	24.263381719589233	0.06173689170730215
15	25.89799451828003	0.06173689170730215
16	27.510635375976562	0.06690520160049226
17	29.112398147583008	0.07566679766692391
18	30.757951974868774	0.07566679766692391
19	32.41159272193909	0.07566679766692391
20	34.07607865333557	0.07677727921369323
21	35.71474266052246	0.07677727921369323
22	37.30249738693237	0.07677727921369323
23	38.92810368537903	0.07677727921369323
24	40.55378317832947	0.07677727921369323
25	42.1849639415741	0.08134527724996118
26	43.77475452423096	0.08134527724996118
27	45.34152293205261	0.08134527724996118
28	46.89836025238037	0.08134527724996118
29	48.518619775772095	0.08739545416390009
30	50.24001860618591	0.092530537050179
31	51.92850303649902	0.092530537050179
32	53.57115077972412	0.092530537050179
33	55.24363851547241	0.09950518786454277
34	56.91616702079773	0.10339417850120419
35	58.651524782180786	0.10339417850120419
36	60.29816007614136	0.10339417850120419
37	61.99059557914734	0.11521599780224767
38	63.6312096118927	0.11521599780224767
39	65.44639301300049	0.11824029135474595
40	67.33330917358398	0.11824029135474595
41	69.27013063430786	0.12955051013789387
42	71.10422444343567	0.12955051013789387
43	72.98719048500061	0.12955051013789387
44	74.73850727081299	0.13207035731273947
45	76.68729615211487	0.13207035731273947
46	78.72883701324463	0.13316796140707027
47	80.65568375587463	0.13316796140707027
48	82.45686745643616	0.13316796140707027
49	84.22613620758057	0.13316796140707027
50	85.97545671463013	0.13316796140707027
51	87.73674702644348	0.13316796140707027
52	89.38334488868713	0.13316796140707027
53	90.93459367752075	0.13316796140707027
54	92.51941704750061	0.13316796140707027
55	94.20085906982422	0.13316796140707027
56	95.90238094329834	0.13316796140707027
57	97.61378860473633	0.13389752473106856
58	99.34018516540527	0.14123958039218718
59	101.30885934829712	0.14556831218251573
60	103.244069814682	0.14556831218251573
61	105.01233959197998	0.15018130181187425
62	106.93415522575378	0.15018130181187425
63	108.77079844474792	0.15018130181187425
64	110.49221587181091	0.15162707406474832
65	112.4582941532135	0.15635389401443356
66	114.43796920776367	0.16656078539105598
67	116.3149893283844	0.16656078539105598
68	118.33709859848022	0.16656078539105598
69	120.34268879890442	0.17179236968018244
70	122.35830044746399	0.17179236968018244
71	124.3310284614563	0.17179236968018244
72	126.37655854225159	0.1740826484436419
73	128.41011905670166	0.17603525178758275
74	130.40578389167786	0.18274551737470518
75	132.25184726715088	0.18274551737470518
76	134.15176653862	0.18274551737470518
77	136.11352038383484	0.18655660737315333
78	138.0922291278839	0.19080950527689522
79	139.86050057411194	0.19080950527689522
80	141.60982251167297	0.19080950527689522
81	143.49577927589417	0.19462313896965236
82	145.42561841011047	0.19462313896965236
83	147.3394992351532	0.19462313896965236
84	149.22545623779297	0.19462313896965236
85	151.13734316825867	0.19817127456890898
86	153.0911202430725	0.19930719305876868
87	155.05287265777588	0.1995435976486106
88	156.98969316482544	0.21195905160901585
89	158.98834872245789	0.21195905160901585
90	161.06878662109375	0.21195905160901585
91	163.18614172935486	0.21828506037458645
92	165.18878626823425	0.21919665682257172
93	167.20838713645935	0.2207274838539026
94	169.22200560569763	0.22380535396778362
95	171.23364901542664	0.22380535396778367
96	173.1993691921234	0.22380535396778367
97	175.17213368415833	0.22380535396778367
98	177.10991191864014	0.22380535396778367
99	178.99487137794495	0.2248711618832517
0	1.9049310684204102	0.02096655932276677
1	3.3131582736968994	0.029405424173744435
2	4.67744779586792	0.029405424173744435
3	6.095700740814209	0.030242140620508718
4	7.4891791343688965	0.03568739523159052
5	8.943349123001099	0.03568739523159052
6	10.316622257232666	0.052729193216475866
7	11.704955339431763	0.052729193216475866
8	13.06227993965149	0.05393395043357252
9	14.466588020324707	0.054961602934405294
10	15.915649890899658	0.054961602934405294
11	17.45558500289917	0.058107516871052256
12	19.021347522735596	0.05911863535887687
13	20.560258150100708	0.05911863535887687
14	22.196855068206787	0.06237122547560702
15	23.74476718902588	0.06237122547560702
16	25.349424600601196	0.06448487646548581
17	26.890355110168457	0.06907465488427483
18	28.468204498291016	0.06907465488427483
19	30.036036729812622	0.07030516700625
20	31.59384536743164	0.08311616543170355
21	33.149730920791626	0.08311616543170355
22	34.60484290122986	0.08554618840126275
23	36.1187961101532	0.08907540527409598
24	37.54877686500549	0.09612970551650993
25	39.013861894607544	0.10300133671135958
26	40.471961975097656	0.10889698419602745
27	41.961976766586304	0.10889698419602745
28	43.42007780075073	0.11579468825754433
29	44.906105279922485	0.11736732726407852
30	46.37244462966919	0.11736732726407852
31	47.852059841156006	0.11736732726407852
32	49.307106494903564	0.11743028369822629
33	50.76427626609802	0.1234206837959044
34	52.2312912940979	0.12423244024226164
35	53.57775259017944	0.12505421248496087
36	55.008686780929565	0.12505421248496087
37	56.48578476905823	0.12505421248496087
38	57.88303995132446	0.1284204739411235
39	59.27827215194702	0.1306280826395414
40	60.69351363182068	0.13100152876028007
41	62.1077094078064	0.14029078241493326
42	63.53194212913513	0.14029078241493326
43	64.99798059463501	0.14029078241493326
44	66.48105263710022	0.14029078241493326
45	67.8842625617981	0.1445802459243667
46	69.43667674064636	0.14554382912479183
47	70.98948502540588	0.14554382912479183
48	72.58670616149902	0.1504293120070008
49	74.17460012435913	0.1504293120070008
50	75.79819369316101	0.1504293120070008
51	77.48274350166321	0.1504293120070008
52	79.16222929954529	0.1504293120070008
53	80.79690599441528	0.1517426531749123
54	82.48435068130493	0.1517426531749123
55	84.12498784065247	0.1549128911883894
56	85.79846358299255	0.1549128911883894
57	87.48898482322693	0.1549128911883894
58	89.1685700416565	0.1549128911883894
59	90.76529932022095	0.1549128911883894
60	92.36707758903503	0.15510223743351498
61	94.01631951332092	0.15510223743351498
62	95.65399146080017	0.15548792508311607
63	97.34147787094116	0.15548792508311607
64	98.98303985595703	0.1559995256010123
65	100.6306619644165	0.1559995256010123
66	102.2543215751648	0.1559995256010123
67	103.80201458930969	0.15805578448804422
68	105.34592604637146	0.15805578448804422
69	106.8797869682312	0.15805578448804422
70	108.40171718597412	0.15805578448804422
71	109.94160270690918	0.16333601693083083
72	111.4904613494873	0.16333601693083083
73	113.03732347488403	0.16510420243736895
74	114.49746656417847	0.16510420243736895
75	115.89275169372559	0.16510420243736895
76	117.29494214057922	0.16510420243736895
77	118.69224262237549	0.16510420243736895
78	120.1303596496582	0.1674189642585522
79	121.61243414878845	0.1674189642585522
80	123.03558945655823	0.16741896425855227
81	124.52367305755615	0.17115469731309715
82	125.85225081443787	0.17115469731309715
83	127.19883227348328	0.17115469731309715
84	128.54224133491516	0.17115469731309724
85	129.98738980293274	0.17191987235742118
86	131.4784038066864	0.17191987235742118
87	133.03029131889343	0.17191987235742118
88	134.59207773208618	0.17735399830590168
89	136.23667883872986	0.17735399830590168
90	137.9301507472992	0.17735399830590168
91	139.55163383483887	0.17735399830590168
92	141.1134831905365	0.1773539983059017
93	142.67228865623474	0.1775406418758241
94	144.24411177635193	0.17935461387992438
95	145.79793047904968	0.17978068267668074
96	147.40466594696045	0.17978068267668074
97	149.04455018043518	0.17978068267668074
98	150.67024540901184	0.18058131046043518
99	152.2415645122528	0.18058131046043518
