0	0.6502633094787598	0.012903525305942798
1	1.1030504703521729	0.012903525305942798
2	1.6156795024871826	0.017268822701962932
3	2.108363151550293	0.017268822701962932
4	2.6140098571777344	0.02062013995406087
5	3.0922272205352783	0.021232216397162194
6	3.5799243450164795	0.021232216397162194
7	4.053208589553833	0.021232216397162194
8	4.5403218269348145	0.021232216397162194
9	5.019043445587158	0.021862893604898074
10	5.483800649642944	0.022474334124422294
11	5.9515955448150635	0.022474334124422294
12	6.422328948974609	0.022474334124422294
13	6.901048898696899	0.023061132605327973
14	7.406682252883911	0.02309340572687334
15	7.881568908691406	0.027811163765583166
16	8.355301856994629	0.027811163765583166
17	8.84719705581665	0.027811163765583166
18	9.37183666229248	0.027811163765583166
19	9.85554051399231	0.02869605142332402
20	10.361191272735596	0.029979027240422285
21	10.853832960128784	0.029979027240422285
22	11.332598209381104	0.031470903952646546
23	11.836184024810791	0.033162778629915346
24	12.357789516448975	0.037599617428375864
25	12.869421005249023	0.039140937198731116
26	13.389179706573486	0.039140937198731116
27	13.920755863189697	0.039140937198731116
28	14.494493246078491	0.04612464992407057
29	15.056029081344604	0.04612464992407057
30	15.572652578353882	0.04612464992407057
31	16.108226537704468	0.04696549987408689
32	16.636804580688477	0.04876675340664236
33	17.209235429763794	0.0558932309750741
34	17.823715925216675	0.0558932309750741
35	18.465000867843628	0.056559837864924634
36	19.0713791847229	0.05703423685355183
37	19.60925006866455	0.05703423685355183
38	20.19664168357849	0.05938222568164639
39	20.739230632781982	0.0613664662235549
40	21.430386543273926	0.0645667516260564
41	22.004844188690186	0.0645667516260564
42	22.587287187576294	0.06905271552085958
43	23.222987413406372	0.06905271552085958
44	23.83642840385437	0.07379304884656193
45	24.441811323165894	0.07763784279460471
46	25.019999980926514	0.07763784279460471
47	25.61757731437683	0.07763784279460471
48	26.20004177093506	0.0811926555914219
49	26.797463417053223	0.0811926555914219
50	27.379908561706543	0.0811926555914219
51	27.952093839645386	0.0811926555914219
52	28.55747365951538	0.09267854826278442
53	29.1510591506958	0.09267854826278442
54	29.746509075164795	0.09267854826278442
55	30.330944776535034	0.09302862419205954
56	30.936399459838867	0.09451414166851163
57	31.632537603378296	0.09451414166851163
58	32.26588249206543	0.09451414166851163
59	32.92009472846985	0.09504195823762762
60	33.58080005645752	0.09801919344540942
61	34.20916175842285	0.09801919344540942
62	34.812917709350586	0.10136796700319842
63	35.46018695831299	0.10136796700319842
64	36.12018632888794	0.10220643223980021
65	36.769490480422974	0.1027917998926571
66	37.37187886238098	0.1027917998926571
67	38.12386965751648	0.10353614843982603
68	38.78553295135498	0.10443009800854289
69	39.49164390563965	0.10443009800854289
70	40.14788889884949	0.10473772603903646
71	40.851284980773926	0.10473772603903646
72	41.53209853172302	0.10840414342366099
73	42.189340353012085	0.10840414342366099
74	42.88045644760132	0.10989840484929987
75	43.57061243057251	0.11367324720384518
76	44.25181794166565	0.11367324720384518
77	44.9237060546875	0.11367324720384518
78	45.61485695838928	0.11367324720384518
79	46.31722664833069	0.11504413945549809
80	46.96041250228882	0.11504413945549809
81	47.62368559837341	0.11729435503359041
82	48.30880904197693	0.11729435503359041
83	48.993489027023315	0.1213221359909862
84	49.68164849281311	0.1213221359909862
85	50.37279939651489	0.12239875460726748
86	51.08988165855408	0.12239875460726748
87	51.797988176345825	0.12305439181541024
88	52.49113488197327	0.12305439181541024
89	53.1912624835968	0.1271419495890679
90	53.902671098709106	0.12782620335818692
91	54.60183548927307	0.12782620335818692
92	55.28404879570007	0.12925099013301142
93	56.000096559524536	0.12925099013301142
94	56.70022439956665	0.12939645765130683
95	57.43157696723938	0.1318288653342812
96	58.13451647758484	0.1318288653342812
97	58.825668811798096	0.1318288653342812
98	59.57806730270386	0.13348767198553355
99	60.28318381309509	0.13348767198553355
0	0.8180100917816162	0.01915449508939811
1	1.4603400230407715	0.01915449508939811
2	2.110602378845215	0.01915449508939811
3	2.8186604976654053	0.01915449508939811
4	3.558704376220703	0.01915449508939811
5	4.239885568618774	0.01915449508939811
6	4.886157035827637	0.01915449508939811
7	5.530435562133789	0.01915449508939811
8	6.181694746017456	0.01915449508939811
9	6.847918272018433	0.021049865311386282
10	7.476231813430786	0.023261448532161146
11	8.117516040802002	0.023261448532161146
12	8.768437623977661	0.025735668190339477
13	9.429671287536621	0.026331369601326628
14	10.098918676376343	0.026331369601326628
15	10.755176067352295	0.028245976511526525
16	11.449319124221802	0.028245976511526525
17	12.124511003494263	0.028524034095678365
18	12.843589067459106	0.029009402766013017
19	13.576627492904663	0.02985088863960683
20	14.295705318450928	0.032103170969325405
21	15.059653997421265	0.035287558282395756
22	15.81165075302124	0.03990802001378656
23	16.578554153442383	0.03990802001378656
24	17.383447647094727	0.04649968585375279
25	18.241108179092407	0.04649968585375279
26	19.117810010910034	0.04649968585375279
27	19.98050284385681	0.04649968585375279
28	20.865161180496216	0.04649968585375279
29	21.723913192749023	0.04649968585375279
30	22.560668230056763	0.04810380307736141
31	23.390437126159668	0.049268974051774335
32	24.233206748962402	0.05699083506940471
33	25.09390640258789	0.057174616983229516
34	25.963576078414917	0.0584634750934172
35	26.838236093521118	0.06013754391052297
36	27.733201503753662	0.0643165156984095
37	28.646758556365967	0.07017877719527167
38	29.63615870475769	0.07017877719527167
39	30.61449646949768	0.07017877719527167
40	31.561935663223267	0.07034507121072212
41	32.50745129585266	0.07384424069453022
42	33.51075315475464	0.07384424069453022
43	34.490161657333374	0.07384424069453022
44	35.470487117767334	0.0810269974995486
45	36.44392919540405	0.0810269974995486
46	37.43229341506958	0.0818102963658241
47	38.418447494506836	0.08270027141218293
48	39.40980529785156	0.08327244365081202
49	40.39915418624878	0.08337037588170826
50	41.31670069694519	0.08337037588170826
51	42.27904677391052	0.08337037588170826
52	43.24247193336487	0.08518180419149972
53	44.15413856506348	0.08518180419149972
54	45.11751842498779	0.08518180419149972
55	46.013121604919434	0.08518180419149972
56	46.96263861656189	0.08666461899274848
57	47.93597984313965	0.08732184600983434
58	48.90541362762451	0.08886793520701906
59	49.91227579116821	0.08886793520701906
60	50.90069007873535	0.08886793520701906
61	51.926934242248535	0.08886793520701906
62	52.90930438041687	0.09007142057696114
63	53.8926317691803	0.09162625372333284
64	54.85809135437012	0.09162768455138164
65	55.827457666397095	0.09172529882048923
66	56.80587935447693	0.09172529882048923
67	57.82914447784424	0.0946039658737974
68	58.82743525505066	0.0957837630904871
69	59.79484820365906	0.09705926680555275
70	60.788193225860596	0.09705926680555275
71	61.781221866607666	0.09705926680555275
72	62.849365234375	0.09705926680555275
73	63.897223472595215	0.09852586555558139
74	64.91850852966309	0.09852586555558139
75	65.85599398612976	0.09852586555558139
76	66.82734990119934	0.09852586555558139
77	67.78580832481384	0.09852586555558139
78	68.74322748184204	0.09852586555558139
79	69.72465753555298	0.09857753434623283
80	70.7010383605957	0.09892792823729656
81	71.72126317024231	0.10029277921496547
82	72.76950550079346	0.10062965973001269
83	73.80973100662231	0.10099547476782463
84	74.80306959152222	0.10272168931826488
85	75.78938293457031	0.10272168931826488
86	76.78571963310242	0.10538128069921096
87	77.81402325630188	0.10538128069921096
88	78.81633687019348	0.10538128069921096
89	79.83357000350952	0.10538128069921096
90	80.85088634490967	0.10538128069921096
91	81.85719704627991	0.10538128069921096
92	82.85551476478577	0.10668508301346408
93	83.90072393417358	0.10668508301346408
94	84.91797232627869	0.10668508301346408
95	85.90237879753113	0.10668508301346408
96	86.91231060028076	0.11050221428589627
97	87.91064047813416	0.1105022142858963
98	88.91208934783936	0.11190585660177735
99	89.9104356765747	0.11190585660177735
0	0.8258349895477295	0.01915449508939811
1	1.4820482730865479	0.01915449508939811
2	2.1073834896087646	0.01915449508939811
3	2.7536370754241943	0.01915449508939811
4	3.4128942489624023	0.01915449508939811
5	4.081085920333862	0.01915449508939811
6	4.749299049377441	0.01915449508939811
7	5.381608009338379	0.01915449508939811
8	6.005938768386841	0.019942245420714298
9	6.644251346588135	0.022569404699220807
10	7.2565882205963135	0.023467805732978145
11	7.859005689620972	0.023467805732978145
12	8.463386535644531	0.025155069964311928
13	9.054760456085205	0.025155069964311928
14	9.633260726928711	0.026818010118815912
15	10.19475793838501	0.026818010118815912
16	10.783184289932251	0.026863160692800554
17	11.359642028808594	0.027198133437115964
18	11.938049793243408	0.027198133437115964
19	12.502588272094727	0.027289229489556775
20	13.085021257400513	0.02876791078755317
21	13.631566286087036	0.029269813470896244
22	14.197056770324707	0.029269813470896244
23	14.774515151977539	0.033027644869750065
24	15.349973917007446	0.033027644869750065
25	15.951343297958374	0.033027644869750065
26	16.509871244430542	0.033027644869750065
27	17.091308116912842	0.03569947777955828
28	17.650811195373535	0.03569947777955828
29	18.204384088516235	0.03569947777955828
30	18.75993585586548	0.03729246634056495
31	19.34403419494629	0.037521875771057284
32	19.933465003967285	0.037521875771057284
33	20.588717222213745	0.03766273284341768
34	21.264904737472534	0.03829134329952747
35	21.872280597686768	0.04088813722722049
36	22.464696407318115	0.0409634941711244
37	23.09401559829712	0.04520764812567874
38	23.66648268699646	0.04520764812567874
39	24.250919580459595	0.04635517222082309
40	24.845330476760864	0.05116641102538858
41	25.467666149139404	0.05116641102538858
42	26.08102583885193	0.051986275497355766
43	26.688401699066162	0.0541425333669101
44	27.271841287612915	0.05750020985478049
45	27.882662773132324	0.05750020985478049
46	28.4751193523407	0.05750020985478049
47	29.03542160987854	0.05750020985478049
48	29.619860410690308	0.05750020985478049
49	30.20928430557251	0.05750020985478049
50	30.79483938217163	0.05755553520600109
51	31.372295379638672	0.0626406980914662
52	31.966705560684204	0.0626406980914662
53	32.5511429309845	0.0626406980914662
54	33.14455604553223	0.06400268741303752
55	33.73397994041443	0.06400268741303752
56	34.32140898704529	0.06493399749191753
57	34.94574046134949	0.06494687494435676
58	35.54413914680481	0.06714732950252984
59	36.14253902435303	0.06714732950252984
60	36.72398591041565	0.06944062890298096
61	37.31739687919617	0.07138480625952297
62	37.91978645324707	0.07170833237944794
63	38.529157876968384	0.07170833237944794
64	39.08367419242859	0.07183186053432841
65	39.66212701797485	0.07199974435872193
66	40.25155258178711	0.07478445370349163
67	40.82900857925415	0.07486076453276144
68	41.40147590637207	0.07700652966329104
69	41.967960834503174	0.07700652966329104
70	42.545416593551636	0.07700652966329104
71	43.10496783256531	0.07737377552915187
72	43.68836045265198	0.07821335363201373
73	44.2558708190918	0.07989473557025799
74	44.83130383491516	0.07989473557025799
75	45.39883351325989	0.07989473557025799
76	45.97225308418274	0.08022032844180907
77	46.55819749832153	0.08022032844180907
78	47.12173914909363	0.08027406398408655
79	47.690587282180786	0.08362871983496506
80	48.24410796165466	0.08362871983496506
81	48.831536293029785	0.08362871983496506
82	49.43990969657898	0.08370693843496656
83	50.08618116378784	0.08578640853256812
84	50.716495513916016	0.08642010637729594
85	51.35179781913757	0.08712836626145606
86	51.97368288040161	0.0871828967082051
87	52.627981424331665	0.0871828967082051
88	53.276201486587524	0.08847954488221416
89	53.921353816986084	0.08847954488221416
90	54.5506706237793	0.08847954488221416
91	55.194947719573975	0.08847954488221416
92	55.84820103645325	0.08904837852206264
93	56.51242470741272	0.08971689318264478
94	57.17365646362305	0.0905593329416043
95	57.81693625450134	0.0905593329416043
96	58.47417879104614	0.0905593329416043
97	59.11595368385315	0.09106616403267112
98	59.75328874588013	0.09109859613511077
99	60.38860297203064	0.09109859613511077
0	0.829782247543335	0.012232625931945915
1	1.5061979293823242	0.012232625931945915
2	2.1793975830078125	0.012232625931945915
3	2.856586456298828	0.01395407105555678
4	3.559706211090088	0.01436058520231268
5	4.221935272216797	0.01808153303368615
6	4.879177570343018	0.018231610997916602
7	5.569333553314209	0.024986073273658177
8	6.231561183929443	0.030538639988400677
9	6.902804613113403	0.030538639988400677
10	7.571264028549194	0.03184212434086516
11	8.210601329803467	0.03184212434086516
12	8.86184573173523	0.03716098914096891
13	9.527073860168457	0.040335360657697425
14	10.237177610397339	0.040335360657697425
15	11.010115623474121	0.040335360657697425
16	11.846890926361084	0.041619290360161446
17	12.679607152938843	0.043483818288653234
18	13.493430137634277	0.043483818288653234
19	14.23804497718811	0.04554627743056348
20	15.040911197662354	0.050406959293259924
21	15.830798864364624	0.050406959293259924
22	16.58991813659668	0.050406959293259924
23	17.355231523513794	0.050406959293259924
24	18.16007947921753	0.07266953086645936
25	19.067652225494385	0.0742305642677088
26	20.024489402770996	0.0815656247694781
27	21.050744771957397	0.09133913422820562
28	22.073065996170044	0.09133913422820562
29	23.147138357162476	0.09778199395109533
30	24.24724316596985	0.09778199395109533
31	25.30792212486267	0.09778199395109533
32	26.458904504776	0.09778199395109533
33	27.60201621055603	0.09853429154297988
34	28.793882369995117	0.09853429154297988
35	29.765231132507324	0.09853429154297988
36	30.795522689819336	0.10097512521335265
37	31.834697484970093	0.10097512521335265
38	32.88093829154968	0.10097512521335265
39	33.917179107666016	0.10097512521335265
40	34.98022651672363	0.10097512521335265
41	36.05535268783569	0.10097512521335265
42	37.12848377227783	0.10097512521335265
43	38.180670738220215	0.10294076499062732
44	39.28172588348389	0.10294076499062732
45	40.338897943496704	0.10294076499062732
46	41.35817337036133	0.10294076499062732
47	42.310625076293945	0.10301039862233541
48	43.46055054664612	0.11663140470430874
49	44.594518184661865	0.11663140470430874
50	45.674631118774414	0.11663140470430874
51	46.728856801986694	0.11663140470430874
52	47.78099703788757	0.11663140470430874
53	48.864147663116455	0.11663140470430874
54	49.91229748725891	0.1188937028303691
55	51.01833963394165	0.1188937028303691
56	52.09567856788635	0.1188937028303691
57	53.24482727050781	0.1188937028303691
58	54.37957262992859	0.11928559073484839
59	55.53352737426758	0.11928559073484839
60	56.62955403327942	0.1253292494321208
61	57.706674337387085	0.12568838727237167
62	58.710572957992554	0.12568838727237167
63	59.74684000015259	0.12568838727237167
64	60.8707971572876	0.12568838727237167
65	61.96092653274536	0.1260120723731909
66	63.09388971328735	0.1260120723731909
67	64.13410878181458	0.12995304976229216
68	65.25711488723755	0.1359755640006213
69	66.37212347984314	0.13715234058031908
70	67.48516249656677	0.13715234058031908
71	68.46872568130493	0.13715234058031908
72	69.51598644256592	0.13981908610150934
73	70.64989280700684	0.13981908610150934
74	71.82679343223572	0.13981908610150934
75	72.91284155845642	0.13981908610150934
76	74.11994433403015	0.13981908610150934
77	75.30172276496887	0.13981908610150934
78	76.41580486297607	0.13981908610150934
79	77.48488473892212	0.13981908610150934
80	78.5630030632019	0.13995167616736565
81	79.59025454521179	0.14060031821615876
82	80.5507481098175	0.14060031821615876
83	81.51610779762268	0.14060031821615876
84	82.56831741333008	0.14060031821615876
85	83.67233920097351	0.14060031821615876
86	84.74048328399658	0.14060031821615876
87	85.77770829200745	0.14060031821615876
88	86.93068766593933	0.14161986269138185
89	88.03936266899109	0.14161986269138185
90	89.19826531410217	0.14161986269138185
91	90.30135440826416	0.14161986269138185
92	91.3136100769043	0.14161986269138185
93	92.29104232788086	0.14161986269138185
94	93.29935550689697	0.14338343775198537
95	94.4923985004425	0.14338343775198537
96	95.62836217880249	0.14338343775198537
97	96.68598008155823	0.14338343775198537
98	97.75013566017151	0.14338343775198537
99	98.74846458435059	0.14338343775198537
0	0.8028538227081299	0.012690331926670349
1	1.433215618133545	0.013095415245377388
2	2.0565009117126465	0.016267402048691343
3	2.7028183937072754	0.017083927921878007
4	3.3441061973571777	0.022596113489465167
5	4.012592077255249	0.02322965235329882
6	4.655874252319336	0.028047250393636664
7	5.3421854972839355	0.028047250393636664
8	6.016970872879028	0.028047250393636664
9	6.756991863250732	0.031026393372150095
10	7.497610569000244	0.031084262417679663
11	8.214693069458008	0.031084262417679663
12	8.922799348831177	0.03370633430756824
13	9.582037210464478	0.0409801871650272
14	10.216068983078003	0.041307528826415654
15	10.84638500213623	0.043398286567513406
16	11.499035596847534	0.043398286567513406
17	12.140942335128784	0.043398286567513406
18	12.793245315551758	0.044166482248829214
19	13.493366718292236	0.046455966107817
20	14.221380472183228	0.05010553151764428
21	14.881615161895752	0.05247164416769045
22	15.575804471969604	0.05247164416769045
23	16.26297116279602	0.053698817690885074
24	16.965087175369263	0.053698817690885074
25	17.611315488815308	0.05590245186694454
26	18.253647804260254	0.056032975181174734
27	18.960739135742188	0.05646603913728059
28	19.652900457382202	0.05707652577143892
29	20.437798976898193	0.05707652577143892
30	21.222705841064453	0.05707652577143892
31	21.970698595046997	0.05707652577143892
32	22.71869921684265	0.060133410407270896
33	23.43629002571106	0.060133410407270896
34	24.15223503112793	0.06123514800485339
35	24.859391689300537	0.06123514800485339
36	25.587398767471313	0.0663246033744648
37	26.341423988342285	0.0663246033744648
38	27.06449866294861	0.0663246033744648
39	27.768609762191772	0.0663246033744648
40	28.458723783493042	0.06694176720618443
41	29.156351327896118	0.06694176720618443
42	29.7906551361084	0.06694176720618443
43	30.46485471725464	0.06694176720618443
44	31.155056953430176	0.07131851122659504
45	31.85513687133789	0.07168957263391929
46	32.531331062316895	0.07168957263391929
47	33.256391763687134	0.07188861671359797
48	33.97067594528198	0.07188861671359797
49	34.69972801208496	0.07436474414250813
50	35.45774745941162	0.07559175868480857
51	36.183075189590454	0.07559175868480857
52	36.92577004432678	0.07559175868480857
53	37.66606330871582	0.07729364915841903
54	38.42503356933594	0.07729364915841903
55	39.19397807121277	0.07729364915841903
56	39.99383854866028	0.07746344075354425
57	40.77774524688721	0.07875468357714668
58	41.577606201171875	0.07987518092025811
59	42.426127672195435	0.07987518092025811
60	43.21009111404419	0.08018090118001998
61	43.95808124542236	0.08018090118001998
62	44.75195622444153	0.08018090118001998
63	45.548285722732544	0.08018090118001998
64	46.31427621841431	0.08110060565361545
65	47.07428336143494	0.0819613282154208
66	47.85020661354065	0.08477958252889028
67	48.694947719573975	0.08781707149561635
68	49.488826751708984	0.08781707149561635
69	50.244757652282715	0.08781707149561635
70	51.102511167526245	0.08781707149561635
71	51.959203243255615	0.08781707149561635
72	52.843854665756226	0.08781707149561635
73	53.62675952911377	0.08781707149561635
74	54.42661499977112	0.08781707149561635
75	55.21151566505432	0.08910116017897475
76	56.025346994400024	0.0924085987042425
77	56.84215426445007	0.0924085987042425
78	57.67294096946716	0.0924085987042425
79	58.5345892906189	0.0924085987042425
80	59.352449893951416	0.0924085987042425
81	60.181227922439575	0.0924085987042425
82	61.012014865875244	0.0924085987042425
83	61.872214794158936	0.0924085987042425
84	62.65320086479187	0.0924085987042425
85	63.49493169784546	0.09396549860224047
86	64.31874752044678	0.09396549860224047
87	65.06774926185608	0.09476405963436975
88	65.75490617752075	0.09916051728567532
89	66.50488209724426	0.09916051728567532
90	67.26985669136047	0.09916051728567532
91	68.04725313186646	0.09929533308405195
92	68.86007142066956	0.09929533308405195
93	69.62003898620605	0.09929533308405195
94	70.39396953582764	0.09929533308405195
95	71.1509599685669	0.09929533308405195
96	71.92688298225403	0.09929533308405195
97	72.73173093795776	0.10032219068041329
98	73.56449699401855	0.10032219068041329
99	74.4132342338562	0.10032219068041329
