0	0.6193983554840088	0.010314203480282518
1	1.0930769443511963	0.01199176987706324
2	1.5791494846343994	0.013896202010027225
3	2.0688419342041016	0.01591128484543239
4	2.5276148319244385	0.01646914880357337
5	2.993407726287842	0.017817306787339504
6	3.433239459991455	0.01907055317720138
7	3.9019863605499268	0.02076958199471417
8	4.370564937591553	0.021642546085381607
9	4.837751388549805	0.0225994520882458
10	5.316271066665649	0.023920424339084596
11	5.805386066436768	0.024322487020799744
12	6.270143508911133	0.024732657728124822
13	6.761511325836182	0.025840118637902514
14	7.233251571655273	0.026628027950113004
15	7.716114521026611	0.027429291657445707
16	8.221951961517334	0.028441999954213443
17	8.724607467651367	0.02933213398146658
18	9.194351434707642	0.030007961763187097
19	9.64913535118103	0.03055008661279117
20	10.12288784980774	0.03323543289861594
21	10.559945583343506	0.034184866799447454
22	11.027694463729858	0.03458549865311382
23	11.48447299003601	0.03465497330392817
24	11.943355560302734	0.035341770767356215
25	12.438072204589844	0.03562698249175202
26	12.912818431854248	0.036059887466963716
27	13.375527620315552	0.036481027855996336
28	13.829041242599487	0.03701075219584408
29	14.267868995666504	0.037719012080004236
30	14.718663930892944	0.03817798992188307
31	15.16546893119812	0.038763675536528645
32	15.648177862167358	0.039191016180439436
33	16.10248613357544	0.040389096199975
34	16.59421157836914	0.04050229059672519
35	17.0430109500885	0.040824544869495716
36	17.507767915725708	0.042245039160173845
37	17.968543767929077	0.04319320121385087
38	18.416338682174683	0.044150902121186664
39	18.886090517044067	0.04526376838137097
40	19.36081624031067	0.04543546774722798
41	19.82298469543457	0.047606510839953285
42	20.279763221740723	0.04839251238143205
43	20.761361360549927	0.04933940258795458
44	21.22512197494507	0.05064177407415884
45	21.683980226516724	0.05074542961725031
46	22.132827758789062	0.05149391166767144
47	22.617486476898193	0.05153238504409496
48	23.090260982513428	0.052930622009569404
49	23.540051460266113	0.0534005695331558
50	23.982880353927612	0.05447146483724174
51	24.43346929550171	0.05486573745513562
52	24.934401512145996	0.05494649974944613
53	25.416152954101562	0.05569816141775349
54	25.868952989578247	0.05632772575922917
55	26.337686777114868	0.0568113456397264
56	26.82537055015564	0.05710959379745579
57	27.314075708389282	0.05781658183446149
58	27.7638738155365	0.05826379509016124
59	28.24259305000305	0.058660611402364095
60	28.69637966156006	0.05899510720399665
61	29.137208223342896	0.0597979607202725
62	29.600960969924927	0.060319577034510304
63	30.06672978401184	0.06112258953168043
64	30.54644012451172	0.06167011973169114
65	31.02215075492859	0.06253958624268373
66	31.464963912963867	0.0626740840792717
67	31.932724952697754	0.06335372740245575
68	32.405462980270386	0.06369617224880386
69	32.85426092147827	0.06508757303582291
70	33.30705165863037	0.06561220998705268
71	33.80072999000549	0.06562270272607726
72	34.300395011901855	0.06568359240859878
73	34.77811670303345	0.06608231649153339
74	35.25281810760498	0.06641522248422281
75	35.726579904556274	0.06702062172976307
76	36.19431829452515	0.06747387625944672
77	36.670018911361694	0.06817911550661497
78	37.1587119102478	0.0686733871070311
79	37.607537508010864	0.06888355984931163
80	38.05035376548767	0.06926066253061978
81	38.53004550933838	0.07013473948754739
82	38.97984266281128	0.07024761592250893
83	39.426674127578735	0.07056589567292164
84	39.88245415687561	0.07119863963228358
85	40.33424663543701	0.07130070536643193
86	40.83587956428528	0.07156556753635582
87	41.28770875930786	0.07160324600830778
88	41.7546763420105	0.07186333875140229
89	42.24436712265015	0.07194600881644456
90	42.720256328582764	0.07194600881644456
91	43.16310119628906	0.07361816986281863
92	43.62583637237549	0.07361816986281863
93	44.098997831344604	0.07474089293845029
94	44.56375527381897	0.07492976224089298
95	45.03848576545715	0.07703403335800714
96	45.50424003601074	0.07772130776411813
97	45.98295974731445	0.07780715744704664
98	46.485615730285645	0.07795135311818767
99	46.9084849357605	0.07835007720112226
0	0.5984470844268799	0.013057736773425524
1	1.1056029796600342	0.013200978559200677
2	1.5504505634307861	0.01553450012591287
3	2.0051965713500977	0.017478518501560573
4	2.4718730449676514	0.018871191135734083
5	2.927654981613159	0.019271822989400427
6	3.379316568374634	0.020518551162595485
7	3.847079038619995	0.021882607235792825
8	4.313873052597046	0.022477831704097135
9	4.771607160568237	0.02488019199804646
10	5.204951286315918	0.0258601502305859
11	5.683719158172607	0.027069517893617622
12	6.124541759490967	0.027452661848909654
13	6.604316711425781	0.02812069956680887
14	7.058058261871338	0.028836908495684637
15	7.516875982284546	0.029028480473330655
16	7.998607873916626	0.029567743666837107
17	8.468351602554321	0.030801276425804266
18	8.915203094482422	0.031188076941665487
19	9.371719121932983	0.0319829814132257
20	9.801623106002808	0.03198822778273798
21	10.262871980667114	0.032415886388437364
22	10.717703104019165	0.032415886388437364
23	11.17048454284668	0.03316659417137883
24	11.637248754501343	0.03371619112301558
25	12.121942281723022	0.03436944361774377
26	12.569751024246216	0.03490314247994932
27	13.059433460235596	0.035535568477522636
28	13.516224384307861	0.03612602351899758
29	14.00092339515686	0.03705320009462542
30	14.49755048751831	0.037298348633654596
31	14.98823881149292	0.03783252443854306
32	15.442062139511108	0.038350802154000316
33	15.886837244033813	0.038962083692630115
34	16.341655731201172	0.03938990127922385
35	16.775503158569336	0.04033138613533978
36	17.226290702819824	0.04113598844145304
37	17.66810917854309	0.041550451632924514
38	18.11791443824768	0.0418704801731747
39	18.600577116012573	0.0422849433646462
40	19.070321798324585	0.0424130819654617
41	19.526150703430176	0.04285791050774679
42	19.973950624465942	0.04462593703339103
43	20.403802156448364	0.044821006590711907
44	20.84860348701477	0.045378075644381316
45	21.287435293197632	0.04540955386145511
46	21.760174036026	0.04637456788992922
47	22.216907501220703	0.04646741273220746
48	22.704648733139038	0.0479489556863014
49	23.146471738815308	0.04809219747207655
50	23.592275619506836	0.0486405225765588
51	24.06101393699646	0.0486405225765588
52	24.50483202934265	0.04892764207168635
53	24.971586227416992	0.04932636615462096
54	25.440325021743774	0.04936833711071933
55	25.89212942123413	0.04964846144649718
56	26.33394765853882	0.050129060690002475
57	26.807676315307617	0.051071499431484285
58	27.24582028388977	0.051199320070511166
59	27.69462013244629	0.05282346888680302
60	28.148406744003296	0.05332266889494284
61	28.61815071105957	0.053876558330726014
62	29.086897134780884	0.05430358101284814
63	29.529714107513428	0.0554038877823818
64	29.962555646896362	0.0554751112230336
65	30.4113552570343	0.05552852880352245
66	30.903053998947144	0.05729258080680889
67	31.397764205932617	0.057362691381200495
68	31.841530799865723	0.057384153801932625
69	32.29930639266968	0.057423740044616325
70	32.777029037475586	0.05796109546739103
71	33.24278378486633	0.05815378031129721
72	33.67762088775635	0.0589941533186307
73	34.147406339645386	0.059782062630841175
74	34.5841965675354	0.059782062630841175
75	35.01762270927429	0.06073833271012815
76	35.47141122817993	0.0610427811227357
77	35.9282386302948	0.06231335643007756
78	36.4009644985199	0.06261732790000218
79	36.86273789405823	0.06306724383090526
80	37.29757356643677	0.06392383288945858
81	37.746376037597656	0.06483081889150882
82	38.202154874801636	0.06483081889150882
83	38.63395547866821	0.0654560907488381
84	39.076908826828	0.0654560907488381
85	39.561649799346924	0.06588279546917165
86	40.069256067276	0.06596292183990492
87	40.53605532646179	0.0672625906509059
88	41.00280690193176	0.06728596084236976
89	41.46899890899658	0.06875478532491877
90	41.93180871009827	0.06875478532491877
91	42.39751577377319	0.06881281335134266
92	42.871296644210815	0.06897417895906938
93	43.31410241127014	0.06941376113184215
94	43.74293923377991	0.06950930864932368
95	44.217185974121094	0.06984316852737897
96	44.65305948257446	0.07022694840624825
97	45.087905168533325	0.07097908701723858
98	45.53369188308716	0.07103027886520705
99	45.98251247406006	0.07223042563636865
0	0.5993969440460205	0.013057736773425524
1	1.0980637073516846	0.013200978559200677
2	1.5339441299438477	0.01553450012591287
3	1.9826736450195312	0.017478518501560573
4	2.4414470195770264	0.018871191135734083
5	2.9020462036132812	0.019271822989400427
6	3.3399271965026855	0.020518551162595485
7	3.7857160568237305	0.021882607235792825
8	4.256452560424805	0.022477831704097135
9	4.712233304977417	0.02488019199804646
10	5.14509654045105	0.0258601502305859
11	5.624767780303955	0.027069517893617622
12	6.067620754241943	0.027452661848909654
13	6.54434609413147	0.02812069956680887
14	7.012103319168091	0.028836908495684637
15	7.485790491104126	0.029028480473330655
16	7.993432998657227	0.029567743666837107
17	8.46330976486206	0.030801276425804266
18	8.917101383209229	0.031188076941665487
19	9.398813724517822	0.0319829814132257
20	9.829662084579468	0.03198822778273798
21	10.286419868469238	0.032415886388437364
22	10.734245300292969	0.032415886388437364
23	11.183029174804688	0.03316659417137883
24	11.649797677993774	0.03371619112301558
25	12.127508878707886	0.03436944361774377
26	12.575273752212524	0.03490314247994932
27	13.053993463516235	0.035535568477522636
28	13.509812355041504	0.03612602351899758
29	13.99051547050476	0.03705320009462542
30	14.486201047897339	0.037298348633654596
31	14.970893383026123	0.03783252443854306
32	15.414706230163574	0.038350802154000316
33	15.854547262191772	0.038962083692630115
34	16.31031107902527	0.03938990127922385
35	16.742156267166138	0.04033138613533978
36	17.192973375320435	0.04113598844145304
37	17.633772611618042	0.041550451632924514
38	18.087571382522583	0.0418704801731747
39	18.56828498840332	0.0422849433646462
40	19.032052993774414	0.0424130819654617
41	19.488823175430298	0.04285791050774679
42	19.937623739242554	0.04462593703339103
43	20.362494468688965	0.044821006590711907
44	20.803296089172363	0.045378075644381316
45	21.236159563064575	0.04540955386145511
46	21.70588445663452	0.04637456788992922
47	22.143731594085693	0.04646741273220746
48	22.621456623077393	0.0479489556863014
49	23.057281017303467	0.04809219747207655
50	23.504096269607544	0.0486405225765588
51	23.961824417114258	0.0486405225765588
52	24.398682117462158	0.04892764207168635
53	24.85548233985901	0.04932636615462096
54	25.315253496170044	0.04936833711071933
55	25.7620587348938	0.04964846144649718
56	26.199838876724243	0.050129060690002475
57	26.67559289932251	0.051071499431484285
58	27.109455585479736	0.051199320070511166
59	27.55625295639038	0.05282346888680302
60	28.002058029174805	0.05332266889494284
61	28.475791931152344	0.053876558330726014
62	28.933566570281982	0.05430358101284814
63	29.371406316757202	0.0554038877823818
64	29.811227798461914	0.0554751112230336
65	30.25003457069397	0.05552852880352245
66	30.723790168762207	0.05729258080680889
67	31.19852066040039	0.057362691381200495
68	31.636348009109497	0.057384153801932625
69	32.09312582015991	0.057423740044616325
70	32.562862157821655	0.05796109546739103
71	33.032607078552246	0.05815378031129721
72	33.46446108818054	0.0589941533186307
73	33.9262158870697	0.059782062630841175
74	34.356074810028076	0.059782062630841175
75	34.783910274505615	0.06073833271012815
76	35.23669958114624	0.0610427811227357
77	35.68849158287048	0.06231335643007756
78	36.16023015975952	0.06261732790000218
79	36.62101984024048	0.06306724383090526
80	37.061832666397095	0.06392383288945858
81	37.50763988494873	0.06483081889150882
82	37.96338224411011	0.06483081889150882
83	38.389281272888184	0.0654560907488381
84	38.81909394264221	0.0654560907488381
85	39.301828384399414	0.06588279546917165
86	39.79353427886963	0.06596292183990492
87	40.26028513908386	0.0672625906509059
88	40.72103404998779	0.06728596084236976
89	41.185803174972534	0.06875478532491877
90	41.644564628601074	0.06875478532491877
91	42.112287759780884	0.06881281335134266
92	42.57907748222351	0.06897417895906938
93	43.01990032196045	0.06941376113184215
94	43.45573282241821	0.06950930864932368
95	43.92144966125488	0.06984316852737897
96	44.35631203651428	0.07022694840624825
97	44.79314613342285	0.07097908701723858
98	45.23795437812805	0.07103027886520705
99	45.68176865577698	0.07223042563636865
0	0.6044301986694336	0.012527058548211898
1	1.1030504703521729	0.01390955640514944
2	1.5598289966583252	0.01523736483444364
3	2.042587995529175	0.01616946981779516
4	2.523252487182617	0.017056901169845002
5	2.9939939975738525	0.018406966924342894
6	3.435812473297119	0.019293126429238236
7	3.9065535068511963	0.020843826072357928
8	4.369316101074219	0.021875612076443094
9	4.839059829711914	0.022789911199631637
10	5.31678318977356	0.024146495170796325
11	5.808467388153076	0.024860001424468772
12	6.264248609542847	0.026745991773692575
13	6.721027374267578	0.028120540585914518
14	7.198750019073486	0.029205585189594215
15	7.679511785507202	0.030550404574579804
16	8.151202917098999	0.03172368357460269
17	8.611268520355225	0.03390967087139334
18	9.07706332206726	0.034923492034421265
19	9.54622197151184	0.036336037280383766
20	10.00602674484253	0.036846842893808386
21	10.475736379623413	0.038762562670268515
22	10.949469566345215	0.04012518791541701
23	11.420210599899292	0.0408391711117724
24	11.927853107452393	0.0422223048922872
25	12.437490224838257	0.04374788555410557
26	12.92622447013855	0.04551066571023758
27	13.395933628082275	0.046116064955777886
28	13.876791715621948	0.04757550956556246
29	14.319561004638672	0.04893765786802806
30	14.79831862449646	0.04949266017007141
31	15.263084650039673	0.05136148058270952
32	15.71886157989502	0.05203333384207222
33	16.21153950691223	0.05294588417542336
34	16.69321370124817	0.05443203757545236
35	17.1510272026062	0.05523473211083387
36	17.60681653022766	0.055814853394178514
37	18.06654715538025	0.057393692655591445
38	18.51039409637451	0.05823549649097371
39	18.99809503555298	0.05862563560561548
40	19.46783947944641	0.05975789753490585
41	19.96745729446411	0.06067648914224088
42	20.449209213256836	0.06184022928860506
43	20.92594051361084	0.0632818680382267
44	21.425597667694092	0.06469695697849819
45	21.886378049850464	0.06552969890290461
46	22.341147899627686	0.06668771573707354
47	22.82685136795044	0.06725368772082439
48	23.27262020111084	0.06781330046880278
49	23.716485738754272	0.0690240989598833
50	24.186222076416016	0.07052471962129471
51	24.68284845352173	0.07138814485830343
52	25.172584533691406	0.07292739787703263
53	25.63493013381958	0.07374328782664202
54	26.147559881210327	0.07466951051690397
55	26.63321542739868	0.07557601957627126
56	27.125942707061768	0.07594247053766054
57	27.604662895202637	0.07686599055271924
58	28.08637523651123	0.07803497706859566
59	28.573073387145996	0.07891636714666167
60	29.03184747695923	0.08091920845320484
61	29.48464059829712	0.08176292005931886
62	29.93441414833069	0.08255305510404973
63	30.429102182388306	0.08354827550244312
64	30.90982460975647	0.08393952748334509
65	31.391536951065063	0.08649768905372018
66	31.874237775802612	0.08715428014722894
67	32.33200216293335	0.08803567022529492
68	32.84660053253174	0.08806428678627107
69	33.303426027297974	0.08969988222695355
70	33.75417375564575	0.09040575739769903
71	34.25187969207764	0.09125725906763434
72	34.73056125640869	0.09171289831073269
73	35.20931935310364	0.09244770800424296
74	35.68802618980408	0.09297329884083853
75	36.157795429229736	0.09444419007501362
76	36.62354564666748	0.09452479338842983
77	37.10027050971985	0.09600411061000334
78	37.530120611190796	0.09705386145514583
79	37.981913328170776	0.09809025790516604
80	38.481569051742554	0.09874303345721133
81	38.95830178260803	0.09941011728974469
82	39.4589569568634	0.10012712112309204
83	39.930694341659546	0.10050279297635135
84	40.39246082305908	0.10126685515441503
85	40.874178886413574	0.10166812293165861
86	41.358891010284424	0.10343169799226211
87	41.83260798454285	0.10464456323496873
88	42.290345907211304	0.10524280834026496
89	42.76806855201721	0.10645567358297156
90	43.23785185813904	0.10694915027891613
91	43.737521171569824	0.10802958443666077
92	44.17435383796692	0.11015182039483225
93	44.67504811286926	0.11100173225582446
94	45.14608144760132	0.111505383729005
95	45.63577222824097	0.11333493586074801
96	46.107510805130005	0.11361203955953392
97	46.63111066818237	0.11409136695588475
98	47.10384654998779	0.11460757791971596
99	47.59752631187439	0.11464477944898495
0	0.6273233890533447	0.009436787924574374
1	1.1250371932983398	0.01311528785716646
2	1.6131327152252197	0.01311528785716646
3	2.077179193496704	0.01311528785716646
4	2.557894706726074	0.01311528785716646
5	3.086442232131958	0.01311528785716646
6	3.6409592628479004	0.01311528785716646
7	4.1655566692352295	0.01311528785716646
8	4.695186376571655	0.01311528785716646
9	5.205816984176636	0.01311528785716646
10	5.715450048446655	0.01311528785716646
11	6.220800876617432	0.01311528785716646
12	6.724454879760742	0.01311528785716646
13	7.210372686386108	0.01311528785716646
14	7.699779033660889	0.01311528785716646
15	8.197450876235962	0.01311528785716646
16	8.669191122055054	0.01311528785716646
17	9.190820455551147	0.01311528785716646
18	9.71239972114563	0.01311528785716646
19	10.185182809829712	0.01311528785716646
20	10.704745769500732	0.01311528785716646
21	11.23433232307434	0.01311528785716646
22	11.731013774871826	0.01311528785716646
23	12.216370582580566	0.01311528785716646
24	12.7188560962677	0.01311528785716646
25	13.25542163848877	0.01311528785716646
26	13.750099420547485	0.01311528785716646
27	14.252754211425781	0.01311528785716646
28	14.780345439910889	0.01311528785716646
29	15.313918590545654	0.01311528785716646
30	15.817571878433228	0.01311528785716646
31	16.32820749282837	0.01311528785716646
32	16.842830419540405	0.01311528785716646
33	17.352468967437744	0.01311528785716646
34	17.84215807914734	0.01311528785716646
35	18.341821670532227	0.01311528785716646
36	18.845516204833984	0.01311528785716646
37	19.34318494796753	0.01311528785716646
38	19.860801935195923	0.01311528785716646
39	20.356475353240967	0.01311528785716646
40	20.824224710464478	0.015081245596229195
41	21.312917947769165	0.015835450958845542
42	21.805601119995117	0.015835450958845542
43	22.293296337127686	0.015835450958845542
44	22.82088541984558	0.015835450958845542
45	23.316649913787842	0.015835450958845542
46	23.825319528579712	0.015835450958845542
47	24.326977491378784	0.015835450958845542
48	24.852545022964478	0.015835450958845542
49	25.340267181396484	0.015835450958845542
50	25.818960189819336	0.015835450958845542
51	26.326622009277344	0.015835450958845542
52	26.782429695129395	0.015835450958845542
53	27.265138626098633	0.015835450958845542
54	27.777774810791016	0.015835450958845542
55	28.272446155548096	0.015835450958845542
56	28.76208996772766	0.015835450958845542
57	29.238860607147217	0.015835450958845542
58	29.72188448905945	0.015835450958845542
59	30.192625761032104	0.015835450958845542
60	30.68032145500183	0.015835450958845542
61	31.154211044311523	0.015835450958845542
62	31.62994146347046	0.015835450958845542
63	32.1665518283844	0.015835450958845542
64	32.66920852661133	0.015835450958845542
65	33.16585969924927	0.015835450958845542
66	33.64659404754639	0.015835450958845542
67	34.14825248718262	0.015835450958845542
68	34.66387343406677	0.015835450958845542
69	35.16951537132263	0.015835450958845542
70	35.68210530281067	0.015835450958845542
71	36.16685485839844	0.015835450958845542
72	36.676483392715454	0.015835450958845542
73	37.201091051101685	0.015835450958845542
74	37.70474696159363	0.015835450958845542
75	38.193405628204346	0.015835450958845542
76	38.70307230949402	0.015835450958845542
77	39.20969772338867	0.015835450958845542
78	39.675471782684326	0.015835450958845542
79	40.17911720275879	0.015835450958845542
80	40.68278121948242	0.015835450958845542
81	41.167553186416626	0.015835450958845542
82	41.66821503639221	0.015835450958845542
83	42.13895606994629	0.015835450958845542
84	42.61868119239807	0.015835450958845542
85	43.101380586624146	0.015835450958845542
86	43.59708380699158	0.015835450958845542
87	44.087830781936646	0.015835450958845542
88	44.595503091812134	0.015835450958845542
89	45.12910199165344	0.015835450958845542
90	45.649709939956665	0.015835450958845542
91	46.176302433013916	0.015835450958845542
92	46.70089864730835	0.015835450958845542
93	47.19657325744629	0.015835450958845542
94	47.73513317108154	0.015835450958845542
95	48.21784257888794	0.015835450958845542
96	48.7135169506073	0.015835450958845542
97	49.21356701850891	0.015835450958845542
98	49.688345432281494	0.015835450958845542
99	50.19996905326843	0.015835450958845542
