0	0.730050802230835	0.013452168372213665
1	1.2786288261413574	0.014740549539718458
2	1.861065149307251	0.015715261402745623
3	2.4344913959503174	0.017915080037341387
4	2.996342182159424	0.019364985793467217
5	3.6396219730377197	0.02005559879835873
6	4.199127197265625	0.020575307341864815
7	4.737685441970825	0.022468928774015604
8	5.256344795227051	0.024134571603722902
9	5.797850608825684	0.026019290105792202
10	6.319455862045288	0.026533911260680283
11	6.870981693267822	0.027751068987533302
12	7.4504313468933105	0.02973260685423863
13	8.053623676300049	0.03008172889814788
14	8.647084474563599	0.0309308458546685
15	9.221502304077148	0.0313015893002042
16	9.779050588607788	0.03158950369980331
17	10.309730768203735	0.0332607108608115
18	10.822359800338745	0.0339324051392799
19	11.375434398651123	0.03442063546571218
20	11.956881523132324	0.03723793589381594
21	12.491497993469238	0.03849706457676734
22	13.019086599349976	0.039576385868251865
23	13.597541093826294	0.041366828699994154
24	14.16474723815918	0.04277762515611919
25	14.709136962890625	0.04336092605735013
26	15.267691135406494	0.0450400822630739
27	15.812234163284302	0.04558570469235284
28	16.358774662017822	0.04610334648423288
29	16.873351335525513	0.04610334648423288
30	17.44385004043579	0.04657790445375434
31	18.028828382492065	0.04701335312327503
32	18.62445569038391	0.04935816233348336
33	19.164053201675415	0.05072078757863188
34	19.70656418800354	0.05074749636887633
35	20.34522318840027	0.05205765791890188
36	20.89375615119934	0.05208436670914631
37	21.468754291534424	0.05457337159049567
38	22.083160400390625	0.054879568792940654
39	22.640660524368286	0.05635046002711571
40	23.16625213623047	0.05809400349503591
41	23.713792085647583	0.05809400349503591
42	24.285340070724487	0.05970734161051453
43	24.807942390441895	0.05988683104019284
44	25.360464811325073	0.06058300837638529
45	25.96983551979065	0.061827987759742895
46	26.545296907424927	0.06220604432641692
47	27.062912702560425	0.06341906855001783
48	27.586165189743042	0.06436293811954852
49	28.138728141784668	0.06569535699477773
50	28.705216646194458	0.0667344561200013
51	29.21984553337097	0.0674751481066012
52	29.767334461212158	0.06834858913995158
53	30.31851601600647	0.06923252291232651
54	30.798276662826538	0.06981296215745976
55	31.34178400039673	0.07027257592291591
56	31.876352071762085	0.07091056625179014
57	32.37767767906189	0.07198654894449406
58	32.962525606155396	0.0742242050319361
59	33.49514102935791	0.0742242050319361
60	34.04164218902588	0.07449272376242917
61	34.58323955535889	0.07508763026894494
62	35.133790016174316	0.07512292402748215
63	35.68429470062256	0.0762515293962033
64	36.25776267051697	0.07934211798162934
65	36.81127405166626	0.07934211798162934
66	37.405996799468994	0.07978265403976803
67	37.963507413864136	0.08070855876824141
68	38.55697298049927	0.08070855876824141
69	39.1653470993042	0.0817502015877739
70	39.74479126930237	0.08214892567070851
71	40.27432870864868	0.08218549127640029
72	40.821866273880005	0.08335288798333372
73	41.43028259277344	0.0838651244248071
74	41.99577236175537	0.08435732927359721
75	42.51832723617554	0.08436003194880051
76	43.0458869934082	0.0850131254626344
77	43.62832951545715	0.08525032495694801
78	44.19182229042053	0.08718226078462797
79	44.78523564338684	0.08777176194073705
80	45.36069655418396	0.08827604933749485
81	45.958194971084595	0.08827604933749485
82	46.48079991340637	0.08875203813506519
83	47.087178230285645	0.09033358007168132
84	47.655460596084595	0.09126012072373202
85	48.225934982299805	0.09213690035586287
86	48.80626630783081	0.09360206827784268
87	49.34782338142395	0.09426438268354656
88	49.90732216835022	0.09504497887461869
89	50.474804401397705	0.09578296818601525
90	51.01934838294983	0.09713557763482213
91	51.60774064064026	0.09827531166614521
92	52.18224835395813	0.09827531166614521
93	52.74375081062317	0.09865622988891679
94	53.26834154129028	0.09920757563039098
95	53.89063763618469	0.09922792518486283
96	54.40725660324097	0.1001183771739047
97	54.969791412353516	0.10022378150683349
98	55.53156304359436	0.10116701515278688
99	56.10104012489319	0.10130151298937487
0	0.7748806476593018	0.014300967366945649
1	1.348418951034546	0.01910854961094189
2	1.9289088249206543	0.02181249666140111
3	2.523326873779297	0.023543480638670653
4	3.075838804244995	0.024364775938686672
5	3.646315097808838	0.025618022328548536
6	4.232708930969238	0.027603216755823043
7	4.789267063140869	0.02899286875300464
8	5.347773551940918	0.029081580092030778
9	5.950162887573242	0.030122586987986026
10	6.5375893115997314	0.030657080754663127
11	7.105065107345581	0.03126820331239864
12	7.683525323867798	0.032400783203477654
13	8.245009183883667	0.033007136334383805
14	8.804527997970581	0.03439535750351657
15	9.376989841461182	0.03549868491004217
16	9.899594068527222	0.036739689771042
17	10.423861980438232	0.03728419933406076
18	10.999364852905273	0.03822282253407911
19	11.569846868515015	0.03869086228693374
20	12.128307104110718	0.03956175962597511
21	12.675887823104858	0.03978083529833709
22	13.226415395736694	0.04041453314306491
23	13.865723133087158	0.04105935965039456
24	14.463127613067627	0.041935344378053914
25	15.079525709152222	0.0432618809601936
26	15.65398907661438	0.04407999664232337
27	16.178539991378784	0.04495598136998272
28	16.763975381851196	0.045354705452917324
29	17.383092164993286	0.04609253578341952
30	17.94459056854248	0.04826532766598222
31	18.533007621765137	0.04914242525990178
32	19.1137912273407	0.052004399319307205
33	19.706244945526123	0.05294238659574827
34	20.307645082473755	0.05422361362300905
35	20.899018049240112	0.05511756319172565
36	21.45552921295166	0.05530309389538783
37	22.073875665664673	0.05563870256328052
38	22.651331424713135	0.05602232346125546
39	23.251771450042725	0.05747970131941399
40	23.83031678199768	0.05980320708978451
41	24.371830224990845	0.06052513933085553
42	24.91637420654297	0.06052513933085553
43	25.50480079650879	0.06150557450607791
44	26.083215951919556	0.06155263285079429
45	26.655686616897583	0.06234658343698866
46	27.25413489341736	0.06299745121830218
47	27.853485584259033	0.06327566778334828
48	28.46693754196167	0.06475864156549116
49	29.04339623451233	0.06566737635737878
50	29.600859880447388	0.06580950527689375
51	30.183349609375	0.06727181154277596
52	30.785691261291504	0.06847609181718962
53	31.352224111557007	0.06847609181718962
54	31.915715217590332	0.06847609181718962
55	32.45128297805786	0.07014539120746609
56	33.029735803604126	0.0705873580936536
57	33.561320543289185	0.07131374179976528
58	34.12779140472412	0.07289989418231657
59	34.684303998947144	0.07407142439250211
60	35.21888184547424	0.07597633346814905
61	35.83023977279663	0.07626536073400837
62	36.401718616485596	0.07934021021089765
63	36.991142988204956	0.08092731647881488
64	37.55563497543335	0.08116578782028289
65	38.11908173561096	0.08123732922272331
66	38.678630352020264	0.08356862505691512
67	39.22715759277344	0.08416066990733316
68	39.80461931228638	0.0848977053333638
69	40.382075786590576	0.08561407324313387
70	40.9964325428009	0.08561407324313387
71	41.58486008644104	0.08644522535859728
72	42.17927122116089	0.08689514128950042
73	42.71583414077759	0.08734791887650113
74	43.36809229850769	0.08747701136268249
75	43.96748924255371	0.08784584703748645
76	44.533979415893555	0.08857620526595596
77	45.10344171524048	0.09024105319119173
78	45.61526966094971	0.09034200605907991
79	46.24063491821289	0.09116997855665707
80	46.84501385688782	0.09268951794449161
81	47.43739914894104	0.09268951794449161
82	48.032806634902954	0.09352575744857294
83	48.57938504219055	0.09602302933642656
84	49.17774415016174	0.09797738147020446
85	49.819029092788696	0.09861886937875358
86	50.449383020401	0.10105700037392303
87	51.055723905563354	0.10169848828247215
88	51.64718747138977	0.10237399810240401
89	52.25755262374878	0.1039415497203208
90	52.91279315948486	0.10434186361219853
91	53.547104597091675	0.10498319253985333
92	54.17940640449524	0.10538891178213772
93	54.77381896972656	0.1061868368906898
94	55.34528827667236	0.10715439461347295
95	55.92774152755737	0.107194139837051
96	56.52613830566406	0.107194139837051
97	57.14750838279724	0.1074698127077881
98	57.77682542800903	0.10784103309600673
99	58.388192653656006	0.1079227492756831
0	0.7679038047790527	0.014300967366945649
1	1.3333659172058105	0.01910854961094189
2	1.9158079624176025	0.02181249666140111
3	2.5012691020965576	0.023543480638670653
4	3.039848566055298	0.024364775938686672
5	3.599306344985962	0.025618022328548536
6	4.180751085281372	0.027603216755823043
7	4.728287220001221	0.02899286875300464
8	5.287791013717651	0.029081580092030778
9	5.883198976516724	0.030122586987986026
10	6.4736199378967285	0.030657080754663127
11	7.0346879959106445	0.03126820331239864
12	7.5996599197387695	0.032400783203477654
13	8.163351774215698	0.033007136334383805
14	8.707784175872803	0.03439535750351657
15	9.279272556304932	0.03549868491004217
16	9.801874160766602	0.036739689771042
17	10.323479413986206	0.03728419933406076
18	10.90096139907837	0.03822282253407911
19	11.473404169082642	0.03869086228693374
20	12.036897420883179	0.03956175962597511
21	12.570239067077637	0.03978083529833709
22	13.113826036453247	0.04041453314306491
23	13.73987102508545	0.04105935965039456
24	14.337273597717285	0.041935344378053914
25	14.949635982513428	0.0432618809601936
26	15.518115758895874	0.04407999664232337
27	16.046427011489868	0.04495598136998272
28	16.614953994750977	0.045354705452917324
29	17.229311227798462	0.04609253578341952
30	17.78182601928711	0.04826532766598222
31	18.343326568603516	0.04914242525990178
32	18.918793439865112	0.052004399319307205
33	19.49924111366272	0.05294238659574827
34	20.092654705047607	0.05422361362300905
35	20.644180059432983	0.05511756319172565
36	21.195708751678467	0.05530309389538783
37	21.745091676712036	0.05563870256328052
38	22.307645082473755	0.05602232346125546
39	22.89735507965088	0.05747970131941399
40	23.486786127090454	0.05980320708978451
41	24.057280778884888	0.06052513933085553
42	24.60831308364868	0.06052513933085553
43	25.219677925109863	0.06150557450607791
44	25.81812334060669	0.06155263285079429
45	26.380611896514893	0.06234658343698866
46	26.974026679992676	0.06299745121830218
47	27.56343698501587	0.06327566778334828
48	28.171828985214233	0.06475864156549116
49	28.721360683441162	0.06566737635737878
50	29.268895149230957	0.06580950527689375
51	29.83997344970703	0.06727181154277596
52	30.389504194259644	0.06847609181718962
53	30.949007749557495	0.06847609181718962
54	31.515492916107178	0.06847609181718962
55	32.04512286186218	0.07014539120746609
56	32.62452745437622	0.0705873580936536
57	33.15169644355774	0.07131374179976528
58	33.70626187324524	0.07289989418231657
59	34.251782178878784	0.07407142439250211
60	34.77890372276306	0.07597633346814905
61	35.38428473472595	0.07626536073400837
62	35.955446004867554	0.07934021021089765
63	36.53193235397339	0.08092731647881488
64	37.08143758773804	0.08116578782028289
65	37.63894701004028	0.08123732922272331
66	38.19373345375061	0.08356862505691512
67	38.731297731399536	0.08416066990733316
68	39.29179859161377	0.0848977053333638
69	39.84386897087097	0.08561407324313387
70	40.44674634933472	0.08561407324313387
71	41.026198387145996	0.08644522535859728
72	41.621607065200806	0.08689514128950042
73	42.151227951049805	0.08734791887650113
74	42.79746174812317	0.08747701136268249
75	43.37801504135132	0.08784584703748645
76	43.946495056152344	0.08857620526595596
77	44.51397752761841	0.09024105319119173
78	45.02261710166931	0.09034200605907991
79	45.613038063049316	0.09116997855665707
80	46.18650484085083	0.09268951794449161
81	46.73802995681763	0.09268951794449161
82	47.29957580566406	0.09352575744857294
83	47.80617380142212	0.09602302933642656
84	48.34872364997864	0.09797738147020446
85	48.93415904045105	0.09861886937875358
86	49.549511432647705	0.10105700037392303
87	50.149906158447266	0.10169848828247215
88	50.72337293624878	0.10237399810240401
89	51.31778311729431	0.1039415497203208
90	51.954081773757935	0.10434186361219853
91	52.56943607330322	0.10498319253985333
92	53.179749488830566	0.10538891178213772
93	53.753217935562134	0.1061868368906898
94	54.308769941329956	0.10715439461347295
95	54.869075536727905	0.107194139837051
96	55.44852662086487	0.107194139837051
97	56.03932499885559	0.1074698127077881
98	56.62654399871826	0.10784103309600673
99	57.19184422492981	0.1079227492756831
0	0.7499797344207764	0.010739159410778618
1	1.3244373798370361	0.011883821849825341
2	1.9398117065429688	0.013059008620579973
3	2.5691394805908203	0.014999847378341423
4	3.104022264480591	0.017175659897896076
5	3.694444417953491	0.01953748006379582
6	4.3357744216918945	0.021298193468301717
7	4.898255348205566	0.02307242024882416
8	5.445760250091553	0.024240611860229064
9	6.021221399307251	0.026301322212301827
10	6.5877063274383545	0.028384130908683934
11	7.135242223739624	0.030214001002215572
12	7.687795162200928	0.031438789811995556
13	8.268212795257568	0.033137182705931134
14	8.851672649383545	0.03427230629131915
15	9.447120189666748	0.03574733102874632
16	9.977200031280518	0.03790501972634938
17	10.550666809082031	0.0399933927540324
18	11.16407561302185	0.041559354563006065
19	11.747467994689941	0.04512227538543332
20	12.373775243759155	0.04672909528424516
21	12.971151351928711	0.04770476103263816
22	13.55962324142456	0.04893781684892238
23	14.131094932556152	0.05116752389164882
24	14.703544616699219	0.05205845282337351
25	15.287003517150879	0.05354762686039448
26	15.906341075897217	0.05440866738398853
27	16.520946264266968	0.05577876473116969
28	17.07929229736328	0.05675745111655467
29	17.676597833633423	0.06019048454832896
30	18.24507761001587	0.060724024429640165
31	18.823967218399048	0.0630174828109858
32	19.38251829147339	0.06422128614271656
33	19.923075914382935	0.0651999725281015
34	20.47360348701477	0.06786640008750311
35	21.03310751914978	0.07080786459406453
36	21.588576555252075	0.0723576103518184
37	22.149126291275024	0.07418954719697603
38	22.688634872436523	0.0760431054437601
39	23.25117516517639	0.07826263770925056
40	23.781759023666382	0.08027311009872069
41	24.313990592956543	0.082815055617876
42	24.85689878463745	0.08400741232521634
43	25.436397552490234	0.08698862205535582
44	26.041683197021484	0.08804679888789678
45	26.618141651153564	0.08973597088996228
46	27.120797395706177	0.09234850392619214
47	27.692269325256348	0.09473258141729556
48	28.259751796722412	0.09647882756041899
49	28.813271522521973	0.09867753332875451
50	29.37078070640564	0.09988133666048535
51	29.922305822372437	0.10153728165563958
52	30.512932300567627	0.1053024261756318
53	31.125343561172485	0.1090225791025337
54	31.667845964431763	0.11049362931760305
55	32.240314960479736	0.11261109584894513
56	32.76994490623474	0.1137392242749834
57	33.40025186538696	0.11713775885269193
58	33.97068786621094	0.11777559020067187
59	34.555163860321045	0.12011086055722156
60	35.11861801147461	0.12046427508527724
61	35.68016314506531	0.12225439995523099
62	36.24539637565613	0.12364834443655892
63	36.89366364479065	0.12458855744552036
64	37.46413803100586	0.12802127291550605
65	38.02763056755066	0.13019708543506062
66	38.588133096694946	0.13105653614971158
67	39.183539152145386	0.13401358078391562
68	39.765981674194336	0.13533820959532356
69	40.365378856658936	0.13684455356893013
70	40.94196653366089	0.13730432631528056
71	41.51444387435913	0.14049411897875747
72	42.13278102874756	0.14131446039340764
73	42.742220640182495	0.1426724751926212
74	43.35462999343872	0.14410203139427513
75	43.95003914833069	0.1446800859259937
76	44.49757385253906	0.14844793312118906
77	45.06912899017334	0.14892106026266172
78	45.659557819366455	0.15023074487000435
79	46.18714094161987	0.15069242538708652
80	46.76156497001648	0.15113741291026594
81	47.360010862350464	0.1533563092521791
82	47.95741319656372	0.15465772685301757
83	48.56977987289429	0.15755626651811475
84	49.1842360496521	0.15858439596163074
85	49.75570797920227	0.15928518374375816
86	50.335158348083496	0.159919358531169
87	50.93854475021362	0.16065082962589866
88	51.51201105117798	0.16211742837592727
89	52.06553101539612	0.16230343602227235
90	52.639156103134155	0.1631978625336719
91	53.21267008781433	0.1650247119902119
92	53.7990939617157	0.16707890412561782
93	54.33750939369202	0.16766268196953174
94	54.92992615699768	0.1685399385443456
95	55.519349813461304	0.16972577703501904
96	56.11076831817627	0.17005661627608243
97	56.74991846084595	0.17040828201430064
98	57.333399057388306	0.1714124053427755
99	57.89489722251892	0.17260523899279878
0	0.7779054641723633	0.014634986225895303
1	1.3563756942749023	0.014634986225895303
2	1.9677441120147705	0.014634986225895303
3	2.553178310394287	0.014634986225895303
4	3.183492422103882	0.014634986225895303
5	3.728039026260376	0.014634986225895303
6	4.3334174156188965	0.014634986225895303
7	4.9128711223602295	0.014634986225895303
8	5.478913068771362	0.014634986225895303
9	6.098256826400757	0.014634986225895303
10	6.665740013122559	0.01703384894016971
11	7.218262195587158	0.01703384894016971
12	7.817659378051758	0.01703384894016971
13	8.374170541763306	0.01703384894016971
14	8.992517709732056	0.01703384894016971
15	9.58892273902893	0.01703384894016971
16	10.166439294815063	0.01703384894016971
17	10.74307632446289	0.01703384894016971
18	11.373921871185303	0.01703384894016971
19	11.976358413696289	0.01703384894016971
20	12.524846076965332	0.01703384894016971
21	13.147219896316528	0.01703384894016971
22	13.698265790939331	0.01703384894016971
23	14.276674032211304	0.01703384894016971
24	14.845146179199219	0.01703384894016971
25	15.411678552627563	0.01703384894016971
26	15.97262978553772	0.01703384894016971
27	16.54215717315674	0.01703384894016971
28	17.12455105781555	0.01703384894016971
29	17.698573350906372	0.01703384894016971
30	18.307933807373047	0.01703384894016971
31	18.910329580307007	0.01703384894016971
32	19.53261971473694	0.01703384894016971
33	20.147024154663086	0.01703384894016971
34	20.704533338546753	0.01703384894016971
35	21.29100799560547	0.01703384894016971
36	21.865471839904785	0.01703384894016971
37	22.519722938537598	0.01703384894016971
38	23.20488977432251	0.01703384894016971
39	23.85116195678711	0.01703384894016971
40	24.47549271583557	0.01703384894016971
41	25.113786697387695	0.01703384894016971
42	25.788028478622437	0.017174388050741545
43	26.372419834136963	0.01796627188530986
44	26.956856966018677	0.019129535088991085
45	27.49943709373474	0.020802332058942427
46	28.060954093933105	0.020802332058942427
47	28.681782960891724	0.020802332058942427
48	29.253241062164307	0.020802332058942427
49	29.87857699394226	0.020802332058942427
50	30.510894775390625	0.020802332058942427
51	31.095335483551025	0.020802332058942427
52	31.6617751121521	0.020802332058942427
53	32.20736026763916	0.020802332058942427
54	32.75390124320984	0.020802332058942427
55	33.342323303222656	0.020802332058942427
56	33.94371747970581	0.020802332058942427
57	34.54211664199829	0.020802332058942427
58	35.122559785842896	0.020802332058942427
59	35.708999156951904	0.020802332058942427
60	36.29641819000244	0.020802332058942427
61	36.887837409973145	0.020802332058942427
62	37.56702780723572	0.020802332058942427
63	38.20232391357422	0.020802332058942427
64	38.815691232681274	0.020802332058942427
65	39.40909743309021	0.020802332058942427
66	40.078315019607544	0.020802332058942427
67	40.69466996192932	0.020802332058942427
68	41.305031061172485	0.020802332058942427
69	41.94428277015686	0.020802332058942427
70	42.51974272727966	0.020802332058942427
71	43.118210554122925	0.020802332058942427
72	43.735538482666016	0.020802332058942427
73	44.35383915901184	0.020802332058942427
74	44.98913931846619	0.020802332058942427
75	45.5835497379303	0.020802332058942427
76	46.18793344497681	0.020802332058942427
77	46.85315465927124	0.020802332058942427
78	47.46950626373291	0.020802332058942427
79	48.084861040115356	0.020802332058942427
80	48.712183237075806	0.020802332058942427
81	49.27673816680908	0.020802332058942427
82	49.85313415527344	0.020802332058942427
83	50.465288400650024	0.020802332058942427
84	51.053717851638794	0.020802332058942427
85	51.63520359992981	0.020802332058942427
86	52.211658000946045	0.020802332058942427
87	52.757161140441895	0.020802332058942427
88	53.41739583015442	0.020802332058942427
89	54.014840841293335	0.020802332058942427
90	54.688040018081665	0.020802332058942427
91	55.27048969268799	0.020802332058942427
92	55.87383008003235	0.020802332058942427
93	56.52109909057617	0.020802332058942427
94	57.15843486785889	0.020802332058942427
95	57.77478551864624	0.020802332058942427
96	58.38515257835388	0.020802332058942427
97	58.965657472610474	0.020802332058942427
98	59.572031021118164	0.020802332058942427
99	60.19632434844971	0.020802332058942427
