0	1.7643725872039795	0.021712974621561902
1	2.9691507816314697	0.023445230445986048
2	4.119074583053589	0.028544065688361896
3	5.552243232727051	0.03366261456163252
4	6.998411655426025	0.037598027619432824
5	8.322832822799683	0.04608665349033024
6	9.634798526763916	0.05548369619132652
7	10.898374080657959	0.06217234037682355
8	12.162034034729004	0.06421047544190381
9	13.525347709655762	0.06610234808421715
10	14.80692172050476	0.06814048314929753
11	16.086498975753784	0.07203106359490215
12	17.361090421676636	0.07210101518839948
13	18.745389938354492	0.07711654444215565
14	20.130730390548706	0.07983511773489183
15	21.43719220161438	0.0851902301788988
16	22.80590844154358	0.08915743941556155
17	24.16733193397522	0.09572589404495796
18	25.478760719299316	0.10359958181665639
19	26.728434801101685	0.11371712593067503
20	27.906415939331055	0.11371712593067503
21	29.155078411102295	0.11790277491612253
22	30.30226993560791	0.11864457976898263
23	31.696542501449585	0.12207316173571617
24	32.964179039001465	0.1264066629528746
25	34.172921657562256	0.12800537482607652
26	35.54527711868286	0.12918660287081563
27	36.98839259147644	0.13453026869043233
28	38.38868737220764	0.13511086691645985
29	39.81284046173096	0.13511086691645985
30	41.166250705718994	0.1404322754108726
31	42.5684711933136	0.14281444513124444
32	44.003660917282104	0.1459597231443139
33	45.18247961997986	0.14662744290042437
34	46.501978158950806	0.15100514080620084
35	47.79449439048767	0.15403086518674755
36	49.348339557647705	0.15720730345510234
37	50.799458742141724	0.15789728053641647
38	52.293492794036865	0.16115002963404113
39	53.71665906906128	0.16218881079747624
40	55.24457287788391	0.16387051069750902
41	56.52714562416077	0.1693381816146888
42	57.67906165122986	0.17076328635130203
43	59.039462089538574	0.17199952178547268
44	60.47658157348633	0.17342653429281746
45	61.744325160980225	0.17376611748306836
46	62.99996900558472	0.1770525705302869
47	64.5378770828247	0.1770525705302869
48	65.74265885353088	0.17839373335470338
49	67.17728066444397	0.17839373335470338
50	68.49779510498047	0.18872590167604344
51	69.95595622062683	0.19549276446154099
52	71.24550724029541	0.19549276446154099
53	72.59792399406433	0.1978173830981714
54	73.87350726127625	0.20086504684213333
55	75.05534672737122	0.20514703824953417
56	76.47851395606995	0.20847228263496492
57	77.94164061546326	0.20847228263496492
58	79.5084125995636	0.208940004426031
59	80.90995264053345	0.208940004426031
60	82.22642755508423	0.21396030310661654
61	83.61268639564514	0.21658158009203374
62	84.80549836158752	0.21658158009203374
63	86.15688395500183	0.21658158009203374
64	87.5312089920044	0.22010873021324073
65	88.91189622879028	0.22218502069295606
66	90.52163791656494	0.2228625972645139
67	91.82510590553284	0.22345432415314348
68	93.14163398742676	0.22345432415314348
69	94.27156376838684	0.22392617944746157
70	95.58106255531311	0.22392617944746157
71	96.83276128768921	0.22392617944746157
72	98.20510959625244	0.22392617944746157
73	99.515540599823	0.22468642608406134
74	100.97169303894043	0.22584189922392123
75	102.17841982841492	0.2272733631963071
76	103.36225414276123	0.23014964553620026
77	104.77048802375793	0.23055600070206153
78	106.05609679222107	0.23055600070206153
79	107.30670619010925	0.23055600070206153
80	108.7459032535553	0.23394483744521705
81	110.12616658210754	0.23597025403875238
82	111.48260235786438	0.23597025403875238
83	112.8438127040863	0.23966814964045074
84	114.28496098518372	0.24005542709899486
85	115.59146690368652	0.24190119528195766
86	117.17922186851501	0.24190119528195766
87	118.54456996917725	0.24190119528195766
88	119.96178126335144	0.24190119528195766
89	121.19049549102783	0.24190119528195766
90	122.4979989528656	0.24190119528195766
91	123.75866460800171	0.24190119528195766
92	124.99133157730103	0.24190119528195766
93	126.23814940452576	0.24213076369334421
94	127.88775038719177	0.24367128855922798
95	129.21722102165222	0.24367128855922798
96	130.4000198841095	0.24387796372183404
97	131.59986877441406	0.24417811965029512
98	133.06099486351013	0.2450302572438075
99	134.48418879508972	0.24533041317226853
0	2.4823617935180664	0.029792383670499988
1	4.362453460693359	0.033185353916907565
2	6.096854209899902	0.03456562604132469
3	8.268062353134155	0.039207232231659304
4	10.079164981842041	0.04548125424478966
5	12.079816579818726	0.0521082138432929
6	13.947821140289307	0.05807126922714941
7	15.759974241256714	0.06095295691744961
8	17.620001077651978	0.06753476594196794
9	19.65954613685608	0.06995381922982018
10	21.395903825759888	0.07304854131849832
11	23.192101001739502	0.0755063859445626
12	25.00230598449707	0.0773270351462242
13	26.703710317611694	0.08020140971538585
14	28.295453548431396	0.08447894965774581
15	30.14754557609558	0.08735300626511906
16	32.058391094207764	0.09258474953513963
17	33.85259294509888	0.09642509201814128
18	35.66574454307556	0.09905908747510332
19	37.58760380744934	0.10050390584261122
20	39.46857500076294	0.10791750290617058
21	41.33857440948486	0.11092287773224553
22	43.06994318962097	0.11747161873074746
23	44.842203855514526	0.12524387669187553
24	46.438934087753296	0.12912809790170773
25	48.22819209098816	0.1341054717408293
26	50.10912108421326	0.1341054717408293
27	52.04893207550049	0.13605235177257466
28	53.84114074707031	0.13795185549781558
29	55.64032983779907	0.14045389681249834
30	57.44151282310486	0.15008114384845886
31	59.511975049972534	0.15008114384845886
32	61.35704255104065	0.15816309659170627
33	63.157228231430054	0.16336113591213325
34	64.8566837310791	0.1643964194958934
35	66.64190888404846	0.1643964194958934
36	68.40020799636841	0.16538337288778254
37	70.24726843833923	0.16686380297561643
38	72.0714430809021	0.17229204663100667
39	74.00821161270142	0.17297502855297123
40	75.8912284374237	0.1767333368945079
41	77.82204961776733	0.18049482485393123
42	79.82465744018555	0.18425694873693135
43	81.59592151641846	0.19072047597608205
44	83.24650573730469	0.19687208270059198
45	85.05470871925354	0.19827143253232668
46	86.8049910068512	0.1988084699933127
47	88.73981761932373	0.1988084699933127
48	90.58788442611694	0.1988084699933127
49	92.47083854675293	0.2001550381681359
50	94.3338565826416	0.20458710753976703
51	96.29062533378601	0.20516293633896532
52	98.177579164505	0.20624019087882386
53	99.96978688240051	0.21252629543992227
54	101.7799460887909	0.21252629543992227
55	103.59414649009705	0.21252629543992227
56	105.35039854049683	0.21303185468383465
57	107.03190159797668	0.21414726463832798
58	109.20309400558472	0.21607856454243032
59	111.11099219322205	0.21673483767415053
60	112.95406484603882	0.21746169832294507
61	114.78616547584534	0.22152652182871563
62	116.6641845703125	0.22152652182871563
63	118.55309247970581	0.22368993383851404
64	120.30341076850891	0.22479389716861695
65	122.07367753982544	0.22814394257356016
66	123.89381074905396	0.22843265187763087
67	125.8326256275177	0.22967015915895583
68	127.62682676315308	0.22967015915895583
69	129.46594715118408	0.2318850809785108
70	131.10059118270874	0.2318850809785108
71	132.94773268699646	0.2318850809785108
72	134.89650511741638	0.2318850809785108
73	136.88618636131287	0.2318850809785108
74	138.83992195129395	0.2318850809785108
75	140.51947212219238	0.23292863156877525
76	142.30072331428528	0.24201725133480673
77	144.16976499557495	0.24201725133480673
78	145.9768795967102	0.24201725133480673
79	147.8438868522644	0.24201725133480673
80	149.4615614414215	0.24201725133480673
81	151.34253120422363	0.2425727305795333
82	152.9722204208374	0.2432096080421473
83	154.7633831501007	0.24431738691371369
84	156.6254026889801	0.24431738691371369
85	158.53529524803162	0.24431738691371369
86	160.1828896999359	0.24547349597715076
87	161.88433980941772	0.2458903438820369
88	163.8341794013977	0.2469987586771807
89	165.70811438560486	0.2469987586771807
90	167.5292444229126	0.2469987586771807
91	169.32943058013916	0.2469987586771807
92	170.9730350971222	0.2469987586771807
93	172.78494882583618	0.2469987586771807
94	174.39869928359985	0.25081525402603577
95	176.33445692062378	0.25081525402603577
96	178.2224576473236	0.25135260944881055
97	180.12734055519104	0.25135260944881055
98	181.8936369419098	0.25279615596916427
99	183.8693356513977	0.25279615596916427
0	2.513298273086548	0.029792383670499988
1	4.438158988952637	0.033185353916907565
2	6.215353488922119	0.03456562604132469
3	8.385595083236694	0.039207232231659304
4	10.17881727218628	0.04548125424478966
5	12.214336395263672	0.0521082138432929
6	14.068353652954102	0.05807126922714941
7	15.891477346420288	0.06095295691744961
8	17.810392379760742	0.06753476594196794
9	19.91976761817932	0.06995381922982018
10	21.72094178199768	0.07304854131849832
11	23.586960315704346	0.0755063859445626
12	25.450966596603394	0.0773270351462242
13	27.230217456817627	0.08020140971538585
14	28.88378596305847	0.08447894965774581
15	30.788691759109497	0.08735300626511906
16	32.76341247558594	0.09258474953513963
17	34.62245225906372	0.09642509201814128
18	36.50541687011719	0.09905908747510332
19	38.49509572982788	0.10050390584261122
20	40.44581651687622	0.10791750290617058
21	42.382662773132324	0.11092287773224553
22	44.1868793964386	0.11747161873074746
23	46.02695441246033	0.12524387669187553
24	47.70044183731079	0.12912809790170773
25	49.568673849105835	0.1341054717408293
26	51.506494760513306	0.1341054717408293
27	53.49916625022888	0.13605235177257466
28	55.32927227020264	0.13795185549781558
29	57.177330017089844	0.14045389681249834
30	59.02439093589783	0.15008114384845886
31	61.146714210510254	0.15008114384845886
32	63.080544233322144	0.15816309659170627
33	64.93558359146118	0.16336113591213325
34	66.70584988594055	0.1643964194958934
35	68.54895734786987	0.1643964194958934
36	70.36406707763672	0.16538337288778254
37	72.2560076713562	0.16686380297561643
38	74.131991147995	0.17229204663100667
39	76.10072636604309	0.17297502855297123
40	78.0425329208374	0.1767333368945079
41	80.0152587890625	0.18049482485393123
42	82.080735206604	0.18425694873693135
43	83.91084098815918	0.19072047597608205
44	85.609299659729	0.19687208270059198
45	87.46633219718933	0.19827143253232668
46	89.2854676246643	0.1988084699933127
47	91.27215576171875	0.1988084699933127
48	93.1790566444397	0.1988084699933127
49	95.12086391448975	0.2001550381681359
50	97.06167387962341	0.20458710753976703
51	99.09024810791016	0.20516293633896532
52	101.02806735038757	0.20624019087882386
53	102.87313318252563	0.21252629543992227
54	104.74213552474976	0.21252629543992227
55	106.61113739013672	0.21252629543992227
56	108.42528629302979	0.21303185468383465
57	110.15765357017517	0.21414726463832798
58	112.3967034816742	0.21607856454243032
59	114.38534832000732	0.21673483767415053
60	116.29324626922607	0.21746169832294507
61	118.17022585868835	0.22152652182871563
62	120.10006499290466	0.22152652182871563
63	122.0638153553009	0.22368993383851404
64	123.87784194946289	0.22479389716861695
65	125.73889136314392	0.22814394257356016
66	127.6228895187378	0.22843265187763087
67	129.64248967170715	0.22967015915895583
68	131.50848531723022	0.22967015915895583
69	133.4084062576294	0.2318850809785108
70	135.11684894561768	0.2318850809785108
71	137.0426380634308	0.2318850809785108
72	139.0473029613495	0.2318850809785108
73	141.10682106018066	0.2318850809785108
74	143.11941409111023	0.2318850809785108
75	144.87872886657715	0.23292863156877525
76	146.72674751281738	0.24201725133480673
77	148.6576030254364	0.24201725133480673
78	150.52265286445618	0.24201725133480673
79	152.45249104499817	0.24201725133480673
80	154.1379678249359	0.24201725133480673
81	156.08777022361755	0.2425727305795333
82	157.76223063468933	0.2432096080421473
83	159.6322922706604	0.24431738691371369
84	161.45238828659058	0.24431738691371369
85	163.44406270980835	0.24431738691371369
86	165.14653515815735	0.24547349597715076
87	166.91377806663513	0.2458903438820369
88	168.9154314994812	0.2469987586771807
89	170.8552646636963	0.2469987586771807
90	172.74219799041748	0.2469987586771807
91	174.6112358570099	0.2469987586771807
92	176.3057038784027	0.2469987586771807
93	178.19465255737305	0.2469987586771807
94	179.8741626739502	0.25081525402603577
95	181.86477732658386	0.25081525402603577
96	183.7946422100067	0.25135260944881055
97	185.77936053276062	0.25135260944881055
98	187.5845079421997	0.25279615596916427
99	189.61111402511597	0.25279615596916427
0	1.38032865524292	0.02122585716138944
1	2.4774415493011475	0.02941655283634602
2	3.6243903636932373	0.03333002653073155
3	4.758328914642334	0.036906460729175264
4	5.77567982673645	0.036906460729175264
5	6.9255805015563965	0.039027901782875164
6	7.872010707855225	0.04321641242442034
7	8.873518228530884	0.04991332361642077
8	9.821033000946045	0.05071077178228997
9	11.025761842727661	0.053437612081530174
10	12.052045583724976	0.05523632191977659
11	13.028432130813599	0.05523632191977659
12	13.96791958808899	0.056877958634442685
13	15.097872972488403	0.060041042507675293
14	16.221935749053955	0.060041042507675293
15	17.255176782608032	0.06393480257116577
16	18.417045831680298	0.06393480257116577
17	19.420336723327637	0.06510998934192047
18	20.409728288650513	0.06704637663464114
19	21.45689082145691	0.06901328825906984
20	22.595882415771484	0.07201516550547027
21	23.626128673553467	0.07581449091773956
22	24.688286781311035	0.08303731090812459
23	25.702537298202515	0.08654220370412796
24	26.859491109848022	0.09011768401720574
25	27.88968777656555	0.09361685350101376
26	29.07062005996704	0.09788008516288561
27	30.2066330909729	0.09975828544828813
28	31.450478553771973	0.10073983348977072
29	32.560511350631714	0.10382692449552218
30	33.51695418357849	0.10610766440532282
31	34.50237274169922	0.10798554672893661
32	35.46678566932678	0.1124179340623564
33	36.39730906486511	0.1124179340623564
34	37.48334836959839	0.11480837078923228
35	38.44983124732971	0.11555240137461266
36	39.58772158622742	0.11932311022590589
37	40.54414987564087	0.11932311022590589
38	41.61135816574097	0.11973423481859684
39	42.73628783226013	0.12474594853088997
40	43.691760778427124	0.1267815399016616
41	44.86365461349487	0.1295974095017165
42	45.85395288467407	0.13074207194076307
43	46.9280800819397	0.13074207194076307
44	47.999260663986206	0.13198021514566527
45	48.890830516815186	0.13360658969447775
46	49.81740760803223	0.13859064073116067
47	50.71198892593384	0.13897537449539574
48	51.711339712142944	0.13897537449539574
49	52.87916445732117	0.13933530724011825
50	54.0561158657074	0.14244433760928474
51	55.1990327835083	0.14280427035400708
52	56.24423885345459	0.14551871014349094
53	57.29843187332153	0.14554891651341026
54	58.367621660232544	0.1518620478265417
55	59.511504888534546	0.15198891458020275
56	60.660459756851196	0.15243596885500846
57	61.82190489768982	0.15243596885500846
58	63.101484537124634	0.1550432555217262
59	64.14070582389832	0.15573005298515405
60	65.18046808242798	0.15781333862421926
61	66.20572638511658	0.1589605447575749
62	67.16213202476501	0.1589605447575749
63	68.330007314682	0.15956212846165158
64	69.47000312805176	0.1595901090990506
65	70.4224169254303	0.16493186714793512
66	71.46363234519958	0.16698971584391045
67	72.51282548904419	0.1672402697333462
68	73.59991836547852	0.17305706269443535
69	74.71792936325073	0.17313528129443687
70	75.79156303405762	0.17340491289118992
71	76.80888843536377	0.17660742402621157
72	78.0465338230133	0.1775117073530584
73	79.15476489067078	0.17936733235146893
74	80.24789452552795	0.1803050016661213
75	81.36186265945435	0.1803050016661213
76	82.50682950019836	0.183176832540974
77	83.6517391204834	0.18392054516456574
78	84.70398950576782	0.18392054516456574
79	85.69537687301636	0.18392054516456574
80	86.75955510139465	0.18471799333043507
81	87.80473566055298	0.18598602494346803
82	88.87484669685364	0.18598602494346803
83	89.97993922233582	0.18624770749550573
84	90.96132040023804	0.18805150472237023
85	92.01445174217224	0.18805150472237023
86	93.16742038726807	0.18805150472237023
87	94.24351692199707	0.18805150472237023
88	95.28277707099915	0.18881016155002756
89	96.3090353012085	0.18930173047524038
90	97.28347444534302	0.18930173047524038
91	98.27477741241455	0.18930173047524038
92	99.35393786430359	0.1934380953834515
93	100.45993399620056	0.1939783124623238
94	101.55006837844849	0.1944298182021701
95	102.59422659873962	0.19578528930707473
96	103.79190850257874	0.20190764354703175
97	104.96082901954651	0.20195438392995918
98	105.9505684375763	0.20195438392995918
99	107.01272964477539	0.20195438392995918
100	108.01509499549866	0.20260874929094766
101	109.1629810333252	0.20260874929094766
102	110.29000473022461	0.2034061974568173
103	111.16363072395325	0.20418615772431206
104	112.34846091270447	0.20418615772431206
105	113.51633834838867	0.20418615772431206
106	114.51567578315735	0.20687897611216957
107	115.48908424377441	0.20687897611216957
108	116.4834611415863	0.20718072184957387
109	117.43091893196106	0.20901981283497556
110	118.64467072486877	0.20950820214230223
111	119.81749868392944	0.20950820214230223
112	120.81283807754517	0.20952028469026965
113	121.77331519126892	0.2102732182057318
114	122.8723292350769	0.210297383301667
115	123.84826231002808	0.21115715197810686
116	124.84555745124817	0.21115715197810697
117	125.82997536659241	0.2116404538968157
118	126.79035806655884	0.2116404538968157
119	127.80464577674866	0.21271134920090176
120	128.87182998657227	0.21371865214726296
121	129.85017585754395	0.21371865214726296
122	130.79066061973572	0.21447985266922906
123	131.86881589889526	0.21447985266922906
124	132.82227301597595	0.2155551994383557
125	133.84948468208313	0.2155551994383557
126	134.8687596321106	0.2155551994383557
127	135.94492721557617	0.2155551994383557
128	136.98709344863892	0.2172454843066815
129	138.1091320514679	0.2172454843066815
130	139.10147786140442	0.2177656697928705
131	140.17660474777222	0.2177656697928705
132	141.1879382133484	0.2177656697928705
133	142.26801013946533	0.2177656697928705
134	143.25738525390625	0.21861780738638295
135	144.3245120048523	0.21861780738638295
136	145.3408420085907	0.222502028596215
137	146.51066493988037	0.22253255292792284
138	147.5569052696228	0.22253255292792284
139	148.7586543560028	0.22253255292792284
140	149.71267199516296	0.22253255292792284
141	150.5544490814209	0.22253255292792284
142	151.65952920913696	0.22357038020599196
143	152.93107080459595	0.22357038020599196
144	154.03817081451416	0.22507688316049326
145	155.20299434661865	0.22507688316049326
146	156.29008865356445	0.2253312525913925
147	157.47591614723206	0.22636590025157532
148	158.56605505943298	0.22636590025157532
149	159.5997335910797	0.22636590025157532
150	160.60604548454285	0.22636590025157532
151	161.73502612113953	0.22636590025157532
152	162.7264039516449	0.2271150182255736
153	163.9022307395935	0.2273871935166359
154	165.05045080184937	0.22845681697356712
155	166.13156056404114	0.23081800121588977
156	167.28946328163147	0.2318688649272924
157	168.44540667533875	0.2318688649272924
158	169.46065735816956	0.23221448939152686
159	170.43208575248718	0.2328907941159304
160	171.643874168396	0.23405834980375814
161	172.78676342964172	0.23405834980375814
162	173.86792373657227	0.23405834980375814
163	174.89353609085083	0.23405834980375814
164	175.91714143753052	0.23405834980375814
165	177.0550980567932	0.23405834980375814
166	178.10034894943237	0.23405834980375814
167	179.37085485458374	0.23405834980375814
168	180.36519861221313	0.23405834980375814
169	181.3994710445404	0.23405834980375814
170	182.36086201667786	0.23405834980375814
171	183.41906905174255	0.23405834980375814
172	184.52407598495483	0.23405834980375814
173	185.56280517578125	0.23405834980375828
174	186.6299512386322	0.235225905491586
175	187.74442529678345	0.23719090934528272
176	188.78065395355225	0.23866466223555544
177	189.77304697036743	0.23866466223555544
178	190.8969955444336	0.23866466223555544
179	191.89138674736023	0.23866466223555544
180	192.90940594673157	0.23866466223555544
181	194.0443696975708	0.23866466223555546
182	195.0148265361786	0.23917085740304525
183	196.12780117988586	0.2403234688868073
184	197.20497512817383	0.24082807424535402
185	198.29600310325623	0.24082807424535402
186	199.35218048095703	0.24090915450145328
187	200.43229031562805	0.2413326796039007
188	201.6271641254425	0.2413326796039007
189	202.65734267234802	0.2413326796039007
190	203.64873886108398	0.2413326796039007
191	204.86144924163818	0.2413326796039007
192	206.07121872901917	0.2421908584713972
193	207.04660868644714	0.2421908584713972
194	208.09386205673218	0.2421908584713972
195	209.06421303749084	0.2421908584713972
196	210.0865409374237	0.242681473511244
197	211.01247930526733	0.24855867921217176
198	211.97789883613586	0.24855867921217176
199	213.05701303482056	0.24855867921217176
0	2.538213014602661	0.029792383670499988
1	4.441131591796875	0.033185353916907565
2	6.171452283859253	0.03456562604132469
3	8.371605634689331	0.039207232231659304
4	10.275391817092896	0.04548125424478966
5	12.265077829360962	0.0521082138432929
6	14.099165439605713	0.05807126922714941
7	15.97715449333191	0.06095295691744961
8	17.900993585586548	0.06753476594196794
9	19.95451545715332	0.06995381922982018
10	21.693811893463135	0.07304854131849832
11	23.496989488601685	0.0755063859445626
12	25.345048189163208	0.0773270351462242
13	27.131272077560425	0.08020140971538585
14	28.735979795455933	0.08447894965774581
15	30.570112228393555	0.08735300626511906
16	32.54978656768799	0.09258474953513963
17	34.39687919616699	0.09642509201814128
18	36.31471300125122	0.09905908747510332
19	38.40615391731262	0.10050390584261122
20	40.40781569480896	0.10791750290617058
21	42.38753128051758	0.11092287773224553
22	44.1737847328186	0.11747161873074746
23	46.02278542518616	0.12524387669187553
24	47.71226668357849	0.12912809790170773
25	49.51447415351868	0.1341054717408293
26	51.419930934906006	0.1341054717408293
27	53.38270449638367	0.13605235177257466
28	55.195807456970215	0.13795185549781558
29	57.0558819770813	0.14045389681249834
30	58.894468545913696	0.15008114384845886
0	2.4476025104522705	0.029792383670499988
1	4.3354997634887695	0.033185353916907565
2	6.051911354064941	0.03456562604132469
3	8.185206651687622	0.039207232231659304
4	9.920621395111084	0.04548125424478966
5	11.907301187515259	0.0521082138432929
6	13.695470571517944	0.05807126922714941
7	15.470768690109253	0.06095295691744961
8	17.34975242614746	0.06753476594196794
9	19.421213150024414	0.06995381922982018
10	21.17652654647827	0.07304854131849832
11	22.977702140808105	0.0755063859445626
12	24.80282163619995	0.0773270351462242
13	26.525201082229614	0.08020140971538585
14	28.120960235595703	0.08447894965774581
15	29.969996452331543	0.08735300626511906
16	31.904781341552734	0.09258474953513963
17	33.70396447181702	0.09642509201814128
18	35.54210686683655	0.09905908747510332
19	37.47743201255798	0.10050390584261122
20	39.393362045288086	0.10791750290617058
21	41.281312704086304	0.11092287773224553
22	43.057563066482544	0.11747161873074746
23	44.84634757041931	0.12524387669187553
24	46.45404839515686	0.12912809790170773
25	48.27118968963623	0.1341054717408293
26	50.172107219696045	0.1341054717408293
27	52.18803024291992	0.13605235177257466
28	54.0361430644989	0.13795185549781558
29	55.84827542304993	0.14045389681249834
30	57.6634156703949	0.15008114384845886
31	59.76636481285095	0.15008114384845886
32	61.64035367965698	0.15816309659170627
33	63.44750475883484	0.16336113591213325
34	65.17085909843445	0.1643964194958934
35	66.9561378955841	0.1643964194958934
36	68.73039364814758	0.16538337288778254
37	70.59934306144714	0.16686380297561643
38	72.42850422859192	0.17229204663100667
39	74.36531782150269	0.17297502855297123
40	76.26624250411987	0.1767333368945079
41	78.20406007766724	0.18049482485393123
42	80.24560260772705	0.18425694873693135
43	82.03082966804504	0.19072047597608205
44	83.69437003135681	0.19687208270059198
45	85.51246213912964	0.19827143253232668
46	87.28472352027893	0.1988084699933127
47	89.24153685569763	0.1988084699933127
48	91.10655689239502	0.1988084699933127
49	93.00348663330078	0.2001550381681359
50	94.88340258598328	0.20458710753976703
51	96.85119485855103	0.20516293633896532
52	98.76552748680115	0.20624019087882386
53	100.56576132774353	0.21252629543992227
54	102.39991211891174	0.21252629543992227
55	104.2100727558136	0.21252629543992227
56	105.97535061836243	0.21303185468383465
57	107.65286636352539	0.21414726463832798
58	109.85697054862976	0.21607856454243032
59	111.79678344726562	0.21673483767415053
60	113.71268820762634	0.21746169832294507
61	115.55675745010376	0.22152652182871563
62	117.43074703216553	0.22152652182871563
63	119.34679794311523	0.22368993383851404
64	121.10805058479309	0.22479389716861695
65	122.88136434555054	0.22814394257356016
66	124.7134621143341	0.22843265187763087
67	126.67516231536865	0.22967015915895583
68	128.4623830318451	0.22967015915895583
69	130.30146503448486	0.2318850809785108
70	131.9630229473114	0.2318850809785108
71	133.81610584259033	0.2318850809785108
72	135.75986862182617	0.2318850809785108
73	137.74954891204834	0.2318850809785108
74	139.70731258392334	0.2318850809785108
75	141.40181970596313	0.23292863156877525
76	143.18700742721558	0.24201725133480673
77	145.05900144577026	0.24201725133480673
78	146.86921572685242	0.24201725133480673
79	148.73640418052673	0.24201725133480673
80	150.355073928833	0.24201725133480673
81	152.26700735092163	0.2425727305795333
82	153.87865161895752	0.2432096080421473
83	155.69143342971802	0.24431738691371369
84	157.47272658348083	0.24431738691371369
85	159.4128954410553	0.24431738691371369
86	161.08542251586914	0.24547349597715076
87	162.80088186264038	0.2458903438820369
88	164.74863648414612	0.2469987586771807
89	166.62864518165588	0.2469987586771807
90	168.45876598358154	0.2469987586771807
91	170.2758915424347	0.2469987586771807
92	171.987886428833	0.2469987586771807
93	173.85597705841064	0.2469987586771807
94	175.47065949440002	0.25081525402603577
95	177.4094216823578	0.25081525402603577
96	179.28694462776184	0.25135260944881055
97	181.2258038520813	0.25135260944881055
98	182.98111057281494	0.25279615596916427
99	184.95184016227722	0.25279615596916427
0	2.449449062347412	0.029792383670499988
1	4.300497531890869	0.033185353916907565
2	6.010925054550171	0.03456562604132469
3	8.100337743759155	0.039207232231659304
4	9.829713582992554	0.04548125424478966
5	11.80941915512085	0.0521082138432929
6	13.60860800743103	0.05807126922714941
7	15.375880718231201	0.06095295691744961
8	17.25784921646118	0.06753476594196794
9	19.30337929725647	0.06995381922982018
10	21.024812698364258	0.07304854131849832
11	22.841483116149902	0.0755063859445626
12	24.637654304504395	0.0773270351462242
13	26.35206937789917	0.08020140971538585
14	27.943811655044556	0.08447894965774581
15	29.786921501159668	0.08735300626511906
16	31.77357029914856	0.09258474953513963
17	33.61620020866394	0.09642509201814128
18	35.475228786468506	0.09905908747510332
19	37.40307378768921	0.10050390584261122
20	39.28208684921265	0.10791750290617058
21	41.1630585193634	0.11092287773224553
22	42.89442801475525	0.11747161873074746
23	44.66768670082092	0.12524387669187553
24	46.27339220046997	0.12912809790170773
25	48.05865550041199	0.1341054717408293
26	49.93460154533386	0.1341054717408293
27	51.88544535636902	0.13605235177257466
28	53.67360186576843	0.13795185549781558
29	55.46680808067322	0.14045389681249834
30	57.26409721374512	0.15008114384845886
31	59.32855749130249	0.15008114384845886
32	61.182602643966675	0.15816309659170627
33	62.98478031158447	0.16336113591213325
34	64.69821333885193	0.1643964194958934
35	66.48044753074646	0.1643964194958934
36	68.24471545219421	0.16538337288778254
37	70.10374665260315	0.16686380297561643
38	71.92587614059448	0.17229204663100667
39	73.87665748596191	0.17297502855297123
40	75.76466274261475	0.1767333368945079
41	77.72736144065857	0.18049482485393123
42	79.74596309661865	0.18425694873693135
43	81.5271987915039	0.19072047597608205
44	83.21324634552002	0.19687208270059198
45	85.03134632110596	0.19827143253232668
46	86.78072142601013	0.1988084699933127
47	88.74242234230042	0.1988084699933127
48	90.59546709060669	0.1988084699933127
49	92.54328560829163	0.2001550381681359
50	94.47013282775879	0.20458710753976703
51	96.41991758346558	0.20516293633896532
52	98.31883955001831	0.20624019087882386
53	100.1021203994751	0.21252629543992227
54	101.92330312728882	0.21252629543992227
55	103.7184488773346	0.21252629543992227
56	105.4747519493103	0.21303185468383465
57	107.13731479644775	0.21414726463832798
58	109.31847524642944	0.21607856454243032
59	111.21839427947998	0.21673483767415053
60	113.06545495986938	0.21746169832294507
61	114.90054750442505	0.22152652182871563
62	116.77054691314697	0.22152652182871563
63	118.67545294761658	0.22368993383851404
64	120.43279027938843	0.22479389716861695
65	122.19504117965698	0.22814394257356016
66	124.02315139770508	0.22843265187763087
67	125.96022582054138	0.22967015915895583
68	127.7304949760437	0.22967015915895583
69	129.57759189605713	0.2318850809785108
70	131.19821977615356	0.2318850809785108
71	133.0467460155487	0.2318850809785108
72	134.97960305213928	0.2318850809785108
73	136.96531891822815	0.2318850809785108
74	138.92507791519165	0.2318850809785108
75	140.63545417785645	0.23292863156877525
76	142.4366364479065	0.24201725133480673
77	144.3469479084015	0.24201725133480673
78	146.15711188316345	0.24201725133480673
79	148.0460102558136	0.24201725133480673
80	149.67439198493958	0.24201725133480673
81	151.6271185874939	0.2425727305795333
82	153.2899420261383	0.2432096080421473
83	155.14497065544128	0.24431738691371369
84	156.90227246284485	0.24431738691371369
85	158.82218217849731	0.24431738691371369
86	160.4637598991394	0.24547349597715076
87	162.1851270198822	0.2458903438820369
88	164.134938955307	0.2469987586771807
89	166.03189516067505	0.2469987586771807
90	167.86100006103516	0.2469987586771807
91	169.68811416625977	0.2469987586771807
92	171.33770656585693	0.2469987586771807
93	173.17972612380981	0.2469987586771807
94	174.78549337387085	0.25081525402603577
95	176.7212553024292	0.25081525402603577
96	178.60028171539307	0.25135260944881055
97	180.4912269115448	0.25135260944881055
98	182.24553394317627	0.25279615596916427
99	184.21723818778992	0.25279615596916427
0	2.4345149993896484	0.021449702260580895
1	4.271602392196655	0.021449702260580895
2	6.013940811157227	0.02550753060700172
3	7.758296966552734	0.04627615871635002
4	9.582349300384521	0.04627615871635002
5	11.430474519729614	0.04627615871635002
6	13.349327802658081	0.04627615871635002
7	15.432704448699951	0.04627615871635002
8	17.270842790603638	0.04627615871635002
9	19.24653196334839	0.04627615871635002
10	21.247336387634277	0.04627615871635002
11	23.274959325790405	0.04627615871635002
12	25.35537576675415	0.04627615871635002
13	27.110718250274658	0.04627615871635002
14	29.023592948913574	0.04627615871635002
15	30.93645715713501	0.04627615871635002
16	32.869370222091675	0.04627615871635002
17	34.66756010055542	0.04627615871635002
18	36.522603034973145	0.04627615871635002
19	38.4733829498291	0.04627615871635002
20	40.07211089134216	0.04627615871635002
21	41.90086364746094	0.04627615871635002
22	43.829760789871216	0.04627615871635002
23	45.587034702301025	0.04627615871635002
24	47.33735537528992	0.04627615871635002
25	49.26522207260132	0.04627615871635002
26	50.99357986450195	0.04627615871635002
27	52.79782295227051	0.04627615871635002
28	54.78484559059143	0.04627615871635002
29	56.56506013870239	0.04627615871635002
30	58.57171940803528	0.04627615871635002
31	60.244725942611694	0.04627615871635002
32	62.23338198661804	0.04627615871635002
33	64.32185959815979	0.04627615871635002
34	66.20481610298157	0.04627615871635002
35	68.06483960151672	0.04627615871635002
36	70.03656697273254	0.04627615871635002
37	71.94946146011353	0.04627615871635002
38	73.8244481086731	0.04627615871635002
39	75.64853405952454	0.04627615871635002
40	77.51179003715515	0.04627615871635002
41	79.41984581947327	0.04627615871635002
42	81.3796055316925	0.04627615871635002
43	83.41666603088379	0.04627615871635002
44	85.1510283946991	0.04627615871635002
45	86.73578929901123	0.04627615871635002
46	88.4041748046875	0.04627615871635002
47	90.08218765258789	0.04627615871635002
48	92.02595162391663	0.04627615871635002
49	93.7952208518982	0.04627615871635002
50	95.60538125038147	0.04627615871635002
51	97.4235188961029	0.04627615871635002
52	99.46206641197205	0.04627615871635002
53	101.30912828445435	0.04627615871635002
54	103.14176034927368	0.04627615871635002
55	105.24713015556335	0.04627615871635002
56	106.93661212921143	0.04627615871635002
57	108.71186470985413	0.04627615871635002
58	110.42198991775513	0.04627615871635002
59	112.08151435852051	0.04627615871635002
60	113.87771344184875	0.04627615871635002
61	115.60743284225464	0.04627615871635002
62	117.43357610702515	0.04627615871635002
63	119.1164972782135	0.04627615871635002
64	121.04630780220032	0.04627615871635002
65	122.99611735343933	0.04627615871635002
66	124.94291472434998	0.04627615871635002
67	126.83584904670715	0.04627615871635002
68	128.74870896339417	0.04627615871635002
69	130.5988006591797	0.04627615871635002
70	132.6043746471405	0.04627615871635002
71	134.49937677383423	0.04627615871635002
72	136.40112328529358	0.04627615871635002
73	138.11755847930908	0.04627615871635002
74	139.95960974693298	0.04627615871635002
75	141.89546132087708	0.04627615871635002
76	143.85540890693665	0.04627615871635002
77	145.69348287582397	0.04627615871635002
78	147.56742358207703	0.04627615871635002
79	149.61495685577393	0.04627615871635002
80	151.31794619560242	0.04627615871635002
81	153.3126528263092	0.04627615871635002
82	155.29139184951782	0.04627615871635002
83	157.1224718093872	0.04627615871635002
84	158.8548445701599	0.04627615871635002
85	160.528382062912	0.04627615871635002
86	162.16301155090332	0.04627615871635002
87	164.08055996894836	0.04627615871635002
88	165.84540367126465	0.04627615871635002
89	167.59970879554749	0.04627615871635002
90	169.647234916687	0.04627615871635002
91	171.54313945770264	0.04627615871635002
92	173.3782558441162	0.04627615871635002
93	175.5204770565033	0.04627615871635002
94	177.50871896743774	0.04627615871635002
95	179.67992520332336	0.04627615871635002
96	181.47810626029968	0.04627615871635002
97	183.34508609771729	0.04627615871635002
98	185.18715977668762	0.04627615871635002
99	186.98931980133057	0.04627615871635002
0	2.4384801387786865	0.021449702260580895
1	4.287534236907959	0.021449702260580895
2	6.022921085357666	0.02550753060700172
3	7.773214101791382	0.04627615871635002
4	9.590353965759277	0.04627615871635002
5	11.434422492980957	0.04627615871635002
6	13.370245933532715	0.04627615871635002
7	15.457664966583252	0.04627615871635002
8	17.327773809432983	0.04627615871635002
9	19.291521549224854	0.04627615871635002
10	21.23630690574646	0.04627615871635002
11	23.143168926239014	0.04627615871635002
12	25.202675580978394	0.04627615871635002
13	26.946000814437866	0.04627615871635002
14	28.83898425102234	0.04627615871635002
15	30.749829053878784	0.04627615871635002
16	32.693631410598755	0.04627615871635002
17	34.490824937820435	0.04627615871635002
18	36.370798110961914	0.04627615871635002
19	38.288715839385986	0.04627615871635002
20	39.91736054420471	0.04627615871635002
21	41.78786587715149	0.04627615871635002
22	43.75859761238098	0.04627615871635002
23	45.53384852409363	0.04627615871635002
24	47.28815793991089	0.04627615871635002
25	49.219992876052856	0.04627615871635002
26	51.023743629455566	0.04627615871635002
27	52.816919803619385	0.04627615871635002
28	54.82754421234131	0.04627615871635002
29	56.58884835243225	0.04627615871635002
30	58.62843322753906	0.04627615871635002
31	60.29593467712402	0.04627615871635002
32	62.291598320007324	0.04627615871635002
33	64.39796662330627	0.04627615871635002
34	66.27494740486145	0.04627615871635002
35	68.15292572975159	0.04627615871635002
36	70.11273717880249	0.04627615871635002
37	72.02157998085022	0.04627615871635002
38	73.89756393432617	0.04627615871635002
39	75.72467756271362	0.04627615871635002
40	77.5837619304657	0.04627615871635002
41	79.53847742080688	0.04627615871635002
42	81.50122904777527	0.04627615871635002
43	83.47894048690796	0.04627615871635002
44	85.26162099838257	0.04627615871635002
45	86.91117119789124	0.04627615871635002
46	88.62460088729858	0.04627615871635002
47	90.33702945709229	0.04627615871635002
48	92.32471442222595	0.04627615871635002
49	94.13587069511414	0.04627615871635002
50	95.99784684181213	0.04627615871635002
51	97.84297347068787	0.04627615871635002
52	99.9323718547821	0.04627615871635002
53	101.84681701660156	0.04627615871635002
54	103.77661228179932	0.04627615871635002
55	105.89798069000244	0.04627615871635002
56	107.6403226852417	0.04627615871635002
57	109.49239730834961	0.04627615871635002
58	111.28318333625793	0.04627615871635002
59	113.00060987472534	0.04627615871635002
60	114.84865140914917	0.04627615871635002
61	116.67472314834595	0.04627615871635002
62	118.52189016342163	0.04627615871635002
63	120.21935534477234	0.04627615871635002
64	122.1810851097107	0.04627615871635002
65	124.16180872917175	0.04627615871635002
66	126.13652992248535	0.04627615871635002
67	128.06038403511047	0.04627615871635002
68	129.99520897865295	0.04627615871635002
69	131.85623478889465	0.04627615871635002
70	133.8638253211975	0.04627615871635002
71	135.77774739265442	0.04627615871635002
72	137.69058561325073	0.04627615871635002
73	139.41696786880493	0.04627615871635002
74	141.3099067211151	0.04627615871635002
75	143.23478436470032	0.04627615871635002
76	145.13971710205078	0.04627615871635002
77	147.0013563632965	0.04627615871635002
78	148.88030910491943	0.04627615871635002
79	150.94777965545654	0.04627615871635002
80	152.65820622444153	0.04627615871635002
81	154.66781187057495	0.04627615871635002
82	156.65549612045288	0.04627615871635002
83	158.4975447654724	0.04627615871635002
84	160.31571316719055	0.04627615871635002
85	162.05469226837158	0.04627615871635002
86	163.74910950660706	0.04627615871635002
87	165.66400980949402	0.04627615871635002
88	167.44226908683777	0.04627615871635002
89	169.2050793170929	0.04627615871635002
90	171.2675986289978	0.04627615871635002
91	173.21046113967896	0.04627615871635002
92	175.0714728832245	0.04627615871635002
93	177.2296872138977	0.04627615871635002
94	179.2234263420105	0.04627615871635002
95	181.42456603050232	0.04627615871635002
96	183.22874474525452	0.04627615871635002
97	185.1336214542389	0.04627615871635002
98	186.99262595176697	0.04627615871635002
99	188.80380773544312	0.04627615871635002
0	2.4075348377227783	0.021449702260580895
1	4.213708162307739	0.021449702260580895
2	5.945088863372803	0.02550753060700172
3	7.661484241485596	0.04627615871635002
4	9.464662075042725	0.04627615871635002
5	11.286772727966309	0.04627615871635002
6	13.189706087112427	0.04627615871635002
7	15.251194477081299	0.04627615871635002
8	17.087300777435303	0.04627615871635002
9	19.035048961639404	0.04627615871635002
10	20.94994020462036	0.04627615871635002
11	22.84089159965515	0.04627615871635002
12	24.879445791244507	0.04627615871635002
13	26.641735076904297	0.04627615871635002
14	28.565221548080444	0.04627615871635002
15	30.46414875984192	0.04627615871635002
16	32.3800208568573	0.04627615871635002
17	34.16386008262634	0.04627615871635002
18	36.05079936981201	0.04627615871635002
19	37.96072316169739	0.04627615871635002
20	39.554460525512695	0.04627615871635002
21	41.36360692977905	0.04627615871635002
22	43.27744221687317	0.04627615871635002
23	45.01187229156494	0.04627615871635002
24	46.76815438270569	0.04627615871635002
25	48.67504668235779	0.04627615871635002
26	50.381507873535156	0.04627615871635002
27	52.18371295928955	0.04627615871635002
28	54.20131707191467	0.04627615871635002
29	55.967594146728516	0.04627615871635002
30	57.95531678199768	0.04627615871635002
31	59.626808881759644	0.04627615871635002
32	61.59354877471924	0.04627615871635002
33	63.71188449859619	0.04627615871635002
34	65.59995174407959	0.04627615871635002
35	67.44397354125977	0.04627615871635002
36	69.43270182609558	0.04627615871635002
37	71.32664394378662	0.04627615871635002
38	73.18367147445679	0.04627615871635002
39	74.99683833122253	0.04627615871635002
40	76.84685516357422	0.04627615871635002
41	78.79268646240234	0.04627615871635002
42	80.74446702003479	0.04627615871635002
43	82.7142481803894	0.04627615871635002
44	84.4795286655426	0.04627615871635002
45	86.15902543067932	0.04627615871635002
46	87.9025194644928	0.04627615871635002
47	89.61094927787781	0.04627615871635002
48	91.59860801696777	0.04627615871635002
49	93.39493417739868	0.04627615871635002
50	95.26492214202881	0.04627615871635002
51	97.10295009613037	0.04627615871635002
52	99.19839286804199	0.04627615871635002
53	101.05839371681213	0.04627615871635002
54	102.91943693161011	0.04627615871635002
55	105.0038685798645	0.04627615871635002
56	106.69834661483765	0.04627615871635002
57	108.51547837257385	0.04627615871635002
58	110.23787212371826	0.04627615871635002
59	111.93039441108704	0.04627615871635002
60	113.76113891601562	0.04627615871635002
61	115.54934501647949	0.04627615871635002
62	117.37450957298279	0.04627615871635002
63	119.04803228378296	0.04627615871635002
64	120.9718644618988	0.04627615871635002
65	122.92165088653564	0.04627615871635002
66	124.84552907943726	0.04627615871635002
67	126.72747826576233	0.04627615871635002
68	128.61642599105835	0.04627615871635002
69	130.44653367996216	0.04627615871635002
70	132.4422013759613	0.04627615871635002
71	134.29325032234192	0.04627615871635002
72	136.1832070350647	0.04627615871635002
73	137.90459942817688	0.04627615871635002
74	139.75364446640015	0.04627615871635002
75	141.62862539291382	0.04627615871635002
76	143.50562167167664	0.04627615871635002
77	145.33772230148315	0.04627615871635002
78	147.2532856464386	0.04627615871635002
79	149.3506031036377	0.04627615871635002
80	151.0351493358612	0.04627615871635002
81	153.0238265991211	0.04627615871635002
82	154.99664664268494	0.04627615871635002
83	156.84463739395142	0.04627615871635002
84	158.58404779434204	0.04627615871635002
85	160.24161577224731	0.04627615871635002
86	161.8742208480835	0.04627615871635002
87	163.75121450424194	0.04627615871635002
88	165.50049090385437	0.04627615871635002
89	167.24187183380127	0.04627615871635002
90	169.2814257144928	0.04627615871635002
91	171.18445539474487	0.04627615871635002
92	172.99854969978333	0.04627615871635002
93	175.1712508201599	0.04627615871635002
94	177.14198088645935	0.04627615871635002
95	179.27926683425903	0.04627615871635002
96	181.09741139411926	0.04627615871635002
97	182.96042799949646	0.04627615871635002
98	184.77965593338013	0.04627615871635002
99	186.55992317199707	0.04627615871635002
0	2.4185314178466797	0.021449702260580895
1	4.25861120223999	0.021449702260580895
2	5.988011598587036	0.02550753060700172
3	7.720327854156494	0.04627615871635002
4	9.510611057281494	0.04627615871635002
5	11.362650156021118	0.04627615871635002
6	13.260558366775513	0.04627615871635002
7	15.346933841705322	0.04627615871635002
8	17.16911268234253	0.04627615871635002
9	19.1448233127594	0.04627615871635002
10	21.057708024978638	0.04627615871635002
11	22.977081775665283	0.04627615871635002
12	25.046561002731323	0.04627615871635002
13	26.771939992904663	0.04627615871635002
14	28.662877321243286	0.04627615871635002
15	30.576740264892578	0.04627615871635002
16	32.502673864364624	0.04627615871635002
17	34.27692937850952	0.04627615871635002
18	36.13296627998352	0.04627615871635002
19	38.091745376586914	0.04627615871635002
20	39.740336656570435	0.04627615871635002
21	41.546021699905396	0.04627615871635002
22	43.466936111450195	0.04627615871635002
23	45.218268394470215	0.04627615871635002
24	46.97258400917053	0.04627615871635002
25	48.89146637916565	0.04627615871635002
26	50.62290000915527	0.04627615871635002
27	52.41111898422241	0.04627615871635002
28	54.36190128326416	0.04627615871635002
29	56.116209983825684	0.04627615871635002
30	58.097912073135376	0.04627615871635002
31	59.76545286178589	0.04627615871635002
32	61.72425174713135	0.04627615871635002
33	63.82260227203369	0.04627615871635002
34	65.69260144233704	0.04627615871635002
35	67.52869272232056	0.04627615871635002
36	69.47448945045471	0.04627615871635002
37	71.34648370742798	0.04627615871635002
38	73.22405433654785	0.04627615871635002
39	75.02230787277222	0.04627615871635002
40	76.88544416427612	0.04627615871635002
41	78.81128430366516	0.04627615871635002
42	80.7700366973877	0.04627615871635002
43	82.71583271026611	0.04627615871635002
44	84.52409315109253	0.04627615871635002
45	86.13781809806824	0.04627615871635002
46	87.83826184272766	0.04627615871635002
47	89.52870988845825	0.04627615871635002
48	91.51544380187988	0.04627615871635002
49	93.30864000320435	0.04627615871635002
50	95.16861271858215	0.04627615871635002
51	97.01972460746765	0.04627615871635002
52	99.16320443153381	0.04627615871635002
53	101.03321361541748	0.04627615871635002
54	102.90820002555847	0.04627615871635002
55	104.99857330322266	0.04627615871635002
56	106.72398376464844	0.04627615871635002
57	108.54109692573547	0.04627615871635002
58	110.29842519760132	0.04627615871635002
59	111.99782967567444	0.04627615871635002
60	113.82600402832031	0.04627615871635002
61	115.61420750617981	0.04627615871635002
62	117.44930386543274	0.04627615871635002
63	119.14777255058289	0.04627615871635002
64	121.07261800765991	0.04627615871635002
65	123.02439403533936	0.04627615871635002
66	124.93628144264221	0.04627615871635002
67	126.84418106079102	0.04627615871635002
68	128.734126329422	0.04627615871635002
69	130.58119201660156	0.04627615871635002
70	132.57385897636414	0.04627615871635002
71	134.43867683410645	0.04627615871635002
72	136.31397342681885	0.04627615871635002
73	137.99547791481018	0.04627615871635002
74	139.82064151763916	0.04627615871635002
75	141.6955840587616	0.04627615871635002
76	143.56059670448303	0.04627615871635002
77	145.40720415115356	0.04627615871635002
78	147.26120924949646	0.04627615871635002
79	149.29277658462524	0.04627615871635002
80	150.98225712776184	0.04627615871635002
81	152.96098113059998	0.04627615871635002
82	154.90180253982544	0.04627615871635002
83	156.71891808509827	0.04627615871635002
84	158.50219249725342	0.04627615871635002
85	160.20862889289856	0.04627615871635002
86	161.84828209877014	0.04627615871635002
87	163.73619484901428	0.04627615871635002
88	165.500479221344	0.04627615871635002
89	167.31562638282776	0.04627615871635002
90	169.3750193119049	0.04627615871635002
91	171.25397872924805	0.04627615871635002
92	173.10402965545654	0.04627615871635002
93	175.2084038257599	0.04627615871635002
94	177.19309520721436	0.04627615871635002
95	179.35983800888062	0.04627615871635002
96	181.15603590011597	0.04627615871635002
97	183.03500962257385	0.04627615871635002
98	184.84915971755981	0.04627615871635002
99	186.64586281776428	0.04627615871635002
0	3.0438148975372314	0.0375516051982935
1	5.774513483047485	0.045813842275690596
2	8.495282649993896	0.05083700261237403
3	11.05339765548706	0.05764392858323869
4	13.64546537399292	0.061444207880873784
5	16.02809429168701	0.06475991341264586
6	18.616172552108765	0.06850105181759682
7	20.911069869995117	0.0724355109900312
8	23.682624578475952	0.07711336482426882
9	26.454103708267212	0.08276640746421665
10	28.721985816955566	0.08677113619193691
11	31.237830877304077	0.09524227416445971
12	33.54759168624878	0.10170611936539851
13	36.15661597251892	0.10311850563046676
14	38.659921169281006	0.11027169198914283
15	41.33277440071106	0.1142169618623905
16	43.703487396240234	0.11772726000880034
17	46.288559436798096	0.12363499004143581
18	48.931493282318115	0.12909121433422555
19	51.32904243469238	0.13427271964164442
20	54.052804470062256	0.13710130771324458
21	56.5740180015564	0.14255498831172536
22	59.294801473617554	0.15089449010375808
23	61.57469391822815	0.15651510064126695
24	64.0101866722107	0.16329054839505802
25	66.33496952056885	0.17073562367569084
26	68.95595121383667	0.17287232689524473
27	71.49217772483826	0.1791097833026841
28	73.9984221458435	0.18387539459058208
29	76.33222603797913	0.19199423090131054
30	78.82158517837524	0.19584856370301165
31	81.26804518699646	0.19798717469329724
32	83.47512483596802	0.20088698620554885
33	85.88567805290222	0.20277186368851233
34	88.46274209022522	0.2055266846251514
35	91.19882249832153	0.20781950708291974
36	93.81983256340027	0.20947545207807403
37	96.4477870464325	0.209922188391091
38	99.28766798973083	0.2112919677764834
39	101.53765177726746	0.214626751015573
40	104.22845602035522	0.21501975178631236
41	107.02802324295044	0.22340217841980953
42	109.71385169029236	0.22626796802067847
43	112.28895497322083	0.22783138613534315
44	114.83315920829773	0.22827875837193704
45	117.10605597496033	0.23091148198174447
46	119.39390182495117	0.23253308710372733
47	121.76959657669067	0.23655752946234276
48	124.39757490158081	0.23860361357213877
49	126.84302735328674	0.23907292517214793
50	129.4520046710968	0.23907292517214793
51	132.1757481098175	0.24017180111363276
52	134.57835984230042	0.2425374368209962
53	136.9240231513977	0.24302455428116831
54	139.0752716064453	0.24410308066818165
55	141.5756480693817	0.24537429189910073
56	144.0988688468933	0.24643119688448725
57	146.64209985733032	0.2479052677365488
58	149.60022234916687	0.24949952814470985
59	152.22019696235657	0.25220538296590134
60	154.8122808933258	0.25220538296590134
61	157.1968698501587	0.25246706551793896
62	159.7849645614624	0.25476624721147956
63	162.2344250679016	0.2555140933383235
64	164.94113397598267	0.25556369537734885
65	167.40959405899048	0.2573334706928309
66	169.8650255203247	0.25887940090912126
67	172.27657914161682	0.26131308043925006
68	174.75094723701477	0.2622326259319508
69	177.00394558906555	0.26303007409781987
70	179.53914499282837	0.2631051130799352
71	182.0743567943573	0.2631051130799352
72	184.67839932441711	0.2636844394588086
73	187.3103621006012	0.2656853729946198
74	189.67403507232666	0.2656853729946198
75	192.07859086990356	0.2656853729946198
76	194.2607340812683	0.2656853729946198
77	196.81195330619812	0.26699887314342596
78	199.2862901687622	0.2682656329093045
79	201.72880125045776	0.2682656329093045
80	204.06256341934204	0.2682656329093045
81	206.81216502189636	0.2682656329093045
82	209.43811798095703	0.26844114781662487
83	212.36523032188416	0.2707037639044739
84	214.89552426338196	0.27208244621994765
85	217.71498441696167	0.272765428141912
86	220.17888951301575	0.272765428141912
87	222.4179172515869	0.272765428141912
88	225.0827295780182	0.2745803540313785
89	227.36669492721558	0.2745803540313785
90	229.69445896148682	0.2745803540313785
91	232.22168517112732	0.2745803540313785
92	234.32202315330505	0.27488273569235994
93	236.7815067768097	0.27565347506798477
94	239.30575370788574	0.27565347506798477
95	241.66943836212158	0.2763345492192173
96	243.97026753425598	0.2763345492192173
97	246.53939867019653	0.27754026032167967
98	249.0287561416626	0.27871481116885755
99	251.5170910358429	0.27871481116885755
0	2.5093424320220947	0.017893617616609105
1	4.48101544380188	0.021751130036196484
2	6.580401420593262	0.02554759379236809
3	8.306786060333252	0.03142543541687315
4	9.951424360275269	0.03632554454135893
5	11.726640939712524	0.042148378776431836
6	13.55674695968628	0.05039567164976349
7	15.304089307785034	0.054903415927087286
8	16.976601600646973	0.060482691432074846
9	18.774791955947876	0.06962377489322882
10	20.815335273742676	0.07587776531367622
11	22.57961916923523	0.08207865611542318
12	24.34489679336548	0.08708083097405744
13	26.127169132232666	0.0929519954010013
14	27.858500957489014	0.09577708589292651
15	29.62581968307495	0.10071089896700648
16	31.512729167938232	0.1058132317890573
17	33.327876567840576	0.11069203747370544
18	34.87374234199524	0.1149222011095603
19	36.73081398010254	0.11642043705755703
20	38.48508429527283	0.12303817576419175
21	40.54762005805969	0.13050360059929683
22	42.28093457221985	0.1362459905018476
23	43.933552265167236	0.1374803181652862
24	45.84145164489746	0.1438249276954916
25	47.53189158439636	0.1494131061305602
26	49.443334102630615	0.1506598343037552
27	51.0820152759552	0.15550493603880916
28	52.8901629447937	0.1582537157014645
29	54.748210430145264	0.16245717054707495
30	56.62026762962341	0.16714742489106899
31	58.427419662475586	0.1685051217284939
32	60.142786741256714	0.17865350813600864
33	61.940977573394775	0.18473198364913554
34	63.84093642234802	0.19240535549400076
35	65.77479457855225	0.1945000877574562
36	67.72656774520874	0.1946024714533931
37	69.56957817077637	0.19933183509738797
38	71.47852277755737	0.2021944450803707
39	73.2148916721344	0.20399951415438983
40	75.26896834373474	0.20863094556748843
41	77.2238028049469	0.21360927329197582
42	79.08287143707275	0.21472786286435544
43	81.08551740646362	0.2181179714546657
44	83.18789386749268	0.22115514245960308
45	85.10676288604736	0.22228931215962525
46	86.87503457069397	0.22442696926454514
47	88.66624402999878	0.22653219426702562
48	90.37072515487671	0.22805459531095781
49	92.1309802532196	0.22805459531095781
50	93.7895438671112	0.2312386646622394
51	95.49901032447815	0.23311304940617814
52	97.28220534324646	0.23351368125984476
53	99.20107436180115	0.234847213001334
54	100.93643379211426	0.23660554169242506
55	102.72169709205627	0.23740298985829433
56	104.58168435096741	0.23856800185181312
57	106.32402491569519	0.23966942148760706
58	108.02950549125671	0.23966942148760706
59	109.87805342674255	0.24034350047949032
60	111.72411823272705	0.24248274739335338
61	113.62702822685242	0.24304108829417734
62	115.49507594108582	0.24450625621615713
63	117.40991353988647	0.24742896097718992
64	119.21408939361572	0.24742896097718992
65	120.96939373016357	0.24972210139674705
66	122.70475316047668	0.24972210139674705
67	124.74230456352234	0.25198217379028703
68	126.42085433006287	0.25198217379028703
69	128.21506476402283	0.25198217379028703
70	130.187744140625	0.2527262043756676
71	131.97995114326477	0.2547983613521316
72	133.7631814479828	0.2549277718001016
73	135.61532735824585	0.2555214064594632
74	137.48332953453064	0.25653761233590583
75	139.26157569885254	0.25669404953590935
76	141.2362949848175	0.258159217457889
77	143.0165331363678	0.25833600421236425
78	144.87057518959045	0.2595280429579165
79	146.7236785888672	0.2595280429579165
80	148.6644299030304	0.2595280429579165
81	150.47562742233276	0.2615499619717771
82	152.23290586471558	0.26317124913197126
83	154.25047326087952	0.26317124913197126
84	156.1324393749237	0.26317124913197126
85	157.97056555747986	0.26317124913197126
86	159.6560182571411	0.26317124913197126
87	161.36045908927917	0.2639400807368642
88	163.08185720443726	0.2639400807368642
89	164.85411667823792	0.26473752890273355
90	166.7739839553833	0.26524372407022256
91	168.76366329193115	0.26524372407022256
92	170.61875700950623	0.26589999720194274
93	172.32714986801147	0.2659076282848698
94	174.08548617362976	0.26606692714097036
95	175.89760184288025	0.2664405322426038
96	177.81946444511414	0.2664405322426038
97	179.5647964477539	0.2664405322426038
98	181.37897157669067	0.2664405322426038
99	183.27487540245056	0.2664405322426038
0	2.4125959873199463	0.023965415932174605
1	4.253674268722534	0.02866997855665649
2	6.1835243701934814	0.031129730953452485
3	8.052526235580444	0.03686448977307649
4	9.852712154388428	0.039977653645494916
5	11.61498475074768	0.04448031053420064
6	13.346310138702393	0.05138357892701828
7	15.31909465789795	0.05703630360517751
8	17.420413970947266	0.06120573653940523
9	19.224634647369385	0.06572524540290825
10	21.034810066223145	0.06981105438672765
11	22.889297008514404	0.07496553294211283
12	24.82910966873169	0.0809521174983273
13	26.60137152671814	0.08627765949599268
14	28.323766469955444	0.08870911329360114
15	30.270596742630005	0.09653001940838839
16	32.38593029975891	0.09914843473770778
17	34.29579472541809	0.10471308400041768
18	36.18079423904419	0.10773435691592388
19	38.02083444595337	0.1154754546217665
20	39.766167402267456	0.1253831439552937
21	41.51852011680603	0.12967848975781668
22	43.35556888580322	0.13957314265801
23	45.271952390670776	0.14736447832645452
24	47.05829310417175	0.1519354969997152
25	48.87633514404297	0.15582289782743344
26	50.78022241592407	0.16437352624711268
27	52.50810480117798	0.17031178061145608
28	54.287346839904785	0.17564972311887705
29	56.0167236328125	0.1777199723246088
30	57.875752687454224	0.1812032437189856
31	59.70404529571533	0.1857039928369605
32	61.66081237792969	0.19061650247120285
33	63.374231815338135	0.19660594868351441
34	65.13353276252747	0.19777954564532604
35	66.79508399963379	0.20285103617388012
36	68.74092531204224	0.2037375136405642
37	70.49020147323608	0.21443311228630124
38	72.37117147445679	0.21593548173755012
39	74.20133328437805	0.2169249788237483
40	75.90671682357788	0.2194356051067242
41	77.71089220046997	0.22043909251162197
42	79.3295636177063	0.22391123524339693
43	81.02373242378235	0.22604285107433275
44	82.94863104820251	0.22724474663533192
45	84.71690535545349	0.22812232117193448
46	86.44024777412415	0.2321009770329875
47	88.40705013275146	0.23260939793299748
48	90.25907778739929	0.23331145756227942
49	92.09318041801453	0.23390159464196567
50	93.92622995376587	0.23578392843062018
51	95.64064478874207	0.23700013227210742
52	97.46880173683167	0.24004588824533785
53	99.13037443161011	0.24129706788357366
54	100.8128137588501	0.2419021491673255
55	102.63797903060913	0.24306716116084423
56	104.44915175437927	0.24464043609095631
57	106.53876209259033	0.24600322031699945
58	108.33801221847534	0.24969857222438863
59	110.10925960540771	0.2502133523601711
60	111.85858154296875	0.251707136843127
61	113.55305051803589	0.251707136843127
62	115.60192894935608	0.251707136843127
63	117.5387511253357	0.2541862849090293
64	119.2062931060791	0.25582760366190654
65	121.09528636932373	0.2562466772993133
66	122.9293372631073	0.25747146610909305
67	124.56196975708008	0.25769276751397563
68	126.27040195465088	0.258174479623741
69	128.11546874046326	0.2592380618066889
70	130.04231643676758	0.26079989011241067
71	131.93625164031982	0.26094965011485294
72	133.73942947387695	0.26297284097586765
73	135.59646368026733	0.26297284097586765
74	137.39964056015015	0.26297284097586765
75	139.2726333141327	0.26362211894823806
76	141.08977365493774	0.26425740660190894
77	142.8530571460724	0.26425740660190894
78	144.79391479492188	0.26425740660190894
79	146.54019856452942	0.2648564466116764
80	148.4750235080719	0.2657089021669778
81	150.25725865364075	0.26707423008732883
82	152.22699165344238	0.267559757738558
83	154.1129858493805	0.267559757738558
84	155.97297430038452	0.267559757738558
85	157.82601737976074	0.26896642069143084
86	159.63916897773743	0.2695489266881899
87	161.34859895706177	0.2696519463077041
88	163.27444887161255	0.2696519463077041
89	165.1733696460724	0.2696519463077041
90	167.19051671028137	0.2696519463077041
91	168.90892124176025	0.2696519463077041
92	170.92258214950562	0.2705377878508106
93	172.7163987159729	0.2717352319467692
94	174.57139921188354	0.2717352319467692
95	176.3855493068695	0.2717352319467692
96	178.2675166130066	0.27233395399474847
97	180.13552021980286	0.27293267604272775
98	182.41542434692383	0.27293267604272775
99	184.23356127738953	0.27293267604272786
0	2.421506881713867	0.021449702260580895
1	4.245652914047241	0.021449702260580895
2	5.984013319015503	0.02550753060700172
3	7.7073891162872314	0.04627615871635002
4	9.511519193649292	0.04627615871635002
5	11.364609479904175	0.04627615871635002
6	13.281489372253418	0.04627615871635002
7	15.366399049758911	0.04627615871635002
8	17.186557054519653	0.04627615871635002
9	19.153297901153564	0.04627615871635002
10	21.071794271469116	0.04627615871635002
11	22.970752477645874	0.04627615871635002
12	25.03124690055847	0.04627615871635002
13	26.732685327529907	0.04627615871635002
14	28.63459086418152	0.04627615871635002
15	30.566726207733154	0.04627615871635002
16	32.501505613327026	0.04627615871635002
17	34.3386595249176	0.04627615871635002
18	36.202674865722656	0.04627615871635002
19	38.12924528121948	0.04627615871635002
20	39.73098802566528	0.04627615871635002
21	41.56811308860779	0.04627615871635002
22	43.561004877090454	0.04627615871635002
23	45.34125208854675	0.04627615871635002
24	47.118470668792725	0.04627615871635002
25	49.050926208496094	0.04627615871635002
26	50.80318856239319	0.04627615871635002
27	52.6144061088562	0.04627615871635002
28	54.61404085159302	0.04627615871635002
29	56.38329291343689	0.04627615871635002
30	58.410893201828	0.04627615871635002
31	60.06148433685303	0.04627615871635002
32	62.05115294456482	0.04627615871635002
33	64.15249419212341	0.04627615871635002
34	66.03252482414246	0.04627615871635002
35	67.89551496505737	0.04627615871635002
36	69.87922644615173	0.04627615871635002
37	71.7861499786377	0.04627615871635002
38	73.65810203552246	0.04627615871635002
39	75.51710081100464	0.04627615871635002
40	77.37215113639832	0.04627615871635002
41	79.31994247436523	0.04627615871635002
42	81.27967715263367	0.04627615871635002
43	83.26041269302368	0.04627615871635002
44	85.05461120605469	0.04627615871635002
45	86.70162534713745	0.04627615871635002
46	88.39408445358276	0.04627615871635002
47	90.10548758506775	0.04627615871635002
48	92.09713649749756	0.04627615871635002
49	93.8873999118805	0.04627615871635002
50	95.74341154098511	0.04627615871635002
51	97.59948801994324	0.04627615871635002
52	99.70085334777832	0.04627615871635002
53	101.57785820960999	0.04627615871635002
54	103.51135349273682	0.04627615871635002
55	105.63173341751099	0.04627615871635002
56	107.35614013671875	0.04627615871635002
57	109.16926217079163	0.04627615871635002
58	110.92955112457275	0.04627615871635002
59	112.63898515701294	0.04627615871635002
60	114.4730715751648	0.04627615871635002
61	116.28816509246826	0.04627615871635002
62	118.12133193016052	0.04627615871635002
63	119.81677532196045	0.04627615871635002
64	121.76456618309021	0.04627615871635002
65	123.73029208183289	0.04627615871635002
66	125.69106912612915	0.04627615871635002
67	127.58800530433655	0.04627615871635002
68	129.4859414100647	0.04627615871635002
69	131.32299160957336	0.04627615871635002
70	133.32069993019104	0.04627615871635002
71	135.15897178649902	0.04627615871635002
72	137.0804967880249	0.04627615871635002
73	138.75602006912231	0.04627615871635002
74	140.60311222076416	0.04627615871635002
75	142.47211360931396	0.04627615871635002
76	144.35908341407776	0.04627615871635002
77	146.18318939208984	0.04627615871635002
78	148.03025245666504	0.04627615871635002
79	150.073748588562	0.04627615871635002
80	151.7523136138916	0.04627615871635002
81	153.72600722312927	0.04627615871635002
82	155.6857407093048	0.04627615871635002
83	157.49394369125366	0.04627615871635002
84	159.20034289360046	0.04627615871635002
85	160.86531448364258	0.04627615871635002
86	162.55483675003052	0.04627615871635002
87	164.52157759666443	0.04627615871635002
88	166.26972079277039	0.04627615871635002
89	168.00514388084412	0.04627615871635002
90	170.07119917869568	0.04627615871635002
91	172.00665283203125	0.04627615871635002
92	173.86362290382385	0.04627615871635002
93	175.98794651031494	0.04627615871635002
94	177.96866178512573	0.04627615871635002
95	180.11988425254822	0.04627615871635002
96	181.89815592765808	0.04627615871635002
97	183.7736942768097	0.04627615871635002
98	185.5808708667755	0.04627615871635002
99	187.38303589820862	0.04627615871635002
0	2.9939026832580566	0.02097657511910831
1	4.999406814575195	0.022444604697185705
2	7.14331579208374	0.026170798898071463
3	9.128934144973755	0.027630879431433344
4	10.849112033843994	0.029041357925769767
5	12.641561031341553	0.03198822778273776
6	14.375766515731812	0.03447214527546908
7	16.32354998588562	0.03582666249500768
8	18.489105701446533	0.03874682356173142
9	20.416898727416992	0.041450770612190685
10	22.376872539520264	0.0424771512658692
11	24.302355766296387	0.04533117628055904
12	26.455646753311157	0.05097881357010018
13	28.35063648223877	0.05364524112950186
14	30.173004865646362	0.05831037649219436
15	31.98721480369568	0.05926966720847316
16	33.877477169036865	0.060354870793047216
17	35.82702946662903	0.06429378143052251
18	37.90075707435608	0.06816750990133019
19	40.04613280296326	0.07025524700543605
20	42.06707239151001	0.0747620373973941
21	44.14021444320679	0.08140139750565371
22	46.1608784198761	0.08170346120484671
23	48.36025333404541	0.0864073879057514
24	50.41042733192444	0.08964296706679031
25	52.2020046710968	0.09004169114972473
26	53.99199604988098	0.09306741553027126
27	55.91751217842102	0.09752396795962665
28	57.83641314506531	0.09770902172060576
29	59.90380144119263	0.10135381770360376
30	61.78774619102478	0.10202217338329175
31	63.77465891838074	0.1041340755833328
32	65.62014842033386	0.10529813369148575
33	67.74755215644836	0.107102884803716
34	69.73498487472534	0.11532442277216932
35	71.79219269752502	0.11968908424461219
36	73.62503409385681	0.119956490108845
37	75.5103497505188	0.12230114033815916
38	77.46504521369934	0.12289795461540659
39	79.29776549339294	0.12548616357480674
40	81.21072149276733	0.1273866211854134
41	83.29113984107971	0.12899105637081082
42	85.46845936775208	0.13168896214728634
43	87.42091798782349	0.13441262282864036
44	89.34279108047485	0.13655027993356023
45	91.2751476764679	0.1390675834140973
46	92.98970603942871	0.1425588038531897
47	94.88007640838623	0.14434066171663895
48	96.70401787757874	0.1459851600874028
49	98.78945279121399	0.1506903586354623
50	100.8490719795227	0.15207094872166807
51	102.88512849807739	0.15556789247295635
52	104.70696759223938	0.15725722345591625
53	106.56724834442139	0.15813861353398212
54	108.36744666099548	0.15813861353398212
55	110.35620355606079	0.1634056505625401
56	112.28164792060852	0.16488099326175581
57	114.0337462425232	0.16665712781301006
58	116.17231869697571	0.17112671667569884
59	118.1762580871582	0.17395053532046936
60	120.04425764083862	0.17637467599693943
61	121.92646670341492	0.18144934614337963
62	123.80041170120239	0.18318064808243792
63	125.72743654251099	0.18494724378003344
64	127.54364585876465	0.18577839589549672
65	129.57579159736633	0.18681654113535445
66	131.7173674106598	0.18771828076789226
67	133.612854719162	0.18823814829229263
68	135.57614016532898	0.19007374169801947
69	137.4235234260559	0.19303873537693914
70	139.31821274757385	0.194393888520055
71	141.08166813850403	0.194393888520055
72	142.864319562912	0.19501486789323808
73	144.76490664482117	0.19719831149571967
74	146.7759268283844	0.19977380198357514
75	148.98589253425598	0.19977380198357514
76	151.07650113105774	0.20144214748848616
77	152.85361218452454	0.20505355748367865
78	154.7490313053131	0.20505355748367865
79	156.78320956230164	0.20505355748367865
80	158.8128764629364	0.20505355748367865
81	160.75989317893982	0.20505355748367865
82	162.74137210845947	0.20505355748367865
83	164.45310306549072	0.20592350093735412
84	166.27896761894226	0.20651300209346313
85	167.95308566093445	0.20744590198128618
86	169.83858466148376	0.20758516924470358
87	171.67760753631592	0.20771585153982777
88	173.5422055721283	0.20780456287885427
89	175.6224229335785	0.21133584650331355
90	177.6711027622223	0.21169450740088158
91	179.54788613319397	0.21183282077893312
92	181.46290230751038	0.21183282077893312
93	183.48692893981934	0.21183282077893312
94	185.62577772140503	0.2205131776083708
95	187.50295209884644	0.2205131776083708
96	189.52519941329956	0.22121301150513242
97	191.6719696521759	0.2223169748352355
98	193.65042996406555	0.22332141612549897
99	195.81441473960876	0.22332141612549897
0	3.4836838245391846	0.024125350711852758
1	6.285192251205444	0.02823150925014423
2	9.185437679290771	0.03252621912908969
3	12.215334415435791	0.03560981255516605
4	14.84630012512207	0.040984002706490386
5	17.518155574798584	0.04927771800096112
6	20.554086208343506	0.055458577210024784
7	23.500157117843628	0.06096440354184028
8	26.314632177352905	0.06546578858339148
9	29.22688126564026	0.07293280322743972
10	32.511098861694336	0.07880555746332679
11	35.49308800697327	0.08524205795044434
12	38.929425954818726	0.08881912807246528
13	41.932395696640015	0.09908325257103946
14	44.77540636062622	0.10391531787275972
15	47.58489513397217	0.10856646291675293
16	50.49216675758362	0.11467896034126221
17	53.549010038375854	0.12130909955765196
18	56.445212841033936	0.12951028797163378
19	59.53993535041809	0.13765583307260573
20	62.379310607910156	0.14641917792887446
21	65.02827954292297	0.15257460019484845
22	68.01224732398987	0.15872493507220367
23	70.79181456565857	0.1632492133625359
24	73.51353859901428	0.1678558437561217
25	76.77182698249817	0.17346468970745066
26	79.45166039466858	0.18156889977590135
27	82.23222517967224	0.18813735440529772
28	85.4805371761322	0.19579323835178836
29	88.24913358688354	0.20109684098603847
30	91.29000329971313	0.2075107661861637
31	94.15234899520874	0.2090980314349752
32	97.42015719413757	0.20989547960084445
33	100.31343269348145	0.21319210742529915
34	103.17676496505737	0.216396208369264
35	106.32035851478577	0.21796821145222145
36	109.53575849533081	0.21895071337906996
37	112.53379535675049	0.2211570502303325
38	115.47839260101318	0.22315162453037146
39	118.38561654090881	0.22520247806699664
40	121.11631941795349	0.22942882616138796
41	124.080393075943	0.2311947859354063
42	127.0115532875061	0.2342923696801821
43	130.09031987190247	0.2360405235940377
44	133.17113637924194	0.23761348056236134
45	136.2129476070404	0.2384093389192877
46	139.1680462360382	0.24059628010144424
47	141.8768012523651	0.24059628010144424
48	144.9376163482666	0.24178863680878487
49	147.59052228927612	0.24290245695433502
50	150.3631091117859	0.24381564321126356
51	153.09280848503113	0.2442359886958246
52	156.04242992401123	0.246676027461726
53	159.19499826431274	0.2484140065983456
54	162.03739833831787	0.24985564534796703
55	164.8369119167328	0.25001017477723836
56	167.85783410072327	0.2505863215382252
57	170.56359815597534	0.2514171556919001
58	173.5735490322113	0.25167184308458795
59	176.4000105857849	0.25304543801144425
60	179.3271815776825	0.25304543801144425
61	182.25036597251892	0.25304543801144425
62	185.26231169700623	0.2530562487122575
63	188.41089177131653	0.25391283777081114
64	191.39790415763855	0.255874662006622
65	194.3450231552124	0.2566625713188324
66	197.41281986236572	0.2587779710985488
67	200.39783716201782	0.25957064983758865
68	203.05373334884644	0.25957064983758865
69	206.17139840126038	0.2619413729335698
70	209.2681176662445	0.2619413729335698
71	212.27810525894165	0.2624736409677262
72	215.12046575546265	0.26460271310435307
73	218.0272397994995	0.2656532588539667
74	220.89752674102783	0.2656532588539667
75	223.6197555065155	0.26644498370764075
76	226.35344529151917	0.26698997021334253
77	229.20282435417175	0.26698997021334253
78	231.7659718990326	0.26725960181009567
79	234.78143906593323	0.26832668157271805
80	237.46825408935547	0.2688602214540296
81	240.46723437309265	0.26966339293209396
82	243.00894713401794	0.2704017002052794
83	246.01790046691895	0.2710001042914699
84	248.99892854690552	0.2710001042914699
85	252.21931552886963	0.2710001042914699
86	255.26517057418823	0.2710001042914699
87	258.1005892753601	0.2719132905483988
88	261.173433303833	0.2721969124638514
89	263.92511343955994	0.2721969124638514
90	266.7585549354553	0.2721969124638514
91	269.53613924980164	0.2721969124638514
92	272.38153052330017	0.2721969124638514
93	275.2907507419586	0.2721969124638514
94	278.4812412261963	0.2721969124638514
95	281.6048903465271	0.2721969124638514
96	284.4423542022705	0.2721969124638514
97	287.4781835079193	0.2721969124638514
98	290.5310184955597	0.27251614609962993
99	293.5619134902954	0.2727953165500419
0	3.374035120010376	0.02553519328261191
1	6.401876926422119	0.033928430616921634
2	9.095673084259033	0.04035571021216908
3	12.211341857910156	0.04732034523019125
4	15.204365968704224	0.05384810075064394
5	18.379907369613647	0.05865568299464013
6	21.53550910949707	0.06232369018820774
7	24.33502984046936	0.06545434195900085
8	27.3459632396698	0.06694621867122523
9	30.43565559387207	0.0712062707152107
10	33.4147572517395	0.07538238084699955
11	36.25312352180481	0.07901859186170487
12	39.01773023605347	0.08731262511796459
13	41.89905071258545	0.09049287892778266
14	44.912967681884766	0.09668709253196853
15	47.8202166557312	0.09765369636938571
16	50.783241987228394	0.10162949057434113
17	54.02939534187317	0.10245364753045468
18	56.82102060317993	0.10937885528668746
19	59.53679871559143	0.11171778220380607
20	62.50981140136719	0.11320584337456688
21	65.42601203918457	0.11723505516001113
22	68.38809156417847	0.12526581605528983
23	71.43394660949707	0.12647057327238637
24	74.44589066505432	0.13152235017004638
25	77.40999102592468	0.13392804906277644
26	80.44788646697998	0.14029618776533995
27	83.20750713348389	0.14254195187839208
28	86.58447861671448	0.1484000798720022
29	89.48372554779053	0.15087064296961206
30	92.32512712478638	0.15144011253303746
31	94.90622639656067	0.1561255974502024
32	97.75560665130615	0.15664260331850519
33	100.90318965911865	0.1610145779120867
34	103.66979122161865	0.16268196953163117
35	106.77349162101746	0.16659925876747964
36	109.92207193374634	0.16808223254962243
37	112.97144770622253	0.1693833321886723
38	115.99436378479004	0.1716510356651395
39	119.19380950927734	0.17704939091240032
40	121.80682063102722	0.17903538024414628
41	124.68612122535706	0.18823592255977337
42	127.76788091659546	0.18987914908338266
43	130.67809867858887	0.1949080327322613
44	133.52747988700867	0.19658051174042387
45	136.58031463623047	0.19846920476485114
46	139.2013599872589	0.2002599655583819
47	142.3528778553009	0.20759057459511043
48	145.30797672271729	0.2109151830569638
49	148.08953833580017	0.21235237034154464
50	150.97034358978271	0.21618762543592862
51	153.89051055908203	0.21621497014975016
52	156.8974883556366	0.21621497014975016
53	160.08097505569458	0.22309057586695788
54	162.66108059883118	0.22309057586695788
55	165.76677560806274	0.22309057586695788
56	168.75182247161865	0.22309057586695788
57	171.79399156570435	0.2260326762970967
58	174.6682960987091	0.2260326762970967
59	177.5666434764862	0.22702217338329467
60	180.53697633743286	0.2285254967199092
61	183.54393672943115	0.22941451788090234
62	186.43124198913574	0.22997667432318994
63	189.34048438072205	0.2305388307654774
64	192.64563965797424	0.23138747077931487
65	195.64983892440796	0.23286122366958778
66	198.7196764945984	0.23427678955254203
67	201.98969841003418	0.23427678955254203
68	204.6915557384491	0.23427678955254203
69	207.65314507484436	0.23910058784775817
70	210.8087055683136	0.23910058784775817
71	213.55137300491333	0.23910058784775817
72	216.6251528263092	0.24182869999415296
73	219.19029355049133	0.24432597188200664
74	222.0032618045807	0.24432597188200664
75	224.69207453727722	0.24578032910317327
76	227.72296810150146	0.2462019464348889
77	230.53312301635742	0.24623660426984856
78	233.5605444908142	0.2497329120975594
79	236.37601613998413	0.2497329120975594
80	239.18154907226562	0.2497329120975594
81	242.3061933517456	0.25304543801144547
82	245.12664985656738	0.255553202638324
83	248.16157984733582	0.25582919347084976
84	251.0338532924652	0.25723235884404794
85	253.91415214538574	0.25991118691320636
86	256.7076823711395	0.2613696776376251
87	259.93704628944397	0.2613696776376251
88	262.61344289779663	0.2613696776376251
89	265.52565598487854	0.2613696776376251
90	268.82283782958984	0.26265328937830057
91	271.3939619064331	0.26348921092059313
92	274.3759877681732	0.26361321601815657
93	277.2994124889374	0.2650688450864773
94	280.59777569770813	0.268286618387353
95	283.25868797302246	0.26903923394102613
96	286.4172339439392	0.2697489246532352
97	289.5248773097992	0.2697489246532352
98	292.6629385948181	0.2697489246532352
99	295.7586669921875	0.2704319065751998
0	3.252312660217285	0.02476795148666184
1	6.303144216537476	0.028810835629017408
2	9.390910625457764	0.02918475869243932
3	12.004919528961182	0.029443261626590708
4	14.940072059631348	0.029443261626590708
5	17.91212296485901	0.029443261626590708
6	20.985200881958008	0.029443261626590708
7	24.260443210601807	0.029443261626590708
8	27.173714876174927	0.029443261626590708
9	30.357182264328003	0.029443261626590708
10	33.12575316429138	0.029443261626590708
11	36.03003978729248	0.029443261626590708
12	39.00012826919556	0.029443261626590708
13	41.88739275932312	0.029443261626590708
14	45.044774770736694	0.029443261626590708
15	48.1824049949646	0.029443261626590708
16	51.280120849609375	0.029443261626590708
17	54.114542961120605	0.029443261626590708
18	57.166884899139404	0.029443261626590708
19	60.15489315986633	0.029443261626590708
20	63.100056171417236	0.029443261626590708
21	66.01821494102478	0.029443261626590708
22	69.31691026687622	0.029443261626590708
23	72.1603000164032	0.029443261626590708
24	74.94319534301758	0.029565358953422365
25	77.78457045555115	0.039425354018655594
26	80.51233696937561	0.04832351467330044
27	83.8284592628479	0.05207514581727618
28	86.7595865726471	0.05404301132707065
29	89.48990058898926	0.055569227912466365
30	92.4529345035553	0.055569227912466365
31	95.28134322166443	0.055569227912466365
32	98.16264033317566	0.055569227912466365
33	101.37109899520874	0.055569227912466365
34	104.19255924224854	0.055569227912466365
35	107.16459369659424	0.055569227912466365
36	110.38082599639893	0.055569227912466365
37	113.48943567276001	0.055569227912466365
38	116.51933407783508	0.055569227912466365
39	119.79862546920776	0.055569227912466365
40	122.73872947692871	0.055569227912466365
41	125.58010387420654	0.055569227912466365
42	129.08862042427063	0.055569227912466365
43	131.97390270233154	0.055569227912466365
44	134.71356773376465	0.055569227912466365
45	137.79594087600708	0.055569227912466365
46	140.56852912902832	0.055569227912466365
47	143.6772153377533	0.055569227912466365
48	146.19049668312073	0.055569227912466365
49	148.94024443626404	0.055569227912466365
50	151.85143446922302	0.055569227912466365
51	154.81548833847046	0.055569227912466365
52	157.79853105545044	0.055569227912466365
53	160.49534440040588	0.055569227912466365
54	163.69188451766968	0.055569227912466365
55	166.62700963020325	0.055569227912466365
56	169.58118438720703	0.055569227912466365
57	172.64133620262146	0.055569227912466365
58	175.62581276893616	0.055569227912466365
59	178.4585475921631	0.055569227912466365
60	181.34283709526062	0.055569227912466365
61	184.40863800048828	0.055569227912466365
62	187.5971121788025	0.055569227912466365
63	190.91179513931274	0.055569227912466365
64	193.80804920196533	0.055569227912466365
65	196.93635845184326	0.055569227912466365
66	200.05704402923584	0.055569227912466365
67	203.13780212402344	0.055569227912466365
68	206.41636657714844	0.055569227912466365
69	209.3993911743164	0.055569227912466365
70	212.46818494796753	0.055569227912466365
71	215.129079580307	0.055569227912466365
72	218.0392870903015	0.055569227912466365
73	220.83404517173767	0.055569227912466365
74	223.76825189590454	0.055569227912466365
75	226.76721596717834	0.055569227912466365
76	229.73424673080444	0.055569227912466365
77	232.60861587524414	0.055569227912466365
78	235.5826437473297	0.055569227912466365
79	238.54571962356567	0.055569227912466365
80	241.46691513061523	0.055569227912466365
81	244.1928813457489	0.055569227912466365
82	247.38963341712952	0.055569227912466365
83	250.43972778320312	0.055569227912466365
84	253.36196398735046	0.055569227912466365
85	256.1205885410309	0.055569227912466365
86	259.1614508628845	0.055569227912466365
87	262.3179757595062	0.055569227912466365
88	265.3473844528198	0.055569227912466365
89	268.0332033634186	0.055569227912466365
90	271.04116106033325	0.055569227912466365
91	273.96246099472046	0.055569227912466365
92	276.99832224845886	0.055569227912466365
93	279.89657187461853	0.055569227912466365
94	282.85568380355835	0.055569227912466365
95	285.72895073890686	0.055569227912466365
96	288.45565819740295	0.055569227912466365
97	291.3363616466522	0.055569227912466365
98	294.4561598300934	0.055569227912466365
99	297.18784856796265	0.055569227912466365
