0	0.5604557991027832	0.012196855230725766
1	1.0461556911468506	0.012731348997402862
2	1.519932508468628	0.01418586519946377
3	1.9782512187957764	0.015105410692164627
4	2.404111385345459	0.015793321021852845
5	2.8938138484954834	0.016538305492599093
6	3.3518288135528564	0.01777167927067194
7	3.8206400871276855	0.01837739647800082
8	4.285457372665405	0.018676916482884724
9	4.738246202468872	0.019326512417043744
10	5.178043603897095	0.020618073202434795
11	5.642848968505859	0.021785628890262452
12	6.0706565380096436	0.02236288851750949
13	6.568325757980347	0.02255589132320431
14	7.017125606536865	0.023133150950451348
15	7.462933301925659	0.023800234782984684
16	7.911733388900757	0.024862386137883448
17	8.35754132270813	0.0259717548183929
18	8.806386709213257	0.026369207054173012
19	9.2323317527771	0.026571430751737946
20	9.689110040664673	0.027595744653790444
21	10.122950077056885	0.028316881990389894
22	10.583718061447144	0.029148034105853277
23	10.996431827545166	0.029498110035128405
24	11.460238933563232	0.030950400504668917
25	11.900062561035156	0.03124642292987794
26	12.340838193893433	0.03124642292987794
27	12.79167890548706	0.031634177331105025
28	13.22846531867981	0.03193576408761497
29	13.653373956680298	0.03214180332664339
30	14.097141981124878	0.03263496206079935
31	14.554917573928833	0.033062620666498746
32	14.980778932571411	0.033445923602685085
33	15.410629272460938	0.034285660686441316
34	15.867454051971436	0.0351274645218236
35	16.30726981163025	0.035428892297439236
36	16.73907971382141	0.035483740705976895
37	17.153008222579956	0.036284050527943736
38	17.587058305740356	0.03734381716942782
39	18.054449558258057	0.037809631189762105
40	18.492308855056763	0.03823887960440462
41	18.921180248260498	0.038748254389780426
42	19.37392282485962	0.039223289301984834
43	19.82750701904297	0.03939737338125652
44	20.25436496734619	0.03949466968857549
45	20.672247886657715	0.040191482948345195
46	21.1479754447937	0.0402444235861511
47	21.61472749710083	0.0408344016849431
48	22.05557608604431	0.04125601901665866
49	22.479416131973267	0.042104341068707724
50	22.932204484939575	0.04254360527969189
51	23.357095956802368	0.04299558796222104
52	23.791906356811523	0.0432881128077552
53	24.227740049362183	0.04378079459922824
54	24.68751072883606	0.04491846187892525
55	25.121350288391113	0.04527330723502973
56	25.541266202926636	0.045307488127306825
57	25.992023706436157	0.04658633044115291
58	26.46874737739563	0.0469717001289653
59	26.928517818450928	0.0477915646009325
60	27.36235761642456	0.04824004970378677
61	27.833098649978638	0.04870029939282016
62	28.242051601409912	0.04969933533267708
63	28.688810348510742	0.05083255114733334
64	29.121652841567993	0.051466407972955444
65	29.55250096321106	0.05166338530100807
66	29.989352464675903	0.052229357284758936
67	30.442121505737305	0.0527621022615986
68	30.89491105079651	0.05316368800063084
69	31.364655017852783	0.05329198558234066
70	31.820448875427246	0.05332378176120307
71	32.29117703437805	0.054763353759198684
72	32.75194525718689	0.05490278000351035
73	33.20174241065979	0.05543822765555332
74	33.70340180397034	0.05556429950474278
75	34.16893982887268	0.05584362893604903
76	34.63170409202576	0.056102449831989046
77	35.13635468482971	0.056325023084025906
78	35.57617902755737	0.05670133086086252
79	36.02797031402588	0.05707922844664225
80	36.447847843170166	0.057109116854772914
81	36.90362858772278	0.05751038463201652
82	37.35927367210388	0.05769257673689813
83	37.80113959312439	0.05795107967104951
84	38.21498680114746	0.05804297062796187
85	38.702719926834106	0.05843374566618087
86	39.15551733970642	0.05891688860399518
87	39.601279497146606	0.058983660579606245
88	40.04708814620972	0.059398918675549306
89	40.50413966178894	0.0597815856881584
90	40.92550754547119	0.0597815856881584
91	41.34139680862427	0.05978699103856501
92	41.771247148513794	0.0598515372816557
93	42.2130663394928	0.060191120471906216
94	42.63992428779602	0.060274108498737114
95	43.08899140357971	0.06067823793207833
96	43.53081011772156	0.06067823793207833
97	43.96365237236023	0.06119619768574697
98	44.43339657783508	0.06166757603738218
99	44.88818025588989	0.061984265978851774
0	0.5685257911682129	0.007075126739568939
1	1.0382237434387207	0.009213737729854577
2	1.4600954055786133	0.010315793289225671
3	1.888948678970337	0.01222547179170195
4	2.3403303623199463	0.013296208114893569
5	2.802095651626587	0.015262801777533554
6	3.2758302688598633	0.016279166634870477
7	3.750605344772339	0.017984713669050103
8	4.205384254455566	0.019255288976391966
9	4.6511969566345215	0.020189142749580915
10	5.107976675033569	0.02179739347644157
11	5.569736003875732	0.022283239089459176
12	6.020534992218018	0.02299992496101789
13	6.442375421524048	0.023945066377703005
14	6.914126634597778	0.02475904855658068
15	7.366927146911621	0.025631853666353798
16	7.838627815246582	0.026402116099295655
17	8.274463415145874	0.027424681211510735
18	8.715283393859863	0.02862784861966428
19	9.1764976978302	0.02968872812740855
20	9.625573873519897	0.03035771973067365
21	10.058416843414307	0.030972975791661254
22	10.508215427398682	0.03231556944412646
23	10.939062356948853	0.03331444640308903
24	11.385866403579712	0.0337392433526908
25	11.823695659637451	0.0347819990384835
26	12.274538278579712	0.035554964146628655
27	12.707332849502563	0.03593461052224583
28	13.14316725730896	0.0366166385588445
29	13.59894847869873	0.03707498047714613
30	14.029796123504639	0.03804937437838465
31	14.458649396896362	0.03881057490035072
32	14.881518602371216	0.040761747416242486
33	15.330318689346313	0.041244413411373824
34	15.773134231567383	0.042067298520333
35	16.22093677520752	0.042730566811402845
36	16.660760641098022	0.04370607357890157
37	17.096595287322998	0.044993818822829136
38	17.555358409881592	0.04586121858219566
39	18.006200551986694	0.047252619369214675
40	18.469955444335938	0.048360239259886674
41	18.899791955947876	0.04947119774933925
42	19.333651542663574	0.04980410374202867
43	19.792417287826538	0.050534302989603916
44	20.225266456604004	0.051398682111978525
45	20.64808988571167	0.052273077030694774
46	21.117833852767944	0.05300884060957094
47	21.528153896331787	0.05347529055348248
48	21.981940507888794	0.05407099196446972
49	22.439716815948486	0.0544892706974047
50	22.897492170333862	0.054922970577087955
51	23.347289323806763	0.05579800141938143
52	23.787113189697266	0.05665713417224374
53	24.254862546920776	0.0574207194076245
54	24.697679042816162	0.057805453171859644
55	25.143486261367798	0.057924688842593684
56	25.590291261672974	0.05867666847268964
57	26.032110691070557	0.059442320459696454
58	26.480948209762573	0.0601397696430434
59	26.921730756759644	0.06142465323087335
60	27.358562469482422	0.061999051202022794
61	27.79342269897461	0.06247790165569067
62	28.236215829849243	0.06356231033579311
63	28.670055627822876	0.06367868435042955
64	29.13979959487915	0.06411922040856824
65	29.588601112365723	0.06459997863296786
66	30.054353952407837	0.06498964080492667
67	30.48636794090271	0.06587421050087888
68	30.920255184173584	0.06674288210739986
69	31.335140466690063	0.06815908391393156
70	31.77296757698059	0.06879119194971624
71	32.23269987106323	0.06957846533834947
72	32.691513538360596	0.07074188752292505
73	33.11539077758789	0.0712045219253731
74	33.566814661026	0.07159148142212864
75	33.99965763092041	0.07197557926278654
76	34.43349814414978	0.07255744933596862
77	34.88528919219971	0.07307938361199505
78	35.31414246559143	0.0739223003136375
79	35.76892614364624	0.07431816274047451
80	36.21872329711914	0.07554326951204315
81	36.63361382484436	0.07593531639741666
82	37.056482791900635	0.07671209704702528
83	37.471373558044434	0.0772920593494756
84	37.907230615615845	0.07775501171371227
85	38.347803831100464	0.07816486445924874
86	38.79460906982422	0.07864307898933934
87	39.283302307128906	0.07880142396007413
88	39.750054359436035	0.07925547339422932
89	40.1938681602478	0.08011873965034372
90	40.631696701049805	0.08043447570644745
91	41.058555126190186	0.08133732820524557
92	41.52829909324646	0.08246132312803171
93	41.98108911514282	0.08329724467032443
94	42.46280121803284	0.08344748161544929
95	42.91658639907837	0.08438133538863825
96	43.33147692680359	0.08483411297563893
97	43.778282165527344	0.08523283705857353
98	44.2511887550354	0.08553935222280713
99	44.71399998664856	0.08685857568380846
0	0.576420783996582	0.009846481689216499
1	1.0601258277893066	0.009846481689216499
2	1.5329148769378662	0.009846481689216499
3	2.014620304107666	0.009846481689216499
4	2.4863579273223877	0.009846481689216499
5	2.960045337677002	0.009846481689216499
6	3.418550729751587	0.009846481689216499
7	3.8907570838928223	0.010868092916065707
8	4.357556581497192	0.010868092916065707
9	4.832241058349609	0.010868092916065707
10	5.299990177154541	0.010868092916065707
11	5.784694194793701	0.010868092916065707
12	6.262455224990845	0.010868092916065707
13	6.751110076904297	0.010868092916065707
14	7.236825466156006	0.010868092916065707
15	7.715545415878296	0.010868092916065707
16	8.193305730819702	0.010868092916065707
17	8.671988010406494	0.010868092916065707
18	9.150753498077393	0.010868092916065707
19	9.642393112182617	0.010868092916065707
20	10.123127460479736	0.010868092916065707
21	10.594891548156738	0.010868092916065707
22	11.065632581710815	0.010868092916065707
23	11.543321132659912	0.010868092916065707
24	12.003105640411377	0.010868092916065707
25	12.482835292816162	0.010868092916065707
26	12.991482257843018	0.010868092916065707
27	13.47319507598877	0.010868092916065707
28	13.933951616287231	0.010868092916065707
29	14.402702808380127	0.010868092916065707
30	14.881429672241211	0.010868092916065707
31	15.359143495559692	0.010868092916065707
32	15.858871221542358	0.010868092916065707
33	16.333601713180542	0.010868092916065707
34	16.803345441818237	0.010868092916065707
35	17.321958780288696	0.010868092916065707
36	17.796690225601196	0.010868092916065707
37	18.279399156570435	0.011343127828270093
38	18.740167379379272	0.013028484288872075
39	19.235840559005737	0.013028484288872075
40	19.715559720993042	0.013028484288872075
41	20.203253746032715	0.013028484288872075
42	20.675894498825073	0.013028484288872075
43	21.158651113510132	0.013028484288872075
44	21.63433313369751	0.013028484288872075
45	22.100823163986206	0.013028484288872075
46	22.594503164291382	0.013028484288872075
47	23.064246654510498	0.013028484288872075
48	23.523019552230835	0.013028484288872075
49	24.002737045288086	0.013028484288872075
50	24.532321214675903	0.013028484288872075
51	25.033979415893555	0.013028484288872075
52	25.52765917778015	0.013028484288872075
53	26.037296533584595	0.013028484288872075
54	26.547947883605957	0.013028484288872075
55	27.021380186080933	0.013028484288872075
56	27.551961421966553	0.013028484288872075
57	28.048633337020874	0.013028484288872075
58	28.5253586769104	0.013028484288872075
59	29.012057065963745	0.013028484288872075
60	29.49277138710022	0.013028484288872075
61	29.9934344291687	0.013028484288872075
62	30.53692364692688	0.013028484288872075
63	31.00969648361206	0.013028484288872075
64	31.482394695281982	0.013028484288872075
65	31.950195789337158	0.013028484288872075
66	32.4518027305603	0.013028484288872075
67	32.96795320510864	0.013028484288872075
68	33.50352120399475	0.013028484288872075
69	34.02770686149597	0.013028484288872075
70	34.522385597229004	0.013028484288872075
71	35.00110602378845	0.013028484288872075
72	35.5027642250061	0.013028484288872075
73	36.029404640197754	0.013028484288872075
74	36.491166830062866	0.013028484288872075
75	36.98083806037903	0.013028484288872075
76	37.47548866271973	0.013028484288872075
77	37.94227933883667	0.013028484288872075
78	38.43298268318176	0.013028484288872075
79	38.91364312171936	0.016661197723902336
80	39.38243627548218	0.016661197723902336
81	39.845189809799194	0.016661197723902336
82	40.34382200241089	0.016661197723902336
83	40.8145649433136	0.016661197723902336
84	41.26935005187988	0.016661197723902336
85	41.76003694534302	0.016661197723902336
86	42.2587034702301	0.016661197723902336
87	42.74743390083313	0.016661197723902336
88	43.23812198638916	0.016661197723902336
89	43.71379494667053	0.016661197723902336
90	44.2034854888916	0.016661197723902336
91	44.6772186756134	0.016661197723902336
92	45.18386387825012	0.016661197723902336
93	45.675594091415405	0.016661197723902336
94	46.18119668960571	0.016661197723902336
95	46.650972843170166	0.016661197723902336
96	47.16060996055603	0.016661197723902336
97	47.656925439834595	0.016661197723902336
98	48.141194105148315	0.016661197723902336
99	48.63786602020264	0.016661197723902336
