0	1.3972644805908203	0.01477441247020687
1	2.3716588020324707	0.018033838765392263
2	3.367995500564575	0.021544772835379433
3	4.392255544662476	0.024490529826087307
4	5.332777738571167	0.026680173683447102
5	6.317108631134033	0.027553296755008866
6	7.334751844406128	0.02844963103714015
7	8.312180995941162	0.031483304462402564
8	9.445099830627441	0.03275642346405348
9	10.354669094085693	0.034882951906371376
10	11.491689682006836	0.03615607090802228
11	12.47599458694458	0.03688054684340222
12	13.473329544067383	0.03904252802515175
13	14.581364631652832	0.04093932907518878
14	15.694434404373169	0.041083683727224124
15	16.801429271697998	0.04201022437927471
16	17.881601810455322	0.043509732174425886
17	18.89283514022827	0.045547549277717925
18	19.92008876800537	0.04736962930742832
19	20.936370372772217	0.048320335055414325
20	22.13123655319214	0.05008931546642457
21	23.075669288635254	0.0526366663359865
22	24.068042039871216	0.05264874888395427
23	25.149438858032227	0.053756209793731975
24	26.148769855499268	0.0556299586140937
25	27.26481008529663	0.05698256806290057
26	28.18631935119629	0.05870719280439765
27	29.228570222854614	0.0605066975471157
28	30.321643114089966	0.06265707312358047
29	31.280637741088867	0.06638263140088892
30	32.319859981536865	0.06678135548382348
31	33.43890857696533	0.06713667778261088
32	34.52296853065491	0.06993617235055162
33	35.49141716957092	0.07297620501158658
34	36.58744812011719	0.07470559917991311
35	37.64766025543213	0.07610876455311114
36	38.64494752883911	0.08018376283611754
37	39.65757632255554	0.08373301130163396
38	40.73472189903259	0.08633028217200978
39	41.78319692611694	0.08633028217200978
40	42.87827157974243	0.08905457877694099
41	43.83849358558655	0.09110845295055847
42	44.75708270072937	0.0941993594977732
43	45.87011432647705	0.09668518476123635
44	46.863524436950684	0.09968833385479085
45	47.87681770324707	0.1022250330044339
46	48.98086428642273	0.10680654441671843
47	49.94129729270935	0.10925357834196946
48	50.946646213531494	0.10930095464847443
49	51.94095420837402	0.11284877228594203
50	53.05497193336487	0.11351315344327212
51	54.065271615982056	0.1146144140981716
52	55.10849738121033	0.1146144140981716
53	56.20654535293579	0.1146983560103683
54	57.310631275177	0.1146983560103683
55	58.21816611289978	0.1149613104095604
56	59.15765380859375	0.11566813946567171
57	60.21586990356445	0.11844235607141686
58	61.268011808395386	0.11890626232101939
59	62.21052956581116	0.12026618489096462
60	63.25070834159851	0.12086331713000058
61	64.28195095062256	0.12321273678614397
62	65.28127837181091	0.12443784355771258
63	66.32947564125061	0.12579299670082839
64	67.38764595985413	0.13032776773018534
65	68.433030128479	0.13108324493995616
66	69.47623705863953	0.13146098354484162
67	70.49675250053406	0.13195636801151786
68	71.51503109931946	0.13357256778309398
69	72.46253705024719	0.13429879250831128
70	73.5146837234497	0.13429879250831128
71	74.6077995300293	0.13782880428561595
72	75.56619763374329	0.14066565936372027
73	76.6154305934906	0.1425400441076595
74	77.70048999786377	0.14310792386214213
75	78.70322585105896	0.1445123610824948
76	79.68863773345947	0.1446160166255862
77	80.81059050559998	0.14558770785162153
78	81.90267062187195	0.147409310938649
79	83.00771594047546	0.15051230003383165
80	84.0120906829834	0.15051230003383165
81	85.07238364219666	0.15204519381678855
82	86.09564852714539	0.1531003500123378
83	87.11097192764282	0.15656009223435677
84	88.11425232887268	0.15844035927138553
85	89.13058042526245	0.16005878477548213
86	90.08897113800049	0.1611080586779416
87	91.22757267951965	0.16364984521620257
88	92.29471969604492	0.16853977956345256
89	93.36398267745972	0.16984278697323416
90	94.35730051994324	0.16984278697323416
91	95.40549635887146	0.1703523207395043
92	96.44673085212708	0.1710019166736632
93	97.53081440925598	0.1710019166736632
94	98.50424838066101	0.17107536584683541
95	99.52747464179993	0.17200015770904853
96	100.45787525177002	0.1764020207107606
97	101.51311540603638	0.17734970582175474
98	102.54533457756042	0.17769835092298109
99	103.51573944091797	0.178512492082753
0	1.457118272781372	0.020178014086979175
1	2.6389875411987305	0.023337600380536706
2	3.8427231311798096	0.02610831940660702
3	5.011634588241577	0.029738171185539588
4	6.0218963623046875	0.034508869862055376
5	7.022258520126343	0.03823824368082728
6	7.925841331481934	0.04018210307558066
7	8.892220973968506	0.0413175446227573
8	9.942449569702148	0.04450415766834789
9	10.985674619674683	0.04564532252771977
10	12.014916896820068	0.04674197273668422
11	13.000271797180176	0.04923733685380602
12	13.990585565567017	0.05009964922455453
13	15.105642080307007	0.05134319777986339
14	16.058109521865845	0.05517877083603601
15	17.10725212097168	0.06111034800281841
16	18.172404050827026	0.06408281378377087
17	19.302436351776123	0.06709550173098415
18	20.27677607536316	0.06777609893953411
19	21.272387266159058	0.07165078129570723
20	22.537051916122437	0.07503930007707418
21	23.63211488723755	0.07793004967835011
22	24.58358144760132	0.07881954778202595
23	25.59582543373108	0.082239703761361
24	26.5443274974823	0.08849909953221492
25	27.573583126068115	0.08953263432613749
26	28.592857837677002	0.09339396228718848
27	29.642051935195923	0.09579902525634115
28	30.700222730636597	0.09707913941734168
29	31.773366451263428	0.09843365663688032
30	32.8434898853302	0.10105493362229728
31	33.825862884521484	0.10259704829712402
32	34.93988490104675	0.10259704829712402
33	35.9172248840332	0.104163646029675
34	36.9754478931427	0.1044014814475658
35	38.140324115753174	0.10592388249149802
36	39.227426290512085	0.10616362568012055
37	40.19483256340027	0.11095976129972625
38	41.32545304298401	0.1176145425547343
39	42.419554471969604	0.11977175430965434
40	43.41990637779236	0.11977175430965434
41	44.43118619918823	0.12197459358124203
42	45.501312255859375	0.12326074901622648
43	46.55546855926514	0.12437202546746771
45	48.636017084121704	0.12550396943496947
46	49.584441900253296	0.12659076282848677
47	50.72475337982178	0.12659076282848677
48	51.7310893535614	0.1314026375566294
49	52.745383739471436	0.13197067629200643
50	53.87132692337036	0.13354363326032975
51	54.86082434654236	0.13458018869124433
52	55.88807940483093	0.13484218920507057
53	56.89841890335083	0.13637651381607624
54	58.148038148880005	0.13890939742425573
55	59.27303123474121	0.14121700510519522
56	60.50972366333008	0.1447991626158344
57	61.74342370033264	0.1456490744768267
58	63.00604820251465	0.1472751310638506
59	64.02633357048035	0.1472751310638506
60	65.02864003181458	0.1513965517679963
61	66.16164755821228	0.15196443152247907
62	67.26266503334045	0.15579873273149664
63	68.21016931533813	0.15661716637541515
64	69.26136589050293	0.15749664868274912
65	70.29360055923462	0.16091569179582402
66	71.29193592071533	0.16287179271943916
67	72.34224319458008	0.1652840098288359
68	73.39738154411316	0.16597875633697942
69	74.44660878181458	0.16959891028135893
70	75.47490572929382	0.17067489297406266
71	76.4941337108612	0.17243226777978818
72	77.50149154663086	0.17489615367983644
73	78.44018793106079	0.17489615367983644
74	79.4914038181305	0.17569360184570573
75	80.58949017524719	0.17591999063920613
76	81.54094433784485	0.18109195709296577
77	82.59113574028015	0.18136286053687353
78	83.65725898742676	0.18214933902103525
79	84.65557050704956	0.18543149958410762
80	85.61405205726624	0.18627537017111612
81	86.7240834236145	0.18955753073418843
82	87.80419874191284	0.18955753073418843
83	88.88730382919312	0.18955753073418843
84	89.88666868209839	0.19420645004566084
85	90.93800616264343	0.19420645004566084
86	91.96027541160583	0.19420645004566084
87	92.97061061859131	0.19565985338146166
88	93.96291899681091	0.19819146514248656
89	94.97126865386963	0.19819146514248656
90	95.90677571296692	0.20019939383764762
91	97.05270266532898	0.20019939383764762
92	98.1028950214386	0.2009227569067674
93	99.1670036315918	0.2009227569067674
94	100.14277052879333	0.20272750801899775
95	101.19296336174011	0.20286343668363455
96	102.23389792442322	0.20514703824953276
97	103.32597875595093	0.20668756311541653
98	104.30081057548523	0.20816068008211203
99	105.33105850219727	0.2096856248203533
0	1.3095381259918213	0.020178014086979175
1	2.3397912979125977	0.023337600380536706
2	3.4048960208892822	0.02610831940660702
3	4.475085973739624	0.029738171185539588
4	5.425530672073364	0.034508869862055376
5	6.380991458892822	0.03823824368082728
6	7.252654314041138	0.04018210307558066
7	8.216030359268188	0.0413175446227573
8	9.247948169708252	0.04450415766834789
9	10.234310388565063	0.04564532252771977
10	11.25732159614563	0.04674197273668422
11	12.22872519493103	0.04923733685380602
12	13.204118251800537	0.05009964922455453
13	14.26627802848816	0.05134319777986339
14	15.212557077407837	0.05517877083603601
15	16.248847723007202	0.06111034800281841
16	17.278034448623657	0.06408281378377087
17	18.327228307724	0.06709550173098415
18	19.285691499710083	0.06777609893953411
19	20.251134395599365	0.07165078129570723
20	21.467880725860596	0.07503930007707418
22	23.48643159866333	0.07881954778202595
23	24.462883472442627	0.082239703761361
24	25.427597045898438	0.08849909953221492
25	26.475817680358887	0.08953263432613749
26	27.473124742507935	0.09339396228718848
27	28.54226589202881	0.09579902525634115
28	29.618432998657227	0.09707913941734168
29	30.686532020568848	0.09843365663688032
30	31.75866389274597	0.10105493362229728
31	32.67823123931885	0.10259704829712402
32	33.778324842453	0.10259704829712402
33	34.735745668411255	0.104163646029675
34	35.78294920921326	0.1044014814475658
35	36.90145683288574	0.10592388249149802
36	37.982632637023926	0.10616362568012055
37	38.9576530456543	0.11095976129972625
38	40.025853395462036	0.1176145425547343
39	41.06802177429199	0.11977175430965434
40	42.05636811256409	0.11977175430965434
41	43.061068058013916	0.12197459358124203
42	44.117246866226196	0.12326074901622648
43	45.14552903175354	0.12437202546746771
44	46.22165536880493	0.12486438929715211
45	47.158127307891846	0.12550396943496947
46	48.06070065498352	0.12659076282848677
47	49.1807427406311	0.12659076282848677
48	50.14018249511719	0.1314026375566294
49	51.12849569320679	0.13197067629200643
50	52.232545137405396	0.13354363326032975
51	53.182044506073	0.13458018869124433
52	54.16443109512329	0.13484218920507057
53	55.147785902023315	0.13637651381607624
54	56.23689007759094	0.13890939742425573
55	57.241188526153564	0.14121700510519522
56	58.279375314712524	0.1447991626158344
57	59.350547313690186	0.1456490744768267
58	60.431617975234985	0.1472751310638506
59	61.33819389343262	0.1472751310638506
60	62.25973057746887	0.1513965517679963
61	63.30792784690857	0.15196443152247907
62	64.34420275688171	0.15579873273149664
63	65.2807822227478	0.15661716637541515
64	66.30807328224182	0.15749664868274912
65	67.31573414802551	0.16091569179582402
66	68.33203291893005	0.16287179271943916
67	69.38218808174133	0.1652840098288359
68	70.43833804130554	0.16597875633697942
69	71.48259115219116	0.16959891028135893
70	72.5028784275055	0.17067489297406266
71	73.53112888336182	0.17243226777978818
72	74.59622049331665	0.17489615367983644
73	75.59355401992798	0.17489615367983644
74	76.67271280288696	0.17569360184570573
75	77.97820210456848	0.17591999063920613
76	78.93464422225952	0.18109195709296577
77	79.97787928581238	0.18136286053687353
78	81.0460135936737	0.18214933902103525
79	82.01936864852905	0.18543149958410762
80	82.993825674057	0.18627537017111612
81	84.09089064598083	0.18955753073418843
82	85.1719765663147	0.18955753073418843
83	86.27515149116516	0.18955753073418843
84	87.27548050880432	0.19420645004566084
85	88.3336591720581	0.19420645004566084
86	89.41376256942749	0.19420645004566084
87	90.44994521141052	0.19565985338146166
88	91.461266040802	0.19819146514248656
89	92.49538660049438	0.19819146514248656
90	93.4448471069336	0.20019939383764762
91	94.595782995224	0.20019939383764762
92	95.65394735336304	0.2009227569067674
93	96.72603440284729	0.2009227569067674
94	97.73487091064453	0.20272750801899775
95	98.77314567565918	0.20286343668363455
96	99.8173394203186	0.20514703824953276
97	100.87353825569153	0.20668756311541653
98	101.8339467048645	0.20816068008211203
99	102.85916709899902	0.2096856248203533
0	1.1968350410461426	0.02009741077356284
1	2.202129364013672	0.023365422037041252
2	3.182690143585205	0.02537144296147062
3	4.2767534255981445	0.02920606213227716
4	5.280071496963501	0.03367119952992537
5	6.247485399246216	0.03726925512999555
6	7.262769460678101	0.03961152064589488
7	8.210236310958862	0.04170768373739919
8	9.202590942382812	0.04573880329357542
9	10.17099380493164	0.047123844844822016
10	11.195811986923218	0.04907183774282745
11	12.168237686157227	0.051227459688804496
12	13.233363389968872	0.054928534908388844
13	14.193821430206299	0.058660134459681164
14	15.129293203353882	0.06169921323535031
15	16.13266396522522	0.06453559137077156
16	17.058135271072388	0.06792967448343937
17	17.933863162994385	0.06980374126558976
18	18.896271467208862	0.0739273877022555
19	19.986304998397827	0.07645566086450001
20	21.05549454689026	0.08047851341417199
21	21.997925758361816	0.08430613742562888
22	22.965339422225952	0.08655651198461582
23	24.08135437965393	0.09009351892127032
24	25.007946252822876	0.09249985373757746
25	26.05509352684021	0.09513607492705978
26	27.074350833892822	0.09728358884742687
27	27.956019639968872	0.10030994915155092
28	28.905486822128296	0.10417382080691098
29	29.864888191223145	0.1083429357793501
30	30.911091327667236	0.11110157225745262
31	32.000179052352905	0.1124672181395932
32	33.050424337387085	0.11565319526160657
33	34.03573560714722	0.11984170590315157
34	34.994245290756226	0.12161338898936504
35	36.01450824737549	0.1250608896825214
36	37.13140869140625	0.12616644282156744
37	38.14569854736328	0.1290362069447941
38	39.137099742889404	0.12957610606187772
39	40.16833686828613	0.13311661057820698
40	41.23344087600708	0.13541245367296734
41	42.151984214782715	0.1366827110185206
42	43.16926407814026	0.13877203793156956
43	44.126741886138916	0.13973466724662906
44	45.0951144695282	0.14253495671904137
45	46.069509744644165	0.14456561968208917
46	47.09080410003662	0.14711758099758612
47	48.04123616218567	0.1507316936679818
48	49.08145523071289	0.15526646469733862
49	50.07383942604065	0.15888995724049895
50	51.025256633758545	0.16003652745027752
51	52.12331962585449	0.16219469309056347
52	53.050878286361694	0.16318673387107058
53	54.03420972824097	0.16572979225648596
54	55.05647611618042	0.16624218767885363
55	56.083791971206665	0.16876982491752082
56	57.06263875961304	0.17253433351393568
57	58.14378595352173	0.17286692154483652
58	59.19194579124451	0.17460569558592742
59	60.08832001686096	0.17875271221405725
60	61.04979467391968	0.18025667147424926
61	62.044111490249634	0.18083059250271574
62	63.15812063217163	0.18411195816131629
63	64.1836199760437	0.18571830111744514
64	65.27764105796814	0.18657489017599838
65	66.32085180282593	0.18877359594433404
66	67.37602949142456	0.19372648672573156
67	68.38333654403687	0.19724536984043428
68	69.28293013572693	0.19893724451770303
69	70.33416509628296	0.20162847309661736
70	71.29854011535645	0.20458249709382972
71	72.36471509933472	0.20654432132964037
72	73.31115913391113	0.20936273462400432
73	74.2098183631897	0.2094174240516478
74	75.17222905158997	0.21173250383461972
75	76.27708268165588	0.212652208308215
76	77.26943182945251	0.21394822055864685
77	78.29369187355042	0.21615344454364926
78	79.23222804069519	0.21693531258187598
79	80.22158193588257	0.21936485860875282
80	81.13413453102112	0.2208374986327651
81	82.1872808933258	0.2228802441437807
82	83.17326235771179	0.22465924035113247
83	84.21248483657837	0.22534937641334102
84	85.24272799491882	0.22587560317351382
85	86.28698754310608	0.22748782842273235
86	87.38499927520752	0.22748782842273235
87	88.45418739318848	0.22813265493006193
88	89.37368130683899	0.23101640937198833
89	90.37400674819946	0.23201321957932478
90	91.36535549163818	0.23272577194763136
91	92.37298130989075	0.2351519793757276
92	93.35036706924438	0.235358018614756
93	94.36669659614563	0.23582987390907414
94	95.34802508354187	0.23768390909854129
95	96.46306991577148	0.24053539041892216
96	97.39867353439331	0.2430712946640938
97	98.3461434841156	0.24321851097222666
98	99.34553050994873	0.24524901495438034
99	100.37870812416077	0.24645345420968834
0	1.3923416137695312	0.022740627122394903
1	2.3028411865234375	0.022740627122394903
2	3.276308298110962	0.022740627122394903
3	4.356403589248657	0.022740627122394903
4	5.349693536758423	0.022740627122394903
5	6.302172660827637	0.022740627122394903
6	7.276589870452881	0.022740627122394903
7	8.287865400314331	0.02744630261313702
8	9.349004030227661	0.03060668381116618
9	10.428966283798218	0.03060668381116618
10	11.436334133148193	0.03060668381116618
11	12.43260908126831	0.03060668381116618
12	13.46484899520874	0.03060668381116618
13	14.425328493118286	0.03060668381116618
14	15.467493772506714	0.03060668381116618
15	16.3870632648468	0.03060668381116618
16	17.38940668106079	0.03060668381116618
17	18.308935165405273	0.03060668381116618
18	19.367067575454712	0.03060668381116618
19	20.41929841041565	0.03060668381116618
20	21.429613828659058	0.03060668381116618
21	22.51330018043518	0.03060668381116618
22	23.507643699645996	0.03060668381116618
23	24.4092698097229	0.03060668381116618
24	25.376645803451538	0.03060668381116618
25	26.363048791885376	0.03060668381116618
26	27.440131425857544	0.03060668381116618
27	28.48637890815735	0.03060668381116618
28	29.566482067108154	0.03060668381116618
29	30.59373664855957	0.03060668381116618
30	31.61995220184326	0.03060668381116618
31	32.744956254959106	0.03060668381116618
32	33.736305713653564	0.03060668381116618
33	34.67679023742676	0.03060668381116618
34	35.70803380012512	0.03060668381116618
35	36.67744016647339	0.03060668381116618
36	37.76453423500061	0.03060668381116618
37	38.7119996547699	0.03060668381116618
38	39.65350818634033	0.03060668381116618
39	40.79250144958496	0.03060668381116618
40	41.94635057449341	0.03060668381116618
41	42.993576526641846	0.03060668381116618
42	44.018913984298706	0.03060668381116618
43	45.03020977973938	0.03060668381116618
44	46.095401763916016	0.03060668381116618
45	47.0986807346344	0.03060668381116618
46	48.11996030807495	0.03060668381116618
47	49.116295337677	0.03060668381116618
48	50.09467911720276	0.03060668381116618
49	51.168832302093506	0.03060668381116618
50	52.22697710990906	0.03060668381116618
51	53.19740915298462	0.03060668381116618
52	54.20967507362366	0.03060668381116618
53	55.19603753089905	0.03060668381116618
54	56.162452936172485	0.03060668381116618
55	57.095956802368164	0.03060668381116618
56	58.0952844619751	0.03060668381116618
57	59.1444787979126	0.03060668381116618
58	60.09997010231018	0.03060668381116618
59	61.211950063705444	0.03060668381116618
60	62.1893367767334	0.03060668381116618
61	63.16772103309631	0.03060668381116618
62	64.11917686462402	0.03060668381116618
63	65.12951254844666	0.03060668381116618
64	66.0400390625	0.03060668381116618
65	67.09920644760132	0.03060668381116618
66	68.21725535392761	0.03060668381116618
67	69.310311794281	0.03060668381116618
68	70.32907915115356	0.03060668381116618
69	71.2815318107605	0.03060668381116618
70	72.26490092277527	0.03060668381116618
71	73.27225351333618	0.03060668381116618
72	74.33137488365173	0.03060668381116618
73	75.23101425170898	0.03060668381116618
74	76.26221179962158	0.03060668381116618
75	77.2547972202301	0.03060668381116618
76	78.25816607475281	0.03060668381116618
77	79.22552752494812	0.03060668381116618
78	80.30464291572571	0.03060668381116618
79	81.39871668815613	0.03060668381116618
80	82.39704704284668	0.03060668381116618
81	83.47017645835876	0.03060668381116618
82	84.5562732219696	0.03060668381116618
83	85.63039970397949	0.03060668381116618
84	86.6606912612915	0.03060668381116618
85	87.62606525421143	0.03060668381116618
86	88.61045908927917	0.03060668381116618
87	89.59380316734314	0.03060668381116618
88	90.56627297401428	0.03060668381116618
89	91.67131328582764	0.03060668381116618
90	92.71545648574829	0.03060668381116618
91	93.77761507034302	0.03060668381116618
92	94.73904418945312	0.03060668381116618
93	95.77034854888916	0.03060668381116618
94	96.73536992073059	0.03060668381116618
95	97.79853010177612	0.03060668381116618
96	98.75186610221863	0.03060668381116618
97	99.67544984817505	0.03060668381116618
98	100.65582251548767	0.03060668381116618
99	101.67908501625061	0.03060668381116618
0	1.4428954124450684	0.015511447896237523
1	2.4013774394989014	0.01704036715683645
2	3.4178950786590576	0.0182994958397879
3	4.347413063049316	0.020688501738615018
4	5.309771776199341	0.021803116788636754
5	6.377788543701172	0.0230511168089863
6	7.430399417877197	0.024244268420798274
7	8.416324377059937	0.025961898002945596
8	9.432554483413696	0.0271246842639439
9	10.45191502571106	0.0292138521960985
10	11.426867246627808	0.03302351136649808
11	12.433863162994385	0.035183425796621495
12	13.490862131118774	0.035849078801106014
13	14.679354906082153	0.03773395628406967
14	15.793335437774658	0.04030324651704655
15	17.083884716033936	0.041554744117070996
16	18.25113081932068	0.04246570464147899
17	19.38654851913452	0.045951996672847766
18	20.606910228729248	0.04885705455461174
19	21.80786442756653	0.05058899241724722
20	22.856451988220215	0.05285097258151896
21	23.755058526992798	0.05493044267912046
22	24.897637367248535	0.055570181797832116
23	25.912922382354736	0.05808589546942588
24	27.17990732192993	0.06032021295808737
25	28.30571985244751	0.06263656458821384
26	29.310755014419556	0.06402160613946034
27	30.408660411834717	0.06595258808177454
28	31.54302668571472	0.0713967298265965
29	32.58523964881897	0.07242438232742957
30	33.62346339225769	0.07407047050713643
31	34.73902487754822	0.07808394318404409
32	35.77405667304993	0.08340249002235928
33	36.909045696258545	0.08413666379229226
34	38.04953098297119	0.08631788166225361
35	39.15480065345764	0.08672693950331854
36	40.20757985115051	0.09182227716601958
37	41.315226793289185	0.0947419612900604
38	42.39658975601196	0.09564211111365523
39	43.46240544319153	0.09962728519137518
40	44.457637310028076	0.10363360372803868
41	45.443002223968506	0.10447063813659162
42	46.462007999420166	0.11023115186109432
43	47.59203815460205	0.11090459492940016
44	48.6666202545166	0.11305036005992977
45	49.63680291175842	0.12117078617960036
46	50.68946957588196	0.12367409934143782
47	51.79487657546997	0.12853096566267086
48	52.99521350860596	0.13165939170094332
49	54.170708656311035	0.1329857693021888
50	55.355125188827515	0.133680197848544
51	56.684441804885864	0.13443138257416862
52	57.846049785614014	0.13759605625634433
53	59.054558515548706	0.14121780000966738
54	60.15382623672485	0.145395976893082
55	61.35473275184631	0.14565781842601405
56	62.51192116737366	0.14702076163295122
57	63.73669099807739	0.149307224854947
58	64.79024124145508	0.15074806870009697
59	65.77225542068481	0.15137397648100356
60	66.81111907958984	0.154957405838797
61	67.83863162994385	0.15648934573638787
62	68.89570212364197	0.15778885556649455
63	69.89038634300232	0.15964734222100244
64	70.9707441329956	0.16193364646210376
65	72.04358291625977	0.16382488318084001
66	73.0981113910675	0.16485746408939675
67	74.24908804893494	0.16519831912680175
68	75.19998168945312	0.16692691839065674
69	76.25389695167542	0.17008634570331987
70	77.25086116790771	0.17008634570331987
71	78.25387358665466	0.17074707030008068
72	79.33282113075256	0.17471141788064584
73	80.2618944644928	0.1766420818611714
74	81.35272073745728	0.17726814862297233
75	82.28247618675232	0.17935715757423276
76	83.39187955856323	0.18032026383197503
77	84.47389101982117	0.18331737165154563
78	85.56958246231079	0.1874615266235776
79	86.57007765769958	0.19018200768704532
80	87.5304696559906	0.19221585026797944
81	88.46792197227478	0.19660515377904064
82	89.51987028121948	0.19798002055305136
83	90.51972699165344	0.19939892503478626
84	91.56183505058289	0.20106266009376184
85	92.59794068336487	0.20226773527264696
86	93.64590263366699	0.202836250950707
