0.003494853957767965  103.61767792701721  0.0026145501061158975  105.33253860473633  0.0031866412356978267  107.97411465644836

0.0031488339914001453  102.21956300735474  0.002413990910109818  106.3992862701416  0.003101247404990375  106.40014028549194

0.0032335319306452995  101.92657327651978  0.002386761164841387  105.68171954154968  0.0029683586300080426  104.37974047660828

0.0027552165593188504  101.6739661693573  0.0027381981285158462  109.13219904899597  0.002829289002606658  100.06058955192566

0.003544000124362994  102.33223009109497  0.0030354235217863322  107.01615905761719  0.0032192157908928843  110.79207515716553

0.0029809324172727827  101.80851149559021  0.0023242457418924966  104.68034100532532  0.002732683985426634  101.39287447929382

0.0032341831529664458  101.65072274208069  0.002961144115744361  102.25762224197388  0.0028885494658762957  106.1528627872467

0.003246175345453766  102.35116577148438  0.0028957088156706143  111.30852794647217  0.002675500189248185  109.16115975379944



0.0037538935069715658  100.90050792694092  0.002860639956113517  117.8524956703186  0.0034256459711499644  107.12380623817444

0.0033617510055326096  102.76929759979248  0.0027217347536140513  105.97269654273987  0.0036927759731014633  110.9742214679718

0.003832413651860794  102.91828966140747  0.0025730858811104265  106.2792227268219  0.0033788386606770572  102.2531213760376

0.003578659779968209  103.46152091026306  0.0032544317307938242  107.875727891922  0.003108637462518684  108.81536054611206

0.0035608133635400218  103.67808699607849  0.0030462760736211965  109.50710201263428  0.0037890301524735603  108.03185534477234

0.0028311603124082842  103.31549334526062  0.0024241764608434937  123.81125235557556  0.003933377265935713  102.2602014541626

0.0035393541427829697  102.11214303970337  0.0025628315282016003  114.8847017288208  0.0034798521121679176  108.42660570144653

0.0033819914135435327  103.04443120956421  0.0026335489739206406  107.08318400382996  0.0033967838847873  101.21320176124573

