1	2.3232598304748535	0.3165805944415371	10000000000.31658	0
2	3.849139928817749	0.317126236083595	0.000545641642057948	0
3	5.484361886978149	0.317126236083595	0.0	1
4	7.441901922225952	0.317126236083595	0.0	2
5	9.178797721862793	0.317126236083595	0.0	3
6	10.95581603050232	0.31930225621760366	0.0021760201340086383	0
7	12.709899663925171	0.31930225621760366	0.0	1
8	14.360117673873901	0.31971397582423744	0.0004117196066337758	0
9	15.896878957748413	0.31971397582423744	0.0	1
10	17.536628007888794	0.31971397582423744	0.0	2
11	19.071362733840942	0.31971397582423744	0.0	3
12	20.686713933944702	0.3198917273319129	0.000177751507675461	0
13	22.223182916641235	0.3198917273319129	0.0	1
14	23.758407831192017	0.3198917273319129	0.0	2
15	25.378209829330444	0.3198917273319129	0.0	3
16	26.901896953582764	0.3236609159284041	0.003769188596491224	0
17	28.398931980133057	0.3236609159284041	0.0	1
18	29.98599672317505	0.3236609159284041	0.0	2
19	31.490303993225098	0.3236609159284041	0.0	3
20	32.99387812614441	0.3236609159284041	0.0	4
21	34.505411863327026	0.32448566929575356	0.00082475336734944	0
22	36.021870851516724	0.32448566929575356	0.0	1
23	37.53166890144348	0.32448566929575356	0.0	2
24	39.04039978981018	0.32559805205374054	0.0011123827579869738	0
25	40.540432929992676	0.32559805205374054	0.0	1
26	42.05002284049988	0.32559805205374054	0.0	2
27	43.65349197387695	0.32559805205374054	0.0	3
28	45.81715202331543	0.32559805205374054	0.0	4
29	47.87576198577881	0.32559805205374054	0.0	5
30	50.15856885910034	0.3302544163364733	0.00465636428273275	0
31	51.65843987464905	0.3302544163364733	0.0	1
32	53.44300866127014	0.3302544163364733	0.0	2
33	55.03643298149109	0.3302544163364733	0.0	3
34	56.5132269859314	0.3302544163364733	0.0	4
35	58.00224184989929	0.3326939243639105	0.0024395080274371983	0
36	59.48893189430237	0.3326939243639105	0.0	1
37	61.29742479324341	0.3326939243639105	0.0	2
38	62.79910683631897	0.3326939243639105	0.0	3
39	64.30641174316406	0.3326939243639105	0.0	4
40	65.81286787986755	0.3326939243639105	0.0	5
41	67.31284689903259	0.33340383526621065	0.0007099109023001593	0
42	68.8214647769928	0.33340383526621065	0.0	1
43	70.51405191421509	0.33340383526621065	0.0	2
44	72.01032590866089	0.3342888206956489	0.0008849854294382675	0
45	73.40482687950134	0.3342888206956489	0.0	1
46	74.88729190826416	0.33581314208595	0.0015243213903010644	0
47	76.38830375671387	0.33581314208595	0.0	1
48	77.86747884750366	0.33581314208595	0.0	2
49	79.35791993141174	0.33581314208595	0.0	3
50	80.84793877601624	0.33581314208595	0.0	4
51	82.49378895759583	0.33581314208595	0.0	5
52	84.108069896698	0.33581314208595	0.0	6
53	85.597571849823	0.33581314208595	0.0	7
54	87.09827995300293	0.33581314208595	0.0	8
55	88.5936279296875	0.33581314208595	0.0	9
56	90.09572577476501	0.33581314208595	0.0	10
57	91.59186887741089	0.33581314208595	0.0	11
58	93.10202598571777	0.33651606850266647	0.0007029264167164873	0
59	94.49254989624023	0.33651606850266647	0.0	1
60	95.9862790107727	0.33651606850266647	0.0	2
61	97.48430490493774	0.33651606850266647	0.0	3
62	98.98504590988159	0.33651606850266647	0.0	4
63	100.38579797744751	0.33651606850266647	0.0	5
64	101.88005185127258	0.33651606850266647	0.0	6
65	103.37671303749084	0.33651606850266647	0.0	7
66	105.02431893348694	0.33651606850266647	0.0	8
67	106.52480792999268	0.33651606850266647	0.0	9
68	108.0273060798645	0.33651606850266647	0.0	10
69	109.42040872573853	0.33651606850266647	0.0	11
70	111.04709386825562	0.33651606850266647	0.0	12
71	112.66044878959656	0.33651606850266647	0.0	13
72	114.16251802444458	0.33651606850266647	0.0	14
73	115.74571299552917	0.3373135166685357	0.0007974481658692412	0
74	117.23772692680359	0.3373135166685357	0.0	1
75	118.99877572059631	0.3373135166685357	0.0	2
76	120.80922389030457	0.3373135166685357	0.0	3
77	122.41469979286194	0.3373135166685357	0.0	4
78	123.91241192817688	0.3373135166685357	0.0	5
79	125.41121888160706	0.3373135166685357	0.0	6
80	126.89683794975281	0.3373135166685357	0.0	7
81	128.39229488372803	0.3373135166685357	0.0	8
82	129.88075184822083	0.3373135166685357	0.0	9
83	131.3684527873993	0.3373135166685357	0.0	10
84	132.77193093299866	0.3373135166685357	0.0	11
85	134.26839566230774	0.3373135166685357	0.0	12
86	135.7561900615692	0.3373135166685357	0.0	13
87	137.1581928730011	0.3373135166685357	0.0	14
88	138.76204705238342	0.3373135166685357	0.0	15
89	140.4678919315338	0.3373135166685357	0.0	16
90	142.07253885269165	0.3373135166685357	0.0	17
91	143.56059193611145	0.3373135166685357	0.0	18
92	145.04938769340515	0.3373135166685357	0.0	19
93	146.5421109199524	0.3373135166685357	0.0	20
94	147.93205404281616	0.3373135166685357	0.0	21
95	149.33178281784058	0.3373135166685357	0.0	22
96	150.828222990036	0.3373135166685357	0.0	23
97	152.3192720413208	0.3373135166685357	0.0	24
98	153.7079267501831	0.3373135166685357	0.0	25
99	155.2391939163208	0.3373135166685357	0.0	26
100	156.73462891578674	0.3373135166685357	0.0	27
101	158.12663888931274	0.3373135166685357	0.0	28
102	159.62989902496338	0.3373135166685357	0.0	29
103	161.11273097991943	0.3373135166685357	0.0	30
104	162.8209490776062	0.3373135166685357	0.0	31
105	164.31757187843323	0.3373135166685357	0.0	32
106	165.79811096191406	0.3373135166685357	0.0	33
107	167.29998183250427	0.3373135166685357	0.0	34
108	168.7948579788208	0.3373135166685357	0.0	35
109	170.39307975769043	0.3373135166685357	0.0	36
110	171.90100193023682	0.3373135166685357	0.0	37
111	173.30393385887146	0.3373135166685357	0.0	38
112	174.8055329322815	0.3373135166685357	0.0	39
113	176.41718792915344	0.3373135166685357	0.0	40
114	177.92798376083374	0.3373135166685357	0.0	41
115	179.63019585609436	0.3373135166685357	0.0	42
116	181.1453640460968	0.3373135166685357	0.0	43
117	182.6305890083313	0.3373135166685357	0.0	44
118	184.0143918991089	0.3373135166685357	0.0	45
119	185.55403184890747	0.3373135166685357	0.0	46
120	187.0496950149536	0.3373135166685357	0.0	47
121	188.54213690757751	0.3373135166685357	0.0	48
122	189.95856475830078	0.3373135166685357	0.0	49
123	191.46286702156067	0.3373135166685357	0.0	50
124	193.07412481307983	0.3373135166685357	0.0	51
125	194.576819896698	0.3373135166685357	0.0	52
126	196.0595510005951	0.3373135166685357	0.0	53
127	197.76460695266724	0.3373135166685357	0.0	54
128	199.36960291862488	0.3373135166685357	0.0	55
129	200.88739895820618	0.3373135166685357	0.0	56
130	202.71472597122192	0.33771224075147027	0.00039872408293456507	0
131	204.20925378799438	0.33771224075147027	0.0	1
132	205.68726682662964	0.33771224075147027	0.0	2
133	207.17628383636475	0.33771224075147027	0.0	3
134	208.66342997550964	0.33771224075147027	0.0	4
135	210.1565489768982	0.33771224075147027	0.0	5
136	211.6511697769165	0.33771224075147027	0.0	6
137	213.1522717475891	0.33771224075147027	0.0	7
138	214.65689396858215	0.33771224075147027	0.0	8
139	216.14513278007507	0.33771224075147027	0.0	9
140	217.62679886817932	0.33771224075147027	0.0	10
141	219.3303198814392	0.33771224075147027	0.0	11
142	220.9381959438324	0.33771224075147027	0.0	12
143	222.54155492782593	0.33771224075147027	0.0	13
144	224.02760982513428	0.33771224075147027	0.0	14
145	225.52009677886963	0.33771224075147027	0.0	15
146	227.02773094177246	0.33771224075147027	0.0	16
