1	2.089949131011963	0.10123757540324088	10000000000.101238	0
2	3.575486898422241	0.10123757540324088	0.0	1
3	5.368775129318237	0.11140068334065366	0.010163107937412777	0
4	7.064384937286377	0.11270391047476201	0.0013032271341083534	0
5	8.757102966308594	0.1327678674335875	0.0200639569588255	0
6	10.458615064620972	0.1332707868998891	0.000502919466301599	0
7	12.156683921813965	0.1332707868998891	0.0	1
8	13.845669031143188	0.13591739587616503	0.002646608976275916	0
9	15.545437097549438	0.13596401184179377	4.661596562874348e-05	0
10	17.23208498954773	0.13750538073087992	0.0015413688890861532	0
11	18.962444067001343	0.14363761305618894	0.006132232325309017	0
12	20.74736785888672	0.1448927640534664	0.0012551509972774655	0
13	22.539875030517578	0.14964183703944253	0.004749072985976127	0
14	24.43828797340393	0.14964183703944253	0.0	1
15	26.247100114822388	0.14964183703944253	0.0	2
16	28.044228076934814	0.15399157753781648	0.004349740498373944	0
17	30.269043922424316	0.15399157753781648	0.0	1
18	32.16722798347473	0.16100860060307018	0.0070170230652537025	0
19	33.96777319908142	0.16100860060307018	0.0	1
20	35.95694088935852	0.1634587192079097	0.002450118604839513	0
21	37.85581994056702	0.1646489534271581	0.0011902342192484094	0
22	39.77210807800293	0.1646489534271581	0.0	1
23	41.690025806427	0.1646489534271581	0.0	2
24	43.800766944885254	0.1674135685727547	0.0027646151455965884	0
25	45.79606914520264	0.16877520255494916	0.0013616339821944656	0
26	47.59256291389465	0.17149593955592105	0.00272073700097189	0
27	49.389503955841064	0.1736994839170903	0.002203544361169263	0
28	51.28706192970276	0.1736994839170903	0.0	1
29	53.07810187339783	0.1737281276088392	2.8643691748903022e-05	0
30	55.188369035720825	0.17399469402988563	0.0002665664210464158	0
31	57.41497492790222	0.17399469402988563	0.0	1
32	59.41359782218933	0.17404745488265674	5.276085277111653e-05	0
33	61.30180501937866	0.17404745488265674	0.0	1
34	63.09149694442749	0.17520235295881306	0.0011548980761563188	0
35	64.8790431022644	0.17520235295881306	0.0	1
36	66.86041903495789	0.1761202409126732	0.0009178879538601359	0
37	68.7462420463562	0.1761202409126732	0.0	1
38	70.52482604980469	0.1769513825290321	0.0008311416163588881	0
39	72.41163301467896	0.17774180970503764	0.0007904271760055537	0
40	74.1975200176239	0.17774180970503764	0.0	1
41	75.98781204223633	0.17774180970503764	0.0	2
42	77.78369998931885	0.17774180970503764	0.0	3
43	79.58070802688599	0.17774180970503764	0.0	4
44	81.35504984855652	0.17885096791828647	0.0011091582132488342	0
45	83.14524006843567	0.17886498556182714	1.4017643540670255e-05	0
46	85.04928207397461	0.17931880677145634	0.00045382120962919603	0
47	86.85975694656372	0.17931880677145634	0.0	1
48	88.64545512199402	0.18004589902156848	0.000727092250112138	0
49	90.54462695121765	0.18004589902156848	0.0	1
50	92.24911189079285	0.18004589902156848	0.0	2
51	94.04302191734314	0.18004589902156848	0.0	3
52	95.83669590950012	0.18015076365006977	0.00010486462850128886	0
53	97.62663698196411	0.18045445492393092	0.0003036912738611508	0
54	99.64482498168945	0.18054617801161285	9.172308768193305e-05	0
55	101.73736500740051	0.18083604633142694	0.00028986831981409056	0
56	103.72265601158142	0.18083604633142694	0.0	1
57	105.50687599182129	0.18083604633142694	0.0	2
58	107.29444193840027	0.1809634462688148	0.00012739993738786204	0
59	109.08845686912537	0.1809634462688148	0.0	1
60	110.97238111495972	0.1809634462688148	0.0	2
61	112.87094116210938	0.18129595158773176	0.0003325053189169591	0
62	115.07298302650452	0.18205706582685408	0.0007611142391223125	0
63	117.11577582359314	0.18205706582685408	0.0	1
64	118.91281986236572	0.18205706582685408	0.0	2
65	120.80610704421997	0.18205706582685408	0.0	3
66	122.59668493270874	0.18205706582685408	0.0	4
67	124.39379405975342	0.18205706582685408	0.0	5
68	126.29520893096924	0.18302939383036781	0.0009723280035137394	0
69	128.31088781356812	0.18302939383036781	0.0	1
70	130.4201409816742	0.18302939383036781	0.0	2
71	132.4273760318756	0.18302939383036781	0.0	3
72	134.54091095924377	0.18324817614882377	0.00021878231845595675	0
73	136.44709086418152	0.18324817614882377	0.0	1
74	138.23988389968872	0.18324817614882377	0.0	2
75	140.03947496414185	0.18324817614882377	0.0	3
76	141.94829988479614	0.18324817614882377	0.0	4
77	143.97472500801086	0.18327340060634095	2.5224457517181165e-05	0
78	145.88261604309082	0.1834968554726438	0.00022345486630284683	0
79	147.78024291992188	0.1836919708495315	0.0001951153768877112	0
80	149.89110898971558	0.18406084659947544	0.000368875749943931	0
81	151.9871950149536	0.1843943010296738	0.00033345443019835996	0
82	154.08088397979736	0.1843943010296738	0.0	1
83	156.19412302970886	0.1843943010296738	0.0	2
84	158.4361960887909	0.1843943010296738	0.0	3
85	160.65012192726135	0.1848127739281175	0.0004184728984437114	0
86	162.84074592590332	0.1848127739281175	0.0	1
87	164.92697501182556	0.18657537092242324	0.0017625969943057263	0
88	167.0251109600067	0.18657537092242324	0.0	1
89	169.04219794273376	0.18657537092242324	0.0	2
90	171.14459896087646	0.18657537092242324	0.0	3
91	173.3689079284668	0.18750442918597987	0.0009290582635566313	0
92	175.38827896118164	0.18750442918597987	0.0	1
93	177.5135350227356	0.18750442918597987	0.0	2
94	179.6554889678955	0.18750442918597987	0.0	3
95	181.75739908218384	0.1888380035449063	0.0013335743589264204	0
96	183.86123490333557	0.1888380035449063	0.0	1
97	186.181480884552	0.1889134457236842	7.544217877791803e-05	0
98	188.60096096992493	0.1889134457236842	0.0	1
99	190.6092050075531	0.1889134457236842	0.0	2
100	192.62861680984497	0.1889529555227958	3.950979911160335e-05	0
101	194.6506690979004	0.1889529555227958	0.0	1
102	196.65978598594666	0.18903304591323392	8.00903904381034e-05	0
103	198.6567840576172	0.18912714177911932	9.409586588540741e-05	0
104	200.3513069152832	0.18939542390132824	0.00026828212220891823	0
105	202.15026593208313	0.19000562944670804	0.0006102055453797994	0
106	203.95456409454346	0.190050140332187	4.4510885478965534e-05	0
107	205.8501968383789	0.190050140332187	0.0	1
108	207.56350684165955	0.19006476638039524	1.4626048208232767e-05	0
109	209.35357689857483	0.19022873143830368	0.00016396505790844396	0
110	211.251620054245	0.19043297288520483	0.00020424144690114887	0
111	213.05338311195374	0.19050632215192634	7.334926672150632e-05	0
112	214.85463690757751	0.19060072222014554	9.440006821920255e-05	0
113	216.75640606880188	0.1909494597755931	0.0003487375554475647	0
114	218.46352291107178	0.1911055399090099	0.00015608013341680826	0
115	220.2597460746765	0.19127201159414872	0.00016647168513880817	0
116	222.1613302230835	0.19127201159414872	0.0	1
117	224.05070686340332	0.19152839332106011	0.00025638172691139216	0
118	226.15438890457153	0.1919271174039947	0.00039872408293459283	0
119	228.0524411201477	0.1919271174039947	0.0	1
120	229.84988594055176	0.19292940325333932	0.001002285849344614	0
121	231.66064500808716	0.19292940325333932	0.0	1
122	233.3530969619751	0.19292940325333932	0.0	2
123	235.141676902771	0.19310945453065814	0.0001800512773188212	0
124	236.93607902526855	0.19342889131731583	0.0003194367866576897	0
125	238.64796900749207	0.19400647420442085	0.0005775828871050215	0
126	240.341472864151	0.19400647420442085	0.0	1
127	242.22953486442566	0.19400647420442085	0.0	2
128	244.13119506835938	0.1941890686132501	0.00018259440882925637	0
129	246.12143087387085	0.1942047289493932	1.5660336143086262e-05	0
130	248.02949905395508	0.19480392237029007	0.0005991934208968708	0
131	250.1346549987793	0.19494513309363162	0.00014121072334155604	0
132	252.12702989578247	0.19494513309363162	0.0	1
133	254.0229139328003	0.19494513309363162	0.0	2
134	256.1664879322052	0.19590608392986195	0.0009609508362303232	0
135	258.16146302223206	0.19590608392986195	0.0	1
136	260.0664050579071	0.19590608392986195	0.0	2
137	261.9538290500641	0.19596721643085876	6.113250099681888e-05	0
138	263.8403251171112	0.19602471067194352	5.749424108475454e-05	0
139	265.7420299053192	0.19602471067194352	0.0	1
140	267.64215898513794	0.19602471067194352	0.0	2
141	269.5556778907776	0.19617964700458532	0.0001549363326417974	0
142	271.46042490005493	0.19644250215715958	0.00026285515257426506	0
143	273.26962304115295	0.1965856962797174	0.0001431941225578104	0
144	275.0642580986023	0.1965856962797174	0.0	1
145	276.85920000076294	0.1965856962797174	0.0	2
146	278.66271901130676	0.19679900295616526	0.00021330667644786638	0
147	280.5693428516388	0.19693875350830467	0.00013975055213941157	0
148	282.3958959579468	0.19693875350830467	0.0	1
149	284.2043151855469	0.19693875350830467	0.0	2
150	286.118066072464	0.19693875350830467	0.0	3
151	288.022341966629	0.1975336150879685	0.000594861579663819	0
152	289.9248139858246	0.1975336150879685	0.0	1
153	291.8249351978302	0.1977423952336897	0.00020878014572120462	0
154	293.72523498535156	0.19802387973718477	0.0002814845034950775	0
155	295.65190505981445	0.19802387973718477	0.0	1
156	297.57537817955017	0.19802387973718477	0.0	2
157	299.35916686058044	0.19829120058001895	0.0002673208428341789	0
158	301.2615170478821	0.19852516867897727	0.00023396809895831483	0
159	303.05588698387146	0.19859917502273974	7.400634376247828e-05	0
160	304.95617508888245	0.19901908375619892	0.0004199087334591789	0
161	306.7623269557953	0.19952199105440716	0.0005029072982082328	0
162	308.5738558769226	0.19952199105440716	0.0	1
163	310.3589150905609	0.19980369458358255	0.0002817035291753922	0
164	312.255802154541	0.20020386666962595	0.0004001720860433988	0
165	314.1542389392853	0.20065456067926385	0.00045069400963790307	0
166	316.0576219558716	0.20065456067926385	0.0	1
167	317.96876215934753	0.20070719985110147	5.263917183762068e-05	0
168	319.6628849506378	0.2013716142523612	0.000664414401259722	0
169	321.46283888816833	0.20171114056114184	0.0003395263087806466	0
170	323.2623960971832	0.2017496404085053	3.8499847363454576e-05	0
171	325.1607279777527	0.20247018622439444	0.0007205458158891509	0
172	327.0566830635071	0.2034722043756853	0.0010020181512908621	0
173	328.8418538570404	0.2034722043756853	0.0	1
174	330.7306580543518	0.2034722043756853	0.0	2
175	332.41382908821106	0.2034722043756853	0.0	3
176	334.2342610359192	0.2034722043756853	0.0	4
177	336.13704800605774	0.2041674648935905	0.000695260517905194	0
178	337.9354989528656	0.20456618897652512	0.0003987240829346206	0
179	339.83640217781067	0.20456618897652512	0.0	1
180	341.7244219779968	0.2048769620807167	0.0003107731041915862	0
181	343.6410391330719	0.2048769620807167	0.0	1
182	345.53881096839905	0.2048769620807167	0.0	2
183	347.7761080265045	0.2048769620807167	0.0	3
184	350.19353795051575	0.2048769620807167	0.0	4
185	352.3991320133209	0.20534660181170256	0.0004696397309858491	0
186	354.20784401893616	0.20576236122532895	0.0004157594136263987	0
187	356.519483089447	0.20576236122532895	0.0	1
188	358.5257110595703	0.20576236122532895	0.0	2
189	360.78541684150696	0.20576236122532895	0.0	3
190	363.0587351322174	0.20576236122532895	0.0	4
191	365.08716011047363	0.20604865212569776	0.0002862909003688019	0
192	367.70773911476135	0.20604865212569776	0.0	1
193	370.0723388195038	0.20616970031835627	0.00012104819265851274	0
194	372.20883798599243	0.2065427740605064	0.0003730737421501207	0
195	374.45005798339844	0.2065427740605064	0.0	1
196	376.3701870441437	0.2065427740605064	0.0	2
197	378.7135570049286	0.2070112699907172	0.0004684959302108105	0
198	380.7340798377991	0.2070112699907172	0.0	1
199	383.1646828651428	0.2070112699907172	0.0	2
200	386.03069591522217	0.2072448243745016	0.00023355438378439008	0
201	388.159460067749	0.2072774835370564	3.265916255482115e-05	0
202	390.57367300987244	0.20867608418685207	0.0013986006497956616	0
203	392.3942482471466	0.20867608418685207	0.0	1
204	394.3215310573578	0.20867608418685207	0.0	2
205	396.23744893074036	0.20867608418685207	0.0	3
206	398.1493170261383	0.20867608418685207	0.0	4
207	400.0802311897278	0.20867608418685207	0.0	5
208	402.5559301376343	0.20905723754298744	0.0003811533561353664	0
209	404.6758370399475	0.20905723754298744	0.0	1
210	406.47019481658936	0.20939721407122208	0.0003399765282346423	0
211	408.79091715812683	0.20939721407122208	0.0	1
212	410.60079407691956	0.20939721407122208	0.0	2
213	412.4113759994507	0.20939721407122208	0.0	3
214	414.4345169067383	0.20939721407122208	0.0	4
215	416.3445680141449	0.20939721407122208	0.0	5
216	418.15155506134033	0.20942748828748006	3.0274216257980546e-05	0
217	420.1570999622345	0.2094735323527213	4.6044065241224175e-05	0
218	422.15981698036194	0.2094735323527213	0.0	1
219	424.0523681640625	0.2094735323527213	0.0	2
220	425.96061992645264	0.2095612156334106	8.76832806893102e-05	0
221	427.75296807289124	0.20978771252305123	0.00022649688964063164	0
222	429.5553240776062	0.2098971280184659	0.0001094154954146831	0
223	431.27253007888794	0.21012571782016298	0.0002285898016970711	0
224	433.2773768901825	0.21012571782016298	0.0	1
225	435.17385697364807	0.2101946622370913	6.894441692831266e-05	0
226	437.2811119556427	0.2101946622370913	0.0	1
227	439.3029417991638	0.21042137815241227	0.00022671591532097413	0
228	441.7943868637085	0.2108600622539125	0.00043868410150021964	0
229	443.9009530544281	0.21091099789268092	5.093563876842899e-05	0
230	446.6040771007538	0.21091099789268092	0.0	1
231	448.93467903137207	0.21114080450371311	0.00022980661103219613	0
232	450.83405089378357	0.21114080450371311	0.0	1
233	453.16054487228394	0.21154169450726426	0.00040089000355114646	0
234	455.62056279182434	0.21154636705511115	4.672547846890085e-06	0
235	457.533891916275	0.21154636705511115	0.0	1
236	459.43261194229126	0.21154636705511115	0.0	2
237	461.52646493911743	0.21154636705511115	0.0	3
238	463.4297730922699	0.21155155066287878	5.183607767633713e-06	0
239	465.434378862381	0.21180566912442683	0.0002541184615480474	0
240	467.3324739933014	0.2118768524705318	7.118334610498045e-05	0
241	469.24191093444824	0.2118768524705318	0.0	1
242	471.2332589626312	0.21213754170248952	0.00026068923195771143	0
243	473.49788308143616	0.21213754170248952	0.0	1
244	476.4164650440216	0.21213754170248952	0.0	2
245	478.6841881275177	0.21213754170248952	0.0	3
246	481.03283190727234	0.21215387128376695	1.6329581277424454e-05	0
247	483.457643032074	0.21215387128376695	0.0	1
248	485.49490904808044	0.21215666994523774	2.7986614707931068e-06	0
249	487.54431796073914	0.21255259536670157	0.0003959254214638275	0
250	489.69964599609375	0.2126683382706589	0.00011574290395732767	0
251	492.0615448951721	0.2126683382706589	0.0	1
252	494.40544986724854	0.2126683382706589	0.0	2
253	496.4439971446991	0.21295411811110695	0.00028577984044805826	0
254	499.54381108283997	0.21295411811110695	0.0	1
255	502.3730499744415	0.21295411811110695	0.0	2
256	504.37144207954407	0.21295411811110695	0.0	3
257	506.3753080368042	0.21335004353257078	0.0003959254214638275	0
258	508.3624470233917	0.2135448547071247	0.00019481117455391606	0
259	510.36085081100464	0.21373243803422798	0.00018758332710328007	0
260	512.3472781181335	0.21373243803422798	0.0	1
261	514.241682767868	0.21373243803422798	0.0	2
262	516.2241640090942	0.21413116211716257	0.00039872408293459283	0
263	518.1250500679016	0.21413116211716257	0.0	1
264	520.2180898189545	0.21413116211716257	0.0	2
265	522.2187030315399	0.21413116211716257	0.0	3
266	524.2169570922852	0.21413116211716257	0.0	4
267	526.2248480319977	0.21413116211716257	0.0	5
268	528.2388999462128	0.2143505771764728	0.00021941505931022398	0
269	530.1361520290375	0.2143505771764728	0.0	1
270	532.0341470241547	0.2143601412978469	9.564121374094903e-06	0
271	534.0351951122284	0.2143601412978469	0.0	1
272	535.9419031143188	0.2143601412978469	0.0	2
273	538.1335611343384	0.2143601412978469	0.0	3
274	540.2560999393463	0.2143601412978469	0.0	4
275	542.240532875061	0.2143601412978469	0.0	5
276	544.135745048523	0.2143601412978469	0.0	6
277	546.2743411064148	0.2143601412978469	0.0	7
278	548.4011380672455	0.2143601412978469	0.0	8
279	550.3997259140015	0.214360214306407	7.300856011416279e-08	9
280	552.4116740226746	0.21436050634064743	2.920342404288956e-07	10
281	554.4137661457062	0.21450216728344298	0.00014166094279555175	0
282	556.7328519821167	0.21450216728344298	0.0	1
283	559.189031124115	0.21465176182310358	0.00014959453966059688	0
284	561.5441329479218	0.21465176182310358	0.0	1
285	563.5468230247498	0.21469383908991227	4.207726680868773e-05	0
286	565.5591320991516	0.21469383908991227	0.0	1
287	567.5597522258759	0.21469383908991227	0.0	2
288	569.362820148468	0.21469383908991227	0.0	3
289	571.2594559192657	0.21469383908991227	0.0	4
290	573.1573119163513	0.2151174347556569	0.00042359566574462493	0
291	574.9514091014862	0.2151174347556569	0.0	1
292	576.8436641693115	0.2151174347556569	0.0	2
293	578.7275309562683	0.2151174347556569	0.0	3
294	580.5285129547119	0.2151174347556569	0.0	4
295	582.3488700389862	0.21512252101867774	5.086263020842585e-06	0
296	584.2516231536865	0.21514169793379934	1.9176915121599247e-05	0
297	586.0444920063019	0.21514169793379934	0.0	1
298	587.9296748638153	0.2152995911131255	0.00015789317932615732	0
299	589.8142371177673	0.2152995911131255	0.0	1
300	591.9349689483643	0.21552324066892195	0.00022364955579645684	0
301	593.9319269657135	0.21552324066892195	0.0	1
302	595.9196557998657	0.21552324066892195	0.0	2
303	598.0720009803772	0.21552324066892195	0.0	3
304	600.505292892456	0.21552324066892195	0.0	4
305	602.7142820358276	0.21552324066892195	0.0	5
306	605.7812099456787	0.21552324066892195	0.0	6
307	609.160276889801	0.21569831519606011	0.00017507452713816374	0
308	611.1703069210052	0.21569831519606011	0.0	1
309	613.0695011615753	0.21580342318642842	0.00010510799036830831	0
310	614.9763739109039	0.21592196475185657	0.00011854156542814853	0
311	616.8811600208282	0.21592196475185657	0.0	1
312	618.7728409767151	0.21593208860552482	1.0123853668247973e-05	0
313	620.675133228302	0.21593208860552482	0.0	1
314	622.7745189666748	0.2160970392789947	0.000164950673469888	0
315	624.679358959198	0.21620504327558066	0.00010800399658594806	0
316	626.5942959785461	0.21620504327558066	0.0	1
317	628.6985120773315	0.21620504327558066	0.0	2
318	630.8050851821899	0.21620504327558066	0.0	3
319	632.8118541240692	0.21620504327558066	0.0	4
320	634.9054441452026	0.21620504327558066	0.0	5
321	636.9083399772644	0.21674362742349482	0.0005385841479141618	0
322	638.8193562030792	0.21674362742349482	0.0	1
323	640.724317073822	0.21674362742349482	0.0	2
324	642.6262581348419	0.21674362742349482	0.0	3
325	644.4146039485931	0.21674362742349482	0.0	4
326	646.3191878795624	0.21674362742349482	0.0	5
327	648.4423720836639	0.21674362742349482	0.0	6
328	650.3401100635529	0.21674362742349482	0.0	7
329	652.2489278316498	0.21692736563309908	0.00018373820960426723	0
330	654.1531298160553	0.21692736563309908	0.0	1
331	656.1626219749451	0.21698986096055123	6.249532745214448e-05	0
332	658.1602559089661	0.21698986096055123	0.0	1
333	660.0436849594116	0.21698986096055123	0.0	2
334	661.9342360496521	0.21712740908779407	0.0001375481272428425	0
335	663.8117370605469	0.21719243537866328	6.502629086921341e-05	0
336	665.7058029174805	0.21719243537866328	0.0	1
337	667.4930820465088	0.21719243537866328	0.0	2
338	669.5110430717468	0.21772603060830342	0.0005335952296401381	0
339	671.410322189331	0.21772603060830342	0.0	1
340	673.4029080867767	0.21772603060830342	0.0	2
341	675.5517539978027	0.21772603060830342	0.0	3
342	677.7669417858124	0.21772603060830342	0.0	4
343	679.7529180049896	0.21777733128987242	5.1300681568999806e-05	0
344	681.749213218689	0.21777733128987242	0.0	1
345	683.535609960556	0.21777733128987242	0.0	2
346	685.5370678901672	0.21777733128987242	0.0	3
347	687.443913936615	0.21777733128987242	0.0	4
348	689.2327599525452	0.21777733128987242	0.0	5
349	691.1363592147827	0.21777733128987242	0.0	6
350	693.1469428539276	0.21777733128987242	0.0	7
351	695.2637591362	0.21777733128987242	0.0	8
352	697.316244840622	0.21779480467192483	1.747338205240756e-05	0
353	699.6291251182556	0.21779480467192483	0.0	1
354	701.8412971496582	0.21779480467192483	0.0	2
355	703.734237909317	0.21779480467192483	0.0	3
356	705.6279590129852	0.21779480467192483	0.0	4
357	707.7248768806458	0.21779745731627542	2.6526443505925368e-06	0
358	709.8450829982758	0.21779745731627542	0.0	1
359	711.7595970630646	0.21779745731627542	0.0	2
360	713.6530289649963	0.21779745731627542	0.0	3
361	715.7432658672333	0.21779745731627542	0.0	4
362	717.6526679992676	0.21779745731627542	0.0	5
363	719.4284710884094	0.2178296784274696	3.222111119416393e-05	0
364	721.1232490539551	0.21858677719578598	0.0007570987683163943	0
365	723.2288041114807	0.21858677719578598	0.0	1
366	725.2354211807251	0.21858677719578598	0.0	2
367	727.4585561752319	0.21858677719578598	0.0	3
368	729.4497399330139	0.21858677719578598	0.0	4
369	731.2492158412933	0.21858677719578598	0.0	5
370	733.2462801933289	0.21858677719578598	0.0	6
371	735.1397190093994	0.21858677719578598	0.0	7
372	736.9352140426636	0.21858677719578598	0.0	8
373	738.8375611305237	0.21858677719578598	0.0	9
374	740.6358189582825	0.21858677719578598	0.0	10
375	742.63210105896	0.21858677719578598	0.0	11
376	744.4350519180298	0.21858677719578598	0.0	12
377	746.6404731273651	0.21858677719578598	0.0	13
378	748.6518030166626	0.21858677719578598	0.0	14
379	750.6606960296631	0.2189855012787206	0.0003987240829346206	0
380	752.9702351093292	0.2189855012787206	0.0	1
381	754.9807851314545	0.2189855012787206	0.0	2
382	756.9809000492096	0.2189855012787206	0.0	3
383	758.9932630062103	0.2189855012787206	0.0	4
384	761.0960931777954	0.2189855012787206	0.0	5
385	762.9911921024323	0.2189855012787206	0.0	6
386	764.8691470623016	0.2189855012787206	0.0	7
387	766.758129119873	0.2189855012787206	0.0	8
388	768.7472729682922	0.21899348354795903	7.98226923842682e-06	0
389	770.7472720146179	0.21899348354795903	0.0	1
390	772.6880910396576	0.21899348354795903	0.0	2
391	775.0076279640198	0.21899348354795903	0.0	3
392	777.0139570236206	0.21899348354795903	0.0	4
393	779.0206561088562	0.21899348354795903	0.0	5
394	781.0313880443573	0.21899348354795903	0.0	6
395	783.1453549861908	0.21899348354795903	0.0	7
396	785.1492531299591	0.21899348354795903	0.0	8
397	787.0540997982025	0.21899348354795903	0.0	9
398	788.952467918396	0.21899348354795903	0.0	10
399	790.9456520080566	0.21906595671195922	7.247316400019188e-05	0
400	792.9440081119537	0.21940184476082786	0.00033588804886863777	0
401	795.0591869354248	0.21952406109044806	0.00012221632962020057	0
402	797.4781720638275	0.21952406109044806	0.0	1
403	799.5976419448853	0.21952406109044806	0.0	2
404	801.606390953064	0.21952406109044806	0.0	3
405	803.60875415802	0.21952406109044806	0.0	4
406	805.7062730789185	0.21952406109044806	0.0	5
407	807.8132431507111	0.21952406109044806	0.0	6
408	809.9118571281433	0.21952406109044806	0.0	7
409	811.827752828598	0.21952406109044806	0.0	8
410	813.7349240779877	0.21952406109044806	0.0	9
411	816.0359961986542	0.2195766029175389	5.254182709082955e-05	0
412	817.8420698642731	0.2195766029175389	0.0	1
413	819.8431851863861	0.2195766029175389	0.0	2
414	821.6392800807953	0.2195766029175389	0.0	3
415	823.335489988327	0.2195766029175389	0.0	4
416	825.2484939098358	0.2195766029175389	0.0	5
417	827.0364468097687	0.2195766029175389	0.0	6
418	828.832090139389	0.2195766029175389	0.0	7
419	830.7273631095886	0.21962345007694128	4.68471594023967e-05	0
420	832.5190651416779	0.21962345007694128	0.0	1
421	834.3193509578705	0.21962345007694128	0.0	2
422	836.2480361461639	0.21962345007694128	0.0	3
423	838.1386339664459	0.21962345007694128	0.0	4
424	840.134318113327	0.21962345007694128	0.0	5
425	842.0140409469604	0.2196645295600952	4.1079483153905194e-05	0
426	843.814031124115	0.2196645295600952	0.0	1
427	845.8209660053253	0.21997532700047348	0.00031079744037829093	0
428	847.8354380130768	0.21997532700047348	0.0	1
429	850.0544810295105	0.21997532700047348	0.0	2
430	851.9510488510132	0.21997532700047348	0.0	3
431	853.8425869941711	0.21997532700047348	0.0	4
432	855.8571889400482	0.21997532700047348	0.0	5
433	857.8515250682831	0.2200221741598759	4.6847159402424454e-05	0
434	859.8673918247223	0.2200221741598759	0.0	1
435	862.0010550022125	0.2200632536430298	4.1079483153905194e-05	0
436	864.1287729740143	0.2200632536430298	0.0	1
437	866.0132529735565	0.2200632536430298	0.0	2
438	868.1572179794312	0.2200632536430298	0.0	3
439	870.1910450458527	0.2200632536430298	0.0	4
440	872.1950371265411	0.2200632536430298	0.0	5
441	874.1122279167175	0.2200632536430298	0.0	6
442	876.0176570415497	0.2200632536430298	0.0	7
443	877.7999751567841	0.2200632536430298	0.0	8
444	879.8997511863708	0.2200632536430298	0.0	9
